 #energy          xx(cm^-1)       yy(cm^-1)       zz(cm^-1)       xy(cm^-1)       yz(cm^-1)       zx(cm^-1)
  0.00000000E+00  0.00000000E+00  0.00000000E+00  0.00000000E+00  0.00000000E+00  0.00000000E+00  0.00000000E+00
  0.36700000E-01  0.94487400E+00  0.94487400E+00  0.94487400E+00  0.00000000E+00  0.00000000E+00  0.00000000E+00
  0.73500000E-01  0.37844029E+01  0.37844029E+01  0.37844029E+01  0.00000000E+00  0.00000000E+00  0.00000000E+00
  0.11020000E+00  0.87680201E+01  0.87680201E+01  0.87680201E+01  0.00000000E+00  0.00000000E+00  0.00000000E+00
  0.14690000E+00  0.15466992E+02  0.15466992E+02  0.15466992E+02  0.00000000E+00  0.00000000E+00  0.00000000E+00
  0.18360000E+00  0.24051875E+02  0.24051875E+02  0.24051875E+02  0.00000000E+00  0.00000000E+00  0.00000000E+00
  0.22040000E+00  0.34535695E+02  0.34535695E+02  0.34535695E+02  0.00000000E+00  0.00000000E+00  0.00000000E+00
  0.25710000E+00  0.47488242E+02  0.47488242E+02  0.47488242E+02  0.00000000E+00  0.00000000E+00  0.00000000E+00
  0.29380000E+00  0.61802770E+02  0.61802770E+02  0.61802770E+02  0.00000000E+00  0.00000000E+00  0.00000000E+00
  0.33050000E+00  0.78763247E+02  0.78763247E+02  0.78763247E+02  0.00000000E+00  0.00000000E+00  0.00000000E+00
  0.36730000E+00  0.97789708E+02  0.97789708E+02  0.97789708E+02  0.00000000E+00  0.00000000E+00  0.00000000E+00
  0.40400000E+00  0.11882860E+03  0.11882860E+03  0.11882860E+03  0.00000000E+00  0.00000000E+00  0.00000000E+00
  0.44070000E+00  0.14189448E+03  0.14189448E+03  0.14189448E+03  0.00000000E+00  0.00000000E+00  0.00000000E+00
  0.47740000E+00  0.16698511E+03  0.16698511E+03  0.16698511E+03  0.00000000E+00  0.00000000E+00  0.00000000E+00
  0.51420000E+00  0.19412844E+03  0.19412844E+03  0.19412844E+03  0.00000000E+00  0.00000000E+00  0.00000000E+00
  0.55090000E+00  0.22452684E+03  0.22452684E+03  0.22452684E+03  0.00000000E+00  0.00000000E+00  0.00000000E+00
  0.58760000E+00  0.25572799E+03  0.25572799E+03  0.25572799E+03  0.00000000E+00  0.00000000E+00  0.00000000E+00
  0.62430000E+00  0.29037095E+03  0.29037095E+03  0.29037095E+03  0.00000000E+00  0.00000000E+00  0.00000000E+00
  0.66110000E+00  0.32721199E+03  0.32721199E+03  0.32721199E+03  0.00000000E+00  0.00000000E+00  0.00000000E+00
  0.69780000E+00  0.36776435E+03  0.36776435E+03  0.36776435E+03  0.00000000E+00  0.00000000E+00  0.00000000E+00
  0.73450000E+00  0.41061464E+03  0.41061464E+03  0.41061464E+03  0.00000000E+00  0.00000000E+00  0.00000000E+00
  0.77120000E+00  0.45574194E+03  0.45574194E+03  0.45574194E+03  0.00000000E+00  0.00000000E+00  0.00000000E+00
  0.80800000E+00  0.50319900E+03  0.50319900E+03  0.50319900E+03  0.00000000E+00  0.00000000E+00  0.00000000E+00
  0.84470000E+00  0.55480393E+03  0.55480393E+03  0.55480393E+03  0.00000000E+00  0.00000000E+00  0.00000000E+00
  0.88140000E+00  0.60881296E+03  0.60881296E+03  0.60881296E+03  0.00000000E+00  0.00000000E+00  0.00000000E+00
  0.91810000E+00  0.66520313E+03  0.66520313E+03  0.66520313E+03  0.00000000E+00  0.00000000E+00  0.00000000E+00
  0.95490000E+00  0.72623248E+03  0.72623248E+03  0.72623248E+03  0.00000000E+00  0.00000000E+00  0.00000000E+00
  0.99160000E+00  0.78969620E+03  0.78969620E+03  0.78969620E+03  0.00000000E+00  0.00000000E+00  0.00000000E+00
  0.10283000E+01  0.85800946E+03  0.85800946E+03  0.85800946E+03  0.00000000E+00  0.00000000E+00  0.00000000E+00
  0.10651000E+01  0.92903611E+03  0.92903611E+03  0.92903611E+03  0.00000000E+00  0.00000000E+00  0.00000000E+00
  0.11018000E+01  0.10051074E+04  0.10051074E+04  0.10051074E+04  0.00000000E+00  0.00000000E+00  0.00000000E+00
  0.11385000E+01  0.10865120E+04  0.10865120E+04  0.10865120E+04  0.00000000E+00  0.00000000E+00  0.00000000E+00
  0.11752000E+01  0.11707754E+04  0.11707754E+04  0.11707754E+04  0.00000000E+00  0.00000000E+00  0.00000000E+00
  0.12120000E+01  0.12607357E+04  0.12607357E+04  0.12607357E+04  0.00000000E+00  0.00000000E+00  0.00000000E+00
  0.12487000E+01  0.13535508E+04  0.13535508E+04  0.13535508E+04  0.00000000E+00  0.00000000E+00  0.00000000E+00
  0.12854000E+01  0.14521940E+04  0.14521940E+04  0.14521940E+04  0.00000000E+00  0.00000000E+00  0.00000000E+00
  0.13221000E+01  0.15598613E+04  0.15598613E+04  0.15598613E+04  0.00000000E+00  0.00000000E+00  0.00000000E+00
  0.13589000E+01  0.16709292E+04  0.16709292E+04  0.16709292E+04  0.00000000E+00  0.00000000E+00  0.00000000E+00
  0.13956000E+01  0.17882989E+04  0.17882989E+04  0.17882989E+04  0.00000000E+00  0.00000000E+00  0.00000000E+00
  0.14323000E+01  0.19122190E+04  0.19122190E+04  0.19122190E+04  0.00000000E+00  0.00000000E+00  0.00000000E+00
  0.14690000E+01  0.20428821E+04  0.20428821E+04  0.20428821E+04  0.00000000E+00  0.00000000E+00  0.00000000E+00
  0.15058000E+01  0.21839634E+04  0.21839634E+04  0.21839634E+04  0.00000000E+00  0.00000000E+00  0.00000000E+00
  0.15425000E+01  0.23321099E+04  0.23321099E+04  0.23321099E+04  0.00000000E+00  0.00000000E+00  0.00000000E+00
  0.15792000E+01  0.24875921E+04  0.24875921E+04  0.24875921E+04  0.00000000E+00  0.00000000E+00  0.00000000E+00
  0.16159000E+01  0.26541573E+04  0.26541573E+04  0.26541573E+04  0.00000000E+00  0.00000000E+00  0.00000000E+00
  0.16527000E+01  0.28286333E+04  0.28286333E+04  0.28286333E+04  0.00000000E+00  0.00000000E+00  0.00000000E+00
  0.16894000E+01  0.30182734E+04  0.30182734E+04  0.30182734E+04  0.00000000E+00  0.00000000E+00  0.00000000E+00
  0.17261000E+01  0.32199668E+04  0.32199668E+04  0.32199668E+04  0.00000000E+00  0.00000000E+00  0.00000000E+00
  0.17628000E+01  0.34301117E+04  0.34301117E+04  0.34301117E+04  0.00000000E+00  0.00000000E+00  0.00000000E+00
  0.17996000E+01  0.36608624E+04  0.36608624E+04  0.36608624E+04  0.00000000E+00  0.00000000E+00  0.00000000E+00
  0.18363000E+01  0.39043657E+04  0.39043657E+04  0.39043657E+04  0.00000000E+00  0.00000000E+00  0.00000000E+00
  0.18730000E+01  0.41651941E+04  0.41651941E+04  0.41651941E+04  0.00000000E+00  0.00000000E+00  0.00000000E+00
  0.19097000E+01  0.44437081E+04  0.44437081E+04  0.44437081E+04  0.00000000E+00  0.00000000E+00  0.00000000E+00
  0.19465000E+01  0.47447336E+04  0.47447336E+04  0.47447336E+04  0.00000000E+00  0.00000000E+00  0.00000000E+00
  0.19832000E+01  0.50682734E+04  0.50682734E+04  0.50682734E+04  0.00000000E+00  0.00000000E+00  0.00000000E+00
  0.20199000E+01  0.54150860E+04  0.54150860E+04  0.54150860E+04  0.00000000E+00  0.00000000E+00  0.00000000E+00
  0.20567000E+01  0.57902485E+04  0.57902485E+04  0.57902485E+04  0.00000000E+00  0.00000000E+00  0.00000000E+00
  0.20934000E+01  0.61936741E+04  0.61936741E+04  0.61936741E+04  0.00000000E+00  0.00000000E+00  0.00000000E+00
  0.21301000E+01  0.66261307E+04  0.66261307E+04  0.66261307E+04  0.00000000E+00  0.00000000E+00  0.00000000E+00
  0.21668000E+01  0.70879400E+04  0.70879400E+04  0.70879400E+04  0.00000000E+00  0.00000000E+00  0.00000000E+00
  0.22036000E+01  0.75841818E+04  0.75841818E+04  0.75841818E+04  0.00000000E+00  0.00000000E+00  0.00000000E+00
  0.22403000E+01  0.81097868E+04  0.81097868E+04  0.81097868E+04  0.00000000E+00  0.00000000E+00  0.00000000E+00
  0.22770000E+01  0.86742806E+04  0.86742806E+04  0.86742806E+04  0.00000000E+00  0.00000000E+00  0.00000000E+00
  0.23137000E+01  0.92823040E+04  0.92823040E+04  0.92823040E+04  0.00000000E+00  0.00000000E+00  0.00000000E+00
  0.23505000E+01  0.99529663E+04  0.99529663E+04  0.99529663E+04  0.00000000E+00  0.00000000E+00  0.00000000E+00
  0.23872000E+01  0.10728974E+05  0.10728974E+05  0.10728974E+05  0.00000000E+00  0.00000000E+00  0.00000000E+00
  0.24239000E+01  0.11655053E+05  0.11655053E+05  0.11655053E+05  0.00000000E+00  0.00000000E+00  0.00000000E+00
  0.24606000E+01  0.12825121E+05  0.12825121E+05  0.12825121E+05  0.00000000E+00  0.00000000E+00  0.00000000E+00
  0.24974000E+01  0.14360503E+05  0.14360503E+05  0.14360503E+05  0.00000000E+00  0.00000000E+00  0.00000000E+00
  0.25341000E+01  0.16416854E+05  0.16416854E+05  0.16416854E+05  0.00000000E+00  0.00000000E+00  0.00000000E+00
  0.25708000E+01  0.19178262E+05  0.19178262E+05  0.19178262E+05  0.00000000E+00  0.00000000E+00  0.00000000E+00
  0.26075000E+01  0.22840725E+05  0.22840725E+05  0.22840725E+05  0.00000000E+00  0.00000000E+00  0.00000000E+00
  0.26443000E+01  0.27603869E+05  0.27603869E+05  0.27603869E+05  0.00000000E+00  0.00000000E+00  0.00000000E+00
  0.26810000E+01  0.33618893E+05  0.33618893E+05  0.33618893E+05  0.00000000E+00  0.00000000E+00  0.00000000E+00
  0.27177000E+01  0.40996951E+05  0.40996951E+05  0.40996951E+05  0.00000000E+00  0.00000000E+00  0.00000000E+00
  0.27544000E+01  0.49787207E+05  0.49787207E+05  0.49787207E+05  0.00000000E+00  0.00000000E+00  0.00000000E+00
  0.27912000E+01  0.59978023E+05  0.59978023E+05  0.59978023E+05  0.00000000E+00  0.00000000E+00  0.00000000E+00
  0.28279000E+01  0.71481801E+05  0.71481801E+05  0.71481801E+05  0.00000000E+00  0.00000000E+00  0.00000000E+00
  0.28646000E+01  0.84187855E+05  0.84187855E+05  0.84187855E+05  0.00000000E+00  0.00000000E+00  0.00000000E+00
  0.29014000E+01  0.97934351E+05  0.97934351E+05  0.97934351E+05  0.00000000E+00  0.00000000E+00  0.00000000E+00
  0.29381000E+01  0.11254245E+06  0.11254245E+06  0.11254245E+06  0.00000000E+00  0.00000000E+00  0.00000000E+00
  0.29748000E+01  0.12779593E+06  0.12779593E+06  0.12779593E+06  0.00000000E+00  0.00000000E+00  0.00000000E+00
  0.30115000E+01  0.14347340E+06  0.14347340E+06  0.14347340E+06  0.00000000E+00  0.00000000E+00  0.00000000E+00
  0.30483000E+01  0.15932644E+06  0.15932644E+06  0.15932644E+06  0.00000000E+00  0.00000000E+00  0.00000000E+00
  0.30850000E+01  0.17507233E+06  0.17507233E+06  0.17507233E+06  0.00000000E+00  0.00000000E+00  0.00000000E+00
  0.31217000E+01  0.19042135E+06  0.19042135E+06  0.19042135E+06  0.00000000E+00  0.00000000E+00  0.00000000E+00
  0.31584000E+01  0.20505058E+06  0.20505058E+06  0.20505058E+06  0.00000000E+00  0.00000000E+00  0.00000000E+00
  0.31952000E+01  0.21865095E+06  0.21865095E+06  0.21865095E+06  0.00000000E+00  0.00000000E+00  0.00000000E+00
  0.32319000E+01  0.23090784E+06  0.23090784E+06  0.23090784E+06  0.00000000E+00  0.00000000E+00  0.00000000E+00
  0.32686000E+01  0.24165251E+06  0.24165251E+06  0.24165251E+06  0.00000000E+00  0.00000000E+00  0.00000000E+00
  0.33053000E+01  0.25089839E+06  0.25089839E+06  0.25089839E+06  0.00000000E+00  0.00000000E+00  0.00000000E+00
  0.33421000E+01  0.25897178E+06  0.25897178E+06  0.25897178E+06  0.00000000E+00  0.00000000E+00  0.00000000E+00
  0.33788000E+01  0.26651303E+06  0.26651303E+06  0.26651303E+06  0.00000000E+00  0.00000000E+00  0.00000000E+00
  0.34155000E+01  0.27445390E+06  0.27445390E+06  0.27445390E+06  0.00000000E+00  0.00000000E+00  0.00000000E+00
  0.34522000E+01  0.28382303E+06  0.28382303E+06  0.28382303E+06  0.00000000E+00  0.00000000E+00  0.00000000E+00
  0.34890000E+01  0.29552079E+06  0.29552079E+06  0.29552079E+06  0.00000000E+00  0.00000000E+00  0.00000000E+00
  0.35257000E+01  0.31004006E+06  0.31004006E+06  0.31004006E+06  0.00000000E+00  0.00000000E+00  0.00000000E+00
  0.35624000E+01  0.32744562E+06  0.32744562E+06  0.32744562E+06  0.00000000E+00  0.00000000E+00  0.00000000E+00
  0.35991000E+01  0.34729984E+06  0.34729984E+06  0.34729984E+06  0.00000000E+00  0.00000000E+00  0.00000000E+00
  0.36359000E+01  0.36881858E+06  0.36881858E+06  0.36881858E+06  0.00000000E+00  0.00000000E+00  0.00000000E+00
  0.36726000E+01  0.39098468E+06  0.39098468E+06  0.39098468E+06  0.00000000E+00  0.00000000E+00  0.00000000E+00
  0.37093000E+01  0.41278155E+06  0.41278155E+06  0.41278155E+06  0.00000000E+00  0.00000000E+00  0.00000000E+00
  0.37460000E+01  0.43326564E+06  0.43326564E+06  0.43326564E+06  0.00000000E+00  0.00000000E+00  0.00000000E+00
  0.37828000E+01  0.45170169E+06  0.45170169E+06  0.45170169E+06  0.00000000E+00  0.00000000E+00  0.00000000E+00
  0.38195000E+01  0.46754000E+06  0.46754000E+06  0.46754000E+06  0.00000000E+00  0.00000000E+00  0.00000000E+00
  0.38562000E+01  0.48052518E+06  0.48052518E+06  0.48052518E+06  0.00000000E+00  0.00000000E+00  0.00000000E+00
  0.38930000E+01  0.49070729E+06  0.49070729E+06  0.49070729E+06  0.00000000E+00  0.00000000E+00  0.00000000E+00
  0.39297000E+01  0.49835001E+06  0.49835001E+06  0.49835001E+06  0.00000000E+00  0.00000000E+00  0.00000000E+00
  0.39664000E+01  0.50405307E+06  0.50405307E+06  0.50405307E+06  0.00000000E+00  0.00000000E+00  0.00000000E+00
  0.40031000E+01  0.50853799E+06  0.50853799E+06  0.50853799E+06  0.00000000E+00  0.00000000E+00  0.00000000E+00
  0.40399000E+01  0.51258023E+06  0.51258023E+06  0.51258023E+06  0.00000000E+00  0.00000000E+00  0.00000000E+00
  0.40766000E+01  0.51675689E+06  0.51675689E+06  0.51675689E+06  0.00000000E+00  0.00000000E+00  0.00000000E+00
  0.41133000E+01  0.52138864E+06  0.52138864E+06  0.52138864E+06  0.00000000E+00  0.00000000E+00  0.00000000E+00
  0.41500000E+01  0.52646184E+06  0.52646184E+06  0.52646184E+06  0.00000000E+00  0.00000000E+00  0.00000000E+00
  0.41868000E+01  0.53170657E+06  0.53170657E+06  0.53170657E+06  0.00000000E+00  0.00000000E+00  0.00000000E+00
  0.42235000E+01  0.53674062E+06  0.53674062E+06  0.53674062E+06  0.00000000E+00  0.00000000E+00  0.00000000E+00
  0.42602000E+01  0.54135182E+06  0.54135182E+06  0.54135182E+06  0.00000000E+00  0.00000000E+00  0.00000000E+00
  0.42969000E+01  0.54553668E+06  0.54553668E+06  0.54553668E+06  0.00000000E+00  0.00000000E+00  0.00000000E+00
  0.43337000E+01  0.54955917E+06  0.54955917E+06  0.54955917E+06  0.00000000E+00  0.00000000E+00  0.00000000E+00
  0.43704000E+01  0.55374183E+06  0.55374183E+06  0.55374183E+06  0.00000000E+00  0.00000000E+00  0.00000000E+00
  0.44071000E+01  0.55839094E+06  0.55839094E+06  0.55839094E+06  0.00000000E+00  0.00000000E+00  0.00000000E+00
  0.44438000E+01  0.56351888E+06  0.56351888E+06  0.56351888E+06  0.00000000E+00  0.00000000E+00  0.00000000E+00
  0.44806000E+01  0.56887369E+06  0.56887369E+06  0.56887369E+06  0.00000000E+00  0.00000000E+00  0.00000000E+00
  0.45173000E+01  0.57392899E+06  0.57392899E+06  0.57392899E+06  0.00000000E+00  0.00000000E+00  0.00000000E+00
  0.45540000E+01  0.57808736E+06  0.57808736E+06  0.57808736E+06  0.00000000E+00  0.00000000E+00  0.00000000E+00
  0.45907000E+01  0.58089444E+06  0.58089444E+06  0.58089444E+06  0.00000000E+00  0.00000000E+00  0.00000000E+00
  0.46275000E+01  0.58213198E+06  0.58213198E+06  0.58213198E+06  0.00000000E+00  0.00000000E+00  0.00000000E+00
  0.46642000E+01  0.58186115E+06  0.58186115E+06  0.58186115E+06  0.00000000E+00  0.00000000E+00  0.00000000E+00
  0.47009000E+01  0.58052693E+06  0.58052693E+06  0.58052693E+06  0.00000000E+00  0.00000000E+00  0.00000000E+00
  0.47376000E+01  0.57875299E+06  0.57875299E+06  0.57875299E+06  0.00000000E+00  0.00000000E+00  0.00000000E+00
  0.47744000E+01  0.57737204E+06  0.57737204E+06  0.57737204E+06  0.00000000E+00  0.00000000E+00  0.00000000E+00
  0.48111000E+01  0.57709923E+06  0.57709923E+06  0.57709923E+06  0.00000000E+00  0.00000000E+00  0.00000000E+00
  0.48478000E+01  0.57850817E+06  0.57850817E+06  0.57850817E+06  0.00000000E+00  0.00000000E+00  0.00000000E+00
  0.48846000E+01  0.58183571E+06  0.58183571E+06  0.58183571E+06  0.00000000E+00  0.00000000E+00  0.00000000E+00
  0.49213000E+01  0.58681348E+06  0.58681348E+06  0.58681348E+06  0.00000000E+00  0.00000000E+00  0.00000000E+00
  0.49580000E+01  0.59279964E+06  0.59279964E+06  0.59279964E+06  0.00000000E+00  0.00000000E+00  0.00000000E+00
  0.49947000E+01  0.59885997E+06  0.59885997E+06  0.59885997E+06  0.00000000E+00  0.00000000E+00  0.00000000E+00
  0.50315000E+01  0.60398536E+06  0.60398536E+06  0.60398536E+06  0.00000000E+00  0.00000000E+00  0.00000000E+00
  0.50682000E+01  0.60727795E+06  0.60727795E+06  0.60727795E+06  0.00000000E+00  0.00000000E+00  0.00000000E+00
  0.51049000E+01  0.60825398E+06  0.60825398E+06  0.60825398E+06  0.00000000E+00  0.00000000E+00  0.00000000E+00
  0.51416000E+01  0.60682826E+06  0.60682826E+06  0.60682826E+06  0.00000000E+00  0.00000000E+00  0.00000000E+00
  0.51784000E+01  0.60349272E+06  0.60349272E+06  0.60349272E+06  0.00000000E+00  0.00000000E+00  0.00000000E+00
  0.52151000E+01  0.59904086E+06  0.59904086E+06  0.59904086E+06  0.00000000E+00  0.00000000E+00  0.00000000E+00
  0.52518000E+01  0.59457163E+06  0.59457163E+06  0.59457163E+06  0.00000000E+00  0.00000000E+00  0.00000000E+00
  0.52885000E+01  0.59110009E+06  0.59110009E+06  0.59110009E+06  0.00000000E+00  0.00000000E+00  0.00000000E+00
  0.53253000E+01  0.58931952E+06  0.58931952E+06  0.58931952E+06  0.00000000E+00  0.00000000E+00  0.00000000E+00
  0.53620000E+01  0.58937286E+06  0.58937286E+06  0.58937286E+06  0.00000000E+00  0.00000000E+00  0.00000000E+00
  0.53987000E+01  0.59090401E+06  0.59090401E+06  0.59090401E+06  0.00000000E+00  0.00000000E+00  0.00000000E+00
  0.54354000E+01  0.59314394E+06  0.59314394E+06  0.59314394E+06  0.00000000E+00  0.00000000E+00  0.00000000E+00
  0.54722000E+01  0.59522865E+06  0.59522865E+06  0.59522865E+06  0.00000000E+00  0.00000000E+00  0.00000000E+00
  0.55089000E+01  0.59631494E+06  0.59631494E+06  0.59631494E+06  0.00000000E+00  0.00000000E+00  0.00000000E+00
  0.55456000E+01  0.59599967E+06  0.59599967E+06  0.59599967E+06  0.00000000E+00  0.00000000E+00  0.00000000E+00
  0.55823000E+01  0.59419832E+06  0.59419832E+06  0.59419832E+06  0.00000000E+00  0.00000000E+00  0.00000000E+00
  0.56191000E+01  0.59122298E+06  0.59122298E+06  0.59122298E+06  0.00000000E+00  0.00000000E+00  0.00000000E+00
  0.56558000E+01  0.58755392E+06  0.58755392E+06  0.58755392E+06  0.00000000E+00  0.00000000E+00  0.00000000E+00
  0.56925000E+01  0.58369750E+06  0.58369750E+06  0.58369750E+06  0.00000000E+00  0.00000000E+00  0.00000000E+00
  0.57292000E+01  0.58004067E+06  0.58004067E+06  0.58004067E+06  0.00000000E+00  0.00000000E+00  0.00000000E+00
  0.57660000E+01  0.57682065E+06  0.57682065E+06  0.57682065E+06  0.00000000E+00  0.00000000E+00  0.00000000E+00
  0.58027000E+01  0.57411676E+06  0.57411676E+06  0.57411676E+06  0.00000000E+00  0.00000000E+00  0.00000000E+00
  0.58394000E+01  0.57206626E+06  0.57206626E+06  0.57206626E+06  0.00000000E+00  0.00000000E+00  0.00000000E+00
  0.58762000E+01  0.57083038E+06  0.57083038E+06  0.57083038E+06  0.00000000E+00  0.00000000E+00  0.00000000E+00
  0.59129000E+01  0.57066948E+06  0.57066948E+06  0.57066948E+06  0.00000000E+00  0.00000000E+00  0.00000000E+00
  0.59496000E+01  0.57174463E+06  0.57174463E+06  0.57174463E+06  0.00000000E+00  0.00000000E+00  0.00000000E+00
  0.59863000E+01  0.57405450E+06  0.57405450E+06  0.57405450E+06  0.00000000E+00  0.00000000E+00  0.00000000E+00
  0.60231000E+01  0.57721358E+06  0.57721358E+06  0.57721358E+06  0.00000000E+00  0.00000000E+00  0.00000000E+00
  0.60598000E+01  0.58050290E+06  0.58050290E+06  0.58050290E+06  0.00000000E+00  0.00000000E+00  0.00000000E+00
  0.60965000E+01  0.58303190E+06  0.58303190E+06  0.58303190E+06  0.00000000E+00  0.00000000E+00  0.00000000E+00
  0.61332000E+01  0.58389440E+06  0.58389440E+06  0.58389440E+06  0.00000000E+00  0.00000000E+00  0.00000000E+00
  0.61700000E+01  0.58248089E+06  0.58248089E+06  0.58248089E+06  0.00000000E+00  0.00000000E+00  0.00000000E+00
  0.62067000E+01  0.57854966E+06  0.57854966E+06  0.57854966E+06  0.00000000E+00  0.00000000E+00  0.00000000E+00
  0.62434000E+01  0.57243594E+06  0.57243594E+06  0.57243594E+06  0.00000000E+00  0.00000000E+00  0.00000000E+00
  0.62801000E+01  0.56483210E+06  0.56483210E+06  0.56483210E+06  0.00000000E+00  0.00000000E+00  0.00000000E+00
  0.63169000E+01  0.55667003E+06  0.55667003E+06  0.55667003E+06  0.00000000E+00  0.00000000E+00  0.00000000E+00
  0.63536000E+01  0.54893407E+06  0.54893407E+06  0.54893407E+06  0.00000000E+00  0.00000000E+00  0.00000000E+00
  0.63903000E+01  0.54242103E+06  0.54242103E+06  0.54242103E+06  0.00000000E+00  0.00000000E+00  0.00000000E+00
  0.64270000E+01  0.53764974E+06  0.53764974E+06  0.53764974E+06  0.00000000E+00  0.00000000E+00  0.00000000E+00
  0.64638000E+01  0.53484488E+06  0.53484488E+06  0.53484488E+06  0.00000000E+00  0.00000000E+00  0.00000000E+00
  0.65005000E+01  0.53386434E+06  0.53386434E+06  0.53386434E+06  0.00000000E+00  0.00000000E+00  0.00000000E+00
  0.65372000E+01  0.53432555E+06  0.53432555E+06  0.53432555E+06  0.00000000E+00  0.00000000E+00  0.00000000E+00
  0.65739000E+01  0.53558057E+06  0.53558057E+06  0.53558057E+06  0.00000000E+00  0.00000000E+00  0.00000000E+00
  0.66107000E+01  0.53690775E+06  0.53690775E+06  0.53690775E+06  0.00000000E+00  0.00000000E+00  0.00000000E+00
  0.66474000E+01  0.53754578E+06  0.53754578E+06  0.53754578E+06  0.00000000E+00  0.00000000E+00  0.00000000E+00
  0.66841000E+01  0.53693263E+06  0.53693263E+06  0.53693263E+06  0.00000000E+00  0.00000000E+00  0.00000000E+00
  0.67208000E+01  0.53486259E+06  0.53486259E+06  0.53486259E+06  0.00000000E+00  0.00000000E+00  0.00000000E+00
  0.67576000E+01  0.53137433E+06  0.53137433E+06  0.53137433E+06  0.00000000E+00  0.00000000E+00  0.00000000E+00
  0.67943000E+01  0.52699159E+06  0.52699159E+06  0.52699159E+06  0.00000000E+00  0.00000000E+00  0.00000000E+00
  0.68310000E+01  0.52245308E+06  0.52245308E+06  0.52245308E+06  0.00000000E+00  0.00000000E+00  0.00000000E+00
  0.68678000E+01  0.51867056E+06  0.51867056E+06  0.51867056E+06  0.00000000E+00  0.00000000E+00  0.00000000E+00
  0.69045000E+01  0.51638467E+06  0.51638467E+06  0.51638467E+06  0.00000000E+00  0.00000000E+00  0.00000000E+00
  0.69412000E+01  0.51600595E+06  0.51600595E+06  0.51600595E+06  0.00000000E+00  0.00000000E+00  0.00000000E+00
  0.69779000E+01  0.51748948E+06  0.51748948E+06  0.51748948E+06  0.00000000E+00  0.00000000E+00  0.00000000E+00
  0.70147000E+01  0.52020627E+06  0.52020627E+06  0.52020627E+06  0.00000000E+00  0.00000000E+00  0.00000000E+00
  0.70514000E+01  0.52320445E+06  0.52320445E+06  0.52320445E+06  0.00000000E+00  0.00000000E+00  0.00000000E+00
  0.70881000E+01  0.52538783E+06  0.52538783E+06  0.52538783E+06  0.00000000E+00  0.00000000E+00  0.00000000E+00
  0.71248000E+01  0.52579169E+06  0.52579169E+06  0.52579169E+06  0.00000000E+00  0.00000000E+00  0.00000000E+00
  0.71616000E+01  0.52397501E+06  0.52397501E+06  0.52397501E+06  0.00000000E+00  0.00000000E+00  0.00000000E+00
  0.71983000E+01  0.52004839E+06  0.52004839E+06  0.52004839E+06  0.00000000E+00  0.00000000E+00  0.00000000E+00
  0.72350000E+01  0.51462109E+06  0.51462109E+06  0.51462109E+06  0.00000000E+00  0.00000000E+00  0.00000000E+00
  0.72717000E+01  0.50868637E+06  0.50868637E+06  0.50868637E+06  0.00000000E+00  0.00000000E+00  0.00000000E+00
  0.73085000E+01  0.50323343E+06  0.50323343E+06  0.50323343E+06  0.00000000E+00  0.00000000E+00  0.00000000E+00
  0.73452000E+01  0.49901016E+06  0.49901016E+06  0.49901016E+06  0.00000000E+00  0.00000000E+00  0.00000000E+00
  0.73819000E+01  0.49653398E+06  0.49653398E+06  0.49653398E+06  0.00000000E+00  0.00000000E+00  0.00000000E+00
  0.74186000E+01  0.49607283E+06  0.49607283E+06  0.49607283E+06  0.00000000E+00  0.00000000E+00  0.00000000E+00
  0.74554000E+01  0.49768382E+06  0.49768382E+06  0.49768382E+06  0.00000000E+00  0.00000000E+00  0.00000000E+00
  0.74921000E+01  0.50126945E+06  0.50126945E+06  0.50126945E+06  0.00000000E+00  0.00000000E+00  0.00000000E+00
  0.75288000E+01  0.50662791E+06  0.50662791E+06  0.50662791E+06  0.00000000E+00  0.00000000E+00  0.00000000E+00
  0.75655000E+01  0.51336351E+06  0.51336351E+06  0.51336351E+06  0.00000000E+00  0.00000000E+00  0.00000000E+00
  0.76023000E+01  0.52076813E+06  0.52076813E+06  0.52076813E+06  0.00000000E+00  0.00000000E+00  0.00000000E+00
  0.76390000E+01  0.52809410E+06  0.52809410E+06  0.52809410E+06  0.00000000E+00  0.00000000E+00  0.00000000E+00
  0.76757000E+01  0.53456414E+06  0.53456414E+06  0.53456414E+06  0.00000000E+00  0.00000000E+00  0.00000000E+00
  0.77124000E+01  0.53957487E+06  0.53957487E+06  0.53957487E+06  0.00000000E+00  0.00000000E+00  0.00000000E+00
  0.77492000E+01  0.54292628E+06  0.54292628E+06  0.54292628E+06  0.00000000E+00  0.00000000E+00  0.00000000E+00
  0.77859000E+01  0.54470245E+06  0.54470245E+06  0.54470245E+06  0.00000000E+00  0.00000000E+00  0.00000000E+00
  0.78226000E+01  0.54536666E+06  0.54536666E+06  0.54536666E+06  0.00000000E+00  0.00000000E+00  0.00000000E+00
  0.78594000E+01  0.54553046E+06  0.54553046E+06  0.54553046E+06  0.00000000E+00  0.00000000E+00  0.00000000E+00
  0.78961000E+01  0.54576788E+06  0.54576788E+06  0.54576788E+06  0.00000000E+00  0.00000000E+00  0.00000000E+00
  0.79328000E+01  0.54661467E+06  0.54661467E+06  0.54661467E+06  0.00000000E+00  0.00000000E+00  0.00000000E+00
  0.79695000E+01  0.54829397E+06  0.54829397E+06  0.54829397E+06  0.00000000E+00  0.00000000E+00  0.00000000E+00
  0.80063000E+01  0.55092086E+06  0.55092086E+06  0.55092086E+06  0.00000000E+00  0.00000000E+00  0.00000000E+00
  0.80430000E+01  0.55431111E+06  0.55431111E+06  0.55431111E+06  0.00000000E+00  0.00000000E+00  0.00000000E+00
  0.80797000E+01  0.55824289E+06  0.55824289E+06  0.55824289E+06  0.00000000E+00  0.00000000E+00  0.00000000E+00
  0.81164000E+01  0.56239573E+06  0.56239573E+06  0.56239573E+06  0.00000000E+00  0.00000000E+00  0.00000000E+00
  0.81532000E+01  0.56647769E+06  0.56647769E+06  0.56647769E+06  0.00000000E+00  0.00000000E+00  0.00000000E+00
  0.81899000E+01  0.57016081E+06  0.57016081E+06  0.57016081E+06  0.00000000E+00  0.00000000E+00  0.00000000E+00
  0.82266000E+01  0.57338060E+06  0.57338060E+06  0.57338060E+06  0.00000000E+00  0.00000000E+00  0.00000000E+00
  0.82633000E+01  0.57609713E+06  0.57609713E+06  0.57609713E+06  0.00000000E+00  0.00000000E+00  0.00000000E+00
  0.83001000E+01  0.57846689E+06  0.57846689E+06  0.57846689E+06  0.00000000E+00  0.00000000E+00  0.00000000E+00
  0.83368000E+01  0.58071174E+06  0.58071174E+06  0.58071174E+06  0.00000000E+00  0.00000000E+00  0.00000000E+00
  0.83735000E+01  0.58310281E+06  0.58310281E+06  0.58310281E+06  0.00000000E+00  0.00000000E+00  0.00000000E+00
  0.84102000E+01  0.58583503E+06  0.58583503E+06  0.58583503E+06  0.00000000E+00  0.00000000E+00  0.00000000E+00
  0.84470000E+01  0.58905219E+06  0.58905219E+06  0.58905219E+06  0.00000000E+00  0.00000000E+00  0.00000000E+00
  0.84837000E+01  0.59283055E+06  0.59283055E+06  0.59283055E+06  0.00000000E+00  0.00000000E+00  0.00000000E+00
  0.85204000E+01  0.59704735E+06  0.59704735E+06  0.59704735E+06  0.00000000E+00  0.00000000E+00  0.00000000E+00
  0.85571000E+01  0.60152449E+06  0.60152449E+06  0.60152449E+06  0.00000000E+00  0.00000000E+00  0.00000000E+00
  0.85939000E+01  0.60597810E+06  0.60597810E+06  0.60597810E+06  0.00000000E+00  0.00000000E+00  0.00000000E+00
  0.86306000E+01  0.61008562E+06  0.61008562E+06  0.61008562E+06  0.00000000E+00  0.00000000E+00  0.00000000E+00
  0.86673000E+01  0.61353793E+06  0.61353793E+06  0.61353793E+06  0.00000000E+00  0.00000000E+00  0.00000000E+00
  0.87041000E+01  0.61609072E+06  0.61609072E+06  0.61609072E+06  0.00000000E+00  0.00000000E+00  0.00000000E+00
  0.87408000E+01  0.61755679E+06  0.61755679E+06  0.61755679E+06  0.00000000E+00  0.00000000E+00  0.00000000E+00
  0.87775000E+01  0.61781315E+06  0.61781315E+06  0.61781315E+06  0.00000000E+00  0.00000000E+00  0.00000000E+00
  0.88142000E+01  0.61678836E+06  0.61678836E+06  0.61678836E+06  0.00000000E+00  0.00000000E+00  0.00000000E+00
  0.88510000E+01  0.61457465E+06  0.61457465E+06  0.61457465E+06  0.00000000E+00  0.00000000E+00  0.00000000E+00
  0.88877000E+01  0.61147724E+06  0.61147724E+06  0.61147724E+06  0.00000000E+00  0.00000000E+00  0.00000000E+00
  0.89244000E+01  0.60792086E+06  0.60792086E+06  0.60792086E+06  0.00000000E+00  0.00000000E+00  0.00000000E+00
  0.89611000E+01  0.60444889E+06  0.60444889E+06  0.60444889E+06  0.00000000E+00  0.00000000E+00  0.00000000E+00
  0.89979000E+01  0.60150321E+06  0.60150321E+06  0.60150321E+06  0.00000000E+00  0.00000000E+00  0.00000000E+00
  0.90346000E+01  0.59937156E+06  0.59937156E+06  0.59937156E+06  0.00000000E+00  0.00000000E+00  0.00000000E+00
  0.90713000E+01  0.59804677E+06  0.59804677E+06  0.59804677E+06  0.00000000E+00  0.00000000E+00  0.00000000E+00
  0.91080000E+01  0.59736099E+06  0.59736099E+06  0.59736099E+06  0.00000000E+00  0.00000000E+00  0.00000000E+00
  0.91448000E+01  0.59713724E+06  0.59713724E+06  0.59713724E+06  0.00000000E+00  0.00000000E+00  0.00000000E+00
  0.91815000E+01  0.59738692E+06  0.59738692E+06  0.59738692E+06  0.00000000E+00  0.00000000E+00  0.00000000E+00
  0.92182000E+01  0.59841527E+06  0.59841527E+06  0.59841527E+06  0.00000000E+00  0.00000000E+00  0.00000000E+00
  0.92549000E+01  0.60051236E+06  0.60051236E+06  0.60051236E+06  0.00000000E+00  0.00000000E+00  0.00000000E+00
  0.92917000E+01  0.60396900E+06  0.60396900E+06  0.60396900E+06  0.00000000E+00  0.00000000E+00  0.00000000E+00
  0.93284000E+01  0.60871755E+06  0.60871755E+06  0.60871755E+06  0.00000000E+00  0.00000000E+00  0.00000000E+00
  0.93651000E+01  0.61438141E+06  0.61438141E+06  0.61438141E+06  0.00000000E+00  0.00000000E+00  0.00000000E+00
  0.94018000E+01  0.62024426E+06  0.62024426E+06  0.62024426E+06  0.00000000E+00  0.00000000E+00  0.00000000E+00
  0.94386000E+01  0.62564521E+06  0.62564521E+06  0.62564521E+06  0.00000000E+00  0.00000000E+00  0.00000000E+00
  0.94753000E+01  0.63012176E+06  0.63012176E+06  0.63012176E+06  0.00000000E+00  0.00000000E+00  0.00000000E+00
  0.95120000E+01  0.63351836E+06  0.63351836E+06  0.63351836E+06  0.00000000E+00  0.00000000E+00  0.00000000E+00
  0.95487000E+01  0.63614094E+06  0.63614094E+06  0.63614094E+06  0.00000000E+00  0.00000000E+00  0.00000000E+00
  0.95855000E+01  0.63834477E+06  0.63834477E+06  0.63834477E+06  0.00000000E+00  0.00000000E+00  0.00000000E+00
  0.96222000E+01  0.64055290E+06  0.64055290E+06  0.64055290E+06  0.00000000E+00  0.00000000E+00  0.00000000E+00
  0.96589000E+01  0.64311012E+06  0.64311012E+06  0.64311012E+06  0.00000000E+00  0.00000000E+00  0.00000000E+00
  0.96957000E+01  0.64615099E+06  0.64615099E+06  0.64615099E+06  0.00000000E+00  0.00000000E+00  0.00000000E+00
  0.97324000E+01  0.64961871E+06  0.64961871E+06  0.64961871E+06  0.00000000E+00  0.00000000E+00  0.00000000E+00
  0.97691000E+01  0.65331794E+06  0.65331794E+06  0.65331794E+06  0.00000000E+00  0.00000000E+00  0.00000000E+00
  0.98058000E+01  0.65707655E+06  0.65707655E+06  0.65707655E+06  0.00000000E+00  0.00000000E+00  0.00000000E+00
  0.98426000E+01  0.66055434E+06  0.66055434E+06  0.66055434E+06  0.00000000E+00  0.00000000E+00  0.00000000E+00
  0.98793000E+01  0.66350502E+06  0.66350502E+06  0.66350502E+06  0.00000000E+00  0.00000000E+00  0.00000000E+00
  0.99160000E+01  0.66581560E+06  0.66581560E+06  0.66581560E+06  0.00000000E+00  0.00000000E+00  0.00000000E+00
  0.99527000E+01  0.66760301E+06  0.66760301E+06  0.66760301E+06  0.00000000E+00  0.00000000E+00  0.00000000E+00
  0.99895000E+01  0.66918430E+06  0.66918430E+06  0.66918430E+06  0.00000000E+00  0.00000000E+00  0.00000000E+00
  0.10026200E+02  0.67115835E+06  0.67115835E+06  0.67115835E+06  0.00000000E+00  0.00000000E+00  0.00000000E+00
  0.10062900E+02  0.67425035E+06  0.67425035E+06  0.67425035E+06  0.00000000E+00  0.00000000E+00  0.00000000E+00
  0.10099600E+02  0.67895186E+06  0.67895186E+06  0.67895186E+06  0.00000000E+00  0.00000000E+00  0.00000000E+00
  0.10136400E+02  0.68556356E+06  0.68556356E+06  0.68556356E+06  0.00000000E+00  0.00000000E+00  0.00000000E+00
  0.10173100E+02  0.69391963E+06  0.69391963E+06  0.69391963E+06  0.00000000E+00  0.00000000E+00  0.00000000E+00
  0.10209800E+02  0.70352929E+06  0.70352929E+06  0.70352929E+06  0.00000000E+00  0.00000000E+00  0.00000000E+00
  0.10246500E+02  0.71362537E+06  0.71362537E+06  0.71362537E+06  0.00000000E+00  0.00000000E+00  0.00000000E+00
  0.10283300E+02  0.72328717E+06  0.72328717E+06  0.72328717E+06  0.00000000E+00  0.00000000E+00  0.00000000E+00
  0.10320000E+02  0.73175428E+06  0.73175428E+06  0.73175428E+06  0.00000000E+00  0.00000000E+00  0.00000000E+00
  0.10356700E+02  0.73843851E+06  0.73843851E+06  0.73843851E+06  0.00000000E+00  0.00000000E+00  0.00000000E+00
  0.10393400E+02  0.74307605E+06  0.74307605E+06  0.74307605E+06  0.00000000E+00  0.00000000E+00  0.00000000E+00
  0.10430200E+02  0.74580372E+06  0.74580372E+06  0.74580372E+06  0.00000000E+00  0.00000000E+00  0.00000000E+00
  0.10466900E+02  0.74684407E+06  0.74684407E+06  0.74684407E+06  0.00000000E+00  0.00000000E+00  0.00000000E+00
  0.10503600E+02  0.74658016E+06  0.74658016E+06  0.74658016E+06  0.00000000E+00  0.00000000E+00  0.00000000E+00
  0.10540300E+02  0.74526325E+06  0.74526325E+06  0.74526325E+06  0.00000000E+00  0.00000000E+00  0.00000000E+00
  0.10577100E+02  0.74304860E+06  0.74304860E+06  0.74304860E+06  0.00000000E+00  0.00000000E+00  0.00000000E+00
  0.10613800E+02  0.73985249E+06  0.73985249E+06  0.73985249E+06  0.00000000E+00  0.00000000E+00  0.00000000E+00
  0.10650500E+02  0.73565683E+06  0.73565683E+06  0.73565683E+06  0.00000000E+00  0.00000000E+00  0.00000000E+00
  0.10687300E+02  0.73052815E+06  0.73052815E+06  0.73052815E+06  0.00000000E+00  0.00000000E+00  0.00000000E+00
  0.10724000E+02  0.72463697E+06  0.72463697E+06  0.72463697E+06  0.00000000E+00  0.00000000E+00  0.00000000E+00
  0.10760700E+02  0.71834361E+06  0.71834361E+06  0.71834361E+06  0.00000000E+00  0.00000000E+00  0.00000000E+00
  0.10797400E+02  0.71208640E+06  0.71208640E+06  0.71208640E+06  0.00000000E+00  0.00000000E+00  0.00000000E+00
  0.10834200E+02  0.70639252E+06  0.70639252E+06  0.70639252E+06  0.00000000E+00  0.00000000E+00  0.00000000E+00
  0.10870900E+02  0.70158928E+06  0.70158928E+06  0.70158928E+06  0.00000000E+00  0.00000000E+00  0.00000000E+00
  0.10907600E+02  0.69815613E+06  0.69815613E+06  0.69815613E+06  0.00000000E+00  0.00000000E+00  0.00000000E+00
  0.10944300E+02  0.69636990E+06  0.69636990E+06  0.69636990E+06  0.00000000E+00  0.00000000E+00  0.00000000E+00
  0.10981100E+02  0.69641375E+06  0.69641375E+06  0.69641375E+06  0.00000000E+00  0.00000000E+00  0.00000000E+00
  0.11017800E+02  0.69828581E+06  0.69828581E+06  0.69828581E+06  0.00000000E+00  0.00000000E+00  0.00000000E+00
