  #energy          xx             yy              zz              xy              yz              zx
  0.00000000E+00  0.00000000E+00  0.00000000E+00  0.00000000E+00  0.00000000E+00  0.00000000E+00  0.00000000E+00
  0.36700000E-01  0.25401786E-03  0.25401786E-03  0.25401786E-03  0.00000000E+00  0.00000000E+00  0.00000000E+00
  0.73500000E-01  0.50800320E-03  0.50800320E-03  0.50800320E-03  0.00000000E+00  0.00000000E+00  0.00000000E+00
  0.11020000E+00  0.78501212E-03  0.78501212E-03  0.78501212E-03  0.00000000E+00  0.00000000E+00  0.00000000E+00
  0.14690000E+00  0.10388205E-02  0.10388205E-02  0.10388205E-02  0.00000000E+00  0.00000000E+00  0.00000000E+00
  0.18360000E+00  0.12925063E-02  0.12925063E-02  0.12925063E-02  0.00000000E+00  0.00000000E+00  0.00000000E+00
  0.22040000E+00  0.15460126E-02  0.15460126E-02  0.15460126E-02  0.00000000E+00  0.00000000E+00  0.00000000E+00
  0.25710000E+00  0.18223863E-02  0.18223863E-02  0.18223863E-02  0.00000000E+00  0.00000000E+00  0.00000000E+00
  0.29380000E+00  0.20754514E-02  0.20754514E-02  0.20754514E-02  0.00000000E+00  0.00000000E+00  0.00000000E+00
  0.33050000E+00  0.23513028E-02  0.23513028E-02  0.23513028E-02  0.00000000E+00  0.00000000E+00  0.00000000E+00
  0.36730000E+00  0.26268099E-02  0.26268099E-02  0.26268099E-02  0.00000000E+00  0.00000000E+00  0.00000000E+00
  0.40400000E+00  0.29019909E-02  0.29019909E-02  0.29019909E-02  0.00000000E+00  0.00000000E+00  0.00000000E+00
  0.44070000E+00  0.31767195E-02  0.31767195E-02  0.31767195E-02  0.00000000E+00  0.00000000E+00  0.00000000E+00
  0.47740000E+00  0.34510539E-02  0.34510539E-02  0.34510539E-02  0.00000000E+00  0.00000000E+00  0.00000000E+00
  0.51420000E+00  0.37248904E-02  0.37248904E-02  0.37248904E-02  0.00000000E+00  0.00000000E+00  0.00000000E+00
  0.55090000E+00  0.40211651E-02  0.40211651E-02  0.40211651E-02  0.00000000E+00  0.00000000E+00  0.00000000E+00
  0.58760000E+00  0.42939095E-02  0.42939095E-02  0.42939095E-02  0.00000000E+00  0.00000000E+00  0.00000000E+00
  0.62430000E+00  0.45889808E-02  0.45889808E-02  0.45889808E-02  0.00000000E+00  0.00000000E+00  0.00000000E+00
  0.66110000E+00  0.48833569E-02  0.48833569E-02  0.48833569E-02  0.00000000E+00  0.00000000E+00  0.00000000E+00
  0.69780000E+00  0.51999010E-02  0.51999010E-02  0.51999010E-02  0.00000000E+00  0.00000000E+00  0.00000000E+00
  0.73450000E+00  0.55156798E-02  0.55156798E-02  0.55156798E-02  0.00000000E+00  0.00000000E+00  0.00000000E+00
  0.77120000E+00  0.58305349E-02  0.58305349E-02  0.58305349E-02  0.00000000E+00  0.00000000E+00  0.00000000E+00
  0.80800000E+00  0.61444756E-02  0.61444756E-02  0.61444756E-02  0.00000000E+00  0.00000000E+00  0.00000000E+00
  0.84470000E+00  0.64802753E-02  0.64802753E-02  0.64802753E-02  0.00000000E+00  0.00000000E+00  0.00000000E+00
  0.88140000E+00  0.68150220E-02  0.68150220E-02  0.68150220E-02  0.00000000E+00  0.00000000E+00  0.00000000E+00
  0.91810000E+00  0.71485953E-02  0.71485953E-02  0.71485953E-02  0.00000000E+00  0.00000000E+00  0.00000000E+00
  0.95490000E+00  0.75036781E-02  0.75036781E-02  0.75036781E-02  0.00000000E+00  0.00000000E+00  0.00000000E+00
  0.99160000E+00  0.78574197E-02  0.78574197E-02  0.78574197E-02  0.00000000E+00  0.00000000E+00  0.00000000E+00
  0.10283000E+01  0.82324416E-02  0.82324416E-02  0.82324416E-02  0.00000000E+00  0.00000000E+00  0.00000000E+00
  0.10651000E+01  0.86059462E-02  0.86059462E-02  0.86059462E-02  0.00000000E+00  0.00000000E+00  0.00000000E+00
  0.11018000E+01  0.90004891E-02  0.90004891E-02  0.90004891E-02  0.00000000E+00  0.00000000E+00  0.00000000E+00
  0.11385000E+01  0.94158146E-02  0.94158146E-02  0.94158146E-02  0.00000000E+00  0.00000000E+00  0.00000000E+00
  0.11752000E+01  0.98292014E-02  0.98292014E-02  0.98292014E-02  0.00000000E+00  0.00000000E+00  0.00000000E+00
  0.12120000E+01  0.10263083E-01  0.10263083E-01  0.10263083E-01  0.00000000E+00  0.00000000E+00  0.00000000E+00
  0.12487000E+01  0.10694805E-01  0.10694805E-01  0.10694805E-01  0.00000000E+00  0.00000000E+00  0.00000000E+00
  0.12854000E+01  0.11146609E-01  0.11146609E-01  0.11146609E-01  0.00000000E+00  0.00000000E+00  0.00000000E+00
  0.13221000E+01  0.11640674E-01  0.11640674E-01  0.11640674E-01  0.00000000E+00  0.00000000E+00  0.00000000E+00
  0.13589000E+01  0.12131848E-01  0.12131848E-01  0.12131848E-01  0.00000000E+00  0.00000000E+00  0.00000000E+00
  0.13956000E+01  0.12642576E-01  0.12642576E-01  0.12642576E-01  0.00000000E+00  0.00000000E+00  0.00000000E+00
  0.14323000E+01  0.13172253E-01  0.13172253E-01  0.13172253E-01  0.00000000E+00  0.00000000E+00  0.00000000E+00
  0.14690000E+01  0.13720752E-01  0.13720752E-01  0.13720752E-01  0.00000000E+00  0.00000000E+00  0.00000000E+00
  0.15058000E+01  0.14309830E-01  0.14309830E-01  0.14309830E-01  0.00000000E+00  0.00000000E+00  0.00000000E+00
  0.15425000E+01  0.14916958E-01  0.14916958E-01  0.14916958E-01  0.00000000E+00  0.00000000E+00  0.00000000E+00
  0.15792000E+01  0.15541697E-01  0.15541697E-01  0.15541697E-01  0.00000000E+00  0.00000000E+00  0.00000000E+00
  0.16159000E+01  0.16205730E-01  0.16205730E-01  0.16205730E-01  0.00000000E+00  0.00000000E+00  0.00000000E+00
  0.16527000E+01  0.16886476E-01  0.16886476E-01  0.16886476E-01  0.00000000E+00  0.00000000E+00  0.00000000E+00
  0.16894000E+01  0.17627166E-01  0.17627166E-01  0.17627166E-01  0.00000000E+00  0.00000000E+00  0.00000000E+00
  0.17261000E+01  0.18405256E-01  0.18405256E-01  0.18405256E-01  0.00000000E+00  0.00000000E+00  0.00000000E+00
  0.17628000E+01  0.19198250E-01  0.19198250E-01  0.19198250E-01  0.00000000E+00  0.00000000E+00  0.00000000E+00
  0.17996000E+01  0.20070761E-01  0.20070761E-01  0.20070761E-01  0.00000000E+00  0.00000000E+00  0.00000000E+00
  0.18363000E+01  0.20977961E-01  0.20977961E-01  0.20977961E-01  0.00000000E+00  0.00000000E+00  0.00000000E+00
  0.18730000E+01  0.21940872E-01  0.21940872E-01  0.21940872E-01  0.00000000E+00  0.00000000E+00  0.00000000E+00
  0.19097000E+01  0.22958145E-01  0.22958145E-01  0.22958145E-01  0.00000000E+00  0.00000000E+00  0.00000000E+00
  0.19465000E+01  0.24049931E-01  0.24049931E-01  0.24049931E-01  0.00000000E+00  0.00000000E+00  0.00000000E+00
  0.19832000E+01  0.25214475E-01  0.25214475E-01  0.25214475E-01  0.00000000E+00  0.00000000E+00  0.00000000E+00
  0.20199000E+01  0.26450379E-01  0.26450379E-01  0.26450379E-01  0.00000000E+00  0.00000000E+00  0.00000000E+00
  0.20567000E+01  0.27776829E-01  0.27776829E-01  0.27776829E-01  0.00000000E+00  0.00000000E+00  0.00000000E+00
  0.20934000E+01  0.29191240E-01  0.29191240E-01  0.29191240E-01  0.00000000E+00  0.00000000E+00  0.00000000E+00
  0.21301000E+01  0.30691381E-01  0.30691381E-01  0.30691381E-01  0.00000000E+00  0.00000000E+00  0.00000000E+00
  0.21668000E+01  0.32274359E-01  0.32274359E-01  0.32274359E-01  0.00000000E+00  0.00000000E+00  0.00000000E+00
  0.22036000E+01  0.33957240E-01  0.33957240E-01  0.33957240E-01  0.00000000E+00  0.00000000E+00  0.00000000E+00
  0.22403000E+01  0.35715742E-01  0.35715742E-01  0.35715742E-01  0.00000000E+00  0.00000000E+00  0.00000000E+00
  0.22770000E+01  0.37586065E-01  0.37586065E-01  0.37586065E-01  0.00000000E+00  0.00000000E+00  0.00000000E+00
  0.23137000E+01  0.39582677E-01  0.39582677E-01  0.39582677E-01  0.00000000E+00  0.00000000E+00  0.00000000E+00
  0.23505000E+01  0.41778101E-01  0.41778101E-01  0.41778101E-01  0.00000000E+00  0.00000000E+00  0.00000000E+00
  0.23872000E+01  0.44343076E-01  0.44343076E-01  0.44343076E-01  0.00000000E+00  0.00000000E+00  0.00000000E+00
  0.24239000E+01  0.47441233E-01  0.47441233E-01  0.47441233E-01  0.00000000E+00  0.00000000E+00  0.00000000E+00
  0.24606000E+01  0.51425305E-01  0.51425305E-01  0.51425305E-01  0.00000000E+00  0.00000000E+00  0.00000000E+00
  0.24974000E+01  0.56733291E-01  0.56733291E-01  0.56733291E-01  0.00000000E+00  0.00000000E+00  0.00000000E+00
  0.25341000E+01  0.63917916E-01  0.63917916E-01  0.63917916E-01  0.00000000E+00  0.00000000E+00  0.00000000E+00
  0.25708000E+01  0.73603314E-01  0.73603314E-01  0.73603314E-01  0.00000000E+00  0.00000000E+00  0.00000000E+00
  0.26075000E+01  0.86425517E-01  0.86425517E-01  0.86425517E-01  0.00000000E+00  0.00000000E+00  0.00000000E+00
  0.26443000E+01  0.10299488E+00  0.10299488E+00  0.10299488E+00  0.00000000E+00  0.00000000E+00  0.00000000E+00
  0.26810000E+01  0.12372088E+00  0.12372088E+00  0.12372088E+00  0.00000000E+00  0.00000000E+00  0.00000000E+00
  0.27177000E+01  0.14883548E+00  0.14883548E+00  0.14883548E+00  0.00000000E+00  0.00000000E+00  0.00000000E+00
  0.27544000E+01  0.17833935E+00  0.17833935E+00  0.17833935E+00  0.00000000E+00  0.00000000E+00  0.00000000E+00
  0.27912000E+01  0.21201061E+00  0.21201061E+00  0.21201061E+00  0.00000000E+00  0.00000000E+00  0.00000000E+00
  0.28279000E+01  0.24939507E+00  0.24939507E+00  0.24939507E+00  0.00000000E+00  0.00000000E+00  0.00000000E+00
  0.28646000E+01  0.28996253E+00  0.28996253E+00  0.28996253E+00  0.00000000E+00  0.00000000E+00  0.00000000E+00
  0.29014000E+01  0.33303039E+00  0.33303039E+00  0.33303039E+00  0.00000000E+00  0.00000000E+00  0.00000000E+00
  0.29381000E+01  0.37792551E+00  0.37792551E+00  0.37792551E+00  0.00000000E+00  0.00000000E+00  0.00000000E+00
  0.29748000E+01  0.42385339E+00  0.42385339E+00  0.42385339E+00  0.00000000E+00  0.00000000E+00  0.00000000E+00
  0.30115000E+01  0.47005095E+00  0.47005095E+00  0.47005095E+00  0.00000000E+00  0.00000000E+00  0.00000000E+00
  0.30483000E+01  0.51568745E+00  0.51568745E+00  0.51568745E+00  0.00000000E+00  0.00000000E+00  0.00000000E+00
  0.30850000E+01  0.55991071E+00  0.55991071E+00  0.55991071E+00  0.00000000E+00  0.00000000E+00  0.00000000E+00
  0.31217000E+01  0.60183977E+00  0.60183977E+00  0.60183977E+00  0.00000000E+00  0.00000000E+00  0.00000000E+00
  0.31584000E+01  0.64054594E+00  0.64054594E+00  0.64054594E+00  0.00000000E+00  0.00000000E+00  0.00000000E+00
  0.31952000E+01  0.67516472E+00  0.67516472E+00  0.67516472E+00  0.00000000E+00  0.00000000E+00  0.00000000E+00
  0.32319000E+01  0.70491568E+00  0.70491568E+00  0.70491568E+00  0.00000000E+00  0.00000000E+00  0.00000000E+00
  0.32686000E+01  0.72943390E+00  0.72943390E+00  0.72943390E+00  0.00000000E+00  0.00000000E+00  0.00000000E+00
  0.33053000E+01  0.74893376E+00  0.74893376E+00  0.74893376E+00  0.00000000E+00  0.00000000E+00  0.00000000E+00
  0.33421000E+01  0.76452099E+00  0.76452099E+00  0.76452099E+00  0.00000000E+00  0.00000000E+00  0.00000000E+00
  0.33788000E+01  0.77823790E+00  0.77823790E+00  0.77823790E+00  0.00000000E+00  0.00000000E+00  0.00000000E+00
  0.34155000E+01  0.79281440E+00  0.79281440E+00  0.79281440E+00  0.00000000E+00  0.00000000E+00  0.00000000E+00
  0.34522000E+01  0.81116294E+00  0.81116294E+00  0.81116294E+00  0.00000000E+00  0.00000000E+00  0.00000000E+00
  0.34890000E+01  0.83568670E+00  0.83568670E+00  0.83568670E+00  0.00000000E+00  0.00000000E+00  0.00000000E+00
  0.35257000E+01  0.86761863E+00  0.86761863E+00  0.86761863E+00  0.00000000E+00  0.00000000E+00  0.00000000E+00
  0.35624000E+01  0.90688647E+00  0.90688647E+00  0.90688647E+00  0.00000000E+00  0.00000000E+00  0.00000000E+00
  0.35991000E+01  0.95206608E+00  0.95206608E+00  0.95206608E+00  0.00000000E+00  0.00000000E+00  0.00000000E+00
  0.36359000E+01  0.10008230E+01  0.10008230E+01  0.10008230E+01  0.00000000E+00  0.00000000E+00  0.00000000E+00
  0.36726000E+01  0.10503705E+01  0.10503705E+01  0.10503705E+01  0.00000000E+00  0.00000000E+00  0.00000000E+00
  0.37093000E+01  0.10979555E+01  0.10979555E+01  0.10979555E+01  0.00000000E+00  0.00000000E+00  0.00000000E+00
  0.37460000E+01  0.11411504E+01  0.11411504E+01  0.11411504E+01  0.00000000E+00  0.00000000E+00  0.00000000E+00
  0.37828000E+01  0.11781342E+01  0.11781342E+01  0.11781342E+01  0.00000000E+00  0.00000000E+00  0.00000000E+00
  0.38195000E+01  0.12077267E+01  0.12077267E+01  0.12077267E+01  0.00000000E+00  0.00000000E+00  0.00000000E+00
  0.38562000E+01  0.12294561E+01  0.12294561E+01  0.12294561E+01  0.00000000E+00  0.00000000E+00  0.00000000E+00
  0.38930000E+01  0.12436395E+01  0.12436395E+01  0.12436395E+01  0.00000000E+00  0.00000000E+00  0.00000000E+00
  0.39297000E+01  0.12512137E+01  0.12512137E+01  0.12512137E+01  0.00000000E+00  0.00000000E+00  0.00000000E+00
  0.39664000E+01  0.12538228E+01  0.12538228E+01  0.12538228E+01  0.00000000E+00  0.00000000E+00  0.00000000E+00
  0.40031000E+01  0.12533818E+01  0.12533818E+01  0.12533818E+01  0.00000000E+00  0.00000000E+00  0.00000000E+00
  0.40399000E+01  0.12518366E+01  0.12518366E+01  0.12518366E+01  0.00000000E+00  0.00000000E+00  0.00000000E+00
  0.40766000E+01  0.12506754E+01  0.12506754E+01  0.12506754E+01  0.00000000E+00  0.00000000E+00  0.00000000E+00
  0.41133000E+01  0.12506264E+01  0.12506264E+01  0.12506264E+01  0.00000000E+00  0.00000000E+00  0.00000000E+00
  0.41500000E+01  0.12516279E+01  0.12516279E+01  0.12516279E+01  0.00000000E+00  0.00000000E+00  0.00000000E+00
  0.41868000E+01  0.12529860E+01  0.12529860E+01  0.12529860E+01  0.00000000E+00  0.00000000E+00  0.00000000E+00
  0.42235000E+01  0.12538581E+01  0.12538581E+01  0.12538581E+01  0.00000000E+00  0.00000000E+00  0.00000000E+00
  0.42602000E+01  0.12537358E+01  0.12537358E+01  0.12537358E+01  0.00000000E+00  0.00000000E+00  0.00000000E+00
  0.42969000E+01  0.12526367E+01  0.12526367E+01  0.12526367E+01  0.00000000E+00  0.00000000E+00  0.00000000E+00
  0.43337000E+01  0.12511576E+01  0.12511576E+01  0.12511576E+01  0.00000000E+00  0.00000000E+00  0.00000000E+00
  0.43704000E+01  0.12500937E+01  0.12500937E+01  0.12500937E+01  0.00000000E+00  0.00000000E+00  0.00000000E+00
  0.44071000E+01  0.12500917E+01  0.12500917E+01  0.12500917E+01  0.00000000E+00  0.00000000E+00  0.00000000E+00
  0.44438000E+01  0.12511529E+01  0.12511529E+01  0.12511529E+01  0.00000000E+00  0.00000000E+00  0.00000000E+00
  0.44806000E+01  0.12526683E+01  0.12526683E+01  0.12526683E+01  0.00000000E+00  0.00000000E+00  0.00000000E+00
  0.45173000E+01  0.12535326E+01  0.12535326E+01  0.12535326E+01  0.00000000E+00  0.00000000E+00  0.00000000E+00
  0.45540000E+01  0.12524398E+01  0.12524398E+01  0.12524398E+01  0.00000000E+00  0.00000000E+00  0.00000000E+00
  0.45907000E+01  0.12484603E+01  0.12484603E+01  0.12484603E+01  0.00000000E+00  0.00000000E+00  0.00000000E+00
  0.46275000E+01  0.12411705E+01  0.12411705E+01  0.12411705E+01  0.00000000E+00  0.00000000E+00  0.00000000E+00
  0.46642000E+01  0.12308315E+01  0.12308315E+01  0.12308315E+01  0.00000000E+00  0.00000000E+00  0.00000000E+00
  0.47009000E+01  0.12184221E+01  0.12184221E+01  0.12184221E+01  0.00000000E+00  0.00000000E+00  0.00000000E+00
  0.47376000E+01  0.12052892E+01  0.12052892E+01  0.12052892E+01  0.00000000E+00  0.00000000E+00  0.00000000E+00
  0.47744000E+01  0.11931454E+01  0.11931454E+01  0.11931454E+01  0.00000000E+00  0.00000000E+00  0.00000000E+00
  0.48111000E+01  0.11834844E+01  0.11834844E+01  0.11834844E+01  0.00000000E+00  0.00000000E+00  0.00000000E+00
  0.48478000E+01  0.11773924E+01  0.11773924E+01  0.11773924E+01  0.00000000E+00  0.00000000E+00  0.00000000E+00
  0.48846000E+01  0.11752433E+01  0.11752433E+01  0.11752433E+01  0.00000000E+00  0.00000000E+00  0.00000000E+00
  0.49213000E+01  0.11764586E+01  0.11764586E+01  0.11764586E+01  0.00000000E+00  0.00000000E+00  0.00000000E+00
  0.49580000E+01  0.11796626E+01  0.11796626E+01  0.11796626E+01  0.00000000E+00  0.00000000E+00  0.00000000E+00
  0.49947000E+01  0.11829661E+01  0.11829661E+01  0.11829661E+01  0.00000000E+00  0.00000000E+00  0.00000000E+00
  0.50315000E+01  0.11843644E+01  0.11843644E+01  0.11843644E+01  0.00000000E+00  0.00000000E+00  0.00000000E+00
  0.50682000E+01  0.11821979E+01  0.11821979E+01  0.11821979E+01  0.00000000E+00  0.00000000E+00  0.00000000E+00
  0.51049000E+01  0.11755853E+01  0.11755853E+01  0.11755853E+01  0.00000000E+00  0.00000000E+00  0.00000000E+00
  0.51416000E+01  0.11644583E+01  0.11644583E+01  0.11644583E+01  0.00000000E+00  0.00000000E+00  0.00000000E+00
  0.51784000E+01  0.11498279E+01  0.11498279E+01  0.11498279E+01  0.00000000E+00  0.00000000E+00  0.00000000E+00
  0.52151000E+01  0.11333139E+01  0.11333139E+01  0.11333139E+01  0.00000000E+00  0.00000000E+00  0.00000000E+00
  0.52518000E+01  0.11169981E+01  0.11169981E+01  0.11169981E+01  0.00000000E+00  0.00000000E+00  0.00000000E+00
  0.52885000E+01  0.11027700E+01  0.11027700E+01  0.11027700E+01  0.00000000E+00  0.00000000E+00  0.00000000E+00
  0.53253000E+01  0.10918505E+01  0.10918505E+01  0.10918505E+01  0.00000000E+00  0.00000000E+00  0.00000000E+00
  0.53620000E+01  0.10844755E+01  0.10844755E+01  0.10844755E+01  0.00000000E+00  0.00000000E+00  0.00000000E+00
  0.53987000E+01  0.10799015E+01  0.10799015E+01  0.10799015E+01  0.00000000E+00  0.00000000E+00  0.00000000E+00
  0.54354000E+01  0.10766759E+01  0.10766759E+01  0.10766759E+01  0.00000000E+00  0.00000000E+00  0.00000000E+00
  0.54722000E+01  0.10731941E+01  0.10731941E+01  0.10731941E+01  0.00000000E+00  0.00000000E+00  0.00000000E+00
  0.55089000E+01  0.10679901E+01  0.10679901E+01  0.10679901E+01  0.00000000E+00  0.00000000E+00  0.00000000E+00
  0.55456000E+01  0.10603614E+01  0.10603614E+01  0.10603614E+01  0.00000000E+00  0.00000000E+00  0.00000000E+00
  0.55823000E+01  0.10502064E+01  0.10502064E+01  0.10502064E+01  0.00000000E+00  0.00000000E+00  0.00000000E+00
  0.56191000E+01  0.10381042E+01  0.10381042E+01  0.10381042E+01  0.00000000E+00  0.00000000E+00  0.00000000E+00
  0.56558000E+01  0.10249675E+01  0.10249675E+01  0.10249675E+01  0.00000000E+00  0.00000000E+00  0.00000000E+00
  0.56925000E+01  0.10116755E+01  0.10116755E+01  0.10116755E+01  0.00000000E+00  0.00000000E+00  0.00000000E+00
  0.57292000E+01  0.99889739E+00  0.99889739E+00  0.99889739E+00  0.00000000E+00  0.00000000E+00  0.00000000E+00
  0.57660000E+01  0.98701234E+00  0.98701234E+00  0.98701234E+00  0.00000000E+00  0.00000000E+00  0.00000000E+00
  0.58027000E+01  0.97617240E+00  0.97617240E+00  0.97617240E+00  0.00000000E+00  0.00000000E+00  0.00000000E+00
  0.58394000E+01  0.96657270E+00  0.96657270E+00  0.96657270E+00  0.00000000E+00  0.00000000E+00  0.00000000E+00
  0.58762000E+01  0.95844442E+00  0.95844442E+00  0.95844442E+00  0.00000000E+00  0.00000000E+00  0.00000000E+00
  0.59129000E+01  0.95222709E+00  0.95222709E+00  0.95222709E+00  0.00000000E+00  0.00000000E+00  0.00000000E+00
  0.59496000E+01  0.94813623E+00  0.94813623E+00  0.94813623E+00  0.00000000E+00  0.00000000E+00  0.00000000E+00
  0.59863000E+01  0.94613055E+00  0.94613055E+00  0.94613055E+00  0.00000000E+00  0.00000000E+00  0.00000000E+00
  0.60231000E+01  0.94552471E+00  0.94552471E+00  0.94552471E+00  0.00000000E+00  0.00000000E+00  0.00000000E+00
  0.60598000E+01  0.94515388E+00  0.94515388E+00  0.94515388E+00  0.00000000E+00  0.00000000E+00  0.00000000E+00
  0.60965000E+01  0.94355704E+00  0.94355704E+00  0.94355704E+00  0.00000000E+00  0.00000000E+00  0.00000000E+00
  0.61332000E+01  0.93929845E+00  0.93929845E+00  0.93929845E+00  0.00000000E+00  0.00000000E+00  0.00000000E+00
  0.61700000E+01  0.93143583E+00  0.93143583E+00  0.93143583E+00  0.00000000E+00  0.00000000E+00  0.00000000E+00
  0.62067000E+01  0.91967908E+00  0.91967908E+00  0.91967908E+00  0.00000000E+00  0.00000000E+00  0.00000000E+00
  0.62434000E+01  0.90461160E+00  0.90461160E+00  0.90461160E+00  0.00000000E+00  0.00000000E+00  0.00000000E+00
  0.62801000E+01  0.88737917E+00  0.88737917E+00  0.88737917E+00  0.00000000E+00  0.00000000E+00  0.00000000E+00
  0.63169000E+01  0.86946130E+00  0.86946130E+00  0.86946130E+00  0.00000000E+00  0.00000000E+00  0.00000000E+00
  0.63536000E+01  0.85242610E+00  0.85242610E+00  0.85242610E+00  0.00000000E+00  0.00000000E+00  0.00000000E+00
  0.63903000E+01  0.83747469E+00  0.83747469E+00  0.83747469E+00  0.00000000E+00  0.00000000E+00  0.00000000E+00
  0.64270000E+01  0.82536787E+00  0.82536787E+00  0.82536787E+00  0.00000000E+00  0.00000000E+00  0.00000000E+00
  0.64638000E+01  0.81638750E+00  0.81638750E+00  0.81638750E+00  0.00000000E+00  0.00000000E+00  0.00000000E+00
  0.65005000E+01  0.81029017E+00  0.81029017E+00  0.81029017E+00  0.00000000E+00  0.00000000E+00  0.00000000E+00
  0.65372000E+01  0.80643727E+00  0.80643727E+00  0.80643727E+00  0.00000000E+00  0.00000000E+00  0.00000000E+00
  0.65739000E+01  0.80381876E+00  0.80381876E+00  0.80381876E+00  0.00000000E+00  0.00000000E+00  0.00000000E+00
  0.66107000E+01  0.80132491E+00  0.80132491E+00  0.80132491E+00  0.00000000E+00  0.00000000E+00  0.00000000E+00
  0.66474000E+01  0.79784782E+00  0.79784782E+00  0.79784782E+00  0.00000000E+00  0.00000000E+00  0.00000000E+00
  0.66841000E+01  0.79256205E+00  0.79256205E+00  0.79256205E+00  0.00000000E+00  0.00000000E+00  0.00000000E+00
  0.67208000E+01  0.78519526E+00  0.78519526E+00  0.78519526E+00  0.00000000E+00  0.00000000E+00  0.00000000E+00
  0.67576000E+01  0.77582632E+00  0.77582632E+00  0.77582632E+00  0.00000000E+00  0.00000000E+00  0.00000000E+00
  0.67943000E+01  0.76527122E+00  0.76527122E+00  0.76527122E+00  0.00000000E+00  0.00000000E+00  0.00000000E+00
  0.68310000E+01  0.75460456E+00  0.75460456E+00  0.75460456E+00  0.00000000E+00  0.00000000E+00  0.00000000E+00
  0.68678000E+01  0.74512713E+00  0.74512713E+00  0.74512713E+00  0.00000000E+00  0.00000000E+00  0.00000000E+00
  0.69045000E+01  0.73790003E+00  0.73790003E+00  0.73790003E+00  0.00000000E+00  0.00000000E+00  0.00000000E+00
  0.69412000E+01  0.73346023E+00  0.73346023E+00  0.73346023E+00  0.00000000E+00  0.00000000E+00  0.00000000E+00
  0.69779000E+01  0.73170025E+00  0.73170025E+00  0.73170025E+00  0.00000000E+00  0.00000000E+00  0.00000000E+00
  0.70147000E+01  0.73168289E+00  0.73168289E+00  0.73168289E+00  0.00000000E+00  0.00000000E+00  0.00000000E+00
  0.70514000E+01  0.73206981E+00  0.73206981E+00  0.73206981E+00  0.00000000E+00  0.00000000E+00  0.00000000E+00
  0.70881000E+01  0.73131855E+00  0.73131855E+00  0.73131855E+00  0.00000000E+00  0.00000000E+00  0.00000000E+00
  0.71248000E+01  0.72811077E+00  0.72811077E+00  0.72811077E+00  0.00000000E+00  0.00000000E+00  0.00000000E+00
  0.71616000E+01  0.72186658E+00  0.72186658E+00  0.72186658E+00  0.00000000E+00  0.00000000E+00  0.00000000E+00
  0.71983000E+01  0.71280417E+00  0.71280417E+00  0.71280417E+00  0.00000000E+00  0.00000000E+00  0.00000000E+00
  0.72350000E+01  0.70178723E+00  0.70178723E+00  0.70178723E+00  0.00000000E+00  0.00000000E+00  0.00000000E+00
  0.72717000E+01  0.69019303E+00  0.69019303E+00  0.69019303E+00  0.00000000E+00  0.00000000E+00  0.00000000E+00
  0.73085000E+01  0.67935637E+00  0.67935637E+00  0.67935637E+00  0.00000000E+00  0.00000000E+00  0.00000000E+00
  0.73452000E+01  0.67028913E+00  0.67028913E+00  0.67028913E+00  0.00000000E+00  0.00000000E+00  0.00000000E+00
  0.73819000E+01  0.66364716E+00  0.66364716E+00  0.66364716E+00  0.00000000E+00  0.00000000E+00  0.00000000E+00
  0.74186000E+01  0.65975077E+00  0.65975077E+00  0.65975077E+00  0.00000000E+00  0.00000000E+00  0.00000000E+00
  0.74554000E+01  0.65862619E+00  0.65862619E+00  0.65862619E+00  0.00000000E+00  0.00000000E+00  0.00000000E+00
  0.74921000E+01  0.66012183E+00  0.66012183E+00  0.66012183E+00  0.00000000E+00  0.00000000E+00  0.00000000E+00
  0.75288000E+01  0.66392614E+00  0.66392614E+00  0.66392614E+00  0.00000000E+00  0.00000000E+00  0.00000000E+00
  0.75655000E+01  0.66948952E+00  0.66948952E+00  0.66948952E+00  0.00000000E+00  0.00000000E+00  0.00000000E+00
  0.76023000E+01  0.67585855E+00  0.67585855E+00  0.67585855E+00  0.00000000E+00  0.00000000E+00  0.00000000E+00
  0.76390000E+01  0.68207357E+00  0.68207357E+00  0.68207357E+00  0.00000000E+00  0.00000000E+00  0.00000000E+00
  0.76757000E+01  0.68712896E+00  0.68712896E+00  0.68712896E+00  0.00000000E+00  0.00000000E+00  0.00000000E+00
  0.77124000E+01  0.69026934E+00  0.69026934E+00  0.69026934E+00  0.00000000E+00  0.00000000E+00  0.00000000E+00
  0.77492000E+01  0.69125838E+00  0.69125838E+00  0.69125838E+00  0.00000000E+00  0.00000000E+00  0.00000000E+00
  0.77859000E+01  0.69025082E+00  0.69025082E+00  0.69025082E+00  0.00000000E+00  0.00000000E+00  0.00000000E+00
  0.78226000E+01  0.68785022E+00  0.68785022E+00  0.68785022E+00  0.00000000E+00  0.00000000E+00  0.00000000E+00
  0.78594000E+01  0.68483513E+00  0.68483513E+00  0.68483513E+00  0.00000000E+00  0.00000000E+00  0.00000000E+00
  0.78961000E+01  0.68194877E+00  0.68194877E+00  0.68194877E+00  0.00000000E+00  0.00000000E+00  0.00000000E+00
  0.79328000E+01  0.67984702E+00  0.67984702E+00  0.67984702E+00  0.00000000E+00  0.00000000E+00  0.00000000E+00
  0.79695000E+01  0.67879528E+00  0.67879528E+00  0.67879528E+00  0.00000000E+00  0.00000000E+00  0.00000000E+00
  0.80063000E+01  0.67891246E+00  0.67891246E+00  0.67891246E+00  0.00000000E+00  0.00000000E+00  0.00000000E+00
  0.80430000E+01  0.67997342E+00  0.67997342E+00  0.67997342E+00  0.00000000E+00  0.00000000E+00  0.00000000E+00
  0.80797000E+01  0.68168601E+00  0.68168601E+00  0.68168601E+00  0.00000000E+00  0.00000000E+00  0.00000000E+00
  0.81164000E+01  0.68365184E+00  0.68365184E+00  0.68365184E+00  0.00000000E+00  0.00000000E+00  0.00000000E+00
  0.81532000E+01  0.68550580E+00  0.68550580E+00  0.68550580E+00  0.00000000E+00  0.00000000E+00  0.00000000E+00
  0.81899000E+01  0.68687100E+00  0.68687100E+00  0.68687100E+00  0.00000000E+00  0.00000000E+00  0.00000000E+00
  0.82266000E+01  0.68766834E+00  0.68766834E+00  0.68766834E+00  0.00000000E+00  0.00000000E+00  0.00000000E+00
  0.82633000E+01  0.68785771E+00  0.68785771E+00  0.68785771E+00  0.00000000E+00  0.00000000E+00  0.00000000E+00
  0.83001000E+01  0.68762490E+00  0.68762490E+00  0.68762490E+00  0.00000000E+00  0.00000000E+00  0.00000000E+00
  0.83368000E+01  0.68725458E+00  0.68725458E+00  0.68725458E+00  0.00000000E+00  0.00000000E+00  0.00000000E+00
  0.83735000E+01  0.68705978E+00  0.68705978E+00  0.68705978E+00  0.00000000E+00  0.00000000E+00  0.00000000E+00
  0.84102000E+01  0.68726690E+00  0.68726690E+00  0.68726690E+00  0.00000000E+00  0.00000000E+00  0.00000000E+00
  0.84470000E+01  0.68803052E+00  0.68803052E+00  0.68803052E+00  0.00000000E+00  0.00000000E+00  0.00000000E+00
  0.84837000E+01  0.68944828E+00  0.68944828E+00  0.68944828E+00  0.00000000E+00  0.00000000E+00  0.00000000E+00
  0.85204000E+01  0.69136153E+00  0.69136153E+00  0.69136153E+00  0.00000000E+00  0.00000000E+00  0.00000000E+00
  0.85571000E+01  0.69355854E+00  0.69355854E+00  0.69355854E+00  0.00000000E+00  0.00000000E+00  0.00000000E+00
  0.85939000E+01  0.69570168E+00  0.69570168E+00  0.69570168E+00  0.00000000E+00  0.00000000E+00  0.00000000E+00
  0.86306000E+01  0.69743898E+00  0.69743898E+00  0.69743898E+00  0.00000000E+00  0.00000000E+00  0.00000000E+00
  0.86673000E+01  0.69841572E+00  0.69841572E+00  0.69841572E+00  0.00000000E+00  0.00000000E+00  0.00000000E+00
  0.87041000E+01  0.69835655E+00  0.69835655E+00  0.69835655E+00  0.00000000E+00  0.00000000E+00  0.00000000E+00
  0.87408000E+01  0.69707922E+00  0.69707922E+00  0.69707922E+00  0.00000000E+00  0.00000000E+00  0.00000000E+00
  0.87775000E+01  0.69445279E+00  0.69445279E+00  0.69445279E+00  0.00000000E+00  0.00000000E+00  0.00000000E+00
  0.88142000E+01  0.69041416E+00  0.69041416E+00  0.69041416E+00  0.00000000E+00  0.00000000E+00  0.00000000E+00
  0.88510000E+01  0.68507594E+00  0.68507594E+00  0.68507594E+00  0.00000000E+00  0.00000000E+00  0.00000000E+00
  0.88877000E+01  0.67880858E+00  0.67880858E+00  0.67880858E+00  0.00000000E+00  0.00000000E+00  0.00000000E+00
  0.89244000E+01  0.67208536E+00  0.67208536E+00  0.67208536E+00  0.00000000E+00  0.00000000E+00  0.00000000E+00
  0.89611000E+01  0.66551015E+00  0.66551015E+00  0.66551015E+00  0.00000000E+00  0.00000000E+00  0.00000000E+00
  0.89979000E+01  0.65955832E+00  0.65955832E+00  0.65955832E+00  0.00000000E+00  0.00000000E+00  0.00000000E+00
  0.90346000E+01  0.65455120E+00  0.65455120E+00  0.65455120E+00  0.00000000E+00  0.00000000E+00  0.00000000E+00
  0.90713000E+01  0.65046216E+00  0.65046216E+00  0.65046216E+00  0.00000000E+00  0.00000000E+00  0.00000000E+00
  0.91080000E+01  0.64709829E+00  0.64709829E+00  0.64709829E+00  0.00000000E+00  0.00000000E+00  0.00000000E+00
  0.91448000E+01  0.64425287E+00  0.64425287E+00  0.64425287E+00  0.00000000E+00  0.00000000E+00  0.00000000E+00
  0.91815000E+01  0.64194599E+00  0.64194599E+00  0.64194599E+00  0.00000000E+00  0.00000000E+00  0.00000000E+00
  0.92182000E+01  0.64049089E+00  0.64049089E+00  0.64049089E+00  0.00000000E+00  0.00000000E+00  0.00000000E+00
  0.92549000E+01  0.64018669E+00  0.64018669E+00  0.64018669E+00  0.00000000E+00  0.00000000E+00  0.00000000E+00
  0.92917000E+01  0.64132163E+00  0.64132163E+00  0.64132163E+00  0.00000000E+00  0.00000000E+00  0.00000000E+00
  0.93284000E+01  0.64382092E+00  0.64382092E+00  0.64382092E+00  0.00000000E+00  0.00000000E+00  0.00000000E+00
  0.93651000E+01  0.64726492E+00  0.64726492E+00  0.64726492E+00  0.00000000E+00  0.00000000E+00  0.00000000E+00
  0.94018000E+01  0.65089085E+00  0.65089085E+00  0.65089085E+00  0.00000000E+00  0.00000000E+00  0.00000000E+00
  0.94386000E+01  0.65399881E+00  0.65399881E+00  0.65399881E+00  0.00000000E+00  0.00000000E+00  0.00000000E+00
  0.94753000E+01  0.65612703E+00  0.65612703E+00  0.65612703E+00  0.00000000E+00  0.00000000E+00  0.00000000E+00
  0.95120000E+01  0.65711863E+00  0.65711863E+00  0.65711863E+00  0.00000000E+00  0.00000000E+00  0.00000000E+00
  0.95487000E+01  0.65730285E+00  0.65730285E+00  0.65730285E+00  0.00000000E+00  0.00000000E+00  0.00000000E+00
  0.95855000E+01  0.65704778E+00  0.65704778E+00  0.65704778E+00  0.00000000E+00  0.00000000E+00  0.00000000E+00
  0.96222000E+01  0.65680589E+00  0.65680589E+00  0.65680589E+00  0.00000000E+00  0.00000000E+00  0.00000000E+00
  0.96589000E+01  0.65692244E+00  0.65692244E+00  0.65692244E+00  0.00000000E+00  0.00000000E+00  0.00000000E+00
  0.96957000E+01  0.65752348E+00  0.65752348E+00  0.65752348E+00  0.00000000E+00  0.00000000E+00  0.00000000E+00
  0.97324000E+01  0.65855946E+00  0.65855946E+00  0.65855946E+00  0.00000000E+00  0.00000000E+00  0.00000000E+00
  0.97691000E+01  0.65982147E+00  0.65982147E+00  0.65982147E+00  0.00000000E+00  0.00000000E+00  0.00000000E+00
  0.98058000E+01  0.66113379E+00  0.66113379E+00  0.66113379E+00  0.00000000E+00  0.00000000E+00  0.00000000E+00
  0.98426000E+01  0.66214809E+00  0.66214809E+00  0.66214809E+00  0.00000000E+00  0.00000000E+00  0.00000000E+00
  0.98793000E+01  0.66263513E+00  0.66263513E+00  0.66263513E+00  0.00000000E+00  0.00000000E+00  0.00000000E+00
  0.99160000E+01  0.66248167E+00  0.66248167E+00  0.66248167E+00  0.00000000E+00  0.00000000E+00  0.00000000E+00
  0.99527000E+01  0.66181071E+00  0.66181071E+00  0.66181071E+00  0.00000000E+00  0.00000000E+00  0.00000000E+00
  0.99895000E+01  0.66093448E+00  0.66093448E+00  0.66093448E+00  0.00000000E+00  0.00000000E+00  0.00000000E+00
  0.10026200E+02  0.66045777E+00  0.66045777E+00  0.66045777E+00  0.00000000E+00  0.00000000E+00  0.00000000E+00
  0.10062900E+02  0.66108064E+00  0.66108064E+00  0.66108064E+00  0.00000000E+00  0.00000000E+00  0.00000000E+00
  0.10099600E+02  0.66327133E+00  0.66327133E+00  0.66327133E+00  0.00000000E+00  0.00000000E+00  0.00000000E+00
  0.10136400E+02  0.66729889E+00  0.66729889E+00  0.66729889E+00  0.00000000E+00  0.00000000E+00  0.00000000E+00
  0.10173100E+02  0.67299568E+00  0.67299568E+00  0.67299568E+00  0.00000000E+00  0.00000000E+00  0.00000000E+00
  0.10209800E+02  0.67986294E+00  0.67986294E+00  0.67986294E+00  0.00000000E+00  0.00000000E+00  0.00000000E+00
  0.10246500E+02  0.68714937E+00  0.68714937E+00  0.68714937E+00  0.00000000E+00  0.00000000E+00  0.00000000E+00
  0.10283300E+02  0.69396038E+00  0.69396038E+00  0.69396038E+00  0.00000000E+00  0.00000000E+00  0.00000000E+00
  0.10320000E+02  0.69958742E+00  0.69958742E+00  0.69958742E+00  0.00000000E+00  0.00000000E+00  0.00000000E+00
  0.10356700E+02  0.70347612E+00  0.70347612E+00  0.70347612E+00  0.00000000E+00  0.00000000E+00  0.00000000E+00
  0.10393400E+02  0.70539445E+00  0.70539445E+00  0.70539445E+00  0.00000000E+00  0.00000000E+00  0.00000000E+00
  0.10430200E+02  0.70548589E+00  0.70548589E+00  0.70548589E+00  0.00000000E+00  0.00000000E+00  0.00000000E+00
  0.10466900E+02  0.70399290E+00  0.70399290E+00  0.70399290E+00  0.00000000E+00  0.00000000E+00  0.00000000E+00
  0.10503600E+02  0.70128522E+00  0.70128522E+00  0.70128522E+00  0.00000000E+00  0.00000000E+00  0.00000000E+00
  0.10540300E+02  0.69761073E+00  0.69761073E+00  0.69761073E+00  0.00000000E+00  0.00000000E+00  0.00000000E+00
  0.10577100E+02  0.69311776E+00  0.69311776E+00  0.69311776E+00  0.00000000E+00  0.00000000E+00  0.00000000E+00
  0.10613800E+02  0.68775010E+00  0.68775010E+00  0.68775010E+00  0.00000000E+00  0.00000000E+00  0.00000000E+00
  0.10650500E+02  0.68149346E+00  0.68149346E+00  0.68149346E+00  0.00000000E+00  0.00000000E+00  0.00000000E+00
  0.10687300E+02  0.67441213E+00  0.67441213E+00  0.67441213E+00  0.00000000E+00  0.00000000E+00  0.00000000E+00
  0.10724000E+02  0.66668410E+00  0.66668410E+00  0.66668410E+00  0.00000000E+00  0.00000000E+00  0.00000000E+00
  0.10760700E+02  0.65864004E+00  0.65864004E+00  0.65864004E+00  0.00000000E+00  0.00000000E+00  0.00000000E+00
  0.10797400E+02  0.65068369E+00  0.65068369E+00  0.65068369E+00  0.00000000E+00  0.00000000E+00  0.00000000E+00
  0.10834200E+02  0.64328832E+00  0.64328832E+00  0.64328832E+00  0.00000000E+00  0.00000000E+00  0.00000000E+00
  0.10870900E+02  0.63675720E+00  0.63675720E+00  0.63675720E+00  0.00000000E+00  0.00000000E+00  0.00000000E+00
  0.10907600E+02  0.63150933E+00  0.63150933E+00  0.63150933E+00  0.00000000E+00  0.00000000E+00  0.00000000E+00
  0.10944300E+02  0.62778136E+00  0.62778136E+00  0.62778136E+00  0.00000000E+00  0.00000000E+00  0.00000000E+00
  0.10981100E+02  0.62571694E+00  0.62571694E+00  0.62571694E+00  0.00000000E+00  0.00000000E+00  0.00000000E+00
  0.11017800E+02  0.62530910E+00  0.62530910E+00  0.62530910E+00  0.00000000E+00  0.00000000E+00  0.00000000E+00
