  #energy          xx             yy              zz              xy              yz              zx
  0.00000000E+00  0.13551203E+00  0.13551203E+00  0.13551203E+00  0.10000000E+01  0.10000000E+01  0.10000000E+01
  0.36700000E-01  0.13551883E+00  0.13551883E+00  0.13551883E+00  0.10000000E+01  0.10000000E+01  0.10000000E+01
  0.73500000E-01  0.13553922E+00  0.13553922E+00  0.13553922E+00  0.10000000E+01  0.10000000E+01  0.10000000E+01
  0.11020000E+00  0.13557319E+00  0.13557319E+00  0.13557319E+00  0.10000000E+01  0.10000000E+01  0.10000000E+01
  0.14690000E+00  0.13562415E+00  0.13562415E+00  0.13562415E+00  0.10000000E+01  0.10000000E+01  0.10000000E+01
  0.18360000E+00  0.13568528E+00  0.13568528E+00  0.13568528E+00  0.10000000E+01  0.10000000E+01  0.10000000E+01
  0.22040000E+00  0.13576337E+00  0.13576337E+00  0.13576337E+00  0.10000000E+01  0.10000000E+01  0.10000000E+01
  0.25710000E+00  0.13585503E+00  0.13585503E+00  0.13585503E+00  0.10000000E+01  0.10000000E+01  0.10000000E+01
  0.29380000E+00  0.13596021E+00  0.13596021E+00  0.13596021E+00  0.10000000E+01  0.10000000E+01  0.10000000E+01
  0.33050000E+00  0.13607893E+00  0.13607893E+00  0.13607893E+00  0.10000000E+01  0.10000000E+01  0.10000000E+01
  0.36730000E+00  0.13621454E+00  0.13621454E+00  0.13621454E+00  0.10000000E+01  0.10000000E+01  0.10000000E+01
  0.40400000E+00  0.13636025E+00  0.13636025E+00  0.13636025E+00  0.10000000E+01  0.10000000E+01  0.10000000E+01
  0.44070000E+00  0.13652618E+00  0.13652618E+00  0.13652618E+00  0.10000000E+01  0.10000000E+01  0.10000000E+01
  0.47740000E+00  0.13670217E+00  0.13670217E+00  0.13670217E+00  0.10000000E+01  0.10000000E+01  0.10000000E+01
  0.51420000E+00  0.13689494E+00  0.13689494E+00  0.13689494E+00  0.10000000E+01  0.10000000E+01  0.10000000E+01
  0.55090000E+00  0.13710448E+00  0.13710448E+00  0.13710448E+00  0.10000000E+01  0.10000000E+01  0.10000000E+01
  0.58760000E+00  0.13732734E+00  0.13732734E+00  0.13732734E+00  0.10000000E+01  0.10000000E+01  0.10000000E+01
  0.62430000E+00  0.13756689E+00  0.13756689E+00  0.13756689E+00  0.10000000E+01  0.10000000E+01  0.10000000E+01
  0.66110000E+00  0.13782307E+00  0.13782307E+00  0.13782307E+00  0.10000000E+01  0.10000000E+01  0.10000000E+01
  0.69780000E+00  0.13809585E+00  0.13809585E+00  0.13809585E+00  0.10000000E+01  0.10000000E+01  0.10000000E+01
  0.73450000E+00  0.13838181E+00  0.13838181E+00  0.13838181E+00  0.10000000E+01  0.10000000E+01  0.10000000E+01
  0.77120000E+00  0.13868761E+00  0.13868761E+00  0.13868761E+00  0.10000000E+01  0.10000000E+01  0.10000000E+01
  0.80800000E+00  0.13900982E+00  0.13900982E+00  0.13900982E+00  0.10000000E+01  0.10000000E+01  0.10000000E+01
  0.84470000E+00  0.13934842E+00  0.13934842E+00  0.13934842E+00  0.10000000E+01  0.10000000E+01  0.10000000E+01
  0.88140000E+00  0.13970332E+00  0.13970332E+00  0.13970332E+00  0.10000000E+01  0.10000000E+01  0.10000000E+01
  0.91810000E+00  0.14007778E+00  0.14007778E+00  0.14007778E+00  0.10000000E+01  0.10000000E+01  0.10000000E+01
  0.95490000E+00  0.14047176E+00  0.14047176E+00  0.14047176E+00  0.10000000E+01  0.10000000E+01  0.10000000E+01
  0.99160000E+00  0.14088512E+00  0.14088512E+00  0.14088512E+00  0.10000000E+01  0.10000000E+01  0.10000000E+01
  0.10283000E+01  0.14131783E+00  0.14131783E+00  0.14131783E+00  0.10000000E+01  0.10000000E+01  0.10000000E+01
  0.10651000E+01  0.14176975E+00  0.14176975E+00  0.14176975E+00  0.10000000E+01  0.10000000E+01  0.10000000E+01
  0.11018000E+01  0.14224081E+00  0.14224081E+00  0.14224081E+00  0.10000000E+01  0.10000000E+01  0.10000000E+01
  0.11385000E+01  0.14273422E+00  0.14273422E+00  0.14273422E+00  0.10000000E+01  0.10000000E+01  0.10000000E+01
  0.11752000E+01  0.14324980E+00  0.14324980E+00  0.14324980E+00  0.10000000E+01  0.10000000E+01  0.10000000E+01
  0.12120000E+01  0.14378748E+00  0.14378748E+00  0.14378748E+00  0.10000000E+01  0.10000000E+01  0.10000000E+01
  0.12487000E+01  0.14434706E+00  0.14434706E+00  0.14434706E+00  0.10000000E+01  0.10000000E+01  0.10000000E+01
  0.12854000E+01  0.14493172E+00  0.14493172E+00  0.14493172E+00  0.10000000E+01  0.10000000E+01  0.10000000E+01
  0.13221000E+01  0.14554136E+00  0.14554136E+00  0.14554136E+00  0.10000000E+01  0.10000000E+01  0.10000000E+01
  0.13589000E+01  0.14617893E+00  0.14617893E+00  0.14617893E+00  0.10000000E+01  0.10000000E+01  0.10000000E+01
  0.13956000E+01  0.14683780E+00  0.14683780E+00  0.14683780E+00  0.10000000E+01  0.10000000E+01  0.10000000E+01
  0.14323000E+01  0.14752753E+00  0.14752753E+00  0.14752753E+00  0.10000000E+01  0.10000000E+01  0.10000000E+01
  0.14690000E+01  0.14824462E+00  0.14824462E+00  0.14824462E+00  0.10000000E+01  0.10000000E+01  0.10000000E+01
  0.15058000E+01  0.14899214E+00  0.14899214E+00  0.14899214E+00  0.10000000E+01  0.10000000E+01  0.10000000E+01
  0.15425000E+01  0.14976975E+00  0.14976975E+00  0.14976975E+00  0.10000000E+01  0.10000000E+01  0.10000000E+01
  0.15792000E+01  0.15058039E+00  0.15058039E+00  0.15058039E+00  0.10000000E+01  0.10000000E+01  0.10000000E+01
  0.16159000E+01  0.15142380E+00  0.15142380E+00  0.15142380E+00  0.10000000E+01  0.10000000E+01  0.10000000E+01
  0.16527000E+01  0.15230275E+00  0.15230275E+00  0.15230275E+00  0.10000000E+01  0.10000000E+01  0.10000000E+01
  0.16894000E+01  0.15322022E+00  0.15322022E+00  0.15322022E+00  0.10000000E+01  0.10000000E+01  0.10000000E+01
  0.17261000E+01  0.15417570E+00  0.15417570E+00  0.15417570E+00  0.10000000E+01  0.10000000E+01  0.10000000E+01
  0.17628000E+01  0.15517181E+00  0.15517181E+00  0.15517181E+00  0.10000000E+01  0.10000000E+01  0.10000000E+01
  0.17996000E+01  0.15620834E+00  0.15620834E+00  0.15620834E+00  0.10000000E+01  0.10000000E+01  0.10000000E+01
  0.18363000E+01  0.15729395E+00  0.15729395E+00  0.15729395E+00  0.10000000E+01  0.10000000E+01  0.10000000E+01
  0.18730000E+01  0.15842499E+00  0.15842499E+00  0.15842499E+00  0.10000000E+01  0.10000000E+01  0.10000000E+01
  0.19097000E+01  0.15960703E+00  0.15960703E+00  0.15960703E+00  0.10000000E+01  0.10000000E+01  0.10000000E+01
  0.19465000E+01  0.16084250E+00  0.16084250E+00  0.16084250E+00  0.10000000E+01  0.10000000E+01  0.10000000E+01
  0.19832000E+01  0.16213674E+00  0.16213674E+00  0.16213674E+00  0.10000000E+01  0.10000000E+01  0.10000000E+01
  0.20199000E+01  0.16348881E+00  0.16348881E+00  0.16348881E+00  0.10000000E+01  0.10000000E+01  0.10000000E+01
  0.20567000E+01  0.16490393E+00  0.16490393E+00  0.16490393E+00  0.10000000E+01  0.10000000E+01  0.10000000E+01
  0.20934000E+01  0.16639001E+00  0.16639001E+00  0.16639001E+00  0.10000000E+01  0.10000000E+01  0.10000000E+01
  0.21301000E+01  0.16794876E+00  0.16794876E+00  0.16794876E+00  0.10000000E+01  0.10000000E+01  0.10000000E+01
  0.21668000E+01  0.16958766E+00  0.16958766E+00  0.16958766E+00  0.10000000E+01  0.10000000E+01  0.10000000E+01
  0.22036000E+01  0.17131991E+00  0.17131991E+00  0.17131991E+00  0.10000000E+01  0.10000000E+01  0.10000000E+01
  0.22403000E+01  0.17315212E+00  0.17315212E+00  0.17315212E+00  0.10000000E+01  0.10000000E+01  0.10000000E+01
  0.22770000E+01  0.17510252E+00  0.17510252E+00  0.17510252E+00  0.10000000E+01  0.10000000E+01  0.10000000E+01
  0.23137000E+01  0.17718847E+00  0.17718847E+00  0.17718847E+00  0.10000000E+01  0.10000000E+01  0.10000000E+01
  0.23505000E+01  0.17944116E+00  0.17944116E+00  0.17944116E+00  0.10000000E+01  0.10000000E+01  0.10000000E+01
  0.23872000E+01  0.18188553E+00  0.18188553E+00  0.18188553E+00  0.10000000E+01  0.10000000E+01  0.10000000E+01
  0.24239000E+01  0.18455084E+00  0.18455084E+00  0.18455084E+00  0.10000000E+01  0.10000000E+01  0.10000000E+01
  0.24606000E+01  0.18747485E+00  0.18747485E+00  0.18747485E+00  0.10000000E+01  0.10000000E+01  0.10000000E+01
  0.24974000E+01  0.19067288E+00  0.19067288E+00  0.19067288E+00  0.10000000E+01  0.10000000E+01  0.10000000E+01
  0.25341000E+01  0.19415919E+00  0.19415919E+00  0.19415919E+00  0.10000000E+01  0.10000000E+01  0.10000000E+01
  0.25708000E+01  0.19792455E+00  0.19792455E+00  0.19792455E+00  0.10000000E+01  0.10000000E+01  0.10000000E+01
  0.26075000E+01  0.20192950E+00  0.20192950E+00  0.20192950E+00  0.10000000E+01  0.10000000E+01  0.10000000E+01
  0.26443000E+01  0.20611973E+00  0.20611973E+00  0.20611973E+00  0.10000000E+01  0.10000000E+01  0.10000000E+01
  0.26810000E+01  0.21041996E+00  0.21041996E+00  0.21041996E+00  0.10000000E+01  0.10000000E+01  0.10000000E+01
  0.27177000E+01  0.21474182E+00  0.21474182E+00  0.21474182E+00  0.10000000E+01  0.10000000E+01  0.10000000E+01
  0.27544000E+01  0.21900204E+00  0.21900204E+00  0.21900204E+00  0.10000000E+01  0.10000000E+01  0.10000000E+01
  0.27912000E+01  0.22311823E+00  0.22311823E+00  0.22311823E+00  0.10000000E+01  0.10000000E+01  0.10000000E+01
  0.28279000E+01  0.22702773E+00  0.22702773E+00  0.22702773E+00  0.10000000E+01  0.10000000E+01  0.10000000E+01
  0.28646000E+01  0.23067749E+00  0.23067749E+00  0.23067749E+00  0.10000000E+01  0.10000000E+01  0.10000000E+01
  0.29014000E+01  0.23402350E+00  0.23402350E+00  0.23402350E+00  0.10000000E+01  0.10000000E+01  0.10000000E+01
  0.29381000E+01  0.23703808E+00  0.23703808E+00  0.23703808E+00  0.10000000E+01  0.10000000E+01  0.10000000E+01
  0.29748000E+01  0.23969193E+00  0.23969193E+00  0.23969193E+00  0.10000000E+01  0.10000000E+01  0.10000000E+01
  0.30115000E+01  0.24196263E+00  0.24196263E+00  0.24196263E+00  0.10000000E+01  0.10000000E+01  0.10000000E+01
  0.30483000E+01  0.24383285E+00  0.24383285E+00  0.24383285E+00  0.10000000E+01  0.10000000E+01  0.10000000E+01
  0.30850000E+01  0.24527791E+00  0.24527791E+00  0.24527791E+00  0.10000000E+01  0.10000000E+01  0.10000000E+01
  0.31217000E+01  0.24628766E+00  0.24628766E+00  0.24628766E+00  0.10000000E+01  0.10000000E+01  0.10000000E+01
  0.31584000E+01  0.24684739E+00  0.24684739E+00  0.24684739E+00  0.10000000E+01  0.10000000E+01  0.10000000E+01
  0.31952000E+01  0.24697633E+00  0.24697633E+00  0.24697633E+00  0.10000000E+01  0.10000000E+01  0.10000000E+01
  0.32319000E+01  0.24671782E+00  0.24671782E+00  0.24671782E+00  0.10000000E+01  0.10000000E+01  0.10000000E+01
  0.32686000E+01  0.24618759E+00  0.24618759E+00  0.24618759E+00  0.10000000E+01  0.10000000E+01  0.10000000E+01
  0.33053000E+01  0.24557258E+00  0.24557258E+00  0.24557258E+00  0.10000000E+01  0.10000000E+01  0.10000000E+01
  0.33421000E+01  0.24513951E+00  0.24513951E+00  0.24513951E+00  0.10000000E+01  0.10000000E+01  0.10000000E+01
  0.33788000E+01  0.24519135E+00  0.24519135E+00  0.24519135E+00  0.10000000E+01  0.10000000E+01  0.10000000E+01
  0.34155000E+01  0.24599877E+00  0.24599877E+00  0.24599877E+00  0.10000000E+01  0.10000000E+01  0.10000000E+01
  0.34522000E+01  0.24771408E+00  0.24771408E+00  0.24771408E+00  0.10000000E+01  0.10000000E+01  0.10000000E+01
  0.34890000E+01  0.25032393E+00  0.25032393E+00  0.25032393E+00  0.10000000E+01  0.10000000E+01  0.10000000E+01
  0.35257000E+01  0.25364340E+00  0.25364340E+00  0.25364340E+00  0.10000000E+01  0.10000000E+01  0.10000000E+01
  0.35624000E+01  0.25738008E+00  0.25738008E+00  0.25738008E+00  0.10000000E+01  0.10000000E+01  0.10000000E+01
  0.35991000E+01  0.26119935E+00  0.26119935E+00  0.26119935E+00  0.10000000E+01  0.10000000E+01  0.10000000E+01
  0.36359000E+01  0.26477851E+00  0.26477851E+00  0.26477851E+00  0.10000000E+01  0.10000000E+01  0.10000000E+01
  0.36726000E+01  0.26785924E+00  0.26785924E+00  0.26785924E+00  0.10000000E+01  0.10000000E+01  0.10000000E+01
  0.37093000E+01  0.27024739E+00  0.27024739E+00  0.27024739E+00  0.10000000E+01  0.10000000E+01  0.10000000E+01
  0.37460000E+01  0.27181656E+00  0.27181656E+00  0.27181656E+00  0.10000000E+01  0.10000000E+01  0.10000000E+01
  0.37828000E+01  0.27250420E+00  0.27250420E+00  0.27250420E+00  0.10000000E+01  0.10000000E+01  0.10000000E+01
  0.38195000E+01  0.27229963E+00  0.27229963E+00  0.27229963E+00  0.10000000E+01  0.10000000E+01  0.10000000E+01
  0.38562000E+01  0.27125115E+00  0.27125115E+00  0.27125115E+00  0.10000000E+01  0.10000000E+01  0.10000000E+01
  0.38930000E+01  0.26947795E+00  0.26947795E+00  0.26947795E+00  0.10000000E+01  0.10000000E+01  0.10000000E+01
  0.39297000E+01  0.26715790E+00  0.26715790E+00  0.26715790E+00  0.10000000E+01  0.10000000E+01  0.10000000E+01
  0.39664000E+01  0.26454043E+00  0.26454043E+00  0.26454043E+00  0.10000000E+01  0.10000000E+01  0.10000000E+01
  0.40031000E+01  0.26188587E+00  0.26188587E+00  0.26188587E+00  0.10000000E+01  0.10000000E+01  0.10000000E+01
  0.40399000E+01  0.25942823E+00  0.25942823E+00  0.25942823E+00  0.10000000E+01  0.10000000E+01  0.10000000E+01
  0.40766000E+01  0.25730873E+00  0.25730873E+00  0.25730873E+00  0.10000000E+01  0.10000000E+01  0.10000000E+01
  0.41133000E+01  0.25553929E+00  0.25553929E+00  0.25553929E+00  0.10000000E+01  0.10000000E+01  0.10000000E+01
  0.41500000E+01  0.25403051E+00  0.25403051E+00  0.25403051E+00  0.10000000E+01  0.10000000E+01  0.10000000E+01
  0.41868000E+01  0.25262278E+00  0.25262278E+00  0.25262278E+00  0.10000000E+01  0.10000000E+01  0.10000000E+01
  0.42235000E+01  0.25117677E+00  0.25117677E+00  0.25117677E+00  0.10000000E+01  0.10000000E+01  0.10000000E+01
  0.42602000E+01  0.24963202E+00  0.24963202E+00  0.24963202E+00  0.10000000E+01  0.10000000E+01  0.10000000E+01
  0.42969000E+01  0.24802312E+00  0.24802312E+00  0.24802312E+00  0.10000000E+01  0.10000000E+01  0.10000000E+01
  0.43337000E+01  0.24646510E+00  0.24646510E+00  0.24646510E+00  0.10000000E+01  0.10000000E+01  0.10000000E+01
  0.43704000E+01  0.24508466E+00  0.24508466E+00  0.24508466E+00  0.10000000E+01  0.10000000E+01  0.10000000E+01
  0.44071000E+01  0.24395418E+00  0.24395418E+00  0.24395418E+00  0.10000000E+01  0.10000000E+01  0.10000000E+01
  0.44438000E+01  0.24302648E+00  0.24302648E+00  0.24302648E+00  0.10000000E+01  0.10000000E+01  0.10000000E+01
  0.44806000E+01  0.24215445E+00  0.24215445E+00  0.24215445E+00  0.10000000E+01  0.10000000E+01  0.10000000E+01
  0.45173000E+01  0.24113021E+00  0.24113021E+00  0.24113021E+00  0.10000000E+01  0.10000000E+01  0.10000000E+01
  0.45540000E+01  0.23972854E+00  0.23972854E+00  0.23972854E+00  0.10000000E+01  0.10000000E+01  0.10000000E+01
  0.45907000E+01  0.23780873E+00  0.23780873E+00  0.23780873E+00  0.10000000E+01  0.10000000E+01  0.10000000E+01
  0.46275000E+01  0.23532513E+00  0.23532513E+00  0.23532513E+00  0.10000000E+01  0.10000000E+01  0.10000000E+01
  0.46642000E+01  0.23235559E+00  0.23235559E+00  0.23235559E+00  0.10000000E+01  0.10000000E+01  0.10000000E+01
  0.47009000E+01  0.22911143E+00  0.22911143E+00  0.22911143E+00  0.10000000E+01  0.10000000E+01  0.10000000E+01
  0.47376000E+01  0.22586767E+00  0.22586767E+00  0.22586767E+00  0.10000000E+01  0.10000000E+01  0.10000000E+01
  0.47744000E+01  0.22295979E+00  0.22295979E+00  0.22295979E+00  0.10000000E+01  0.10000000E+01  0.10000000E+01
  0.48111000E+01  0.22066048E+00  0.22066048E+00  0.22066048E+00  0.10000000E+01  0.10000000E+01  0.10000000E+01
  0.48478000E+01  0.21913804E+00  0.21913804E+00  0.21913804E+00  0.10000000E+01  0.10000000E+01  0.10000000E+01
  0.48846000E+01  0.21840239E+00  0.21840239E+00  0.21840239E+00  0.10000000E+01  0.10000000E+01  0.10000000E+01
  0.49213000E+01  0.21828087E+00  0.21828087E+00  0.21828087E+00  0.10000000E+01  0.10000000E+01  0.10000000E+01
  0.49580000E+01  0.21846387E+00  0.21846387E+00  0.21846387E+00  0.10000000E+01  0.10000000E+01  0.10000000E+01
  0.49947000E+01  0.21857388E+00  0.21857388E+00  0.21857388E+00  0.10000000E+01  0.10000000E+01  0.10000000E+01
  0.50315000E+01  0.21823401E+00  0.21823401E+00  0.21823401E+00  0.10000000E+01  0.10000000E+01  0.10000000E+01
  0.50682000E+01  0.21713886E+00  0.21713886E+00  0.21713886E+00  0.10000000E+01  0.10000000E+01  0.10000000E+01
  0.51049000E+01  0.21513229E+00  0.21513229E+00  0.21513229E+00  0.10000000E+01  0.10000000E+01  0.10000000E+01
  0.51416000E+01  0.21221001E+00  0.21221001E+00  0.21221001E+00  0.10000000E+01  0.10000000E+01  0.10000000E+01
  0.51784000E+01  0.20859017E+00  0.20859017E+00  0.20859017E+00  0.10000000E+01  0.10000000E+01  0.10000000E+01
  0.52151000E+01  0.20462574E+00  0.20462574E+00  0.20462574E+00  0.10000000E+01  0.10000000E+01  0.10000000E+01
  0.52518000E+01  0.20077740E+00  0.20077740E+00  0.20077740E+00  0.10000000E+01  0.10000000E+01  0.10000000E+01
  0.52885000E+01  0.19745752E+00  0.19745752E+00  0.19745752E+00  0.10000000E+01  0.10000000E+01  0.10000000E+01
  0.53253000E+01  0.19491415E+00  0.19491415E+00  0.19491415E+00  0.10000000E+01  0.10000000E+01  0.10000000E+01
  0.53620000E+01  0.19316236E+00  0.19316236E+00  0.19316236E+00  0.10000000E+01  0.10000000E+01  0.10000000E+01
  0.53987000E+01  0.19200164E+00  0.19200164E+00  0.19200164E+00  0.10000000E+01  0.10000000E+01  0.10000000E+01
  0.54354000E+01  0.19109311E+00  0.19109311E+00  0.19109311E+00  0.10000000E+01  0.10000000E+01  0.10000000E+01
  0.54722000E+01  0.19008475E+00  0.19008475E+00  0.19008475E+00  0.10000000E+01  0.10000000E+01  0.10000000E+01
  0.55089000E+01  0.18866543E+00  0.18866543E+00  0.18866543E+00  0.10000000E+01  0.10000000E+01  0.10000000E+01
  0.55456000E+01  0.18669443E+00  0.18669443E+00  0.18669443E+00  0.10000000E+01  0.10000000E+01  0.10000000E+01
  0.55823000E+01  0.18415779E+00  0.18415779E+00  0.18415779E+00  0.10000000E+01  0.10000000E+01  0.10000000E+01
  0.56191000E+01  0.18119276E+00  0.18119276E+00  0.18119276E+00  0.10000000E+01  0.10000000E+01  0.10000000E+01
  0.56558000E+01  0.17801072E+00  0.17801072E+00  0.17801072E+00  0.10000000E+01  0.10000000E+01  0.10000000E+01
  0.56925000E+01  0.17481655E+00  0.17481655E+00  0.17481655E+00  0.10000000E+01  0.10000000E+01  0.10000000E+01
  0.57292000E+01  0.17176436E+00  0.17176436E+00  0.17176436E+00  0.10000000E+01  0.10000000E+01  0.10000000E+01
  0.57660000E+01  0.16894067E+00  0.16894067E+00  0.16894067E+00  0.10000000E+01  0.10000000E+01  0.10000000E+01
  0.58027000E+01  0.16637906E+00  0.16637906E+00  0.16637906E+00  0.10000000E+01  0.10000000E+01  0.10000000E+01
  0.58394000E+01  0.16412335E+00  0.16412335E+00  0.16412335E+00  0.10000000E+01  0.10000000E+01  0.10000000E+01
  0.58762000E+01  0.16222381E+00  0.16222381E+00  0.16222381E+00  0.10000000E+01  0.10000000E+01  0.10000000E+01
  0.59129000E+01  0.16077345E+00  0.16077345E+00  0.16077345E+00  0.10000000E+01  0.10000000E+01  0.10000000E+01
  0.59496000E+01  0.15980520E+00  0.15980520E+00  0.15980520E+00  0.10000000E+01  0.10000000E+01  0.10000000E+01
  0.59863000E+01  0.15928783E+00  0.15928783E+00  0.15928783E+00  0.10000000E+01  0.10000000E+01  0.10000000E+01
  0.60231000E+01  0.15904940E+00  0.15904940E+00  0.15904940E+00  0.10000000E+01  0.10000000E+01  0.10000000E+01
  0.60598000E+01  0.15881984E+00  0.15881984E+00  0.15881984E+00  0.10000000E+01  0.10000000E+01  0.10000000E+01
  0.60965000E+01  0.15827551E+00  0.15827551E+00  0.15827551E+00  0.10000000E+01  0.10000000E+01  0.10000000E+01
  0.61332000E+01  0.15710134E+00  0.15710134E+00  0.15710134E+00  0.10000000E+01  0.10000000E+01  0.10000000E+01
  0.61700000E+01  0.15509003E+00  0.15509003E+00  0.15509003E+00  0.10000000E+01  0.10000000E+01  0.10000000E+01
  0.62067000E+01  0.15217679E+00  0.15217679E+00  0.15217679E+00  0.10000000E+01  0.10000000E+01  0.10000000E+01
  0.62434000E+01  0.14849946E+00  0.14849946E+00  0.14849946E+00  0.10000000E+01  0.10000000E+01  0.10000000E+01
  0.62801000E+01  0.14433836E+00  0.14433836E+00  0.14433836E+00  0.10000000E+01  0.10000000E+01  0.10000000E+01
  0.63169000E+01  0.14006352E+00  0.14006352E+00  0.14006352E+00  0.10000000E+01  0.10000000E+01  0.10000000E+01
  0.63536000E+01  0.13606729E+00  0.13606729E+00  0.13606729E+00  0.10000000E+01  0.10000000E+01  0.10000000E+01
  0.63903000E+01  0.13264120E+00  0.13264120E+00  0.13264120E+00  0.10000000E+01  0.10000000E+01  0.10000000E+01
  0.64270000E+01  0.12994919E+00  0.12994919E+00  0.12994919E+00  0.10000000E+01  0.10000000E+01  0.10000000E+01
  0.64638000E+01  0.12802236E+00  0.12802236E+00  0.12802236E+00  0.10000000E+01  0.10000000E+01  0.10000000E+01
  0.65005000E+01  0.12675954E+00  0.12675954E+00  0.12675954E+00  0.10000000E+01  0.10000000E+01  0.10000000E+01
  0.65372000E+01  0.12597487E+00  0.12597487E+00  0.12597487E+00  0.10000000E+01  0.10000000E+01  0.10000000E+01
  0.65739000E+01  0.12541232E+00  0.12541232E+00  0.12541232E+00  0.10000000E+01  0.10000000E+01  0.10000000E+01
  0.66107000E+01  0.12481675E+00  0.12481675E+00  0.12481675E+00  0.10000000E+01  0.10000000E+01  0.10000000E+01
  0.66474000E+01  0.12395063E+00  0.12395063E+00  0.12395063E+00  0.10000000E+01  0.10000000E+01  0.10000000E+01
  0.66841000E+01  0.12265407E+00  0.12265407E+00  0.12265407E+00  0.10000000E+01  0.10000000E+01  0.10000000E+01
  0.67208000E+01  0.12089630E+00  0.12089630E+00  0.12089630E+00  0.10000000E+01  0.10000000E+01  0.10000000E+01
  0.67576000E+01  0.11873009E+00  0.11873009E+00  0.11873009E+00  0.10000000E+01  0.10000000E+01  0.10000000E+01
  0.67943000E+01  0.11636946E+00  0.11636946E+00  0.11636946E+00  0.10000000E+01  0.10000000E+01  0.10000000E+01
  0.68310000E+01  0.11407846E+00  0.11407846E+00  0.11407846E+00  0.10000000E+01  0.10000000E+01  0.10000000E+01
  0.68678000E+01  0.11214823E+00  0.11214823E+00  0.11214823E+00  0.10000000E+01  0.10000000E+01  0.10000000E+01
  0.69045000E+01  0.11078340E+00  0.11078340E+00  0.11078340E+00  0.10000000E+01  0.10000000E+01  0.10000000E+01
  0.69412000E+01  0.11004668E+00  0.11004668E+00  0.11004668E+00  0.10000000E+01  0.10000000E+01  0.10000000E+01
  0.69779000E+01  0.10984657E+00  0.10984657E+00  0.10984657E+00  0.10000000E+01  0.10000000E+01  0.10000000E+01
  0.70147000E+01  0.10992585E+00  0.10992585E+00  0.10992585E+00  0.10000000E+01  0.10000000E+01  0.10000000E+01
  0.70514000E+01  0.10997746E+00  0.10997746E+00  0.10997746E+00  0.10000000E+01  0.10000000E+01  0.10000000E+01
  0.70881000E+01  0.10968475E+00  0.10968475E+00  0.10968475E+00  0.10000000E+01  0.10000000E+01  0.10000000E+01
  0.71248000E+01  0.10881392E+00  0.10881392E+00  0.10881392E+00  0.10000000E+01  0.10000000E+01  0.10000000E+01
  0.71616000E+01  0.10729964E+00  0.10729964E+00  0.10729964E+00  0.10000000E+01  0.10000000E+01  0.10000000E+01
  0.71983000E+01  0.10525014E+00  0.10525014E+00  0.10525014E+00  0.10000000E+01  0.10000000E+01  0.10000000E+01
  0.72350000E+01  0.10290598E+00  0.10290598E+00  0.10290598E+00  0.10000000E+01  0.10000000E+01  0.10000000E+01
  0.72717000E+01  0.10059892E+00  0.10059892E+00  0.10059892E+00  0.10000000E+01  0.10000000E+01  0.10000000E+01
  0.73085000E+01  0.98619837E-01  0.98619837E-01  0.98619837E-01  0.10000000E+01  0.10000000E+01  0.10000000E+01
  0.73452000E+01  0.97158983E-01  0.97158983E-01  0.97158983E-01  0.10000000E+01  0.10000000E+01  0.10000000E+01
  0.73819000E+01  0.96308747E-01  0.96308747E-01  0.96308747E-01  0.10000000E+01  0.10000000E+01  0.10000000E+01
  0.74186000E+01  0.96076375E-01  0.96076375E-01  0.96076375E-01  0.10000000E+01  0.10000000E+01  0.10000000E+01
  0.74554000E+01  0.96408913E-01  0.96408913E-01  0.96408913E-01  0.10000000E+01  0.10000000E+01  0.10000000E+01
  0.74921000E+01  0.97216459E-01  0.97216459E-01  0.97216459E-01  0.10000000E+01  0.10000000E+01  0.10000000E+01
  0.75288000E+01  0.98380495E-01  0.98380495E-01  0.98380495E-01  0.10000000E+01  0.10000000E+01  0.10000000E+01
  0.75655000E+01  0.99750078E-01  0.99750078E-01  0.99750078E-01  0.10000000E+01  0.10000000E+01  0.10000000E+01
  0.76023000E+01  0.10112025E+00  0.10112025E+00  0.10112025E+00  0.10000000E+01  0.10000000E+01  0.10000000E+01
  0.76390000E+01  0.10230601E+00  0.10230601E+00  0.10230601E+00  0.10000000E+01  0.10000000E+01  0.10000000E+01
  0.76757000E+01  0.10314452E+00  0.10314452E+00  0.10314452E+00  0.10000000E+01  0.10000000E+01  0.10000000E+01
  0.77124000E+01  0.10353337E+00  0.10353337E+00  0.10353337E+00  0.10000000E+01  0.10000000E+01  0.10000000E+01
  0.77492000E+01  0.10348253E+00  0.10348253E+00  0.10348253E+00  0.10000000E+01  0.10000000E+01  0.10000000E+01
  0.77859000E+01  0.10306893E+00  0.10306893E+00  0.10306893E+00  0.10000000E+01  0.10000000E+01  0.10000000E+01
  0.78226000E+01  0.10244787E+00  0.10244787E+00  0.10244787E+00  0.10000000E+01  0.10000000E+01  0.10000000E+01
  0.78594000E+01  0.10178604E+00  0.10178604E+00  0.10178604E+00  0.10000000E+01  0.10000000E+01  0.10000000E+01
  0.78961000E+01  0.10123034E+00  0.10123034E+00  0.10123034E+00  0.10000000E+01  0.10000000E+01  0.10000000E+01
  0.79328000E+01  0.10088831E+00  0.10088831E+00  0.10088831E+00  0.10000000E+01  0.10000000E+01  0.10000000E+01
  0.79695000E+01  0.10078125E+00  0.10078125E+00  0.10078125E+00  0.10000000E+01  0.10000000E+01  0.10000000E+01
  0.80063000E+01  0.10090490E+00  0.10090490E+00  0.10090490E+00  0.10000000E+01  0.10000000E+01  0.10000000E+01
  0.80430000E+01  0.10118726E+00  0.10118726E+00  0.10118726E+00  0.10000000E+01  0.10000000E+01  0.10000000E+01
  0.80797000E+01  0.10155229E+00  0.10155229E+00  0.10155229E+00  0.10000000E+01  0.10000000E+01  0.10000000E+01
  0.81164000E+01  0.10191705E+00  0.10191705E+00  0.10191705E+00  0.10000000E+01  0.10000000E+01  0.10000000E+01
  0.81532000E+01  0.10221382E+00  0.10221382E+00  0.10221382E+00  0.10000000E+01  0.10000000E+01  0.10000000E+01
  0.81899000E+01  0.10238124E+00  0.10238124E+00  0.10238124E+00  0.10000000E+01  0.10000000E+01  0.10000000E+01
  0.82266000E+01  0.10242461E+00  0.10242461E+00  0.10242461E+00  0.10000000E+01  0.10000000E+01  0.10000000E+01
  0.82633000E+01  0.10235146E+00  0.10235146E+00  0.10235146E+00  0.10000000E+01  0.10000000E+01  0.10000000E+01
  0.83001000E+01  0.10221164E+00  0.10221164E+00  0.10221164E+00  0.10000000E+01  0.10000000E+01  0.10000000E+01
  0.83368000E+01  0.10206781E+00  0.10206781E+00  0.10206781E+00  0.10000000E+01  0.10000000E+01  0.10000000E+01
  0.83735000E+01  0.10198172E+00  0.10198172E+00  0.10198172E+00  0.10000000E+01  0.10000000E+01  0.10000000E+01
  0.84102000E+01  0.10198865E+00  0.10198865E+00  0.10198865E+00  0.10000000E+01  0.10000000E+01  0.10000000E+01
  0.84470000E+01  0.10210638E+00  0.10210638E+00  0.10210638E+00  0.10000000E+01  0.10000000E+01  0.10000000E+01
  0.84837000E+01  0.10234056E+00  0.10234056E+00  0.10234056E+00  0.10000000E+01  0.10000000E+01  0.10000000E+01
  0.85204000E+01  0.10264069E+00  0.10264069E+00  0.10264069E+00  0.10000000E+01  0.10000000E+01  0.10000000E+01
  0.85571000E+01  0.10295625E+00  0.10295625E+00  0.10295625E+00  0.10000000E+01  0.10000000E+01  0.10000000E+01
  0.85939000E+01  0.10321786E+00  0.10321786E+00  0.10321786E+00  0.10000000E+01  0.10000000E+01  0.10000000E+01
  0.86306000E+01  0.10335416E+00  0.10335416E+00  0.10335416E+00  0.10000000E+01  0.10000000E+01  0.10000000E+01
  0.86673000E+01  0.10330571E+00  0.10330571E+00  0.10330571E+00  0.10000000E+01  0.10000000E+01  0.10000000E+01
  0.87041000E+01  0.10302547E+00  0.10302547E+00  0.10302547E+00  0.10000000E+01  0.10000000E+01  0.10000000E+01
  0.87408000E+01  0.10249077E+00  0.10249077E+00  0.10249077E+00  0.10000000E+01  0.10000000E+01  0.10000000E+01
  0.87775000E+01  0.10168611E+00  0.10168611E+00  0.10168611E+00  0.10000000E+01  0.10000000E+01  0.10000000E+01
  0.88142000E+01  0.10061597E+00  0.10061597E+00  0.10061597E+00  0.10000000E+01  0.10000000E+01  0.10000000E+01
  0.88510000E+01  0.99322262E-01  0.99322262E-01  0.99322262E-01  0.10000000E+01  0.10000000E+01  0.10000000E+01
  0.88877000E+01  0.97899256E-01  0.97899256E-01  0.97899256E-01  0.10000000E+01  0.10000000E+01  0.10000000E+01
  0.89244000E+01  0.96456843E-01  0.96456843E-01  0.96456843E-01  0.10000000E+01  0.10000000E+01  0.10000000E+01
  0.89611000E+01  0.95121776E-01  0.95121776E-01  0.95121776E-01  0.10000000E+01  0.10000000E+01  0.10000000E+01
  0.89979000E+01  0.93981866E-01  0.93981866E-01  0.93981866E-01  0.10000000E+01  0.10000000E+01  0.10000000E+01
  0.90346000E+01  0.93080411E-01  0.93080411E-01  0.93080411E-01  0.10000000E+01  0.10000000E+01  0.10000000E+01
  0.90713000E+01  0.92392597E-01  0.92392597E-01  0.92392597E-01  0.10000000E+01  0.10000000E+01  0.10000000E+01
  0.91080000E+01  0.91868498E-01  0.91868498E-01  0.91868498E-01  0.10000000E+01  0.10000000E+01  0.10000000E+01
  0.91448000E+01  0.91464763E-01  0.91464763E-01  0.91464763E-01  0.10000000E+01  0.10000000E+01  0.10000000E+01
  0.91815000E+01  0.91194009E-01  0.91194009E-01  0.91194009E-01  0.10000000E+01  0.10000000E+01  0.10000000E+01
  0.92182000E+01  0.91121607E-01  0.91121607E-01  0.91121607E-01  0.10000000E+01  0.10000000E+01  0.10000000E+01
  0.92549000E+01  0.91289688E-01  0.91289688E-01  0.91289688E-01  0.10000000E+01  0.10000000E+01  0.10000000E+01
  0.92917000E+01  0.91728987E-01  0.91728987E-01  0.91728987E-01  0.10000000E+01  0.10000000E+01  0.10000000E+01
  0.93284000E+01  0.92387884E-01  0.92387884E-01  0.92387884E-01  0.10000000E+01  0.10000000E+01  0.10000000E+01
  0.93651000E+01  0.93153739E-01  0.93153739E-01  0.93153739E-01  0.10000000E+01  0.10000000E+01  0.10000000E+01
  0.94018000E+01  0.93870837E-01  0.93870837E-01  0.93870837E-01  0.10000000E+01  0.10000000E+01  0.10000000E+01
  0.94386000E+01  0.94418135E-01  0.94418135E-01  0.94418135E-01  0.10000000E+01  0.10000000E+01  0.10000000E+01
  0.94753000E+01  0.94731915E-01  0.94731915E-01  0.94731915E-01  0.10000000E+01  0.10000000E+01  0.10000000E+01
  0.95120000E+01  0.94818480E-01  0.94818480E-01  0.94818480E-01  0.10000000E+01  0.10000000E+01  0.10000000E+01
  0.95487000E+01  0.94766974E-01  0.94766974E-01  0.94766974E-01  0.10000000E+01  0.10000000E+01  0.10000000E+01
  0.95855000E+01  0.94662555E-01  0.94662555E-01  0.94662555E-01  0.10000000E+01  0.10000000E+01  0.10000000E+01
  0.96222000E+01  0.94594638E-01  0.94594638E-01  0.94594638E-01  0.10000000E+01  0.10000000E+01  0.10000000E+01
  0.96589000E+01  0.94616457E-01  0.94616457E-01  0.94616457E-01  0.10000000E+01  0.10000000E+01  0.10000000E+01
  0.96957000E+01  0.94738927E-01  0.94738927E-01  0.94738927E-01  0.10000000E+01  0.10000000E+01  0.10000000E+01
  0.97324000E+01  0.94938364E-01  0.94938364E-01  0.94938364E-01  0.10000000E+01  0.10000000E+01  0.10000000E+01
  0.97691000E+01  0.95161925E-01  0.95161925E-01  0.95161925E-01  0.10000000E+01  0.10000000E+01  0.10000000E+01
  0.98058000E+01  0.95371555E-01  0.95371555E-01  0.95371555E-01  0.10000000E+01  0.10000000E+01  0.10000000E+01
  0.98426000E+01  0.95502006E-01  0.95502006E-01  0.95502006E-01  0.10000000E+01  0.10000000E+01  0.10000000E+01
  0.98793000E+01  0.95520825E-01  0.95520825E-01  0.95520825E-01  0.10000000E+01  0.10000000E+01  0.10000000E+01
  0.99160000E+01  0.95420544E-01  0.95420544E-01  0.95420544E-01  0.10000000E+01  0.10000000E+01  0.10000000E+01
  0.99527000E+01  0.95249290E-01  0.95249290E-01  0.95249290E-01  0.10000000E+01  0.10000000E+01  0.10000000E+01
  0.99895000E+01  0.95084831E-01  0.95084831E-01  0.95084831E-01  0.10000000E+01  0.10000000E+01  0.10000000E+01
  0.10026200E+02  0.95055515E-01  0.95055515E-01  0.95055515E-01  0.10000000E+01  0.10000000E+01  0.10000000E+01
  0.10062900E+02  0.95290565E-01  0.95290565E-01  0.95290565E-01  0.10000000E+01  0.10000000E+01  0.10000000E+01
  0.10099600E+02  0.95854897E-01  0.95854897E-01  0.95854897E-01  0.10000000E+01  0.10000000E+01  0.10000000E+01
  0.10136400E+02  0.96764886E-01  0.96764886E-01  0.96764886E-01  0.10000000E+01  0.10000000E+01  0.10000000E+01
  0.10173100E+02  0.97947456E-01  0.97947456E-01  0.97947456E-01  0.10000000E+01  0.10000000E+01  0.10000000E+01
  0.10209800E+02  0.99278918E-01  0.99278918E-01  0.99278918E-01  0.10000000E+01  0.10000000E+01  0.10000000E+01
  0.10246500E+02  0.10060202E+00  0.10060202E+00  0.10060202E+00  0.10000000E+01  0.10000000E+01  0.10000000E+01
  0.10283300E+02  0.10174847E+00  0.10174847E+00  0.10174847E+00  0.10000000E+01  0.10000000E+01  0.10000000E+01
  0.10320000E+02  0.10259721E+00  0.10259721E+00  0.10259721E+00  0.10000000E+01  0.10000000E+01  0.10000000E+01
  0.10356700E+02  0.10306279E+00  0.10306279E+00  0.10306279E+00  0.10000000E+01  0.10000000E+01  0.10000000E+01
  0.10393400E+02  0.10312127E+00  0.10312127E+00  0.10312127E+00  0.10000000E+01  0.10000000E+01  0.10000000E+01
  0.10430200E+02  0.10281931E+00  0.10281931E+00  0.10281931E+00  0.10000000E+01  0.10000000E+01  0.10000000E+01
  0.10466900E+02  0.10221539E+00  0.10221539E+00  0.10221539E+00  0.10000000E+01  0.10000000E+01  0.10000000E+01
  0.10503600E+02  0.10138585E+00  0.10138585E+00  0.10138585E+00  0.10000000E+01  0.10000000E+01  0.10000000E+01
  0.10540300E+02  0.10037794E+00  0.10037794E+00  0.10037794E+00  0.10000000E+01  0.10000000E+01  0.10000000E+01
  0.10577100E+02  0.99221447E-01  0.99221447E-01  0.99221447E-01  0.10000000E+01  0.10000000E+01  0.10000000E+01
  0.10613800E+02  0.97900586E-01  0.97900586E-01  0.97900586E-01  0.10000000E+01  0.10000000E+01  0.10000000E+01
  0.10650500E+02  0.96416013E-01  0.96416013E-01  0.96416013E-01  0.10000000E+01  0.10000000E+01  0.10000000E+01
  0.10687300E+02  0.94788889E-01  0.94788889E-01  0.94788889E-01  0.10000000E+01  0.10000000E+01  0.10000000E+01
  0.10724000E+02  0.93069311E-01  0.93069311E-01  0.93069311E-01  0.10000000E+01  0.10000000E+01  0.10000000E+01
  0.10760700E+02  0.91336252E-01  0.91336252E-01  0.91336252E-01  0.10000000E+01  0.10000000E+01  0.10000000E+01
  0.10797400E+02  0.89683491E-01  0.89683491E-01  0.89683491E-01  0.10000000E+01  0.10000000E+01  0.10000000E+01
  0.10834200E+02  0.88214405E-01  0.88214405E-01  0.88214405E-01  0.10000000E+01  0.10000000E+01  0.10000000E+01
  0.10870900E+02  0.86990159E-01  0.86990159E-01  0.86990159E-01  0.10000000E+01  0.10000000E+01  0.10000000E+01
  0.10907600E+02  0.86088252E-01  0.86088252E-01  0.86088252E-01  0.10000000E+01  0.10000000E+01  0.10000000E+01
  0.10944300E+02  0.85542414E-01  0.85542414E-01  0.85542414E-01  0.10000000E+01  0.10000000E+01  0.10000000E+01
  0.10981100E+02  0.85357891E-01  0.85357891E-01  0.85357891E-01  0.10000000E+01  0.10000000E+01  0.10000000E+01
  0.11017800E+02  0.85506148E-01  0.85506148E-01  0.85506148E-01  0.10000000E+01  0.10000000E+01  0.10000000E+01
