  #energy          xx             yy              zz              xy              yz              zx
  0.00000000E+00  0.21651559E+01  0.21651559E+01  0.21651559E+01  0.00000000E+00  0.00000000E+00  0.00000000E+00
  0.36700000E-01  0.21652021E+01  0.21652021E+01  0.21652021E+01  0.00000000E+00  0.00000000E+00  0.00000000E+00
  0.73500000E-01  0.21653407E+01  0.21653407E+01  0.21653407E+01  0.00000000E+00  0.00000000E+00  0.00000000E+00
  0.11020000E+00  0.21655717E+01  0.21655717E+01  0.21655717E+01  0.00000000E+00  0.00000000E+00  0.00000000E+00
  0.14690000E+00  0.21659181E+01  0.21659181E+01  0.21659181E+01  0.00000000E+00  0.00000000E+00  0.00000000E+00
  0.18360000E+00  0.21663337E+01  0.21663337E+01  0.21663337E+01  0.00000000E+00  0.00000000E+00  0.00000000E+00
  0.22040000E+00  0.21668646E+01  0.21668646E+01  0.21668646E+01  0.00000000E+00  0.00000000E+00  0.00000000E+00
  0.25710000E+00  0.21674878E+01  0.21674878E+01  0.21674878E+01  0.00000000E+00  0.00000000E+00  0.00000000E+00
  0.29380000E+00  0.21682030E+01  0.21682030E+01  0.21682030E+01  0.00000000E+00  0.00000000E+00  0.00000000E+00
  0.33050000E+00  0.21690103E+01  0.21690103E+01  0.21690103E+01  0.00000000E+00  0.00000000E+00  0.00000000E+00
  0.36730000E+00  0.21699325E+01  0.21699325E+01  0.21699325E+01  0.00000000E+00  0.00000000E+00  0.00000000E+00
  0.40400000E+00  0.21709234E+01  0.21709234E+01  0.21709234E+01  0.00000000E+00  0.00000000E+00  0.00000000E+00
  0.44070000E+00  0.21720520E+01  0.21720520E+01  0.21720520E+01  0.00000000E+00  0.00000000E+00  0.00000000E+00
  0.47740000E+00  0.21732492E+01  0.21732492E+01  0.21732492E+01  0.00000000E+00  0.00000000E+00  0.00000000E+00
  0.51420000E+00  0.21745606E+01  0.21745606E+01  0.21745606E+01  0.00000000E+00  0.00000000E+00  0.00000000E+00
  0.55090000E+00  0.21759863E+01  0.21759863E+01  0.21759863E+01  0.00000000E+00  0.00000000E+00  0.00000000E+00
  0.58760000E+00  0.21775028E+01  0.21775028E+01  0.21775028E+01  0.00000000E+00  0.00000000E+00  0.00000000E+00
  0.62430000E+00  0.21791331E+01  0.21791331E+01  0.21791331E+01  0.00000000E+00  0.00000000E+00  0.00000000E+00
  0.66110000E+00  0.21808769E+01  0.21808769E+01  0.21808769E+01  0.00000000E+00  0.00000000E+00  0.00000000E+00
  0.69780000E+00  0.21827338E+01  0.21827338E+01  0.21827338E+01  0.00000000E+00  0.00000000E+00  0.00000000E+00
  0.73450000E+00  0.21846809E+01  0.21846809E+01  0.21846809E+01  0.00000000E+00  0.00000000E+00  0.00000000E+00
  0.77120000E+00  0.21867634E+01  0.21867634E+01  0.21867634E+01  0.00000000E+00  0.00000000E+00  0.00000000E+00
  0.80800000E+00  0.21889581E+01  0.21889581E+01  0.21889581E+01  0.00000000E+00  0.00000000E+00  0.00000000E+00
  0.84470000E+00  0.21912649E+01  0.21912649E+01  0.21912649E+01  0.00000000E+00  0.00000000E+00  0.00000000E+00
  0.88140000E+00  0.21936833E+01  0.21936833E+01  0.21936833E+01  0.00000000E+00  0.00000000E+00  0.00000000E+00
  0.91810000E+00  0.21962357E+01  0.21962357E+01  0.21962357E+01  0.00000000E+00  0.00000000E+00  0.00000000E+00
  0.95490000E+00  0.21989216E+01  0.21989216E+01  0.21989216E+01  0.00000000E+00  0.00000000E+00  0.00000000E+00
  0.99160000E+00  0.22017406E+01  0.22017406E+01  0.22017406E+01  0.00000000E+00  0.00000000E+00  0.00000000E+00
  0.10283000E+01  0.22046922E+01  0.22046922E+01  0.22046922E+01  0.00000000E+00  0.00000000E+00  0.00000000E+00
  0.10651000E+01  0.22077758E+01  0.22077758E+01  0.22077758E+01  0.00000000E+00  0.00000000E+00  0.00000000E+00
  0.11018000E+01  0.22109910E+01  0.22109910E+01  0.22109910E+01  0.00000000E+00  0.00000000E+00  0.00000000E+00
  0.11385000E+01  0.22143596E+01  0.22143596E+01  0.22143596E+01  0.00000000E+00  0.00000000E+00  0.00000000E+00
  0.11752000E+01  0.22178811E+01  0.22178811E+01  0.22178811E+01  0.00000000E+00  0.00000000E+00  0.00000000E+00
  0.12120000E+01  0.22215547E+01  0.22215547E+01  0.22215547E+01  0.00000000E+00  0.00000000E+00  0.00000000E+00
  0.12487000E+01  0.22253796E+01  0.22253796E+01  0.22253796E+01  0.00000000E+00  0.00000000E+00  0.00000000E+00
  0.12854000E+01  0.22293775E+01  0.22293775E+01  0.22293775E+01  0.00000000E+00  0.00000000E+00  0.00000000E+00
  0.13221000E+01  0.22335477E+01  0.22335477E+01  0.22335477E+01  0.00000000E+00  0.00000000E+00  0.00000000E+00
  0.13589000E+01  0.22379113E+01  0.22379113E+01  0.22379113E+01  0.00000000E+00  0.00000000E+00  0.00000000E+00
  0.13956000E+01  0.22424228E+01  0.22424228E+01  0.22424228E+01  0.00000000E+00  0.00000000E+00  0.00000000E+00
  0.14323000E+01  0.22471479E+01  0.22471479E+01  0.22471479E+01  0.00000000E+00  0.00000000E+00  0.00000000E+00
  0.14690000E+01  0.22520631E+01  0.22520631E+01  0.22520631E+01  0.00000000E+00  0.00000000E+00  0.00000000E+00
  0.15058000E+01  0.22571896E+01  0.22571896E+01  0.22571896E+01  0.00000000E+00  0.00000000E+00  0.00000000E+00
  0.15425000E+01  0.22625257E+01  0.22625257E+01  0.22625257E+01  0.00000000E+00  0.00000000E+00  0.00000000E+00
  0.15792000E+01  0.22680920E+01  0.22680920E+01  0.22680920E+01  0.00000000E+00  0.00000000E+00  0.00000000E+00
  0.16159000E+01  0.22738871E+01  0.22738871E+01  0.22738871E+01  0.00000000E+00  0.00000000E+00  0.00000000E+00
  0.16527000E+01  0.22799310E+01  0.22799310E+01  0.22799310E+01  0.00000000E+00  0.00000000E+00  0.00000000E+00
  0.16894000E+01  0.22862438E+01  0.22862438E+01  0.22862438E+01  0.00000000E+00  0.00000000E+00  0.00000000E+00
  0.17261000E+01  0.22928233E+01  0.22928233E+01  0.22928233E+01  0.00000000E+00  0.00000000E+00  0.00000000E+00
  0.17628000E+01  0.22996888E+01  0.22996888E+01  0.22996888E+01  0.00000000E+00  0.00000000E+00  0.00000000E+00
  0.17996000E+01  0.23068383E+01  0.23068383E+01  0.23068383E+01  0.00000000E+00  0.00000000E+00  0.00000000E+00
  0.18363000E+01  0.23143336E+01  0.23143336E+01  0.23143336E+01  0.00000000E+00  0.00000000E+00  0.00000000E+00
  0.18730000E+01  0.23221502E+01  0.23221502E+01  0.23221502E+01  0.00000000E+00  0.00000000E+00  0.00000000E+00
  0.19097000E+01  0.23303277E+01  0.23303277E+01  0.23303277E+01  0.00000000E+00  0.00000000E+00  0.00000000E+00
  0.19465000E+01  0.23388840E+01  0.23388840E+01  0.23388840E+01  0.00000000E+00  0.00000000E+00  0.00000000E+00
  0.19832000E+01  0.23478577E+01  0.23478577E+01  0.23478577E+01  0.00000000E+00  0.00000000E+00  0.00000000E+00
  0.20199000E+01  0.23572441E+01  0.23572441E+01  0.23572441E+01  0.00000000E+00  0.00000000E+00  0.00000000E+00
  0.20567000E+01  0.23670808E+01  0.23670808E+01  0.23670808E+01  0.00000000E+00  0.00000000E+00  0.00000000E+00
  0.20934000E+01  0.23774255E+01  0.23774255E+01  0.23774255E+01  0.00000000E+00  0.00000000E+00  0.00000000E+00
  0.21301000E+01  0.23882927E+01  0.23882927E+01  0.23882927E+01  0.00000000E+00  0.00000000E+00  0.00000000E+00
  0.21668000E+01  0.23997378E+01  0.23997378E+01  0.23997378E+01  0.00000000E+00  0.00000000E+00  0.00000000E+00
  0.22036000E+01  0.24118568E+01  0.24118568E+01  0.24118568E+01  0.00000000E+00  0.00000000E+00  0.00000000E+00
  0.22403000E+01  0.24247011E+01  0.24247011E+01  0.24247011E+01  0.00000000E+00  0.00000000E+00  0.00000000E+00
  0.22770000E+01  0.24384037E+01  0.24384037E+01  0.24384037E+01  0.00000000E+00  0.00000000E+00  0.00000000E+00
  0.23137000E+01  0.24530933E+01  0.24530933E+01  0.24530933E+01  0.00000000E+00  0.00000000E+00  0.00000000E+00
  0.23505000E+01  0.24689968E+01  0.24689968E+01  0.24689968E+01  0.00000000E+00  0.00000000E+00  0.00000000E+00
  0.23872000E+01  0.24862957E+01  0.24862957E+01  0.24862957E+01  0.00000000E+00  0.00000000E+00  0.00000000E+00
  0.24239000E+01  0.25052047E+01  0.25052047E+01  0.25052047E+01  0.00000000E+00  0.00000000E+00  0.00000000E+00
  0.24606000E+01  0.25259938E+01  0.25259938E+01  0.25259938E+01  0.00000000E+00  0.00000000E+00  0.00000000E+00
  0.24974000E+01  0.25487681E+01  0.25487681E+01  0.25487681E+01  0.00000000E+00  0.00000000E+00  0.00000000E+00
  0.25341000E+01  0.25736133E+01  0.25736133E+01  0.25736133E+01  0.00000000E+00  0.00000000E+00  0.00000000E+00
  0.25708000E+01  0.26004264E+01  0.26004264E+01  0.26004264E+01  0.00000000E+00  0.00000000E+00  0.00000000E+00
  0.26075000E+01  0.26288532E+01  0.26288532E+01  0.26288532E+01  0.00000000E+00  0.00000000E+00  0.00000000E+00
  0.26443000E+01  0.26583845E+01  0.26583845E+01  0.26583845E+01  0.00000000E+00  0.00000000E+00  0.00000000E+00
  0.26810000E+01  0.26883093E+01  0.26883093E+01  0.26883093E+01  0.00000000E+00  0.00000000E+00  0.00000000E+00
  0.27177000E+01  0.27177660E+01  0.27177660E+01  0.27177660E+01  0.00000000E+00  0.00000000E+00  0.00000000E+00
  0.27544000E+01  0.27458887E+01  0.27458887E+01  0.27458887E+01  0.00000000E+00  0.00000000E+00  0.00000000E+00
  0.27912000E+01  0.27717952E+01  0.27717952E+01  0.27717952E+01  0.00000000E+00  0.00000000E+00  0.00000000E+00
  0.28279000E+01  0.27947626E+01  0.27947626E+01  0.27947626E+01  0.00000000E+00  0.00000000E+00  0.00000000E+00
  0.28646000E+01  0.28141568E+01  0.28141568E+01  0.28141568E+01  0.00000000E+00  0.00000000E+00  0.00000000E+00
  0.29014000E+01  0.28294715E+01  0.28294715E+01  0.28294715E+01  0.00000000E+00  0.00000000E+00  0.00000000E+00
  0.29381000E+01  0.28403746E+01  0.28403746E+01  0.28403746E+01  0.00000000E+00  0.00000000E+00  0.00000000E+00
  0.29748000E+01  0.28466211E+01  0.28466211E+01  0.28466211E+01  0.00000000E+00  0.00000000E+00  0.00000000E+00
  0.30115000E+01  0.28480955E+01  0.28480955E+01  0.28480955E+01  0.00000000E+00  0.00000000E+00  0.00000000E+00
  0.30483000E+01  0.28448433E+01  0.28448433E+01  0.28448433E+01  0.00000000E+00  0.00000000E+00  0.00000000E+00
  0.30850000E+01  0.28369702E+01  0.28369702E+01  0.28369702E+01  0.00000000E+00  0.00000000E+00  0.00000000E+00
  0.31217000E+01  0.28248382E+01  0.28248382E+01  0.28248382E+01  0.00000000E+00  0.00000000E+00  0.00000000E+00
  0.31584000E+01  0.28089320E+01  0.28089320E+01  0.28089320E+01  0.00000000E+00  0.00000000E+00  0.00000000E+00
  0.31952000E+01  0.27901339E+01  0.27901339E+01  0.27901339E+01  0.00000000E+00  0.00000000E+00  0.00000000E+00
  0.32319000E+01  0.27696220E+01  0.27696220E+01  0.27696220E+01  0.00000000E+00  0.00000000E+00  0.00000000E+00
  0.32686000E+01  0.27490496E+01  0.27490496E+01  0.27490496E+01  0.00000000E+00  0.00000000E+00  0.00000000E+00
  0.33053000E+01  0.27303483E+01  0.27303483E+01  0.27303483E+01  0.00000000E+00  0.00000000E+00  0.00000000E+00
  0.33421000E+01  0.27154912E+01  0.27154912E+01  0.27154912E+01  0.00000000E+00  0.00000000E+00  0.00000000E+00
  0.33788000E+01  0.27059849E+01  0.27059849E+01  0.27059849E+01  0.00000000E+00  0.00000000E+00  0.00000000E+00
  0.34155000E+01  0.27023979E+01  0.27023979E+01  0.27023979E+01  0.00000000E+00  0.00000000E+00  0.00000000E+00
  0.34522000E+01  0.27039573E+01  0.27039573E+01  0.27039573E+01  0.00000000E+00  0.00000000E+00  0.00000000E+00
  0.34890000E+01  0.27086108E+01  0.27086108E+01  0.27086108E+01  0.00000000E+00  0.00000000E+00  0.00000000E+00
  0.35257000E+01  0.27134042E+01  0.27134042E+01  0.27134042E+01  0.00000000E+00  0.00000000E+00  0.00000000E+00
  0.35624000E+01  0.27151138E+01  0.27151138E+01  0.27151138E+01  0.00000000E+00  0.00000000E+00  0.00000000E+00
  0.35991000E+01  0.27109463E+01  0.27109463E+01  0.27109463E+01  0.00000000E+00  0.00000000E+00  0.00000000E+00
  0.36359000E+01  0.26988788E+01  0.26988788E+01  0.26988788E+01  0.00000000E+00  0.00000000E+00  0.00000000E+00
  0.36726000E+01  0.26780549E+01  0.26780549E+01  0.26780549E+01  0.00000000E+00  0.00000000E+00  0.00000000E+00
  0.37093000E+01  0.26486046E+01  0.26486046E+01  0.26486046E+01  0.00000000E+00  0.00000000E+00  0.00000000E+00
  0.37460000E+01  0.26115751E+01  0.26115751E+01  0.26115751E+01  0.00000000E+00  0.00000000E+00  0.00000000E+00
  0.37828000E+01  0.25686378E+01  0.25686378E+01  0.25686378E+01  0.00000000E+00  0.00000000E+00  0.00000000E+00
  0.38195000E+01  0.25218453E+01  0.25218453E+01  0.25218453E+01  0.00000000E+00  0.00000000E+00  0.00000000E+00
  0.38562000E+01  0.24734515E+01  0.24734515E+01  0.24734515E+01  0.00000000E+00  0.00000000E+00  0.00000000E+00
  0.38930000E+01  0.24256627E+01  0.24256627E+01  0.24256627E+01  0.00000000E+00  0.00000000E+00  0.00000000E+00
  0.39297000E+01  0.23804486E+01  0.23804486E+01  0.23804486E+01  0.00000000E+00  0.00000000E+00  0.00000000E+00
  0.39664000E+01  0.23392460E+01  0.23392460E+01  0.23392460E+01  0.00000000E+00  0.00000000E+00  0.00000000E+00
  0.40031000E+01  0.23027301E+01  0.23027301E+01  0.23027301E+01  0.00000000E+00  0.00000000E+00  0.00000000E+00
  0.40399000E+01  0.22707036E+01  0.22707036E+01  0.22707036E+01  0.00000000E+00  0.00000000E+00  0.00000000E+00
  0.40766000E+01  0.22422285E+01  0.22422285E+01  0.22422285E+01  0.00000000E+00  0.00000000E+00  0.00000000E+00
  0.41133000E+01  0.22158895E+01  0.22158895E+01  0.22158895E+01  0.00000000E+00  0.00000000E+00  0.00000000E+00
  0.41500000E+01  0.21904274E+01  0.21904274E+01  0.21904274E+01  0.00000000E+00  0.00000000E+00  0.00000000E+00
  0.41868000E+01  0.21649882E+01  0.21649882E+01  0.21649882E+01  0.00000000E+00  0.00000000E+00  0.00000000E+00
  0.42235000E+01  0.21394766E+01  0.21394766E+01  0.21394766E+01  0.00000000E+00  0.00000000E+00  0.00000000E+00
  0.42602000E+01  0.21143210E+01  0.21143210E+01  0.21143210E+01  0.00000000E+00  0.00000000E+00  0.00000000E+00
  0.42969000E+01  0.20901911E+01  0.20901911E+01  0.20901911E+01  0.00000000E+00  0.00000000E+00  0.00000000E+00
  0.43337000E+01  0.20674853E+01  0.20674853E+01  0.20674853E+01  0.00000000E+00  0.00000000E+00  0.00000000E+00
  0.43704000E+01  0.20461266E+01  0.20461266E+01  0.20461266E+01  0.00000000E+00  0.00000000E+00  0.00000000E+00
  0.44071000E+01  0.20253714E+01  0.20253714E+01  0.20253714E+01  0.00000000E+00  0.00000000E+00  0.00000000E+00
  0.44438000E+01  0.20041915E+01  0.20041915E+01  0.20041915E+01  0.00000000E+00  0.00000000E+00  0.00000000E+00
  0.44806000E+01  0.19816099E+01  0.19816099E+01  0.19816099E+01  0.00000000E+00  0.00000000E+00  0.00000000E+00
  0.45173000E+01  0.19572287E+01  0.19572287E+01  0.19572287E+01  0.00000000E+00  0.00000000E+00  0.00000000E+00
  0.45540000E+01  0.19312704E+01  0.19312704E+01  0.19312704E+01  0.00000000E+00  0.00000000E+00  0.00000000E+00
  0.45907000E+01  0.19046661E+01  0.19046661E+01  0.19046661E+01  0.00000000E+00  0.00000000E+00  0.00000000E+00
  0.46275000E+01  0.18787507E+01  0.18787507E+01  0.18787507E+01  0.00000000E+00  0.00000000E+00  0.00000000E+00
  0.46642000E+01  0.18549249E+01  0.18549249E+01  0.18549249E+01  0.00000000E+00  0.00000000E+00  0.00000000E+00
  0.47009000E+01  0.18343807E+01  0.18343807E+01  0.18343807E+01  0.00000000E+00  0.00000000E+00  0.00000000E+00
  0.47376000E+01  0.18177795E+01  0.18177795E+01  0.18177795E+01  0.00000000E+00  0.00000000E+00  0.00000000E+00
  0.47744000E+01  0.18051027E+01  0.18051027E+01  0.18051027E+01  0.00000000E+00  0.00000000E+00  0.00000000E+00
  0.48111000E+01  0.17955877E+01  0.17955877E+01  0.17955877E+01  0.00000000E+00  0.00000000E+00  0.00000000E+00
  0.48478000E+01  0.17878067E+01  0.17878067E+01  0.17878067E+01  0.00000000E+00  0.00000000E+00  0.00000000E+00
  0.48846000E+01  0.17798868E+01  0.17798868E+01  0.17798868E+01  0.00000000E+00  0.00000000E+00  0.00000000E+00
  0.49213000E+01  0.17700155E+01  0.17700155E+01  0.17700155E+01  0.00000000E+00  0.00000000E+00  0.00000000E+00
  0.49580000E+01  0.17567310E+01  0.17567310E+01  0.17567310E+01  0.00000000E+00  0.00000000E+00  0.00000000E+00
  0.49947000E+01  0.17393990E+01  0.17393990E+01  0.17393990E+01  0.00000000E+00  0.00000000E+00  0.00000000E+00
  0.50315000E+01  0.17183478E+01  0.17183478E+01  0.17183478E+01  0.00000000E+00  0.00000000E+00  0.00000000E+00
  0.50682000E+01  0.16947247E+01  0.16947247E+01  0.16947247E+01  0.00000000E+00  0.00000000E+00  0.00000000E+00
  0.51049000E+01  0.16703595E+01  0.16703595E+01  0.16703595E+01  0.00000000E+00  0.00000000E+00  0.00000000E+00
  0.51416000E+01  0.16472896E+01  0.16472896E+01  0.16472896E+01  0.00000000E+00  0.00000000E+00  0.00000000E+00
  0.51784000E+01  0.16273304E+01  0.16273304E+01  0.16273304E+01  0.00000000E+00  0.00000000E+00  0.00000000E+00
  0.52151000E+01  0.16116453E+01  0.16116453E+01  0.16116453E+01  0.00000000E+00  0.00000000E+00  0.00000000E+00
  0.52518000E+01  0.16004951E+01  0.16004951E+01  0.16004951E+01  0.00000000E+00  0.00000000E+00  0.00000000E+00
  0.52885000E+01  0.15930793E+01  0.15930793E+01  0.15930793E+01  0.00000000E+00  0.00000000E+00  0.00000000E+00
  0.53253000E+01  0.15878090E+01  0.15878090E+01  0.15878090E+01  0.00000000E+00  0.00000000E+00  0.00000000E+00
  0.53620000E+01  0.15827467E+01  0.15827467E+01  0.15827467E+01  0.00000000E+00  0.00000000E+00  0.00000000E+00
  0.53987000E+01  0.15761622E+01  0.15761622E+01  0.15761622E+01  0.00000000E+00  0.00000000E+00  0.00000000E+00
  0.54354000E+01  0.15670453E+01  0.15670453E+01  0.15670453E+01  0.00000000E+00  0.00000000E+00  0.00000000E+00
  0.54722000E+01  0.15552638E+01  0.15552638E+01  0.15552638E+01  0.00000000E+00  0.00000000E+00  0.00000000E+00
  0.55089000E+01  0.15414937E+01  0.15414937E+01  0.15414937E+01  0.00000000E+00  0.00000000E+00  0.00000000E+00
  0.55456000E+01  0.15269794E+01  0.15269794E+01  0.15269794E+01  0.00000000E+00  0.00000000E+00  0.00000000E+00
  0.55823000E+01  0.15129883E+01  0.15129883E+01  0.15129883E+01  0.00000000E+00  0.00000000E+00  0.00000000E+00
  0.56191000E+01  0.15006200E+01  0.15006200E+01  0.15006200E+01  0.00000000E+00  0.00000000E+00  0.00000000E+00
  0.56558000E+01  0.14903887E+01  0.14903887E+01  0.14903887E+01  0.00000000E+00  0.00000000E+00  0.00000000E+00
  0.56925000E+01  0.14823924E+01  0.14823924E+01  0.14823924E+01  0.00000000E+00  0.00000000E+00  0.00000000E+00
  0.57292000E+01  0.14762778E+01  0.14762778E+01  0.14762778E+01  0.00000000E+00  0.00000000E+00  0.00000000E+00
  0.57660000E+01  0.14716635E+01  0.14716635E+01  0.14716635E+01  0.00000000E+00  0.00000000E+00  0.00000000E+00
  0.58027000E+01  0.14682345E+01  0.14682345E+01  0.14682345E+01  0.00000000E+00  0.00000000E+00  0.00000000E+00
  0.58394000E+01  0.14657977E+01  0.14657977E+01  0.14657977E+01  0.00000000E+00  0.00000000E+00  0.00000000E+00
  0.58762000E+01  0.14641433E+01  0.14641433E+01  0.14641433E+01  0.00000000E+00  0.00000000E+00  0.00000000E+00
  0.59129000E+01  0.14628863E+01  0.14628863E+01  0.14628863E+01  0.00000000E+00  0.00000000E+00  0.00000000E+00
  0.59496000E+01  0.14612879E+01  0.14612879E+01  0.14612879E+01  0.00000000E+00  0.00000000E+00  0.00000000E+00
  0.59863000E+01  0.14583083E+01  0.14583083E+01  0.14583083E+01  0.00000000E+00  0.00000000E+00  0.00000000E+00
  0.60231000E+01  0.14530027E+01  0.14530027E+01  0.14530027E+01  0.00000000E+00  0.00000000E+00  0.00000000E+00
  0.60598000E+01  0.14446854E+01  0.14446854E+01  0.14446854E+01  0.00000000E+00  0.00000000E+00  0.00000000E+00
  0.60965000E+01  0.14333527E+01  0.14333527E+01  0.14333527E+01  0.00000000E+00  0.00000000E+00  0.00000000E+00
  0.61332000E+01  0.14196766E+01  0.14196766E+01  0.14196766E+01  0.00000000E+00  0.00000000E+00  0.00000000E+00
  0.61700000E+01  0.14049814E+01  0.14049814E+01  0.14049814E+01  0.00000000E+00  0.00000000E+00  0.00000000E+00
  0.62067000E+01  0.13909743E+01  0.13909743E+01  0.13909743E+01  0.00000000E+00  0.00000000E+00  0.00000000E+00
  0.62434000E+01  0.13792107E+01  0.13792107E+01  0.13792107E+01  0.00000000E+00  0.00000000E+00  0.00000000E+00
  0.62801000E+01  0.13708909E+01  0.13708909E+01  0.13708909E+01  0.00000000E+00  0.00000000E+00  0.00000000E+00
  0.63169000E+01  0.13664783E+01  0.13664783E+01  0.13664783E+01  0.00000000E+00  0.00000000E+00  0.00000000E+00
  0.63536000E+01  0.13658075E+01  0.13658075E+01  0.13658075E+01  0.00000000E+00  0.00000000E+00  0.00000000E+00
  0.63903000E+01  0.13681608E+01  0.13681608E+01  0.13681608E+01  0.00000000E+00  0.00000000E+00  0.00000000E+00
  0.64270000E+01  0.13724183E+01  0.13724183E+01  0.13724183E+01  0.00000000E+00  0.00000000E+00  0.00000000E+00
  0.64638000E+01  0.13773484E+01  0.13773484E+01  0.13773484E+01  0.00000000E+00  0.00000000E+00  0.00000000E+00
  0.65005000E+01  0.13817272E+01  0.13817272E+01  0.13817272E+01  0.00000000E+00  0.00000000E+00  0.00000000E+00
  0.65372000E+01  0.13846086E+01  0.13846086E+01  0.13846086E+01  0.00000000E+00  0.00000000E+00  0.00000000E+00
  0.65739000E+01  0.13853247E+01  0.13853247E+01  0.13853247E+01  0.00000000E+00  0.00000000E+00  0.00000000E+00
  0.66107000E+01  0.13837708E+01  0.13837708E+01  0.13837708E+01  0.00000000E+00  0.00000000E+00  0.00000000E+00
  0.66474000E+01  0.13802757E+01  0.13802757E+01  0.13802757E+01  0.00000000E+00  0.00000000E+00  0.00000000E+00
  0.66841000E+01  0.13756652E+01  0.13756652E+01  0.13756652E+01  0.00000000E+00  0.00000000E+00  0.00000000E+00
  0.67208000E+01  0.13709966E+01  0.13709966E+01  0.13709966E+01  0.00000000E+00  0.00000000E+00  0.00000000E+00
  0.67576000E+01  0.13674452E+01  0.13674452E+01  0.13674452E+01  0.00000000E+00  0.00000000E+00  0.00000000E+00
  0.67943000E+01  0.13659210E+01  0.13659210E+01  0.13659210E+01  0.00000000E+00  0.00000000E+00  0.00000000E+00
  0.68310000E+01  0.13669411E+01  0.13669411E+01  0.13669411E+01  0.00000000E+00  0.00000000E+00  0.00000000E+00
  0.68678000E+01  0.13703702E+01  0.13703702E+01  0.13703702E+01  0.00000000E+00  0.00000000E+00  0.00000000E+00
  0.69045000E+01  0.13753896E+01  0.13753896E+01  0.13753896E+01  0.00000000E+00  0.00000000E+00  0.00000000E+00
  0.69412000E+01  0.13807838E+01  0.13807838E+01  0.13807838E+01  0.00000000E+00  0.00000000E+00  0.00000000E+00
  0.69779000E+01  0.13851300E+01  0.13851300E+01  0.13851300E+01  0.00000000E+00  0.00000000E+00  0.00000000E+00
  0.70147000E+01  0.13872130E+01  0.13872130E+01  0.13872130E+01  0.00000000E+00  0.00000000E+00  0.00000000E+00
  0.70514000E+01  0.13864798E+01  0.13864798E+01  0.13864798E+01  0.00000000E+00  0.00000000E+00  0.00000000E+00
  0.70881000E+01  0.13830498E+01  0.13830498E+01  0.13830498E+01  0.00000000E+00  0.00000000E+00  0.00000000E+00
  0.71248000E+01  0.13779497E+01  0.13779497E+01  0.13779497E+01  0.00000000E+00  0.00000000E+00  0.00000000E+00
  0.71616000E+01  0.13726221E+01  0.13726221E+01  0.13726221E+01  0.00000000E+00  0.00000000E+00  0.00000000E+00
  0.71983000E+01  0.13686087E+01  0.13686087E+01  0.13686087E+01  0.00000000E+00  0.00000000E+00  0.00000000E+00
  0.72350000E+01  0.13671523E+01  0.13671523E+01  0.13671523E+01  0.00000000E+00  0.00000000E+00  0.00000000E+00
  0.72717000E+01  0.13688924E+01  0.13688924E+01  0.13688924E+01  0.00000000E+00  0.00000000E+00  0.00000000E+00
  0.73085000E+01  0.13737267E+01  0.13737267E+01  0.13737267E+01  0.00000000E+00  0.00000000E+00  0.00000000E+00
  0.73452000E+01  0.13810458E+01  0.13810458E+01  0.13810458E+01  0.00000000E+00  0.00000000E+00  0.00000000E+00
  0.73819000E+01  0.13900459E+01  0.13900459E+01  0.13900459E+01  0.00000000E+00  0.00000000E+00  0.00000000E+00
  0.74186000E+01  0.13998468E+01  0.13998468E+01  0.13998468E+01  0.00000000E+00  0.00000000E+00  0.00000000E+00
  0.74554000E+01  0.14096767E+01  0.14096767E+01  0.14096767E+01  0.00000000E+00  0.00000000E+00  0.00000000E+00
  0.74921000E+01  0.14187533E+01  0.14187533E+01  0.14187533E+01  0.00000000E+00  0.00000000E+00  0.00000000E+00
  0.75288000E+01  0.14262882E+01  0.14262882E+01  0.14262882E+01  0.00000000E+00  0.00000000E+00  0.00000000E+00
  0.75655000E+01  0.14316132E+01  0.14316132E+01  0.14316132E+01  0.00000000E+00  0.00000000E+00  0.00000000E+00
  0.76023000E+01  0.14343238E+01  0.14343238E+01  0.14343238E+01  0.00000000E+00  0.00000000E+00  0.00000000E+00
  0.76390000E+01  0.14343027E+01  0.14343027E+01  0.14343027E+01  0.00000000E+00  0.00000000E+00  0.00000000E+00
  0.76757000E+01  0.14319728E+01  0.14319728E+01  0.14319728E+01  0.00000000E+00  0.00000000E+00  0.00000000E+00
  0.77124000E+01  0.14280657E+01  0.14280657E+01  0.14280657E+01  0.00000000E+00  0.00000000E+00  0.00000000E+00
  0.77492000E+01  0.14236355E+01  0.14236355E+01  0.14236355E+01  0.00000000E+00  0.00000000E+00  0.00000000E+00
  0.77859000E+01  0.14196289E+01  0.14196289E+01  0.14196289E+01  0.00000000E+00  0.00000000E+00  0.00000000E+00
  0.78226000E+01  0.14168055E+01  0.14168055E+01  0.14168055E+01  0.00000000E+00  0.00000000E+00  0.00000000E+00
  0.78594000E+01  0.14154502E+01  0.14154502E+01  0.14154502E+01  0.00000000E+00  0.00000000E+00  0.00000000E+00
  0.78961000E+01  0.14155755E+01  0.14155755E+01  0.14155755E+01  0.00000000E+00  0.00000000E+00  0.00000000E+00
  0.79328000E+01  0.14167893E+01  0.14167893E+01  0.14167893E+01  0.00000000E+00  0.00000000E+00  0.00000000E+00
  0.79695000E+01  0.14185426E+01  0.14185426E+01  0.14185426E+01  0.00000000E+00  0.00000000E+00  0.00000000E+00
  0.80063000E+01  0.14203599E+01  0.14203599E+01  0.14203599E+01  0.00000000E+00  0.00000000E+00  0.00000000E+00
  0.80430000E+01  0.14217468E+01  0.14217468E+01  0.14217468E+01  0.00000000E+00  0.00000000E+00  0.00000000E+00
  0.80797000E+01  0.14223557E+01  0.14223557E+01  0.14223557E+01  0.00000000E+00  0.00000000E+00  0.00000000E+00
  0.81164000E+01  0.14220689E+01  0.14220689E+01  0.14220689E+01  0.00000000E+00  0.00000000E+00  0.00000000E+00
  0.81532000E+01  0.14209216E+01  0.14209216E+01  0.14209216E+01  0.00000000E+00  0.00000000E+00  0.00000000E+00
  0.81899000E+01  0.14191165E+01  0.14191165E+01  0.14191165E+01  0.00000000E+00  0.00000000E+00  0.00000000E+00
  0.82266000E+01  0.14170348E+01  0.14170348E+01  0.14170348E+01  0.00000000E+00  0.00000000E+00  0.00000000E+00
  0.82633000E+01  0.14149729E+01  0.14149729E+01  0.14149729E+01  0.00000000E+00  0.00000000E+00  0.00000000E+00
  0.83001000E+01  0.14131978E+01  0.14131978E+01  0.14131978E+01  0.00000000E+00  0.00000000E+00  0.00000000E+00
  0.83368000E+01  0.14118494E+01  0.14118494E+01  0.14118494E+01  0.00000000E+00  0.00000000E+00  0.00000000E+00
  0.83735000E+01  0.14109398E+01  0.14109398E+01  0.14109398E+01  0.00000000E+00  0.00000000E+00  0.00000000E+00
  0.84102000E+01  0.14102963E+01  0.14102963E+01  0.14102963E+01  0.00000000E+00  0.00000000E+00  0.00000000E+00
  0.84470000E+01  0.14096758E+01  0.14096758E+01  0.14096758E+01  0.00000000E+00  0.00000000E+00  0.00000000E+00
  0.84837000E+01  0.14088076E+01  0.14088076E+01  0.14088076E+01  0.00000000E+00  0.00000000E+00  0.00000000E+00
  0.85204000E+01  0.14072955E+01  0.14072955E+01  0.14072955E+01  0.00000000E+00  0.00000000E+00  0.00000000E+00
  0.85571000E+01  0.14049283E+01  0.14049283E+01  0.14049283E+01  0.00000000E+00  0.00000000E+00  0.00000000E+00
  0.85939000E+01  0.14016065E+01  0.14016065E+01  0.14016065E+01  0.00000000E+00  0.00000000E+00  0.00000000E+00
  0.86306000E+01  0.13972549E+01  0.13972549E+01  0.13972549E+01  0.00000000E+00  0.00000000E+00  0.00000000E+00
  0.86673000E+01  0.13920792E+01  0.13920792E+01  0.13920792E+01  0.00000000E+00  0.00000000E+00  0.00000000E+00
  0.87041000E+01  0.13862546E+01  0.13862546E+01  0.13862546E+01  0.00000000E+00  0.00000000E+00  0.00000000E+00
  0.87408000E+01  0.13801157E+01  0.13801157E+01  0.13801157E+01  0.00000000E+00  0.00000000E+00  0.00000000E+00
  0.87775000E+01  0.13739595E+01  0.13739595E+01  0.13739595E+01  0.00000000E+00  0.00000000E+00  0.00000000E+00
  0.88142000E+01  0.13682367E+01  0.13682367E+01  0.13682367E+01  0.00000000E+00  0.00000000E+00  0.00000000E+00
  0.88510000E+01  0.13634255E+01  0.13634255E+01  0.13634255E+01  0.00000000E+00  0.00000000E+00  0.00000000E+00
  0.88877000E+01  0.13599563E+01  0.13599563E+01  0.13599563E+01  0.00000000E+00  0.00000000E+00  0.00000000E+00
  0.89244000E+01  0.13580864E+01  0.13580864E+01  0.13580864E+01  0.00000000E+00  0.00000000E+00  0.00000000E+00
  0.89611000E+01  0.13578305E+01  0.13578305E+01  0.13578305E+01  0.00000000E+00  0.00000000E+00  0.00000000E+00
  0.89979000E+01  0.13589397E+01  0.13589397E+01  0.13589397E+01  0.00000000E+00  0.00000000E+00  0.00000000E+00
  0.90346000E+01  0.13609325E+01  0.13609325E+01  0.13609325E+01  0.00000000E+00  0.00000000E+00  0.00000000E+00
  0.90713000E+01  0.13634152E+01  0.13634152E+01  0.13634152E+01  0.00000000E+00  0.00000000E+00  0.00000000E+00
  0.91080000E+01  0.13661758E+01  0.13661758E+01  0.13661758E+01  0.00000000E+00  0.00000000E+00  0.00000000E+00
  0.91448000E+01  0.13691829E+01  0.13691829E+01  0.13691829E+01  0.00000000E+00  0.00000000E+00  0.00000000E+00
  0.91815000E+01  0.13726233E+01  0.13726233E+01  0.13726233E+01  0.00000000E+00  0.00000000E+00  0.00000000E+00
  0.92182000E+01  0.13766004E+01  0.13766004E+01  0.13766004E+01  0.00000000E+00  0.00000000E+00  0.00000000E+00
  0.92549000E+01  0.13808472E+01  0.13808472E+01  0.13808472E+01  0.00000000E+00  0.00000000E+00  0.00000000E+00
  0.92917000E+01  0.13849525E+01  0.13849525E+01  0.13849525E+01  0.00000000E+00  0.00000000E+00  0.00000000E+00
  0.93284000E+01  0.13882742E+01  0.13882742E+01  0.13882742E+01  0.00000000E+00  0.00000000E+00  0.00000000E+00
  0.93651000E+01  0.13902345E+01  0.13902345E+01  0.13902345E+01  0.00000000E+00  0.00000000E+00  0.00000000E+00
  0.94018000E+01  0.13906326E+01  0.13906326E+01  0.13906326E+01  0.00000000E+00  0.00000000E+00  0.00000000E+00
  0.94386000E+01  0.13896814E+01  0.13896814E+01  0.13896814E+01  0.00000000E+00  0.00000000E+00  0.00000000E+00
  0.94753000E+01  0.13878410E+01  0.13878410E+01  0.13878410E+01  0.00000000E+00  0.00000000E+00  0.00000000E+00
  0.95120000E+01  0.13858228E+01  0.13858228E+01  0.13858228E+01  0.00000000E+00  0.00000000E+00  0.00000000E+00
  0.95487000E+01  0.13841413E+01  0.13841413E+01  0.13841413E+01  0.00000000E+00  0.00000000E+00  0.00000000E+00
  0.95855000E+01  0.13830805E+01  0.13830805E+01  0.13830805E+01  0.00000000E+00  0.00000000E+00  0.00000000E+00
  0.96222000E+01  0.13826764E+01  0.13826764E+01  0.13826764E+01  0.00000000E+00  0.00000000E+00  0.00000000E+00
  0.96589000E+01  0.13826594E+01  0.13826594E+01  0.13826594E+01  0.00000000E+00  0.00000000E+00  0.00000000E+00
  0.96957000E+01  0.13827643E+01  0.13827643E+01  0.13827643E+01  0.00000000E+00  0.00000000E+00  0.00000000E+00
  0.97324000E+01  0.13827149E+01  0.13827149E+01  0.13827149E+01  0.00000000E+00  0.00000000E+00  0.00000000E+00
  0.97691000E+01  0.13822678E+01  0.13822678E+01  0.13822678E+01  0.00000000E+00  0.00000000E+00  0.00000000E+00
  0.98058000E+01  0.13813392E+01  0.13813392E+01  0.13813392E+01  0.00000000E+00  0.00000000E+00  0.00000000E+00
  0.98426000E+01  0.13799783E+01  0.13799783E+01  0.13799783E+01  0.00000000E+00  0.00000000E+00  0.00000000E+00
  0.98793000E+01  0.13784358E+01  0.13784358E+01  0.13784358E+01  0.00000000E+00  0.00000000E+00  0.00000000E+00
  0.99160000E+01  0.13770192E+01  0.13770192E+01  0.13770192E+01  0.00000000E+00  0.00000000E+00  0.00000000E+00
  0.99527000E+01  0.13762243E+01  0.13762243E+01  0.13762243E+01  0.00000000E+00  0.00000000E+00  0.00000000E+00
  0.99895000E+01  0.13763845E+01  0.13763845E+01  0.13763845E+01  0.00000000E+00  0.00000000E+00  0.00000000E+00
  0.10026200E+02  0.13776808E+01  0.13776808E+01  0.13776808E+01  0.00000000E+00  0.00000000E+00  0.00000000E+00
  0.10062900E+02  0.13799375E+01  0.13799375E+01  0.13799375E+01  0.00000000E+00  0.00000000E+00  0.00000000E+00
  0.10099600E+02  0.13826167E+01  0.13826167E+01  0.13826167E+01  0.00000000E+00  0.00000000E+00  0.00000000E+00
  0.10136400E+02  0.13849866E+01  0.13849866E+01  0.13849866E+01  0.00000000E+00  0.00000000E+00  0.00000000E+00
  0.10173100E+02  0.13861902E+01  0.13861902E+01  0.13861902E+01  0.00000000E+00  0.00000000E+00  0.00000000E+00
  0.10209800E+02  0.13855734E+01  0.13855734E+01  0.13855734E+01  0.00000000E+00  0.00000000E+00  0.00000000E+00
  0.10246500E+02  0.13827416E+01  0.13827416E+01  0.13827416E+01  0.00000000E+00  0.00000000E+00  0.00000000E+00
  0.10283300E+02  0.13776723E+01  0.13776723E+01  0.13776723E+01  0.00000000E+00  0.00000000E+00  0.00000000E+00
  0.10320000E+02  0.13706650E+01  0.13706650E+01  0.13706650E+01  0.00000000E+00  0.00000000E+00  0.00000000E+00
  0.10356700E+02  0.13623064E+01  0.13623064E+01  0.13623064E+01  0.00000000E+00  0.00000000E+00  0.00000000E+00
  0.10393400E+02  0.13532854E+01  0.13532854E+01  0.13532854E+01  0.00000000E+00  0.00000000E+00  0.00000000E+00
  0.10430200E+02  0.13442508E+01  0.13442508E+01  0.13442508E+01  0.00000000E+00  0.00000000E+00  0.00000000E+00
  0.10466900E+02  0.13356669E+01  0.13356669E+01  0.13356669E+01  0.00000000E+00  0.00000000E+00  0.00000000E+00
  0.10503600E+02  0.13277051E+01  0.13277051E+01  0.13277051E+01  0.00000000E+00  0.00000000E+00  0.00000000E+00
  0.10540300E+02  0.13203639E+01  0.13203639E+01  0.13203639E+01  0.00000000E+00  0.00000000E+00  0.00000000E+00
  0.10577100E+02  0.13137017E+01  0.13137017E+01  0.13137017E+01  0.00000000E+00  0.00000000E+00  0.00000000E+00
  0.10613800E+02  0.13076698E+01  0.13076698E+01  0.13076698E+01  0.00000000E+00  0.00000000E+00  0.00000000E+00
  0.10650500E+02  0.13024336E+01  0.13024336E+01  0.13024336E+01  0.00000000E+00  0.00000000E+00  0.00000000E+00
  0.10687300E+02  0.12982418E+01  0.12982418E+01  0.12982418E+01  0.00000000E+00  0.00000000E+00  0.00000000E+00
  0.10724000E+02  0.12954411E+01  0.12954411E+01  0.12954411E+01  0.00000000E+00  0.00000000E+00  0.00000000E+00
  0.10760700E+02  0.12941819E+01  0.12941819E+01  0.12941819E+01  0.00000000E+00  0.00000000E+00  0.00000000E+00
  0.10797400E+02  0.12945614E+01  0.12945614E+01  0.12945614E+01  0.00000000E+00  0.00000000E+00  0.00000000E+00
  0.10834200E+02  0.12965415E+01  0.12965415E+01  0.12965415E+01  0.00000000E+00  0.00000000E+00  0.00000000E+00
  0.10870900E+02  0.12999460E+01  0.12999460E+01  0.12999460E+01  0.00000000E+00  0.00000000E+00  0.00000000E+00
  0.10907600E+02  0.13044938E+01  0.13044938E+01  0.13044938E+01  0.00000000E+00  0.00000000E+00  0.00000000E+00
  0.10944300E+02  0.13098509E+01  0.13098509E+01  0.13098509E+01  0.00000000E+00  0.00000000E+00  0.00000000E+00
  0.10981100E+02  0.13155310E+01  0.13155310E+01  0.13155310E+01  0.00000000E+00  0.00000000E+00  0.00000000E+00
  0.11017800E+02  0.13210267E+01  0.13210267E+01  0.13210267E+01  0.00000000E+00  0.00000000E+00  0.00000000E+00
