     #Energy           s          py          pz          px         dxy         dyz         dz2         dxz         dx2       tot  
   -21.29982     0.00000     0.00000     0.00000     0.00000     0.00000     0.00000     0.00000     0.00000     0.00000     0.00000
   -21.21082     0.00000     0.00000     0.00000     0.00000     0.00000     0.00000     0.00000     0.00000     0.00000     0.00000
   -21.12082     0.00000     0.00000     0.00000     0.00000     0.00000     0.00000     0.00000     0.00000     0.00000     0.00000
   -21.03182     0.00000     0.00000     0.00000     0.00000     0.00000     0.00000     0.00000     0.00000     0.00000     0.00000
   -20.94182     0.00000     0.00000     0.00000     0.00000     0.00000     0.00000     0.00000     0.00000     0.00000     0.00000
   -20.85282     0.00000     0.00000     0.00000     0.00000     0.00000     0.00000     0.00000     0.00000     0.00000     0.00000
   -20.76382     0.00000     0.00000     0.00000     0.00000     0.00000     0.00000     0.00000     0.00000     0.00000     0.00000
   -20.67382     0.00000     0.00000     0.00000     0.00000     0.00000     0.00000     0.00000     0.00000     0.00000     0.00000
   -20.58482     0.00000     0.00000     0.00000     0.00000     0.00000     0.00000     0.00000     0.00000     0.00000     0.00000
   -20.49482     0.00000     0.00000     0.00000     0.00000     0.00000     0.00000     0.00000     0.00000     0.00000     0.00000
   -20.40582     0.00000     0.00000     0.00000     0.00000     0.00000     0.00000     0.00000     0.00000     0.00000     0.00000
   -20.31682     0.00000     0.00000     0.00000     0.00000     0.00000     0.00000     0.00000     0.00000     0.00000     0.00000
   -20.22682     0.00000     0.00000     0.00000     0.00000     0.00000     0.00000     0.00000     0.00000     0.00000     0.00000
   -20.13782     0.00000     0.00000     0.00000     0.00000     0.00000     0.00000     0.00000     0.00000     0.00000     0.00000
   -20.04782     0.00000     0.00000     0.00000     0.00000     0.00000     0.00000     0.00000     0.00000     0.00000     0.00000
   -19.95882     0.00000     0.00000     0.00000     0.00000     0.00000     0.00000     0.00000     0.00000     0.00000     0.00000
   -19.86982     0.00000     0.00000     0.00000     0.00000     0.00000     0.00000     0.00000     0.00000     0.00000     0.00000
   -19.77982     0.00000     0.00000     0.00000     0.00000     0.00000     0.00000     0.00000     0.00000     0.00000     0.00000
   -19.69082     0.00000     0.00000     0.00000     0.00000     0.00000     0.00000     0.00000     0.00000     0.00000     0.00000
   -19.60082     0.00000     0.00000     0.00000     0.00000     0.00000     0.00000     0.00000     0.00000     0.00000     0.00000
   -19.51182     0.00000     0.00000     0.00000     0.00000     0.00000     0.00000     0.00000     0.00000     0.00000     0.00000
   -19.42282     0.00000     0.00000     0.00000     0.00000     0.00000     0.00000     0.00000     0.00000     0.00000     0.00000
   -19.33282     0.00000     0.00000     0.00000     0.00000     0.00000     0.00000     0.00000     0.00000     0.00000     0.00000
   -19.24382    -0.00021    -0.00000    -0.00000    -0.00000    -0.00000    -0.00000    -0.00000    -0.00000    -0.00000    -0.00021
   -19.15382    -0.00075    -0.00001    -0.00000    -0.00002    -0.00000    -0.00000    -0.00000    -0.00000    -0.00000    -0.00078
   -19.06482    -0.00151    -0.00003    -0.00001    -0.00007    -0.00000    -0.00000    -0.00000    -0.00000    -0.00000    -0.00163
   -18.97582    -0.00244    -0.00007    -0.00003    -0.00016    -0.00000    -0.00000    -0.00001    -0.00000    -0.00001    -0.00273
   -18.88582    -0.00354    -0.00013    -0.00006    -0.00031    -0.00000    -0.00000    -0.00002    -0.00000    -0.00004    -0.00410
   -18.79682    -0.00472    -0.00023    -0.00012    -0.00052    -0.00000    -0.00000    -0.00004    -0.00000    -0.00009    -0.00573
   -18.70682    -0.00593    -0.00039    -0.00023    -0.00081    -0.00000    -0.00000    -0.00010    -0.00000    -0.00018    -0.00764
   -18.61782    -0.00715    -0.00063    -0.00046    -0.00116    -0.00000    -0.00000    -0.00023    -0.00000    -0.00035    -0.00999
   -18.52882    -0.00839    -0.00100    -0.00084    -0.00160    -0.00000    -0.00000    -0.00054    -0.00000    -0.00065    -0.01301
   -18.43882    -0.00961    -0.00160    -0.00147    -0.00216    -0.00000    -0.00000    -0.00134    -0.00000    -0.00122    -0.01740
   -18.34982    -0.01070    -0.00300    -0.00276    -0.00325    -0.00000    -0.00000    -0.00421    -0.00000    -0.00236    -0.02629
   -18.25982    -0.01118    -0.00402    -0.00365    -0.00402    -0.00000    -0.00000    -0.00650    -0.00000    -0.00312    -0.03250
   -18.17082    -0.01118    -0.00402    -0.00365    -0.00402    -0.00000    -0.00000    -0.00650    -0.00000    -0.00312    -0.03250
   -18.08182    -0.01118    -0.00402    -0.00365    -0.00402    -0.00000    -0.00000    -0.00650    -0.00000    -0.00312    -0.03250
   -17.99182    -0.01118    -0.00402    -0.00365    -0.00402    -0.00000    -0.00000    -0.00650    -0.00000    -0.00312    -0.03250
   -17.90282    -0.01118    -0.00402    -0.00365    -0.00402    -0.00000    -0.00000    -0.00650    -0.00000    -0.00312    -0.03250
   -17.81282    -0.01118    -0.00402    -0.00365    -0.00402    -0.00000    -0.00000    -0.00650    -0.00000    -0.00312    -0.03250
   -17.72382    -0.01118    -0.00402    -0.00365    -0.00402    -0.00000    -0.00000    -0.00650    -0.00000    -0.00312    -0.03250
   -17.63482    -0.01118    -0.00402    -0.00365    -0.00402    -0.00000    -0.00000    -0.00650    -0.00000    -0.00312    -0.03250
   -17.54482    -0.01118    -0.00402    -0.00365    -0.00402    -0.00000    -0.00000    -0.00650    -0.00000    -0.00312    -0.03250
   -17.45582    -0.01118    -0.00402    -0.00365    -0.00402    -0.00000    -0.00000    -0.00650    -0.00000    -0.00312    -0.03250
   -17.36582    -0.01118    -0.00402    -0.00365    -0.00402    -0.00000    -0.00000    -0.00650    -0.00000    -0.00312    -0.03250
   -17.27682    -0.01118    -0.00402    -0.00365    -0.00402    -0.00000    -0.00000    -0.00650    -0.00000    -0.00312    -0.03250
   -17.18782    -0.01118    -0.00402    -0.00365    -0.00402    -0.00000    -0.00000    -0.00650    -0.00000    -0.00312    -0.03250
   -17.09782    -0.01118    -0.00402    -0.00365    -0.00402    -0.00000    -0.00000    -0.00650    -0.00000    -0.00312    -0.03250
   -17.00882    -0.01118    -0.00402    -0.00365    -0.00402    -0.00000    -0.00000    -0.00650    -0.00000    -0.00312    -0.03250
   -16.91882    -0.01118    -0.00402    -0.00365    -0.00402    -0.00000    -0.00000    -0.00650    -0.00000    -0.00312    -0.03250
   -16.82982    -0.01118    -0.00402    -0.00365    -0.00402    -0.00000    -0.00000    -0.00650    -0.00000    -0.00312    -0.03250
   -16.74082    -0.01118    -0.00402    -0.00365    -0.00402    -0.00000    -0.00000    -0.00650    -0.00000    -0.00312    -0.03250
   -16.65082    -0.01118    -0.00402    -0.00365    -0.00402    -0.00000    -0.00000    -0.00650    -0.00000    -0.00312    -0.03250
   -16.56182    -0.01118    -0.00402    -0.00365    -0.00402    -0.00000    -0.00000    -0.00650    -0.00000    -0.00312    -0.03250
   -16.47182    -0.01118    -0.00402    -0.00365    -0.00402    -0.00000    -0.00000    -0.00650    -0.00000    -0.00312    -0.03250
   -16.38282    -0.01118    -0.00402    -0.00365    -0.00402    -0.00000    -0.00000    -0.00650    -0.00000    -0.00312    -0.03250
   -16.29382    -0.01118    -0.00402    -0.00365    -0.00402    -0.00000    -0.00000    -0.00650    -0.00000    -0.00312    -0.03250
   -16.20382    -0.01118    -0.00402    -0.00365    -0.00402    -0.00000    -0.00000    -0.00650    -0.00000    -0.00312    -0.03250
   -16.11482    -0.01118    -0.00402    -0.00365    -0.00402    -0.00000    -0.00000    -0.00650    -0.00000    -0.00312    -0.03250
   -16.02482    -0.01118    -0.00402    -0.00365    -0.00402    -0.00000    -0.00000    -0.00650    -0.00000    -0.00312    -0.03250
   -15.93582    -0.01118    -0.00402    -0.00365    -0.00402    -0.00000    -0.00000    -0.00650    -0.00000    -0.00312    -0.03250
   -15.84682    -0.01118    -0.00402    -0.00365    -0.00402    -0.00000    -0.00000    -0.00650    -0.00000    -0.00312    -0.03250
   -15.75682    -0.01118    -0.00402    -0.00365    -0.00402    -0.00000    -0.00000    -0.00650    -0.00000    -0.00312    -0.03250
   -15.66782    -0.01118    -0.00402    -0.00365    -0.00402    -0.00000    -0.00000    -0.00650    -0.00000    -0.00312    -0.03250
   -15.57782    -0.01118    -0.00402    -0.00365    -0.00402    -0.00000    -0.00000    -0.00650    -0.00000    -0.00312    -0.03250
   -15.48882    -0.01118    -0.00402    -0.00365    -0.00402    -0.00000    -0.00000    -0.00650    -0.00000    -0.00312    -0.03250
   -15.39882    -0.01118    -0.00402    -0.00365    -0.00402    -0.00000    -0.00000    -0.00650    -0.00000    -0.00312    -0.03250
   -15.30982    -0.01118    -0.00402    -0.00365    -0.00402    -0.00000    -0.00000    -0.00650    -0.00000    -0.00312    -0.03250
   -15.22082    -0.01118    -0.00402    -0.00365    -0.00402    -0.00000    -0.00000    -0.00650    -0.00000    -0.00312    -0.03250
   -15.13082    -0.01118    -0.00402    -0.00365    -0.00402    -0.00000    -0.00000    -0.00650    -0.00000    -0.00312    -0.03250
   -15.04182    -0.01118    -0.00402    -0.00365    -0.00402    -0.00000    -0.00000    -0.00650    -0.00000    -0.00312    -0.03250
   -14.95182    -0.01118    -0.00402    -0.00365    -0.00402    -0.00000    -0.00000    -0.00650    -0.00000    -0.00312    -0.03250
   -14.86282    -0.01118    -0.00402    -0.00365    -0.00402    -0.00000    -0.00000    -0.00650    -0.00000    -0.00312    -0.03250
   -14.77382    -0.01118    -0.00402    -0.00365    -0.00402    -0.00000    -0.00000    -0.00650    -0.00000    -0.00312    -0.03250
   -14.68382    -0.01118    -0.00402    -0.00365    -0.00402    -0.00000    -0.00000    -0.00650    -0.00000    -0.00312    -0.03250
   -14.59482    -0.01118    -0.00402    -0.00365    -0.00402    -0.00000    -0.00000    -0.00650    -0.00000    -0.00312    -0.03250
   -14.50482    -0.01118    -0.00402    -0.00365    -0.00402    -0.00000    -0.00000    -0.00650    -0.00000    -0.00312    -0.03250
   -14.41582    -0.01118    -0.00402    -0.00365    -0.00402    -0.00000    -0.00000    -0.00650    -0.00000    -0.00312    -0.03250
   -14.32682    -0.01118    -0.00402    -0.00365    -0.00402    -0.00000    -0.00000    -0.00650    -0.00000    -0.00312    -0.03250
   -14.23682    -0.01118    -0.00402    -0.00365    -0.00402    -0.00000    -0.00000    -0.00650    -0.00000    -0.00312    -0.03250
   -14.14782    -0.01118    -0.00402    -0.00365    -0.00402    -0.00000    -0.00000    -0.00650    -0.00000    -0.00312    -0.03250
   -14.05782    -0.01118    -0.00402    -0.00365    -0.00402    -0.00000    -0.00000    -0.00650    -0.00000    -0.00312    -0.03250
   -13.96882    -0.01118    -0.00402    -0.00365    -0.00402    -0.00000    -0.00000    -0.00650    -0.00000    -0.00312    -0.03250
   -13.87982    -0.01118    -0.00402    -0.00365    -0.00402    -0.00000    -0.00000    -0.00650    -0.00000    -0.00312    -0.03250
   -13.78982    -0.01118    -0.00402    -0.00365    -0.00402    -0.00000    -0.00000    -0.00650    -0.00000    -0.00312    -0.03250
   -13.70082    -0.01118    -0.00402    -0.00365    -0.00402    -0.00000    -0.00000    -0.00650    -0.00000    -0.00312    -0.03250
   -13.61082    -0.01118    -0.00402    -0.00365    -0.00402    -0.00000    -0.00000    -0.00650    -0.00000    -0.00312    -0.03250
   -13.52182    -0.01118    -0.00402    -0.00365    -0.00402    -0.00000    -0.00000    -0.00650    -0.00000    -0.00312    -0.03250
   -13.43282    -0.01118    -0.00402    -0.00365    -0.00402    -0.00000    -0.00000    -0.00650    -0.00000    -0.00312    -0.03250
   -13.34282    -0.01118    -0.00402    -0.00365    -0.00402    -0.00000    -0.00000    -0.00650    -0.00000    -0.00312    -0.03250
   -13.25382    -0.01118    -0.00402    -0.00365    -0.00402    -0.00000    -0.00000    -0.00650    -0.00000    -0.00312    -0.03250
   -13.16382    -0.01118    -0.00402    -0.00365    -0.00402    -0.00000    -0.00000    -0.00650    -0.00000    -0.00312    -0.03250
   -13.07482    -0.01118    -0.00402    -0.00365    -0.00402    -0.00000    -0.00000    -0.00650    -0.00000    -0.00312    -0.03250
   -12.98582    -0.01118    -0.00402    -0.00365    -0.00402    -0.00000    -0.00000    -0.00650    -0.00000    -0.00312    -0.03250
   -12.89582    -0.01118    -0.00402    -0.00365    -0.00402    -0.00000    -0.00000    -0.00650    -0.00000    -0.00312    -0.03250
   -12.80682    -0.01118    -0.00402    -0.00365    -0.00402    -0.00000    -0.00000    -0.00650    -0.00000    -0.00312    -0.03250
   -12.71682    -0.01118    -0.00402    -0.00365    -0.00402    -0.00000    -0.00000    -0.00650    -0.00000    -0.00312    -0.03250
   -12.62782    -0.01118    -0.00402    -0.00365    -0.00402    -0.00000    -0.00000    -0.00650    -0.00000    -0.00312    -0.03250
   -12.53882    -0.01118    -0.00402    -0.00365    -0.00402    -0.00000    -0.00000    -0.00650    -0.00000    -0.00312    -0.03250
   -12.44882    -0.01118    -0.00402    -0.00365    -0.00402    -0.00000    -0.00000    -0.00650    -0.00000    -0.00312    -0.03250
   -12.35982    -0.01118    -0.00402    -0.00365    -0.00402    -0.00000    -0.00000    -0.00650    -0.00000    -0.00312    -0.03250
   -12.26982    -0.01118    -0.00402    -0.00365    -0.00402    -0.00000    -0.00000    -0.00650    -0.00000    -0.00312    -0.03250
   -12.18082    -0.01118    -0.00402    -0.00365    -0.00402    -0.00000    -0.00000    -0.00650    -0.00000    -0.00312    -0.03250
   -12.09182    -0.01118    -0.00402    -0.00365    -0.00402    -0.00000    -0.00000    -0.00650    -0.00000    -0.00312    -0.03250
   -12.00182    -0.01118    -0.00402    -0.00365    -0.00402    -0.00000    -0.00000    -0.00650    -0.00000    -0.00312    -0.03250
   -11.91282    -0.01118    -0.00402    -0.00365    -0.00402    -0.00000    -0.00000    -0.00650    -0.00000    -0.00312    -0.03250
   -11.82282    -0.01118    -0.00402    -0.00365    -0.00402    -0.00000    -0.00000    -0.00650    -0.00000    -0.00312    -0.03250
   -11.73382    -0.01118    -0.00402    -0.00365    -0.00402    -0.00000    -0.00000    -0.00650    -0.00000    -0.00312    -0.03250
   -11.64482    -0.01118    -0.00402    -0.00365    -0.00402    -0.00000    -0.00000    -0.00650    -0.00000    -0.00312    -0.03250
   -11.55482    -0.01118    -0.00402    -0.00365    -0.00402    -0.00000    -0.00000    -0.00650    -0.00000    -0.00312    -0.03250
   -11.46582    -0.01118    -0.00402    -0.00365    -0.00402    -0.00000    -0.00000    -0.00650    -0.00000    -0.00312    -0.03250
   -11.37582    -0.01118    -0.00402    -0.00365    -0.00402    -0.00000    -0.00000    -0.00650    -0.00000    -0.00312    -0.03250
   -11.28682    -0.01118    -0.00402    -0.00365    -0.00402    -0.00000    -0.00000    -0.00650    -0.00000    -0.00312    -0.03250
   -11.19782    -0.01118    -0.00402    -0.00365    -0.00402    -0.00000    -0.00000    -0.00650    -0.00000    -0.00312    -0.03250
   -11.10782    -0.01118    -0.00402    -0.00365    -0.00402    -0.00000    -0.00000    -0.00650    -0.00000    -0.00312    -0.03250
   -11.01882    -0.01118    -0.00402    -0.00365    -0.00402    -0.00000    -0.00000    -0.00650    -0.00000    -0.00312    -0.03250
   -10.92882    -0.01118    -0.00402    -0.00365    -0.00402    -0.00000    -0.00000    -0.00650    -0.00000    -0.00312    -0.03250
   -10.83982    -0.01118    -0.00402    -0.00365    -0.00402    -0.00000    -0.00000    -0.00650    -0.00000    -0.00312    -0.03250
   -10.75082    -0.01118    -0.00402    -0.00365    -0.00402    -0.00000    -0.00000    -0.00650    -0.00000    -0.00312    -0.03250
   -10.66082    -0.01118    -0.00402    -0.00365    -0.00402    -0.00000    -0.00000    -0.00650    -0.00000    -0.00312    -0.03250
   -10.57182    -0.01118    -0.00402    -0.00365    -0.00402    -0.00000    -0.00000    -0.00650    -0.00000    -0.00312    -0.03250
   -10.48182    -0.01118    -0.00402    -0.00365    -0.00402    -0.00000    -0.00000    -0.00650    -0.00000    -0.00312    -0.03250
   -10.39282    -0.01118    -0.00402    -0.00365    -0.00402    -0.00000    -0.00000    -0.00650    -0.00000    -0.00312    -0.03250
   -10.30382    -0.01118    -0.00402    -0.00365    -0.00402    -0.00000    -0.00000    -0.00650    -0.00000    -0.00312    -0.03250
   -10.21382    -0.01118    -0.00402    -0.00365    -0.00402    -0.00000    -0.00000    -0.00650    -0.00000    -0.00312    -0.03250
   -10.12482    -0.01118    -0.00402    -0.00365    -0.00402    -0.00000    -0.00000    -0.00650    -0.00000    -0.00312    -0.03250
   -10.03482    -0.01118    -0.00402    -0.00365    -0.00402    -0.00000    -0.00000    -0.00650    -0.00000    -0.00312    -0.03250
    -9.94582    -0.01118    -0.00402    -0.00365    -0.00402    -0.00000    -0.00000    -0.00650    -0.00000    -0.00312    -0.03250
    -9.85682    -0.01118    -0.00402    -0.00365    -0.00402    -0.00000    -0.00000    -0.00650    -0.00000    -0.00312    -0.03250
    -9.76682    -0.01118    -0.00402    -0.00365    -0.00402    -0.00000    -0.00000    -0.00650    -0.00000    -0.00312    -0.03250
    -9.67782    -0.01118    -0.00402    -0.00365    -0.00402    -0.00000    -0.00000    -0.00650    -0.00000    -0.00312    -0.03250
    -9.58782    -0.01118    -0.00402    -0.00365    -0.00402    -0.00000    -0.00000    -0.00650    -0.00000    -0.00312    -0.03250
    -9.49882    -0.01118    -0.00402    -0.00365    -0.00402    -0.00000    -0.00000    -0.00650    -0.00000    -0.00312    -0.03250
    -9.40982    -0.01118    -0.00402    -0.00365    -0.00402    -0.00000    -0.00000    -0.00650    -0.00000    -0.00312    -0.03250
    -9.31982    -0.01118    -0.00402    -0.00365    -0.00402    -0.00000    -0.00000    -0.00650    -0.00000    -0.00312    -0.03250
    -9.23082    -0.01118    -0.00402    -0.00365    -0.00402    -0.00000    -0.00000    -0.00650    -0.00000    -0.00312    -0.03250
    -9.14082    -0.01118    -0.00402    -0.00365    -0.00402    -0.00000    -0.00000    -0.00650    -0.00000    -0.00312    -0.03250
    -9.05182    -0.01118    -0.00402    -0.00365    -0.00402    -0.00000    -0.00000    -0.00650    -0.00000    -0.00312    -0.03250
    -8.96282    -0.01118    -0.00402    -0.00365    -0.00402    -0.00000    -0.00000    -0.00650    -0.00000    -0.00312    -0.03250
    -8.87282    -0.01118    -0.00402    -0.00365    -0.00402    -0.00000    -0.00000    -0.00650    -0.00000    -0.00312    -0.03250
    -8.78382    -0.01118    -0.00402    -0.00365    -0.00402    -0.00000    -0.00000    -0.00650    -0.00000    -0.00312    -0.03250
    -8.69382    -0.01118    -0.00402    -0.00365    -0.00402    -0.00000    -0.00000    -0.00650    -0.00000    -0.00312    -0.03250
    -8.60482    -0.01118    -0.00402    -0.00365    -0.00402    -0.00000    -0.00000    -0.00650    -0.00000    -0.00312    -0.03250
    -8.51582    -0.01118    -0.00402    -0.00365    -0.00402    -0.00000    -0.00000    -0.00650    -0.00000    -0.00312    -0.03250
    -8.42582    -0.01118    -0.00402    -0.00365    -0.00402    -0.00000    -0.00000    -0.00650    -0.00000    -0.00312    -0.03250
    -8.33682    -0.01118    -0.00402    -0.00365    -0.00402    -0.00000    -0.00000    -0.00650    -0.00000    -0.00312    -0.03250
    -8.24682    -0.01118    -0.00402    -0.00365    -0.00402    -0.00000    -0.00000    -0.00650    -0.00000    -0.00312    -0.03250
    -8.15782    -0.01118    -0.00402    -0.00365    -0.00402    -0.00000    -0.00000    -0.00650    -0.00000    -0.00312    -0.03250
    -8.06882    -0.01118    -0.00402    -0.00365    -0.00402    -0.00000    -0.00000    -0.00650    -0.00000    -0.00312    -0.03250
    -7.97882    -0.01118    -0.00402    -0.00365    -0.00402    -0.00000    -0.00000    -0.00650    -0.00000    -0.00312    -0.03250
    -7.88982    -0.01118    -0.00402    -0.00365    -0.00402    -0.00000    -0.00000    -0.00650    -0.00000    -0.00312    -0.03250
    -7.79982    -0.01118    -0.00402    -0.00365    -0.00402    -0.00000    -0.00000    -0.00650    -0.00000    -0.00312    -0.03250
    -7.71082    -0.01118    -0.00402    -0.00365    -0.00402    -0.00000    -0.00000    -0.00650    -0.00000    -0.00312    -0.03250
    -7.62182    -0.01118    -0.00402    -0.00365    -0.00402    -0.00000    -0.00000    -0.00650    -0.00000    -0.00312    -0.03250
    -7.53182    -0.01118    -0.00402    -0.00365    -0.00402    -0.00000    -0.00000    -0.00650    -0.00000    -0.00312    -0.03250
    -7.44282    -0.01118    -0.00402    -0.00365    -0.00402    -0.00000    -0.00000    -0.00650    -0.00000    -0.00312    -0.03250
    -7.35282    -0.01118    -0.00402    -0.00365    -0.00402    -0.00000    -0.00000    -0.00650    -0.00000    -0.00312    -0.03250
    -7.26382    -0.01118    -0.00402    -0.00365    -0.00402    -0.00000    -0.00000    -0.00650    -0.00000    -0.00312    -0.03250
    -7.17482    -0.01118    -0.00402    -0.00365    -0.00402    -0.00000    -0.00000    -0.00650    -0.00000    -0.00312    -0.03250
    -7.08482    -0.01161    -0.00402    -0.00365    -0.00402    -0.00016    -0.00015    -0.00650    -0.00015    -0.00312    -0.03338
    -6.99582    -0.01286    -0.00403    -0.00365    -0.00403    -0.00063    -0.00059    -0.00650    -0.00057    -0.00312    -0.03599
    -6.90582    -0.01478    -0.00404    -0.00367    -0.00407    -0.00137    -0.00130    -0.00651    -0.00123    -0.00313    -0.04011
    -6.81682    -0.01726    -0.00407    -0.00371    -0.00414    -0.00231    -0.00225    -0.00653    -0.00209    -0.00316    -0.04552
    -6.72782    -0.02026    -0.00411    -0.00377    -0.00425    -0.00346    -0.00346    -0.00659    -0.00312    -0.00321    -0.05222
    -6.63782    -0.02377    -0.00418    -0.00387    -0.00440    -0.00480    -0.00494    -0.00670    -0.00432    -0.00333    -0.06030
    -6.54882    -0.02785    -0.00427    -0.00402    -0.00461    -0.00639    -0.00672    -0.00692    -0.00570    -0.00354    -0.07002
    -6.45882    -0.03268    -0.00438    -0.00425    -0.00487    -0.00827    -0.00888    -0.00734    -0.00729    -0.00392    -0.08188
    -6.36982    -0.03872    -0.00455    -0.00459    -0.00519    -0.01063    -0.01166    -0.00816    -0.00918    -0.00462    -0.09730
    -6.28082    -0.04668    -0.00482    -0.00515    -0.00560    -0.01371    -0.01542    -0.01005    -0.01134    -0.00604    -0.11882
    -6.19082    -0.05513    -0.00519    -0.00605    -0.00610    -0.01676    -0.01976    -0.01294    -0.01341    -0.00817    -0.14351
    -6.10182    -0.06224    -0.00554    -0.00737    -0.00705    -0.01906    -0.02351    -0.01611    -0.01530    -0.01093    -0.16712
    -6.01182    -0.06829    -0.00610    -0.01008    -0.00879    -0.02094    -0.02638    -0.01966    -0.01737    -0.01429    -0.19190
    -5.92282    -0.07299    -0.00675    -0.01395    -0.01059    -0.02243    -0.02855    -0.02244    -0.01966    -0.01716    -0.21451
    -5.83382    -0.07638    -0.00717    -0.01710    -0.01205    -0.02365    -0.03013    -0.02392    -0.02211    -0.01917    -0.23169
    -5.74382    -0.07932    -0.00750    -0.01884    -0.01360    -0.02495    -0.03144    -0.02519    -0.02467    -0.02086    -0.24637
    -5.65482    -0.08143    -0.00774    -0.01947    -0.01490    -0.02597    -0.03233    -0.02631    -0.02663    -0.02225    -0.25703
    -5.56482    -0.08271    -0.00789    -0.01959    -0.01564    -0.02661    -0.03281    -0.02721    -0.02776    -0.02339    -0.26362
    -5.47582    -0.08381    -0.00807    -0.01989    -0.01623    -0.02739    -0.03354    -0.02827    -0.02891    -0.02467    -0.27078
    -5.38682    -0.08493    -0.00862    -0.02046    -0.01699    -0.02857    -0.03527    -0.02987    -0.03058    -0.02651    -0.28179
    -5.29682    -0.08609    -0.00971    -0.02111    -0.01799    -0.03039    -0.03819    -0.03276    -0.03275    -0.02944    -0.29844
    -5.20782    -0.08725    -0.01089    -0.02198    -0.01941    -0.03325    -0.04223    -0.03918    -0.03597    -0.03536    -0.32551
    -5.11782    -0.08832    -0.01186    -0.02288    -0.02103    -0.03717    -0.04637    -0.04883    -0.03868    -0.04315    -0.35831
    -5.02882    -0.08934    -0.01268    -0.02359    -0.02261    -0.04208    -0.04987    -0.06061    -0.04026    -0.05183    -0.39286
    -4.93982    -0.09038    -0.01334    -0.02417    -0.02406    -0.04755    -0.05282    -0.07521    -0.04205    -0.06346    -0.43303
    -4.84982    -0.09145    -0.01396    -0.02470    -0.02523    -0.05303    -0.05541    -0.09631    -0.04448    -0.08184    -0.48641
    -4.76082    -0.09289    -0.01539    -0.02582    -0.02691    -0.05884    -0.05818    -0.14155    -0.04848    -0.12007    -0.58812
    -4.67082    -0.09432    -0.01733    -0.02723    -0.02892    -0.06454    -0.06120    -0.18670    -0.05289    -0.16336    -0.69649
    -4.58182    -0.09532    -0.01884    -0.02833    -0.03058    -0.06919    -0.06450    -0.20572    -0.05676    -0.19286    -0.76210
    -4.49282    -0.09615    -0.02011    -0.02929    -0.03201    -0.07275    -0.06778    -0.21433    -0.06048    -0.21120    -0.80410
    -4.40282    -0.09687    -0.02132    -0.03014    -0.03325    -0.07558    -0.07067    -0.21917    -0.06370    -0.21939    -0.83010
    -4.31382    -0.09754    -0.02257    -0.03099    -0.03440    -0.07821    -0.07336    -0.22321    -0.06633    -0.22392    -0.85053
    -4.22382    -0.09811    -0.02389    -0.03187    -0.03549    -0.08076    -0.07606    -0.22664    -0.06854    -0.22734    -0.86870
    -4.13482    -0.09858    -0.02545    -0.03291    -0.03658    -0.08327    -0.07883    -0.22948    -0.07064    -0.23006    -0.88579
    -4.04582    -0.09895    -0.02719    -0.03404    -0.03769    -0.08585    -0.08171    -0.23194    -0.07311    -0.23242    -0.90290
    -3.95582    -0.09923    -0.02894    -0.03517    -0.03883    -0.08842    -0.08464    -0.23408    -0.07614    -0.23461    -0.92007
    -3.86682    -0.09942    -0.03048    -0.03619    -0.03981    -0.09080    -0.08733    -0.23570    -0.07937    -0.23651    -0.93561
    -3.77682    -0.09954    -0.03142    -0.03696    -0.04028    -0.09301    -0.08938    -0.23689    -0.08229    -0.23807    -0.94784
    -3.68782    -0.09963    -0.03190    -0.03754    -0.04042    -0.09495    -0.09081    -0.23778    -0.08469    -0.23935    -0.95707
    -3.59882    -0.09969    -0.03223    -0.03795    -0.04051    -0.09651    -0.09191    -0.23846    -0.08667    -0.24039    -0.96434
    -3.50882    -0.09975    -0.03246    -0.03826    -0.04058    -0.09776    -0.09276    -0.23900    -0.08830    -0.24120    -0.97006
    -3.41982    -0.09979    -0.03263    -0.03849    -0.04064    -0.09874    -0.09341    -0.23941    -0.08962    -0.24182    -0.97456
    -3.32982    -0.09982    -0.03275    -0.03867    -0.04069    -0.09951    -0.09391    -0.23972    -0.09066    -0.24228    -0.97801
    -3.24082    -0.09984    -0.03285    -0.03880    -0.04073    -0.10007    -0.09428    -0.23994    -0.09144    -0.24261    -0.98055
    -3.15182    -0.09986    -0.03292    -0.03890    -0.04075    -0.10046    -0.09454    -0.24009    -0.09198    -0.24284    -0.98233
    -3.06182    -0.09986    -0.03297    -0.03897    -0.04078    -0.10070    -0.09472    -0.24018    -0.09232    -0.24298    -0.98347
    -2.97282    -0.09987    -0.03300    -0.03901    -0.04079    -0.10082    -0.09481    -0.24022    -0.09250    -0.24305    -0.98408
    -2.88282    -0.09987    -0.03302    -0.03903    -0.04080    -0.10086    -0.09484    -0.24024    -0.09256    -0.24308    -0.98429
    -2.79382    -0.09987    -0.03302    -0.03904    -0.04080    -0.10086    -0.09484    -0.24024    -0.09256    -0.24308    -0.98432
    -2.70482    -0.09987    -0.03302    -0.03904    -0.04080    -0.10086    -0.09484    -0.24024    -0.09256    -0.24308    -0.98432
    -2.61482    -0.09988    -0.03302    -0.03904    -0.04080    -0.10446    -0.09485    -0.24032    -0.09257    -0.24308    -0.98802
    -2.52582    -0.09990    -0.03303    -0.03904    -0.04081    -0.11493    -0.09536    -0.24055    -0.09260    -0.24309    -0.99931
    -2.43582    -0.09995    -0.03305    -0.03904    -0.04083    -0.12987    -0.09940    -0.24091    -0.09266    -0.24317    -1.01887
    -2.34682    -0.10005    -0.03309    -0.03904    -0.04085    -0.14769    -0.11072    -0.24140    -0.09279    -0.24341    -1.04904
    -2.25782    -0.10022    -0.03314    -0.03905    -0.04089    -0.16920    -0.13389    -0.24215    -0.09314    -0.24402    -1.09570
    -2.16782    -0.10054    -0.03322    -0.03907    -0.04093    -0.19567    -0.17461    -0.24333    -0.09556    -0.24535    -1.16828
    -2.07882    -0.10101    -0.03331    -0.03910    -0.04099    -0.22990    -0.23174    -0.24502    -0.10229    -0.24719    -1.27054
    -1.98882    -0.10165    -0.03341    -0.03915    -0.04107    -0.28643    -0.31745    -0.24800    -0.12244    -0.24993    -1.43952
    -1.89982    -0.10220    -0.03352    -0.03921    -0.04115    -0.34978    -0.39910    -0.25120    -0.15677    -0.25235    -1.62528
    -1.81082    -0.10244    -0.03363    -0.03927    -0.04122    -0.39747    -0.44889    -0.25312    -0.18998    -0.25328    -1.75930
    -1.72082    -0.10269    -0.03374    -0.03933    -0.04130    -0.44194    -0.49671    -0.25434    -0.22212    -0.25387    -1.88604
    -1.63182    -0.10304    -0.03383    -0.03940    -0.04137    -0.48894    -0.54946    -0.25524    -0.26237    -0.25466    -2.02831
    -1.54182    -0.10331    -0.03393    -0.03950    -0.04145    -0.54090    -0.60523    -0.25638    -0.31718    -0.25623    -2.19411
    -1.45282    -0.10348    -0.03409    -0.03966    -0.04158    -0.62955    -0.68872    -0.26066    -0.43731    -0.26149    -2.49652
    -1.36382    -0.10380    -0.03420    -0.03982    -0.04170    -0.70872    -0.76598    -0.26602    -0.57556    -0.26699    -2.80278
    -1.27382    -0.10487    -0.03423    -0.03994    -0.04183    -0.76886    -0.82879    -0.27178    -0.75508    -0.27242    -3.11780
    -1.18482    -0.10629    -0.03427    -0.04000    -0.04195    -0.84096    -0.87337    -0.27585    -0.91218    -0.27697    -3.40185
    -1.09482    -0.10687    -0.03427    -0.04001    -0.04197    -0.87154    -0.87773    -0.27596    -0.94014    -0.27742    -3.46592
    -1.00582    -0.10687    -0.03427    -0.04001    -0.04197    -0.87154    -0.87773    -0.27596    -0.94014    -0.27742    -3.46592
    -0.91682    -0.10687    -0.03427    -0.04001    -0.04197    -0.87154    -0.87773    -0.27596    -0.94014    -0.27742    -3.46592
    -0.82682    -0.10687    -0.03427    -0.04001    -0.04197    -0.87154    -0.87774    -0.27603    -0.94014    -0.27757    -3.46614
    -0.73782    -0.10689    -0.03429    -0.04001    -0.04200    -0.87170    -0.87781    -0.28414    -0.94030    -0.28529    -3.48244
    -0.64782    -0.10698    -0.03432    -0.04003    -0.04208    -0.87233    -0.87805    -0.31061    -0.94079    -0.31079    -3.53599
    -0.55882    -0.10715    -0.03438    -0.04006    -0.04219    -0.87367    -0.87857    -0.36035    -0.94157    -0.35172    -3.62967
    -0.46982    -0.10734    -0.03444    -0.04010    -0.04229    -0.87553    -0.87950    -0.42717    -0.94275    -0.40582    -3.75495
    -0.37982    -0.10748    -0.03451    -0.04015    -0.04238    -0.87760    -0.88128    -0.51066    -0.94489    -0.48985    -3.92881
    -0.29082    -0.10762    -0.03459    -0.04020    -0.04247    -0.87981    -0.88390    -0.62308    -0.94912    -0.62217    -4.18296
    -0.20082    -0.10777    -0.03469    -0.04026    -0.04255    -0.88212    -0.88717    -0.80380    -0.95487    -0.80540    -4.55862
    -0.11182    -0.10784    -0.03474    -0.04030    -0.04260    -0.88352    -0.88909    -0.92712    -0.95811    -0.91580    -4.79912
    -0.02282    -0.10784    -0.03474    -0.04030    -0.04260    -0.88377    -0.88917    -0.93418    -0.95840    -0.92236    -4.81336
     0.06718    -0.10784    -0.03474    -0.04030    -0.04260    -0.88377    -0.88917    -0.93418    -0.95840    -0.92236    -4.81336
     0.15618    -0.10784    -0.03474    -0.04030    -0.04260    -0.88377    -0.88917    -0.93418    -0.95840    -0.92236    -4.81336
     0.24618    -0.10784    -0.03474    -0.04030    -0.04260    -0.88377    -0.88917    -0.93418    -0.95840    -0.92236    -4.81336
     0.33518    -0.10784    -0.03474    -0.04030    -0.04260    -0.88377    -0.88917    -0.93418    -0.95840    -0.92236    -4.81336
     0.42418    -0.10784    -0.03474    -0.04030    -0.04260    -0.88377    -0.88917    -0.93418    -0.95840    -0.92236    -4.81336
     0.51418    -0.10784    -0.03474    -0.04030    -0.04260    -0.88377    -0.88917    -0.93418    -0.95840    -0.92236    -4.81336
     0.60318    -0.10784    -0.03474    -0.04030    -0.04260    -0.88377    -0.88917    -0.93418    -0.95840    -0.92236    -4.81336
     0.69318    -0.10784    -0.03474    -0.04030    -0.04260    -0.88377    -0.88917    -0.93418    -0.95840    -0.92236    -4.81336
     0.78218    -0.10784    -0.03474    -0.04030    -0.04260    -0.88377    -0.88917    -0.93418    -0.95840    -0.92236    -4.81336
     0.87118    -0.10784    -0.03474    -0.04030    -0.04260    -0.88377    -0.88917    -0.93418    -0.95840    -0.92236    -4.81336
     0.96118    -0.10788    -0.03474    -0.04030    -0.04260    -0.88377    -0.88917    -0.93418    -0.95840    -0.92236    -4.81341
     1.05018    -0.10801    -0.03475    -0.04030    -0.04260    -0.88377    -0.88917    -0.93418    -0.95840    -0.92236    -4.81354
     1.14018    -0.10820    -0.03475    -0.04031    -0.04260    -0.88377    -0.88917    -0.93418    -0.95840    -0.92236    -4.81375
     1.22918    -0.10844    -0.03477    -0.04033    -0.04261    -0.88377    -0.88936    -0.93421    -0.95840    -0.92238    -4.81427
     1.31818    -0.10874    -0.03481    -0.04036    -0.04263    -0.88400    -0.88990    -0.93428    -0.95842    -0.92241    -4.81554
     1.40818    -0.10910    -0.03486    -0.04040    -0.04267    -0.88510    -0.89075    -0.93440    -0.95844    -0.92248    -4.81819
     1.49718    -0.10955    -0.03492    -0.04043    -0.04271    -0.88806    -0.89190    -0.93458    -0.95848    -0.92258    -4.82321
     1.58718    -0.11008    -0.03499    -0.04047    -0.04276    -0.89190    -0.89336    -0.93480    -0.95854    -0.92272    -4.82962
     1.67618    -0.11075    -0.03508    -0.04050    -0.04283    -0.89508    -0.89519    -0.93502    -0.95863    -0.92290    -4.83598
     1.76518    -0.11160    -0.03520    -0.04057    -0.04294    -0.89760    -0.89754    -0.93523    -0.95878    -0.92317    -4.84264
     1.85518    -0.11239    -0.03529    -0.04062    -0.04302    -0.89950    -0.89970    -0.93541    -0.95891    -0.92341    -4.84824
     1.94418    -0.11343    -0.03533    -0.04066    -0.04306    -0.90086    -0.90180    -0.93556    -0.95911    -0.92359    -4.85340
     2.03418    -0.11491    -0.03537    -0.04072    -0.04311    -0.90191    -0.90384    -0.93573    -0.95954    -0.92380    -4.85896
     2.12318    -0.11674    -0.03543    -0.04081    -0.04316    -0.90282    -0.90515    -0.93594    -0.96001    -0.92402    -4.86408
     2.21218    -0.11934    -0.03550    -0.04093    -0.04324    -0.90360    -0.90608    -0.93616    -0.96040    -0.92429    -4.86955
     2.30218    -0.12244    -0.03560    -0.04108    -0.04335    -0.90428    -0.90677    -0.93640    -0.96075    -0.92458    -4.87525
     2.39118    -0.12579    -0.03570    -0.04127    -0.04348    -0.90483    -0.90732    -0.93665    -0.96105    -0.92485    -4.88095
     2.48118    -0.12910    -0.03582    -0.04150    -0.04364    -0.90523    -0.90774    -0.93692    -0.96132    -0.92509    -4.88635
     2.57018    -0.13203    -0.03594    -0.04175    -0.04382    -0.90554    -0.90806    -0.93720    -0.96156    -0.92530    -4.89121
     2.65918    -0.13460    -0.03609    -0.04203    -0.04404    -0.90582    -0.90835    -0.93750    -0.96179    -0.92552    -4.89575
     2.74918    -0.13664    -0.03620    -0.04229    -0.04422    -0.90597    -0.90850    -0.93776    -0.96191    -0.92571    -4.89920
     2.83818    -0.13839    -0.03628    -0.04252    -0.04437    -0.90598    -0.90852    -0.93801    -0.96192    -0.92585    -4.90184
     2.92818    -0.14085    -0.03640    -0.04282    -0.04459    -0.90600    -0.90854    -0.93854    -0.96193    -0.92604    -4.90572
     3.01718    -0.14363    -0.03659    -0.04321    -0.04490    -0.90601    -0.90857    -0.93916    -0.96194    -0.92627    -4.91029
     3.10718    -0.14592    -0.03686    -0.04376    -0.04542    -0.90603    -0.90861    -0.93966    -0.96195    -0.92659    -4.91479
     3.19618    -0.14776    -0.03727    -0.04443    -0.04620    -0.90606    -0.90866    -0.94022    -0.96197    -0.92713    -4.91969
     3.28518    -0.14863    -0.03758    -0.04486    -0.04677    -0.90609    -0.90869    -0.94070    -0.96198    -0.92765    -4.92295
     3.37518    -0.14877    -0.03767    -0.04497    -0.04694    -0.90611    -0.90870    -0.94095    -0.96198    -0.92794    -4.92403
     3.46418    -0.14881    -0.03770    -0.04500    -0.04700    -0.90611    -0.90870    -0.94110    -0.96199    -0.92820    -4.92461
     3.55418    -0.14882    -0.03772    -0.04501    -0.04701    -0.90611    -0.90870    -0.94117    -0.96199    -0.92833    -4.92486
     3.64318    -0.14882    -0.03772    -0.04501    -0.04701    -0.90611    -0.90870    -0.94117    -0.96199    -0.92833    -4.92486
     3.73218    -0.14882    -0.03772    -0.04501    -0.04701    -0.90611    -0.90870    -0.94117    -0.96199    -0.92833    -4.92486
     3.82218    -0.14882    -0.03772    -0.04501    -0.04701    -0.90611    -0.90870    -0.94117    -0.96199    -0.92833    -4.92486
     3.91118    -0.14882    -0.03772    -0.04501    -0.04701    -0.90611    -0.90870    -0.94117    -0.96199    -0.92833    -4.92486
     4.00118    -0.14882    -0.03772    -0.04501    -0.04701    -0.90611    -0.90870    -0.94117    -0.96199    -0.92833    -4.92486
     4.09018    -0.14882    -0.03772    -0.04501    -0.04701    -0.90611    -0.90870    -0.94117    -0.96199    -0.92833    -4.92486
     4.17918    -0.14882    -0.03772    -0.04501    -0.04701    -0.90611    -0.90870    -0.94117    -0.96199    -0.92833    -4.92486
     4.26918    -0.14882    -0.03772    -0.04501    -0.04701    -0.90611    -0.90870    -0.94117    -0.96199    -0.92833    -4.92486
     4.35818    -0.14882    -0.03772    -0.04501    -0.04701    -0.90611    -0.90870    -0.94117    -0.96199    -0.92833    -4.92486
     4.44818    -0.14882    -0.03772    -0.04501    -0.04701    -0.90611    -0.90870    -0.94117    -0.96199    -0.92833    -4.92486
     4.53718    -0.14882    -0.03772    -0.04501    -0.04701    -0.90611    -0.90870    -0.94117    -0.96199    -0.92833    -4.92486
     4.62618    -0.14882    -0.03772    -0.04501    -0.04701    -0.90611    -0.90870    -0.94117    -0.96199    -0.92833    -4.92486
     4.71618    -0.14882    -0.03772    -0.04501    -0.04701    -0.90611    -0.90870    -0.94117    -0.96199    -0.92833    -4.92486
     4.80518    -0.14882    -0.03772    -0.04501    -0.04701    -0.90611    -0.90870    -0.94117    -0.96199    -0.92833    -4.92486
     4.89518    -0.14882    -0.03772    -0.04501    -0.04701    -0.90611    -0.90870    -0.94117    -0.96199    -0.92833    -4.92486
     4.98418    -0.14882    -0.03772    -0.04501    -0.04701    -0.90611    -0.90870    -0.94117    -0.96199    -0.92833    -4.92486
     5.07318    -0.14882    -0.03772    -0.04501    -0.04701    -0.90611    -0.90870    -0.94117    -0.96199    -0.92833    -4.92486
     5.16318    -0.14882    -0.03772    -0.04501    -0.04701    -0.90611    -0.90870    -0.94117    -0.96199    -0.92833    -4.92486
     5.25218    -0.14882    -0.03772    -0.04501    -0.04701    -0.90611    -0.90870    -0.94117    -0.96199    -0.92833    -4.92486
     5.34218    -0.14882    -0.03772    -0.04501    -0.04701    -0.90611    -0.90870    -0.94117    -0.96199    -0.92833    -4.92486
     5.43118    -0.14882    -0.03772    -0.04501    -0.04701    -0.90611    -0.90870    -0.94117    -0.96199    -0.92833    -4.92486
     5.52018    -0.14882    -0.03772    -0.04501    -0.04701    -0.90611    -0.90870    -0.94117    -0.96199    -0.92833    -4.92486
