     #Energy           s          py          pz          px         dxy         dyz         dz2         dxz         dx2       tot  
   -21.29982     0.00000     0.00000     0.00000     0.00000     0.00000     0.00000     0.00000     0.00000     0.00000     0.00000
   -21.21082     0.00000     0.00000     0.00000     0.00000     0.00000     0.00000     0.00000     0.00000     0.00000     0.00000
   -21.12082     0.00000     0.00000     0.00000     0.00000     0.00000     0.00000     0.00000     0.00000     0.00000     0.00000
   -21.03182     0.00000     0.00000     0.00000     0.00000     0.00000     0.00000     0.00000     0.00000     0.00000     0.00000
   -20.94182     0.00000     0.00000     0.00000     0.00000     0.00000     0.00000     0.00000     0.00000     0.00000     0.00000
   -20.85282     0.00000     0.00000     0.00000     0.00000     0.00000     0.00000     0.00000     0.00000     0.00000     0.00000
   -20.76382     0.00000     0.00000     0.00000     0.00000     0.00000     0.00000     0.00000     0.00000     0.00000     0.00000
   -20.67382     0.00000     0.00000     0.00000     0.00000     0.00000     0.00000     0.00000     0.00000     0.00000     0.00000
   -20.58482     0.00000     0.00000     0.00000     0.00000     0.00000     0.00000     0.00000     0.00000     0.00000     0.00000
   -20.49482     0.00000     0.00000     0.00000     0.00000     0.00000     0.00000     0.00000     0.00000     0.00000     0.00000
   -20.40582     0.00000     0.00000     0.00000     0.00000     0.00000     0.00000     0.00000     0.00000     0.00000     0.00000
   -20.31682     0.00000     0.00000     0.00000     0.00000     0.00000     0.00000     0.00000     0.00000     0.00000     0.00000
   -20.22682     0.00000     0.00000     0.00000     0.00000     0.00000     0.00000     0.00000     0.00000     0.00000     0.00000
   -20.13782     0.00000     0.00000     0.00000     0.00000     0.00000     0.00000     0.00000     0.00000     0.00000     0.00000
   -20.04782     0.00000     0.00000     0.00000     0.00000     0.00000     0.00000     0.00000     0.00000     0.00000     0.00000
   -19.95882     0.00000     0.00000     0.00000     0.00000     0.00000     0.00000     0.00000     0.00000     0.00000     0.00000
   -19.86982     0.00000     0.00000     0.00000     0.00000     0.00000     0.00000     0.00000     0.00000     0.00000     0.00000
   -19.77982     0.00000     0.00000     0.00000     0.00000     0.00000     0.00000     0.00000     0.00000     0.00000     0.00000
   -19.69082     0.00000     0.00000     0.00000     0.00000     0.00000     0.00000     0.00000     0.00000     0.00000     0.00000
   -19.60082     0.00000     0.00000     0.00000     0.00000     0.00000     0.00000     0.00000     0.00000     0.00000     0.00000
   -19.51182     0.00000     0.00000     0.00000     0.00000     0.00000     0.00000     0.00000     0.00000     0.00000     0.00000
   -19.42282     0.00000     0.00000     0.00000     0.00000     0.00000     0.00000     0.00000     0.00000     0.00000     0.00000
   -19.33282     0.00000     0.00000     0.00000     0.00000     0.00000     0.00000     0.00000     0.00000     0.00000     0.00000
   -19.24382     0.00249     0.00000     0.00000     0.00000     0.00000     0.00000     0.00000     0.00000     0.00000     0.00249
   -19.15382     0.00951     0.00000     0.00000     0.00000     0.00000     0.00000     0.00000     0.00000     0.00000     0.00952
   -19.06482     0.02049     0.00000     0.00000     0.00001     0.00000     0.00000     0.00000     0.00000     0.00000     0.02050
   -18.97582     0.03545     0.00000     0.00000     0.00001     0.00000     0.00000     0.00000     0.00000     0.00000     0.03547
   -18.88582     0.05517     0.00001     0.00000     0.00002     0.00000     0.00000     0.00000     0.00000     0.00000     0.05520
   -18.79682     0.08023     0.00001     0.00001     0.00003     0.00000     0.00000     0.00000     0.00000     0.00000     0.08028
   -18.70682     0.11240     0.00002     0.00001     0.00004     0.00000     0.00000     0.00000     0.00000     0.00000     0.11248
   -18.61782     0.15524     0.00003     0.00002     0.00006     0.00000     0.00000     0.00000     0.00000     0.00000     0.15534
   -18.52882     0.21461     0.00004     0.00003     0.00007     0.00000     0.00000     0.00000     0.00000     0.00000     0.21474
   -18.43882     0.30676     0.00005     0.00004     0.00008     0.00000     0.00000     0.00000     0.00000     0.00000     0.30693
   -18.34982     0.50746     0.00006     0.00005     0.00009     0.00000     0.00000     0.00000     0.00000     0.00000     0.50766
   -18.25982     0.65086     0.00006     0.00006     0.00009     0.00000     0.00000     0.00000     0.00000     0.00000     0.65107
   -18.17082     0.65086     0.00006     0.00006     0.00009     0.00000     0.00000     0.00000     0.00000     0.00000     0.65107
   -18.08182     0.65086     0.00006     0.00006     0.00009     0.00000     0.00000     0.00000     0.00000     0.00000     0.65107
   -17.99182     0.65086     0.00006     0.00006     0.00009     0.00000     0.00000     0.00000     0.00000     0.00000     0.65107
   -17.90282     0.65086     0.00006     0.00006     0.00009     0.00000     0.00000     0.00000     0.00000     0.00000     0.65107
   -17.81282     0.65086     0.00006     0.00006     0.00009     0.00000     0.00000     0.00000     0.00000     0.00000     0.65107
   -17.72382     0.65086     0.00006     0.00006     0.00009     0.00000     0.00000     0.00000     0.00000     0.00000     0.65107
   -17.63482     0.65086     0.00006     0.00006     0.00009     0.00000     0.00000     0.00000     0.00000     0.00000     0.65107
   -17.54482     0.65086     0.00006     0.00006     0.00009     0.00000     0.00000     0.00000     0.00000     0.00000     0.65107
   -17.45582     0.65086     0.00006     0.00006     0.00009     0.00000     0.00000     0.00000     0.00000     0.00000     0.65107
   -17.36582     0.65086     0.00006     0.00006     0.00009     0.00000     0.00000     0.00000     0.00000     0.00000     0.65107
   -17.27682     0.65086     0.00006     0.00006     0.00009     0.00000     0.00000     0.00000     0.00000     0.00000     0.65107
   -17.18782     0.65086     0.00006     0.00006     0.00009     0.00000     0.00000     0.00000     0.00000     0.00000     0.65107
   -17.09782     0.65086     0.00006     0.00006     0.00009     0.00000     0.00000     0.00000     0.00000     0.00000     0.65107
   -17.00882     0.65086     0.00006     0.00006     0.00009     0.00000     0.00000     0.00000     0.00000     0.00000     0.65107
   -16.91882     0.65086     0.00006     0.00006     0.00009     0.00000     0.00000     0.00000     0.00000     0.00000     0.65107
   -16.82982     0.65086     0.00006     0.00006     0.00009     0.00000     0.00000     0.00000     0.00000     0.00000     0.65107
   -16.74082     0.65086     0.00006     0.00006     0.00009     0.00000     0.00000     0.00000     0.00000     0.00000     0.65107
   -16.65082     0.65086     0.00006     0.00006     0.00009     0.00000     0.00000     0.00000     0.00000     0.00000     0.65107
   -16.56182     0.65086     0.00006     0.00006     0.00009     0.00000     0.00000     0.00000     0.00000     0.00000     0.65107
   -16.47182     0.65086     0.00006     0.00006     0.00009     0.00000     0.00000     0.00000     0.00000     0.00000     0.65107
   -16.38282     0.65086     0.00006     0.00006     0.00009     0.00000     0.00000     0.00000     0.00000     0.00000     0.65107
   -16.29382     0.65086     0.00006     0.00006     0.00009     0.00000     0.00000     0.00000     0.00000     0.00000     0.65107
   -16.20382     0.65086     0.00006     0.00006     0.00009     0.00000     0.00000     0.00000     0.00000     0.00000     0.65107
   -16.11482     0.65086     0.00006     0.00006     0.00009     0.00000     0.00000     0.00000     0.00000     0.00000     0.65107
   -16.02482     0.65086     0.00006     0.00006     0.00009     0.00000     0.00000     0.00000     0.00000     0.00000     0.65107
   -15.93582     0.65086     0.00006     0.00006     0.00009     0.00000     0.00000     0.00000     0.00000     0.00000     0.65107
   -15.84682     0.65086     0.00006     0.00006     0.00009     0.00000     0.00000     0.00000     0.00000     0.00000     0.65107
   -15.75682     0.65086     0.00006     0.00006     0.00009     0.00000     0.00000     0.00000     0.00000     0.00000     0.65107
   -15.66782     0.65086     0.00006     0.00006     0.00009     0.00000     0.00000     0.00000     0.00000     0.00000     0.65107
   -15.57782     0.65086     0.00006     0.00006     0.00009     0.00000     0.00000     0.00000     0.00000     0.00000     0.65107
   -15.48882     0.65086     0.00006     0.00006     0.00009     0.00000     0.00000     0.00000     0.00000     0.00000     0.65107
   -15.39882     0.65086     0.00006     0.00006     0.00009     0.00000     0.00000     0.00000     0.00000     0.00000     0.65107
   -15.30982     0.65086     0.00006     0.00006     0.00009     0.00000     0.00000     0.00000     0.00000     0.00000     0.65107
   -15.22082     0.65086     0.00006     0.00006     0.00009     0.00000     0.00000     0.00000     0.00000     0.00000     0.65107
   -15.13082     0.65086     0.00006     0.00006     0.00009     0.00000     0.00000     0.00000     0.00000     0.00000     0.65107
   -15.04182     0.65086     0.00006     0.00006     0.00009     0.00000     0.00000     0.00000     0.00000     0.00000     0.65107
   -14.95182     0.65086     0.00006     0.00006     0.00009     0.00000     0.00000     0.00000     0.00000     0.00000     0.65107
   -14.86282     0.65086     0.00006     0.00006     0.00009     0.00000     0.00000     0.00000     0.00000     0.00000     0.65107
   -14.77382     0.65086     0.00006     0.00006     0.00009     0.00000     0.00000     0.00000     0.00000     0.00000     0.65107
   -14.68382     0.65086     0.00006     0.00006     0.00009     0.00000     0.00000     0.00000     0.00000     0.00000     0.65107
   -14.59482     0.65086     0.00006     0.00006     0.00009     0.00000     0.00000     0.00000     0.00000     0.00000     0.65107
   -14.50482     0.65086     0.00006     0.00006     0.00009     0.00000     0.00000     0.00000     0.00000     0.00000     0.65107
   -14.41582     0.65086     0.00006     0.00006     0.00009     0.00000     0.00000     0.00000     0.00000     0.00000     0.65107
   -14.32682     0.65086     0.00006     0.00006     0.00009     0.00000     0.00000     0.00000     0.00000     0.00000     0.65107
   -14.23682     0.65086     0.00006     0.00006     0.00009     0.00000     0.00000     0.00000     0.00000     0.00000     0.65107
   -14.14782     0.65086     0.00006     0.00006     0.00009     0.00000     0.00000     0.00000     0.00000     0.00000     0.65107
   -14.05782     0.65086     0.00006     0.00006     0.00009     0.00000     0.00000     0.00000     0.00000     0.00000     0.65107
   -13.96882     0.65086     0.00006     0.00006     0.00009     0.00000     0.00000     0.00000     0.00000     0.00000     0.65107
   -13.87982     0.65086     0.00006     0.00006     0.00009     0.00000     0.00000     0.00000     0.00000     0.00000     0.65107
   -13.78982     0.65086     0.00006     0.00006     0.00009     0.00000     0.00000     0.00000     0.00000     0.00000     0.65107
   -13.70082     0.65086     0.00006     0.00006     0.00009     0.00000     0.00000     0.00000     0.00000     0.00000     0.65107
   -13.61082     0.65086     0.00006     0.00006     0.00009     0.00000     0.00000     0.00000     0.00000     0.00000     0.65107
   -13.52182     0.65086     0.00006     0.00006     0.00009     0.00000     0.00000     0.00000     0.00000     0.00000     0.65107
   -13.43282     0.65086     0.00006     0.00006     0.00009     0.00000     0.00000     0.00000     0.00000     0.00000     0.65107
   -13.34282     0.65086     0.00006     0.00006     0.00009     0.00000     0.00000     0.00000     0.00000     0.00000     0.65107
   -13.25382     0.65086     0.00006     0.00006     0.00009     0.00000     0.00000     0.00000     0.00000     0.00000     0.65107
   -13.16382     0.65086     0.00006     0.00006     0.00009     0.00000     0.00000     0.00000     0.00000     0.00000     0.65107
   -13.07482     0.65086     0.00006     0.00006     0.00009     0.00000     0.00000     0.00000     0.00000     0.00000     0.65107
   -12.98582     0.65086     0.00006     0.00006     0.00009     0.00000     0.00000     0.00000     0.00000     0.00000     0.65107
   -12.89582     0.65086     0.00006     0.00006     0.00009     0.00000     0.00000     0.00000     0.00000     0.00000     0.65107
   -12.80682     0.65086     0.00006     0.00006     0.00009     0.00000     0.00000     0.00000     0.00000     0.00000     0.65107
   -12.71682     0.65086     0.00006     0.00006     0.00009     0.00000     0.00000     0.00000     0.00000     0.00000     0.65107
   -12.62782     0.65086     0.00006     0.00006     0.00009     0.00000     0.00000     0.00000     0.00000     0.00000     0.65107
   -12.53882     0.65086     0.00006     0.00006     0.00009     0.00000     0.00000     0.00000     0.00000     0.00000     0.65107
   -12.44882     0.65086     0.00006     0.00006     0.00009     0.00000     0.00000     0.00000     0.00000     0.00000     0.65107
   -12.35982     0.65086     0.00006     0.00006     0.00009     0.00000     0.00000     0.00000     0.00000     0.00000     0.65107
   -12.26982     0.65086     0.00006     0.00006     0.00009     0.00000     0.00000     0.00000     0.00000     0.00000     0.65107
   -12.18082     0.65086     0.00006     0.00006     0.00009     0.00000     0.00000     0.00000     0.00000     0.00000     0.65107
   -12.09182     0.65086     0.00006     0.00006     0.00009     0.00000     0.00000     0.00000     0.00000     0.00000     0.65107
   -12.00182     0.65086     0.00006     0.00006     0.00009     0.00000     0.00000     0.00000     0.00000     0.00000     0.65107
   -11.91282     0.65086     0.00006     0.00006     0.00009     0.00000     0.00000     0.00000     0.00000     0.00000     0.65107
   -11.82282     0.65086     0.00006     0.00006     0.00009     0.00000     0.00000     0.00000     0.00000     0.00000     0.65107
   -11.73382     0.65086     0.00006     0.00006     0.00009     0.00000     0.00000     0.00000     0.00000     0.00000     0.65107
   -11.64482     0.65086     0.00006     0.00006     0.00009     0.00000     0.00000     0.00000     0.00000     0.00000     0.65107
   -11.55482     0.65086     0.00006     0.00006     0.00009     0.00000     0.00000     0.00000     0.00000     0.00000     0.65107
   -11.46582     0.65086     0.00006     0.00006     0.00009     0.00000     0.00000     0.00000     0.00000     0.00000     0.65107
   -11.37582     0.65086     0.00006     0.00006     0.00009     0.00000     0.00000     0.00000     0.00000     0.00000     0.65107
   -11.28682     0.65086     0.00006     0.00006     0.00009     0.00000     0.00000     0.00000     0.00000     0.00000     0.65107
   -11.19782     0.65086     0.00006     0.00006     0.00009     0.00000     0.00000     0.00000     0.00000     0.00000     0.65107
   -11.10782     0.65086     0.00006     0.00006     0.00009     0.00000     0.00000     0.00000     0.00000     0.00000     0.65107
   -11.01882     0.65086     0.00006     0.00006     0.00009     0.00000     0.00000     0.00000     0.00000     0.00000     0.65107
   -10.92882     0.65086     0.00006     0.00006     0.00009     0.00000     0.00000     0.00000     0.00000     0.00000     0.65107
   -10.83982     0.65086     0.00006     0.00006     0.00009     0.00000     0.00000     0.00000     0.00000     0.00000     0.65107
   -10.75082     0.65086     0.00006     0.00006     0.00009     0.00000     0.00000     0.00000     0.00000     0.00000     0.65107
   -10.66082     0.65086     0.00006     0.00006     0.00009     0.00000     0.00000     0.00000     0.00000     0.00000     0.65107
   -10.57182     0.65086     0.00006     0.00006     0.00009     0.00000     0.00000     0.00000     0.00000     0.00000     0.65107
   -10.48182     0.65086     0.00006     0.00006     0.00009     0.00000     0.00000     0.00000     0.00000     0.00000     0.65107
   -10.39282     0.65086     0.00006     0.00006     0.00009     0.00000     0.00000     0.00000     0.00000     0.00000     0.65107
   -10.30382     0.65086     0.00006     0.00006     0.00009     0.00000     0.00000     0.00000     0.00000     0.00000     0.65107
   -10.21382     0.65086     0.00006     0.00006     0.00009     0.00000     0.00000     0.00000     0.00000     0.00000     0.65107
   -10.12482     0.65086     0.00006     0.00006     0.00009     0.00000     0.00000     0.00000     0.00000     0.00000     0.65107
   -10.03482     0.65086     0.00006     0.00006     0.00009     0.00000     0.00000     0.00000     0.00000     0.00000     0.65107
    -9.94582     0.65086     0.00006     0.00006     0.00009     0.00000     0.00000     0.00000     0.00000     0.00000     0.65107
    -9.85682     0.65086     0.00006     0.00006     0.00009     0.00000     0.00000     0.00000     0.00000     0.00000     0.65107
    -9.76682     0.65086     0.00006     0.00006     0.00009     0.00000     0.00000     0.00000     0.00000     0.00000     0.65107
    -9.67782     0.65086     0.00006     0.00006     0.00009     0.00000     0.00000     0.00000     0.00000     0.00000     0.65107
    -9.58782     0.65086     0.00006     0.00006     0.00009     0.00000     0.00000     0.00000     0.00000     0.00000     0.65107
    -9.49882     0.65086     0.00006     0.00006     0.00009     0.00000     0.00000     0.00000     0.00000     0.00000     0.65107
    -9.40982     0.65086     0.00006     0.00006     0.00009     0.00000     0.00000     0.00000     0.00000     0.00000     0.65107
    -9.31982     0.65086     0.00006     0.00006     0.00009     0.00000     0.00000     0.00000     0.00000     0.00000     0.65107
    -9.23082     0.65086     0.00006     0.00006     0.00009     0.00000     0.00000     0.00000     0.00000     0.00000     0.65107
    -9.14082     0.65086     0.00006     0.00006     0.00009     0.00000     0.00000     0.00000     0.00000     0.00000     0.65107
    -9.05182     0.65086     0.00006     0.00006     0.00009     0.00000     0.00000     0.00000     0.00000     0.00000     0.65107
    -8.96282     0.65086     0.00006     0.00006     0.00009     0.00000     0.00000     0.00000     0.00000     0.00000     0.65107
    -8.87282     0.65086     0.00006     0.00006     0.00009     0.00000     0.00000     0.00000     0.00000     0.00000     0.65107
    -8.78382     0.65086     0.00006     0.00006     0.00009     0.00000     0.00000     0.00000     0.00000     0.00000     0.65107
    -8.69382     0.65086     0.00006     0.00006     0.00009     0.00000     0.00000     0.00000     0.00000     0.00000     0.65107
    -8.60482     0.65086     0.00006     0.00006     0.00009     0.00000     0.00000     0.00000     0.00000     0.00000     0.65107
    -8.51582     0.65086     0.00006     0.00006     0.00009     0.00000     0.00000     0.00000     0.00000     0.00000     0.65107
    -8.42582     0.65086     0.00006     0.00006     0.00009     0.00000     0.00000     0.00000     0.00000     0.00000     0.65107
    -8.33682     0.65086     0.00006     0.00006     0.00009     0.00000     0.00000     0.00000     0.00000     0.00000     0.65107
    -8.24682     0.65086     0.00006     0.00006     0.00009     0.00000     0.00000     0.00000     0.00000     0.00000     0.65107
    -8.15782     0.65086     0.00006     0.00006     0.00009     0.00000     0.00000     0.00000     0.00000     0.00000     0.65107
    -8.06882     0.65086     0.00006     0.00006     0.00009     0.00000     0.00000     0.00000     0.00000     0.00000     0.65107
    -7.97882     0.65086     0.00006     0.00006     0.00009     0.00000     0.00000     0.00000     0.00000     0.00000     0.65107
    -7.88982     0.65086     0.00006     0.00006     0.00009     0.00000     0.00000     0.00000     0.00000     0.00000     0.65107
    -7.79982     0.65086     0.00006     0.00006     0.00009     0.00000     0.00000     0.00000     0.00000     0.00000     0.65107
    -7.71082     0.65086     0.00006     0.00006     0.00009     0.00000     0.00000     0.00000     0.00000     0.00000     0.65107
    -7.62182     0.65086     0.00006     0.00006     0.00009     0.00000     0.00000     0.00000     0.00000     0.00000     0.65107
    -7.53182     0.65086     0.00006     0.00006     0.00009     0.00000     0.00000     0.00000     0.00000     0.00000     0.65107
    -7.44282     0.65086     0.00006     0.00006     0.00009     0.00000     0.00000     0.00000     0.00000     0.00000     0.65107
    -7.35282     0.65086     0.00006     0.00006     0.00009     0.00000     0.00000     0.00000     0.00000     0.00000     0.65107
    -7.26382     0.65086     0.00006     0.00006     0.00009     0.00000     0.00000     0.00000     0.00000     0.00000     0.65107
    -7.17482     0.65086     0.00006     0.00006     0.00009     0.00000     0.00000     0.00000     0.00000     0.00000     0.65107
    -7.08482     0.65086     0.00043     0.00043     0.00047     0.00000     0.00000     0.00000     0.00000     0.00000     0.65219
    -6.99582     0.65087     0.00155     0.00155     0.00157     0.00000     0.00000     0.00000     0.00000     0.00000     0.65554
    -6.90582     0.65090     0.00333     0.00336     0.00333     0.00000     0.00000     0.00000     0.00000     0.00000     0.66091
    -6.81682     0.65095     0.00569     0.00577     0.00568     0.00000     0.00000     0.00000     0.00000     0.00000     0.66809
    -6.72782     0.65102     0.00866     0.00879     0.00865     0.00000     0.00000     0.00000     0.00000     0.00000     0.67711
    -6.63782     0.65112     0.01226     0.01245     0.01232     0.00000     0.00000     0.00000     0.00000     0.00000     0.68815
    -6.54882     0.65127     0.01661     0.01689     0.01683     0.00000     0.00000     0.00000     0.00000     0.00000     0.70159
    -6.45882     0.65146     0.02191     0.02235     0.02244     0.00000     0.00000     0.00000     0.00000     0.00000     0.71817
    -6.36982     0.65174     0.02891     0.02943     0.02969     0.00000     0.00000     0.00000     0.00000     0.00000     0.73976
    -6.28082     0.65216     0.03949     0.03957     0.03902     0.00000     0.00000     0.00000     0.00000     0.00000     0.77025
    -6.19082     0.65270     0.05159     0.05283     0.04903     0.00000     0.00000     0.00000     0.00000     0.00000     0.80616
    -6.10182     0.65328     0.06087     0.06771     0.06069     0.00000     0.00000     0.00000     0.00000     0.00000     0.84255
    -6.01182     0.65390     0.06846     0.08738     0.07637     0.00000     0.00000     0.00000     0.00000     0.00000     0.88611
    -5.92282     0.65442     0.07480     0.10937     0.09137     0.00000     0.00000     0.00000     0.00000     0.00000     0.92996
    -5.83382     0.65481     0.07930     0.12614     0.10330     0.00000     0.00000     0.00000     0.00000     0.00000     0.96355
    -5.74382     0.65521     0.08347     0.13642     0.11527     0.00000     0.00000     0.00000     0.00000     0.00000     0.99038
    -5.65482     0.65555     0.08671     0.14105     0.12542     0.00000     0.00000     0.00000     0.00000     0.00000     1.00873
    -5.56482     0.65581     0.08873     0.14264     0.13222     0.00000     0.00000     0.00000     0.00000     0.00000     1.01938
    -5.47582     0.65605     0.09111     0.14484     0.13822     0.00000     0.00000     0.00000     0.00000     0.00000     1.03023
    -5.38682     0.65628     0.09607     0.14872     0.14531     0.00000     0.00000     0.00000     0.00000     0.00000     1.04639
    -5.29682     0.65650     0.10476     0.15410     0.15454     0.00000     0.00000     0.00000     0.00000     0.00000     1.06990
    -5.20782     0.65672     0.11586     0.16362     0.16869     0.00000     0.00000     0.00000     0.00000     0.00000     1.10489
    -5.11782     0.65693     0.12672     0.17541     0.18632     0.00000     0.00000     0.00000     0.00000     0.00000     1.14539
    -5.02882     0.65711     0.13693     0.18715     0.20538     0.00000     0.00000     0.00000     0.00000     0.00000     1.18657
    -4.93982     0.65728     0.14767     0.20010     0.22638     0.00000     0.00000     0.00000     0.00000     0.00000     1.23144
    -4.84982     0.65744     0.16420     0.21745     0.24786     0.00000     0.00000     0.00000     0.00000     0.00000     1.28696
    -4.76082     0.65767     0.20527     0.25550     0.27639     0.00000     0.00000     0.00000     0.00000     0.00000     1.39483
    -4.67082     0.65792     0.25441     0.29555     0.30653     0.00000     0.00000     0.00000     0.00000     0.00000     1.51441
    -4.58182     0.65811     0.28692     0.31674     0.32980     0.00000     0.00000     0.00000     0.00000     0.00000     1.59157
    -4.49282     0.65829     0.30823     0.33162     0.34915     0.00000     0.00000     0.00000     0.00000     0.00000     1.64728
    -4.40282     0.65846     0.32304     0.34399     0.36541     0.00000     0.00000     0.00000     0.00000     0.00000     1.69090
    -4.31382     0.65863     0.33713     0.35611     0.38045     0.00000     0.00000     0.00000     0.00000     0.00000     1.73231
    -4.22382     0.65877     0.35215     0.36834     0.39450     0.00000     0.00000     0.00000     0.00000     0.00000     1.77376
    -4.13482     0.65888     0.37039     0.38197     0.40812     0.00000     0.00000     0.00000     0.00000     0.00000     1.81936
    -4.04582     0.65898     0.39184     0.39645     0.42221     0.00000     0.00000     0.00000     0.00000     0.00000     1.86949
    -3.95582     0.65907     0.41558     0.41093     0.43682     0.00000     0.00000     0.00000     0.00000     0.00000     1.92239
    -3.86682     0.65915     0.43751     0.42463     0.44960     0.00000     0.00000     0.00000     0.00000     0.00000     1.97088
    -3.77682     0.65921     0.45221     0.43634     0.45698     0.00000     0.00000     0.00000     0.00000     0.00000     2.00474
    -3.68782     0.65925     0.46168     0.44616     0.46051     0.00000     0.00000     0.00000     0.00000     0.00000     2.02760
    -3.59882     0.65929     0.46870     0.45395     0.46323     0.00000     0.00000     0.00000     0.00000     0.00000     2.04517
    -3.50882     0.65932     0.47398     0.46015     0.46534     0.00000     0.00000     0.00000     0.00000     0.00000     2.05878
    -3.41982     0.65934     0.47812     0.46515     0.46706     0.00000     0.00000     0.00000     0.00000     0.00000     2.06968
    -3.32982     0.65935     0.48139     0.46921     0.46850     0.00000     0.00000     0.00000     0.00000     0.00000     2.07846
    -3.24082     0.65936     0.48395     0.47245     0.46968     0.00000     0.00000     0.00000     0.00000     0.00000     2.08544
    -3.15182     0.65937     0.48593     0.47498     0.47062     0.00000     0.00000     0.00000     0.00000     0.00000     2.09091
    -3.06182     0.65938     0.48742     0.47693     0.47135     0.00000     0.00000     0.00000     0.00000     0.00000     2.09508
    -2.97282     0.65938     0.48844     0.47829     0.47185     0.00000     0.00000     0.00000     0.00000     0.00000     2.09796
    -2.88282     0.65938     0.48892     0.47890     0.47210     0.00000     0.00000     0.00000     0.00000     0.00000     2.09929
    -2.79382     0.65938     0.48901     0.47899     0.47216     0.00000     0.00000     0.00000     0.00000     0.00000     2.09954
    -2.70482     0.65938     0.48901     0.47899     0.47216     0.00000     0.00000     0.00000     0.00000     0.00000     2.09954
    -2.61482     0.65938     0.48907     0.47900     0.47221     0.00000     0.00000     0.00000     0.00000     0.00000     2.09966
    -2.52582     0.65938     0.48930     0.47901     0.47241     0.00000     0.00000     0.00000     0.00000     0.00000     2.10010
    -2.43582     0.65939     0.48979     0.47907     0.47276     0.00000     0.00000     0.00000     0.00000     0.00000     2.10101
    -2.34682     0.65940     0.49063     0.47925     0.47327     0.00000     0.00000     0.00000     0.00000     0.00000     2.10255
    -2.25782     0.65944     0.49197     0.47966     0.47396     0.00000     0.00000     0.00000     0.00000     0.00000     2.10502
    -2.16782     0.65950     0.49396     0.48045     0.47490     0.00000     0.00000     0.00000     0.00000     0.00000     2.10882
    -2.07882     0.65960     0.49649     0.48165     0.47617     0.00000     0.00000     0.00000     0.00000     0.00000     2.11391
    -1.98882     0.65972     0.49954     0.48334     0.47812     0.00000     0.00000     0.00000     0.00000     0.00000     2.12072
    -1.89982     0.65982     0.50265     0.48521     0.48028     0.00000     0.00000     0.00000     0.00000     0.00000     2.12795
    -1.81082     0.65986     0.50552     0.48690     0.48210     0.00000     0.00000     0.00000     0.00000     0.00000     2.13438
    -1.72082     0.65993     0.50883     0.48891     0.48405     0.00000     0.00000     0.00000     0.00000     0.00000     2.14172
    -1.63182     0.66004     0.51270     0.49161     0.48632     0.00000     0.00000     0.00000     0.00000     0.00000     2.15068
    -1.54182     0.66018     0.51706     0.49520     0.48905     0.00000     0.00000     0.00000     0.00000     0.00000     2.16150
    -1.45282     0.66037     0.52255     0.50062     0.49355     0.00000     0.00000     0.00000     0.00000     0.00000     2.17708
    -1.36382     0.66055     0.52657     0.50605     0.49830     0.00000     0.00000     0.00000     0.00000     0.00000     2.19147
    -1.27382     0.66073     0.52932     0.51178     0.50445     0.00000     0.00000     0.00000     0.00000     0.00000     2.20629
    -1.18482     0.66083     0.53219     0.51628     0.51034     0.00000     0.00000     0.00000     0.00000     0.00000     2.21964
    -1.09482     0.66084     0.53320     0.51713     0.51186     0.00000     0.00000     0.00000     0.00000     0.00000     2.22302
    -1.00582     0.66084     0.53320     0.51713     0.51186     0.00000     0.00000     0.00000     0.00000     0.00000     2.22302
    -0.91682     0.66084     0.53320     0.51713     0.51186     0.00000     0.00000     0.00000     0.00000     0.00000     2.22302
    -0.82682     0.66084     0.53320     0.51713     0.51187     0.00000     0.00000     0.00000     0.00000     0.00000     2.22304
    -0.73782     0.66120     0.53333     0.51748     0.51241     0.00000     0.00000     0.00000     0.00000     0.00000     2.22442
    -0.64782     0.66208     0.53453     0.51900     0.51408     0.00000     0.00000     0.00000     0.00000     0.00000     2.22969
    -0.55882     0.66330     0.53713     0.52243     0.51700     0.00000     0.00000     0.00000     0.00000     0.00000     2.23985
    -0.46982     0.66474     0.54086     0.52750     0.52120     0.00000     0.00000     0.00000     0.00000     0.00000     2.25430
    -0.37982     0.66645     0.54692     0.53432     0.52775     0.00000     0.00000     0.00000     0.00000     0.00000     2.27544
    -0.29082     0.66870     0.55812     0.54408     0.53753     0.00000     0.00000     0.00000     0.00000     0.00000     2.30843
    -0.20082     0.67300     0.57699     0.55980     0.55104     0.00000     0.00000     0.00000     0.00000     0.00000     2.36082
    -0.11182     0.67602     0.58984     0.57063     0.55938     0.00000     0.00000     0.00000     0.00000     0.00000     2.39587
    -0.02282     0.67603     0.59116     0.57150     0.55987     0.00000     0.00000     0.00000     0.00000     0.00000     2.39857
     0.06718     0.67603     0.59116     0.57150     0.55987     0.00000     0.00000     0.00000     0.00000     0.00000     2.39857
     0.15618     0.67603     0.59116     0.57150     0.55987     0.00000     0.00000     0.00000     0.00000     0.00000     2.39857
     0.24618     0.67603     0.59116     0.57150     0.55987     0.00000     0.00000     0.00000     0.00000     0.00000     2.39857
     0.33518     0.67603     0.59116     0.57150     0.55987     0.00000     0.00000     0.00000     0.00000     0.00000     2.39857
     0.42418     0.67603     0.59116     0.57150     0.55987     0.00000     0.00000     0.00000     0.00000     0.00000     2.39857
     0.51418     0.67603     0.59116     0.57150     0.55987     0.00000     0.00000     0.00000     0.00000     0.00000     2.39857
     0.60318     0.67603     0.59116     0.57150     0.55987     0.00000     0.00000     0.00000     0.00000     0.00000     2.39857
     0.69318     0.67603     0.59116     0.57150     0.55987     0.00000     0.00000     0.00000     0.00000     0.00000     2.39857
     0.78218     0.67603     0.59116     0.57150     0.55987     0.00000     0.00000     0.00000     0.00000     0.00000     2.39857
     0.87118     0.67603     0.59116     0.57150     0.55987     0.00000     0.00000     0.00000     0.00000     0.00000     2.39857
     0.96118     0.67606     0.59116     0.57150     0.55987     0.00000     0.00000     0.00000     0.00000     0.00000     2.39860
     1.05018     0.67614     0.59117     0.57151     0.55988     0.00000     0.00000     0.00000     0.00000     0.00000     2.39869
     1.14018     0.67626     0.59121     0.57156     0.55991     0.00000     0.00000     0.00000     0.00000     0.00000     2.39894
     1.22918     0.67644     0.59146     0.57184     0.55997     0.00000     0.00000     0.00000     0.00000     0.00000     2.39971
     1.31818     0.67666     0.59198     0.57240     0.56017     0.00000     0.00000     0.00000     0.00000     0.00000     2.40122
     1.40818     0.67694     0.59281     0.57312     0.56062     0.00000     0.00000     0.00000     0.00000     0.00000     2.40349
     1.49718     0.67726     0.59404     0.57397     0.56146     0.00000     0.00000     0.00000     0.00000     0.00000     2.40672
     1.58718     0.67761     0.59557     0.57495     0.56258     0.00000     0.00000     0.00000     0.00000     0.00000     2.41072
     1.67618     0.67807     0.59728     0.57609     0.56387     0.00000     0.00000     0.00000     0.00000     0.00000     2.41531
     1.76518     0.67866     0.59939     0.57759     0.56552     0.00000     0.00000     0.00000     0.00000     0.00000     2.42116
     1.85518     0.67912     0.60136     0.57895     0.56700     0.00000     0.00000     0.00000     0.00000     0.00000     2.42643
     1.94418     0.67953     0.60322     0.58039     0.56845     0.00000     0.00000     0.00000     0.00000     0.00000     2.43159
     2.03418     0.68014     0.60505     0.58220     0.57025     0.00000     0.00000     0.00000     0.00000     0.00000     2.43763
     2.12318     0.68094     0.60642     0.58372     0.57194     0.00000     0.00000     0.00000     0.00000     0.00000     2.44302
     2.21218     0.68208     0.60763     0.58498     0.57369     0.00000     0.00000     0.00000     0.00000     0.00000     2.44839
     2.30218     0.68349     0.60890     0.58616     0.57556     0.00000     0.00000     0.00000     0.00000     0.00000     2.45411
     2.39118     0.68504     0.61032     0.58741     0.57745     0.00000     0.00000     0.00000     0.00000     0.00000     2.46022
     2.48118     0.68670     0.61179     0.58877     0.57940     0.00000     0.00000     0.00000     0.00000     0.00000     2.46666
     2.57018     0.68826     0.61332     0.59035     0.58140     0.00000     0.00000     0.00000     0.00000     0.00000     2.47332
     2.65918     0.68966     0.61509     0.59246     0.58375     0.00000     0.00000     0.00000     0.00000     0.00000     2.48096
     2.74918     0.69084     0.61635     0.59412     0.58540     0.00000     0.00000     0.00000     0.00000     0.00000     2.48671
     2.83818     0.69194     0.61695     0.59505     0.58607     0.00000     0.00000     0.00000     0.00000     0.00000     2.49002
     2.92818     0.69323     0.61761     0.59625     0.58689     0.00000     0.00000     0.00000     0.00000     0.00000     2.49398
     3.01718     0.69461     0.61835     0.59770     0.58780     0.00000     0.00000     0.00000     0.00000     0.00000     2.49847
     3.10718     0.69605     0.61937     0.59937     0.58899     0.00000     0.00000     0.00000     0.00000     0.00000     2.50378
     3.19618     0.69779     0.62105     0.60158     0.59095     0.00000     0.00000     0.00000     0.00000     0.00000     2.51138
     3.28518     0.69900     0.62253     0.60329     0.59266     0.00000     0.00000     0.00000     0.00000     0.00000     2.51748
     3.37518     0.69932     0.62315     0.60391     0.59335     0.00000     0.00000     0.00000     0.00000     0.00000     2.51972
     3.46418     0.69945     0.62351     0.60428     0.59372     0.00000     0.00000     0.00000     0.00000     0.00000     2.52097
     3.55418     0.69950     0.62364     0.60444     0.59386     0.00000     0.00000     0.00000     0.00000     0.00000     2.52144
     3.64318     0.69950     0.62364     0.60444     0.59386     0.00000     0.00000     0.00000     0.00000     0.00000     2.52144
     3.73218     0.69950     0.62364     0.60444     0.59386     0.00000     0.00000     0.00000     0.00000     0.00000     2.52144
     3.82218     0.69950     0.62364     0.60444     0.59386     0.00000     0.00000     0.00000     0.00000     0.00000     2.52144
     3.91118     0.69950     0.62364     0.60444     0.59386     0.00000     0.00000     0.00000     0.00000     0.00000     2.52144
     4.00118     0.69950     0.62364     0.60444     0.59386     0.00000     0.00000     0.00000     0.00000     0.00000     2.52144
     4.09018     0.69950     0.62364     0.60444     0.59386     0.00000     0.00000     0.00000     0.00000     0.00000     2.52144
     4.17918     0.69950     0.62364     0.60444     0.59386     0.00000     0.00000     0.00000     0.00000     0.00000     2.52144
     4.26918     0.69950     0.62364     0.60444     0.59386     0.00000     0.00000     0.00000     0.00000     0.00000     2.52144
     4.35818     0.69950     0.62364     0.60444     0.59386     0.00000     0.00000     0.00000     0.00000     0.00000     2.52144
     4.44818     0.69950     0.62364     0.60444     0.59386     0.00000     0.00000     0.00000     0.00000     0.00000     2.52144
     4.53718     0.69950     0.62364     0.60444     0.59386     0.00000     0.00000     0.00000     0.00000     0.00000     2.52144
     4.62618     0.69950     0.62364     0.60444     0.59386     0.00000     0.00000     0.00000     0.00000     0.00000     2.52144
     4.71618     0.69950     0.62364     0.60444     0.59386     0.00000     0.00000     0.00000     0.00000     0.00000     2.52144
     4.80518     0.69950     0.62364     0.60444     0.59386     0.00000     0.00000     0.00000     0.00000     0.00000     2.52144
     4.89518     0.69950     0.62364     0.60444     0.59386     0.00000     0.00000     0.00000     0.00000     0.00000     2.52144
     4.98418     0.69950     0.62364     0.60444     0.59386     0.00000     0.00000     0.00000     0.00000     0.00000     2.52144
     5.07318     0.69950     0.62364     0.60444     0.59386     0.00000     0.00000     0.00000     0.00000     0.00000     2.52144
     5.16318     0.69950     0.62364     0.60444     0.59386     0.00000     0.00000     0.00000     0.00000     0.00000     2.52144
     5.25218     0.69950     0.62364     0.60444     0.59386     0.00000     0.00000     0.00000     0.00000     0.00000     2.52144
     5.34218     0.69950     0.62364     0.60444     0.59386     0.00000     0.00000     0.00000     0.00000     0.00000     2.52144
     5.43118     0.69950     0.62364     0.60444     0.59386     0.00000     0.00000     0.00000     0.00000     0.00000     2.52144
     5.52018     0.69950     0.62364     0.60444     0.59386     0.00000     0.00000     0.00000     0.00000     0.00000     2.52144
