     #Energy           s          py          pz          px         dxy         dyz         dz2         dxz         dx2       tot  
   -21.29982     0.00000     0.00000     0.00000     0.00000     0.00000     0.00000     0.00000     0.00000     0.00000     0.00000
   -21.21082     0.00000     0.00000     0.00000     0.00000     0.00000     0.00000     0.00000     0.00000     0.00000     0.00000
   -21.12082     0.00000     0.00000     0.00000     0.00000     0.00000     0.00000     0.00000     0.00000     0.00000     0.00000
   -21.03182     0.00000     0.00000     0.00000     0.00000     0.00000     0.00000     0.00000     0.00000     0.00000     0.00000
   -20.94182     0.00000     0.00000     0.00000     0.00000     0.00000     0.00000     0.00000     0.00000     0.00000     0.00000
   -20.85282     0.00000     0.00000     0.00000     0.00000     0.00000     0.00000     0.00000     0.00000     0.00000     0.00000
   -20.76382     0.00000     0.00000     0.00000     0.00000     0.00000     0.00000     0.00000     0.00000     0.00000     0.00000
   -20.67382     0.00000     0.00000     0.00000     0.00000     0.00000     0.00000     0.00000     0.00000     0.00000     0.00000
   -20.58482     0.00000     0.00000     0.00000     0.00000     0.00000     0.00000     0.00000     0.00000     0.00000     0.00000
   -20.49482     0.00000     0.00000     0.00000     0.00000     0.00000     0.00000     0.00000     0.00000     0.00000     0.00000
   -20.40582     0.00000     0.00000     0.00000     0.00000     0.00000     0.00000     0.00000     0.00000     0.00000     0.00000
   -20.31682     0.00000     0.00000     0.00000     0.00000     0.00000     0.00000     0.00000     0.00000     0.00000     0.00000
   -20.22682     0.00000     0.00000     0.00000     0.00000     0.00000     0.00000     0.00000     0.00000     0.00000     0.00000
   -20.13782     0.00000     0.00000     0.00000     0.00000     0.00000     0.00000     0.00000     0.00000     0.00000     0.00000
   -20.04782     0.00000     0.00000     0.00000     0.00000     0.00000     0.00000     0.00000     0.00000     0.00000     0.00000
   -19.95882     0.00000     0.00000     0.00000     0.00000     0.00000     0.00000     0.00000     0.00000     0.00000     0.00000
   -19.86982     0.00000     0.00000     0.00000     0.00000     0.00000     0.00000     0.00000     0.00000     0.00000     0.00000
   -19.77982     0.00000     0.00000     0.00000     0.00000     0.00000     0.00000     0.00000     0.00000     0.00000     0.00000
   -19.69082     0.00000     0.00000     0.00000     0.00000     0.00000     0.00000     0.00000     0.00000     0.00000     0.00000
   -19.60082     0.00000     0.00000     0.00000     0.00000     0.00000     0.00000     0.00000     0.00000     0.00000     0.00000
   -19.51182     0.00000     0.00000     0.00000     0.00000     0.00000     0.00000     0.00000     0.00000     0.00000     0.00000
   -19.42282     0.00000     0.00000     0.00000     0.00000     0.00000     0.00000     0.00000     0.00000     0.00000     0.00000
   -19.33282     0.00000     0.00000     0.00000     0.00000     0.00000     0.00000     0.00000     0.00000     0.00000     0.00000
   -19.24382     0.00018     0.00000     0.00000     0.00000     0.00000     0.00000     0.00000     0.00000     0.00000     0.00018
   -19.15382     0.00064     0.00001     0.00000     0.00002     0.00000     0.00000     0.00000     0.00000     0.00000     0.00068
   -19.06482     0.00129     0.00003     0.00001     0.00007     0.00000     0.00000     0.00000     0.00000     0.00000     0.00140
   -18.97582     0.00206     0.00007     0.00003     0.00015     0.00000     0.00000     0.00001     0.00000     0.00001     0.00233
   -18.88582     0.00292     0.00014     0.00006     0.00029     0.00000     0.00000     0.00002     0.00000     0.00003     0.00347
   -18.79682     0.00384     0.00024     0.00011     0.00049     0.00000     0.00000     0.00005     0.00000     0.00008     0.00481
   -18.70682     0.00485     0.00039     0.00020     0.00074     0.00000     0.00000     0.00010     0.00000     0.00016     0.00644
   -18.61782     0.00595     0.00060     0.00038     0.00105     0.00000     0.00000     0.00022     0.00000     0.00029     0.00849
   -18.52882     0.00708     0.00092     0.00070     0.00143     0.00000     0.00000     0.00046     0.00000     0.00052     0.01111
   -18.43882     0.00820     0.00145     0.00127     0.00192     0.00000     0.00000     0.00106     0.00000     0.00094     0.01486
   -18.34982     0.00924     0.00264     0.00247     0.00290     0.00000     0.00000     0.00330     0.00000     0.00176     0.02233
   -18.25982     0.00973     0.00350     0.00330     0.00359     0.00000     0.00000     0.00510     0.00000     0.00232     0.02754
   -18.17082     0.00973     0.00350     0.00330     0.00359     0.00000     0.00000     0.00510     0.00000     0.00232     0.02754
   -18.08182     0.00973     0.00350     0.00330     0.00359     0.00000     0.00000     0.00510     0.00000     0.00232     0.02754
   -17.99182     0.00973     0.00350     0.00330     0.00359     0.00000     0.00000     0.00510     0.00000     0.00232     0.02754
   -17.90282     0.00973     0.00350     0.00330     0.00359     0.00000     0.00000     0.00510     0.00000     0.00232     0.02754
   -17.81282     0.00973     0.00350     0.00330     0.00359     0.00000     0.00000     0.00510     0.00000     0.00232     0.02754
   -17.72382     0.00973     0.00350     0.00330     0.00359     0.00000     0.00000     0.00510     0.00000     0.00232     0.02754
   -17.63482     0.00973     0.00350     0.00330     0.00359     0.00000     0.00000     0.00510     0.00000     0.00232     0.02754
   -17.54482     0.00973     0.00350     0.00330     0.00359     0.00000     0.00000     0.00510     0.00000     0.00232     0.02754
   -17.45582     0.00973     0.00350     0.00330     0.00359     0.00000     0.00000     0.00510     0.00000     0.00232     0.02754
   -17.36582     0.00973     0.00350     0.00330     0.00359     0.00000     0.00000     0.00510     0.00000     0.00232     0.02754
   -17.27682     0.00973     0.00350     0.00330     0.00359     0.00000     0.00000     0.00510     0.00000     0.00232     0.02754
   -17.18782     0.00973     0.00350     0.00330     0.00359     0.00000     0.00000     0.00510     0.00000     0.00232     0.02754
   -17.09782     0.00973     0.00350     0.00330     0.00359     0.00000     0.00000     0.00510     0.00000     0.00232     0.02754
   -17.00882     0.00973     0.00350     0.00330     0.00359     0.00000     0.00000     0.00510     0.00000     0.00232     0.02754
   -16.91882     0.00973     0.00350     0.00330     0.00359     0.00000     0.00000     0.00510     0.00000     0.00232     0.02754
   -16.82982     0.00973     0.00350     0.00330     0.00359     0.00000     0.00000     0.00510     0.00000     0.00232     0.02754
   -16.74082     0.00973     0.00350     0.00330     0.00359     0.00000     0.00000     0.00510     0.00000     0.00232     0.02754
   -16.65082     0.00973     0.00350     0.00330     0.00359     0.00000     0.00000     0.00510     0.00000     0.00232     0.02754
   -16.56182     0.00973     0.00350     0.00330     0.00359     0.00000     0.00000     0.00510     0.00000     0.00232     0.02754
   -16.47182     0.00973     0.00350     0.00330     0.00359     0.00000     0.00000     0.00510     0.00000     0.00232     0.02754
   -16.38282     0.00973     0.00350     0.00330     0.00359     0.00000     0.00000     0.00510     0.00000     0.00232     0.02754
   -16.29382     0.00973     0.00350     0.00330     0.00359     0.00000     0.00000     0.00510     0.00000     0.00232     0.02754
   -16.20382     0.00973     0.00350     0.00330     0.00359     0.00000     0.00000     0.00510     0.00000     0.00232     0.02754
   -16.11482     0.00973     0.00350     0.00330     0.00359     0.00000     0.00000     0.00510     0.00000     0.00232     0.02754
   -16.02482     0.00973     0.00350     0.00330     0.00359     0.00000     0.00000     0.00510     0.00000     0.00232     0.02754
   -15.93582     0.00973     0.00350     0.00330     0.00359     0.00000     0.00000     0.00510     0.00000     0.00232     0.02754
   -15.84682     0.00973     0.00350     0.00330     0.00359     0.00000     0.00000     0.00510     0.00000     0.00232     0.02754
   -15.75682     0.00973     0.00350     0.00330     0.00359     0.00000     0.00000     0.00510     0.00000     0.00232     0.02754
   -15.66782     0.00973     0.00350     0.00330     0.00359     0.00000     0.00000     0.00510     0.00000     0.00232     0.02754
   -15.57782     0.00973     0.00350     0.00330     0.00359     0.00000     0.00000     0.00510     0.00000     0.00232     0.02754
   -15.48882     0.00973     0.00350     0.00330     0.00359     0.00000     0.00000     0.00510     0.00000     0.00232     0.02754
   -15.39882     0.00973     0.00350     0.00330     0.00359     0.00000     0.00000     0.00510     0.00000     0.00232     0.02754
   -15.30982     0.00973     0.00350     0.00330     0.00359     0.00000     0.00000     0.00510     0.00000     0.00232     0.02754
   -15.22082     0.00973     0.00350     0.00330     0.00359     0.00000     0.00000     0.00510     0.00000     0.00232     0.02754
   -15.13082     0.00973     0.00350     0.00330     0.00359     0.00000     0.00000     0.00510     0.00000     0.00232     0.02754
   -15.04182     0.00973     0.00350     0.00330     0.00359     0.00000     0.00000     0.00510     0.00000     0.00232     0.02754
   -14.95182     0.00973     0.00350     0.00330     0.00359     0.00000     0.00000     0.00510     0.00000     0.00232     0.02754
   -14.86282     0.00973     0.00350     0.00330     0.00359     0.00000     0.00000     0.00510     0.00000     0.00232     0.02754
   -14.77382     0.00973     0.00350     0.00330     0.00359     0.00000     0.00000     0.00510     0.00000     0.00232     0.02754
   -14.68382     0.00973     0.00350     0.00330     0.00359     0.00000     0.00000     0.00510     0.00000     0.00232     0.02754
   -14.59482     0.00973     0.00350     0.00330     0.00359     0.00000     0.00000     0.00510     0.00000     0.00232     0.02754
   -14.50482     0.00973     0.00350     0.00330     0.00359     0.00000     0.00000     0.00510     0.00000     0.00232     0.02754
   -14.41582     0.00973     0.00350     0.00330     0.00359     0.00000     0.00000     0.00510     0.00000     0.00232     0.02754
   -14.32682     0.00973     0.00350     0.00330     0.00359     0.00000     0.00000     0.00510     0.00000     0.00232     0.02754
   -14.23682     0.00973     0.00350     0.00330     0.00359     0.00000     0.00000     0.00510     0.00000     0.00232     0.02754
   -14.14782     0.00973     0.00350     0.00330     0.00359     0.00000     0.00000     0.00510     0.00000     0.00232     0.02754
   -14.05782     0.00973     0.00350     0.00330     0.00359     0.00000     0.00000     0.00510     0.00000     0.00232     0.02754
   -13.96882     0.00973     0.00350     0.00330     0.00359     0.00000     0.00000     0.00510     0.00000     0.00232     0.02754
   -13.87982     0.00973     0.00350     0.00330     0.00359     0.00000     0.00000     0.00510     0.00000     0.00232     0.02754
   -13.78982     0.00973     0.00350     0.00330     0.00359     0.00000     0.00000     0.00510     0.00000     0.00232     0.02754
   -13.70082     0.00973     0.00350     0.00330     0.00359     0.00000     0.00000     0.00510     0.00000     0.00232     0.02754
   -13.61082     0.00973     0.00350     0.00330     0.00359     0.00000     0.00000     0.00510     0.00000     0.00232     0.02754
   -13.52182     0.00973     0.00350     0.00330     0.00359     0.00000     0.00000     0.00510     0.00000     0.00232     0.02754
   -13.43282     0.00973     0.00350     0.00330     0.00359     0.00000     0.00000     0.00510     0.00000     0.00232     0.02754
   -13.34282     0.00973     0.00350     0.00330     0.00359     0.00000     0.00000     0.00510     0.00000     0.00232     0.02754
   -13.25382     0.00973     0.00350     0.00330     0.00359     0.00000     0.00000     0.00510     0.00000     0.00232     0.02754
   -13.16382     0.00973     0.00350     0.00330     0.00359     0.00000     0.00000     0.00510     0.00000     0.00232     0.02754
   -13.07482     0.00973     0.00350     0.00330     0.00359     0.00000     0.00000     0.00510     0.00000     0.00232     0.02754
   -12.98582     0.00973     0.00350     0.00330     0.00359     0.00000     0.00000     0.00510     0.00000     0.00232     0.02754
   -12.89582     0.00973     0.00350     0.00330     0.00359     0.00000     0.00000     0.00510     0.00000     0.00232     0.02754
   -12.80682     0.00973     0.00350     0.00330     0.00359     0.00000     0.00000     0.00510     0.00000     0.00232     0.02754
   -12.71682     0.00973     0.00350     0.00330     0.00359     0.00000     0.00000     0.00510     0.00000     0.00232     0.02754
   -12.62782     0.00973     0.00350     0.00330     0.00359     0.00000     0.00000     0.00510     0.00000     0.00232     0.02754
   -12.53882     0.00973     0.00350     0.00330     0.00359     0.00000     0.00000     0.00510     0.00000     0.00232     0.02754
   -12.44882     0.00973     0.00350     0.00330     0.00359     0.00000     0.00000     0.00510     0.00000     0.00232     0.02754
   -12.35982     0.00973     0.00350     0.00330     0.00359     0.00000     0.00000     0.00510     0.00000     0.00232     0.02754
   -12.26982     0.00973     0.00350     0.00330     0.00359     0.00000     0.00000     0.00510     0.00000     0.00232     0.02754
   -12.18082     0.00973     0.00350     0.00330     0.00359     0.00000     0.00000     0.00510     0.00000     0.00232     0.02754
   -12.09182     0.00973     0.00350     0.00330     0.00359     0.00000     0.00000     0.00510     0.00000     0.00232     0.02754
   -12.00182     0.00973     0.00350     0.00330     0.00359     0.00000     0.00000     0.00510     0.00000     0.00232     0.02754
   -11.91282     0.00973     0.00350     0.00330     0.00359     0.00000     0.00000     0.00510     0.00000     0.00232     0.02754
   -11.82282     0.00973     0.00350     0.00330     0.00359     0.00000     0.00000     0.00510     0.00000     0.00232     0.02754
   -11.73382     0.00973     0.00350     0.00330     0.00359     0.00000     0.00000     0.00510     0.00000     0.00232     0.02754
   -11.64482     0.00973     0.00350     0.00330     0.00359     0.00000     0.00000     0.00510     0.00000     0.00232     0.02754
   -11.55482     0.00973     0.00350     0.00330     0.00359     0.00000     0.00000     0.00510     0.00000     0.00232     0.02754
   -11.46582     0.00973     0.00350     0.00330     0.00359     0.00000     0.00000     0.00510     0.00000     0.00232     0.02754
   -11.37582     0.00973     0.00350     0.00330     0.00359     0.00000     0.00000     0.00510     0.00000     0.00232     0.02754
   -11.28682     0.00973     0.00350     0.00330     0.00359     0.00000     0.00000     0.00510     0.00000     0.00232     0.02754
   -11.19782     0.00973     0.00350     0.00330     0.00359     0.00000     0.00000     0.00510     0.00000     0.00232     0.02754
   -11.10782     0.00973     0.00350     0.00330     0.00359     0.00000     0.00000     0.00510     0.00000     0.00232     0.02754
   -11.01882     0.00973     0.00350     0.00330     0.00359     0.00000     0.00000     0.00510     0.00000     0.00232     0.02754
   -10.92882     0.00973     0.00350     0.00330     0.00359     0.00000     0.00000     0.00510     0.00000     0.00232     0.02754
   -10.83982     0.00973     0.00350     0.00330     0.00359     0.00000     0.00000     0.00510     0.00000     0.00232     0.02754
   -10.75082     0.00973     0.00350     0.00330     0.00359     0.00000     0.00000     0.00510     0.00000     0.00232     0.02754
   -10.66082     0.00973     0.00350     0.00330     0.00359     0.00000     0.00000     0.00510     0.00000     0.00232     0.02754
   -10.57182     0.00973     0.00350     0.00330     0.00359     0.00000     0.00000     0.00510     0.00000     0.00232     0.02754
   -10.48182     0.00973     0.00350     0.00330     0.00359     0.00000     0.00000     0.00510     0.00000     0.00232     0.02754
   -10.39282     0.00973     0.00350     0.00330     0.00359     0.00000     0.00000     0.00510     0.00000     0.00232     0.02754
   -10.30382     0.00973     0.00350     0.00330     0.00359     0.00000     0.00000     0.00510     0.00000     0.00232     0.02754
   -10.21382     0.00973     0.00350     0.00330     0.00359     0.00000     0.00000     0.00510     0.00000     0.00232     0.02754
   -10.12482     0.00973     0.00350     0.00330     0.00359     0.00000     0.00000     0.00510     0.00000     0.00232     0.02754
   -10.03482     0.00973     0.00350     0.00330     0.00359     0.00000     0.00000     0.00510     0.00000     0.00232     0.02754
    -9.94582     0.00973     0.00350     0.00330     0.00359     0.00000     0.00000     0.00510     0.00000     0.00232     0.02754
    -9.85682     0.00973     0.00350     0.00330     0.00359     0.00000     0.00000     0.00510     0.00000     0.00232     0.02754
    -9.76682     0.00973     0.00350     0.00330     0.00359     0.00000     0.00000     0.00510     0.00000     0.00232     0.02754
    -9.67782     0.00973     0.00350     0.00330     0.00359     0.00000     0.00000     0.00510     0.00000     0.00232     0.02754
    -9.58782     0.00973     0.00350     0.00330     0.00359     0.00000     0.00000     0.00510     0.00000     0.00232     0.02754
    -9.49882     0.00973     0.00350     0.00330     0.00359     0.00000     0.00000     0.00510     0.00000     0.00232     0.02754
    -9.40982     0.00973     0.00350     0.00330     0.00359     0.00000     0.00000     0.00510     0.00000     0.00232     0.02754
    -9.31982     0.00973     0.00350     0.00330     0.00359     0.00000     0.00000     0.00510     0.00000     0.00232     0.02754
    -9.23082     0.00973     0.00350     0.00330     0.00359     0.00000     0.00000     0.00510     0.00000     0.00232     0.02754
    -9.14082     0.00973     0.00350     0.00330     0.00359     0.00000     0.00000     0.00510     0.00000     0.00232     0.02754
    -9.05182     0.00973     0.00350     0.00330     0.00359     0.00000     0.00000     0.00510     0.00000     0.00232     0.02754
    -8.96282     0.00973     0.00350     0.00330     0.00359     0.00000     0.00000     0.00510     0.00000     0.00232     0.02754
    -8.87282     0.00973     0.00350     0.00330     0.00359     0.00000     0.00000     0.00510     0.00000     0.00232     0.02754
    -8.78382     0.00973     0.00350     0.00330     0.00359     0.00000     0.00000     0.00510     0.00000     0.00232     0.02754
    -8.69382     0.00973     0.00350     0.00330     0.00359     0.00000     0.00000     0.00510     0.00000     0.00232     0.02754
    -8.60482     0.00973     0.00350     0.00330     0.00359     0.00000     0.00000     0.00510     0.00000     0.00232     0.02754
    -8.51582     0.00973     0.00350     0.00330     0.00359     0.00000     0.00000     0.00510     0.00000     0.00232     0.02754
    -8.42582     0.00973     0.00350     0.00330     0.00359     0.00000     0.00000     0.00510     0.00000     0.00232     0.02754
    -8.33682     0.00973     0.00350     0.00330     0.00359     0.00000     0.00000     0.00510     0.00000     0.00232     0.02754
    -8.24682     0.00973     0.00350     0.00330     0.00359     0.00000     0.00000     0.00510     0.00000     0.00232     0.02754
    -8.15782     0.00973     0.00350     0.00330     0.00359     0.00000     0.00000     0.00510     0.00000     0.00232     0.02754
    -8.06882     0.00973     0.00350     0.00330     0.00359     0.00000     0.00000     0.00510     0.00000     0.00232     0.02754
    -7.97882     0.00973     0.00350     0.00330     0.00359     0.00000     0.00000     0.00510     0.00000     0.00232     0.02754
    -7.88982     0.00973     0.00350     0.00330     0.00359     0.00000     0.00000     0.00510     0.00000     0.00232     0.02754
    -7.79982     0.00973     0.00350     0.00330     0.00359     0.00000     0.00000     0.00510     0.00000     0.00232     0.02754
    -7.71082     0.00973     0.00350     0.00330     0.00359     0.00000     0.00000     0.00510     0.00000     0.00232     0.02754
    -7.62182     0.00973     0.00350     0.00330     0.00359     0.00000     0.00000     0.00510     0.00000     0.00232     0.02754
    -7.53182     0.00973     0.00350     0.00330     0.00359     0.00000     0.00000     0.00510     0.00000     0.00232     0.02754
    -7.44282     0.00973     0.00350     0.00330     0.00359     0.00000     0.00000     0.00510     0.00000     0.00232     0.02754
    -7.35282     0.00973     0.00350     0.00330     0.00359     0.00000     0.00000     0.00510     0.00000     0.00232     0.02754
    -7.26382     0.00973     0.00350     0.00330     0.00359     0.00000     0.00000     0.00510     0.00000     0.00232     0.02754
    -7.17482     0.00973     0.00350     0.00330     0.00359     0.00000     0.00000     0.00510     0.00000     0.00232     0.02754
    -7.08482     0.01006     0.00350     0.00330     0.00359     0.00005     0.00006     0.00510     0.00006     0.00232     0.02804
    -6.99582     0.01103     0.00351     0.00331     0.00360     0.00020     0.00023     0.00510     0.00022     0.00232     0.02952
    -6.90582     0.01251     0.00352     0.00334     0.00363     0.00043     0.00050     0.00510     0.00047     0.00232     0.03182
    -6.81682     0.01438     0.00354     0.00338     0.00371     0.00073     0.00084     0.00512     0.00077     0.00233     0.03480
    -6.72782     0.01661     0.00358     0.00345     0.00383     0.00108     0.00126     0.00514     0.00113     0.00236     0.03844
    -6.63782     0.01917     0.00363     0.00356     0.00401     0.00150     0.00175     0.00519     0.00153     0.00241     0.04276
    -6.54882     0.02209     0.00371     0.00371     0.00428     0.00198     0.00230     0.00529     0.00197     0.00251     0.04783
    -6.45882     0.02543     0.00381     0.00393     0.00467     0.00254     0.00295     0.00546     0.00243     0.00266     0.05388
    -6.36982     0.02931     0.00402     0.00427     0.00525     0.00320     0.00371     0.00576     0.00292     0.00293     0.06138
    -6.28082     0.03446     0.00444     0.00481     0.00594     0.00408     0.00471     0.00640     0.00342     0.00345     0.07170
    -6.19082     0.04031     0.00498     0.00560     0.00658     0.00494     0.00584     0.00729     0.00395     0.00420     0.08369
    -6.10182     0.04572     0.00537     0.00672     0.00743     0.00555     0.00680     0.00827     0.00455     0.00508     0.09549
    -6.01182     0.05117     0.00561     0.00901     0.00869     0.00612     0.00763     0.00941     0.00532     0.00607     0.10903
    -5.92282     0.05553     0.00588     0.01224     0.00996     0.00664     0.00833     0.01034     0.00610     0.00694     0.12196
    -5.83382     0.05821     0.00616     0.01484     0.01103     0.00701     0.00879     0.01090     0.00679     0.00758     0.13130
    -5.74382     0.06037     0.00641     0.01627     0.01220     0.00733     0.00911     0.01132     0.00741     0.00812     0.13856
    -5.65482     0.06196     0.00662     0.01678     0.01320     0.00756     0.00933     0.01162     0.00785     0.00855     0.14347
    -5.56482     0.06300     0.00674     0.01688     0.01377     0.00768     0.00944     0.01181     0.00810     0.00888     0.14630
    -5.47582     0.06390     0.00693     0.01711     0.01420     0.00785     0.00957     0.01199     0.00829     0.00916     0.14901
    -5.38682     0.06481     0.00748     0.01757     0.01478     0.00815     0.00982     0.01224     0.00850     0.00945     0.15280
    -5.29682     0.06575     0.00856     0.01817     0.01563     0.00862     0.01024     0.01260     0.00880     0.00981     0.15818
    -5.20782     0.06670     0.00995     0.01928     0.01713     0.00936     0.01083     0.01316     0.00928     0.01036     0.16605
    -5.11782     0.06760     0.01117     0.02060     0.01895     0.01027     0.01152     0.01403     0.00993     0.01119     0.17527
    -5.02882     0.06846     0.01211     0.02166     0.02063     0.01124     0.01223     0.01552     0.01064     0.01242     0.18491
    -4.93982     0.06928     0.01292     0.02242     0.02225     0.01218     0.01298     0.01807     0.01132     0.01422     0.19564
    -4.84982     0.07003     0.01368     0.02296     0.02358     0.01301     0.01378     0.02287     0.01205     0.01756     0.20953
    -4.76082     0.07106     0.01504     0.02399     0.02479     0.01383     0.01503     0.03322     0.01316     0.02640     0.23653
    -4.67082     0.07210     0.01680     0.02515     0.02589     0.01468     0.01658     0.04354     0.01426     0.03661     0.26562
    -4.58182     0.07281     0.01815     0.02576     0.02680     0.01559     0.01787     0.04891     0.01501     0.04275     0.28364
    -4.49282     0.07343     0.01907     0.02619     0.02761     0.01654     0.01887     0.05270     0.01560     0.04692     0.29693
    -4.40282     0.07407     0.01977     0.02654     0.02828     0.01761     0.01963     0.05604     0.01614     0.05023     0.30831
    -4.31382     0.07470     0.02043     0.02685     0.02888     0.01869     0.02027     0.05958     0.01669     0.05347     0.31956
    -4.22382     0.07524     0.02108     0.02714     0.02947     0.01966     0.02082     0.06315     0.01728     0.05676     0.33060
    -4.13482     0.07566     0.02177     0.02745     0.03005     0.02054     0.02131     0.06727     0.01793     0.06069     0.34268
    -4.04582     0.07604     0.02257     0.02781     0.03069     0.02140     0.02183     0.07133     0.01869     0.06506     0.35542
    -3.95582     0.07640     0.02350     0.02829     0.03143     0.02227     0.02253     0.07448     0.01965     0.06927     0.36782
    -3.86682     0.07668     0.02444     0.02882     0.03211     0.02302     0.02319     0.07677     0.02058     0.07260     0.37820
    -3.77682     0.07686     0.02504     0.02930     0.03243     0.02358     0.02362     0.07828     0.02129     0.07482     0.38522
    -3.68782     0.07697     0.02534     0.02969     0.03249     0.02404     0.02391     0.07948     0.02184     0.07649     0.39027
    -3.59882     0.07706     0.02555     0.02998     0.03253     0.02439     0.02413     0.08038     0.02226     0.07766     0.39394
    -3.50882     0.07713     0.02570     0.03019     0.03256     0.02465     0.02428     0.08101     0.02257     0.07842     0.39652
    -3.41982     0.07718     0.02581     0.03036     0.03259     0.02484     0.02439     0.08145     0.02279     0.07897     0.39840
    -3.32982     0.07721     0.02590     0.03049     0.03261     0.02498     0.02447     0.08176     0.02296     0.07936     0.39975
    -3.24082     0.07723     0.02597     0.03059     0.03263     0.02507     0.02453     0.08197     0.02307     0.07963     0.40070
    -3.15182     0.07725     0.02602     0.03067     0.03264     0.02514     0.02457     0.08210     0.02314     0.07981     0.40135
    -3.06182     0.07726     0.02606     0.03073     0.03266     0.02517     0.02459     0.08218     0.02319     0.07993     0.40175
    -2.97282     0.07726     0.02609     0.03076     0.03267     0.02519     0.02460     0.08222     0.02321     0.07998     0.40197
    -2.88282     0.07726     0.02610     0.03078     0.03267     0.02519     0.02460     0.08223     0.02321     0.08000     0.40206
    -2.79382     0.07726     0.02610     0.03078     0.03267     0.02520     0.02460     0.08223     0.02321     0.08000     0.40207
    -2.70482     0.07726     0.02610     0.03078     0.03267     0.02520     0.02460     0.08223     0.02321     0.08000     0.40207
    -2.61482     0.07727     0.02610     0.03078     0.03267     0.02547     0.02460     0.08224     0.02322     0.08000     0.40236
    -2.52582     0.07728     0.02611     0.03078     0.03268     0.02620     0.02463     0.08226     0.02322     0.08000     0.40317
    -2.43582     0.07731     0.02612     0.03078     0.03268     0.02711     0.02486     0.08230     0.02323     0.08001     0.40440
    -2.34682     0.07735     0.02614     0.03078     0.03269     0.02803     0.02539     0.08236     0.02324     0.08003     0.40600
    -2.25782     0.07740     0.02616     0.03079     0.03270     0.02892     0.02621     0.08244     0.02326     0.08007     0.40795
    -2.16782     0.07747     0.02620     0.03079     0.03271     0.02979     0.02727     0.08257     0.02329     0.08013     0.41022
    -2.07882     0.07757     0.02624     0.03080     0.03273     0.03061     0.02850     0.08275     0.02337     0.08026     0.41281
    -1.98882     0.07770     0.02628     0.03081     0.03275     0.03146     0.03015     0.08302     0.02357     0.08050     0.41622
    -1.89982     0.07783     0.02632     0.03083     0.03277     0.03211     0.03146     0.08334     0.02392     0.08083     0.41941
    -1.81082     0.07795     0.02637     0.03086     0.03279     0.03249     0.03200     0.08365     0.02425     0.08125     0.42161
    -1.72082     0.07820     0.02641     0.03089     0.03282     0.03289     0.03252     0.08394     0.02454     0.08179     0.42399
    -1.63182     0.07869     0.02645     0.03092     0.03285     0.03335     0.03307     0.08422     0.02484     0.08241     0.42679
    -1.54182     0.07939     0.02651     0.03097     0.03288     0.03385     0.03354     0.08459     0.02514     0.08308     0.42996
    -1.45282     0.08034     0.02663     0.03110     0.03297     0.03449     0.03399     0.08531     0.02548     0.08382     0.43414
    -1.36382     0.08121     0.02673     0.03124     0.03311     0.03496     0.03432     0.08598     0.02574     0.08441     0.43769
    -1.27382     0.08199     0.02679     0.03135     0.03332     0.03529     0.03453     0.08664     0.02585     0.08473     0.44051
    -1.18482     0.08246     0.02687     0.03144     0.03353     0.03553     0.03466     0.08714     0.02589     0.08489     0.44242
    -1.09482     0.08247     0.02690     0.03146     0.03359     0.03553     0.03468     0.08716     0.02589     0.08492     0.44261
    -1.00582     0.08247     0.02690     0.03146     0.03359     0.03553     0.03468     0.08716     0.02589     0.08492     0.44261
    -0.91682     0.08247     0.02690     0.03146     0.03359     0.03553     0.03468     0.08716     0.02589     0.08492     0.44261
    -0.82682     0.08248     0.02690     0.03146     0.03359     0.03553     0.03468     0.08716     0.02589     0.08492     0.44263
    -0.73782     0.08304     0.02691     0.03149     0.03362     0.03555     0.03478     0.08731     0.02590     0.08518     0.44378
    -0.64782     0.08437     0.02693     0.03159     0.03372     0.03565     0.03507     0.08963     0.02599     0.08637     0.44932
    -0.55882     0.08627     0.02701     0.03181     0.03391     0.03586     0.03548     0.09458     0.02616     0.08836     0.45945
    -0.46982     0.08847     0.02718     0.03218     0.03424     0.03614     0.03603     0.09989     0.02636     0.09103     0.47153
    -0.37982     0.09073     0.02750     0.03276     0.03479     0.03655     0.03679     0.10484     0.02665     0.09648     0.48711
    -0.29082     0.09273     0.02815     0.03378     0.03583     0.03728     0.03785     0.11002     0.02714     0.10535     0.50813
    -0.20082     0.09387     0.02966     0.03514     0.03725     0.03935     0.03908     0.11959     0.02796     0.11572     0.53763
    -0.11182     0.09422     0.03085     0.03594     0.03802     0.04096     0.03972     0.12647     0.02850     0.12117     0.55584
    -0.02282     0.09424     0.03095     0.03603     0.03805     0.04098     0.03974     0.12656     0.02853     0.12128     0.55634
     0.06718     0.09424     0.03095     0.03603     0.03805     0.04098     0.03974     0.12656     0.02853     0.12128     0.55634
     0.15618     0.09424     0.03095     0.03603     0.03805     0.04098     0.03974     0.12656     0.02853     0.12128     0.55634
     0.24618     0.09424     0.03095     0.03603     0.03805     0.04098     0.03974     0.12656     0.02853     0.12128     0.55634
     0.33518     0.09424     0.03095     0.03603     0.03805     0.04098     0.03974     0.12656     0.02853     0.12128     0.55634
     0.42418     0.09424     0.03095     0.03603     0.03805     0.04098     0.03974     0.12656     0.02853     0.12128     0.55634
     0.51418     0.09424     0.03095     0.03603     0.03805     0.04098     0.03974     0.12656     0.02853     0.12128     0.55634
     0.60318     0.09424     0.03095     0.03603     0.03805     0.04098     0.03974     0.12656     0.02853     0.12128     0.55634
     0.69318     0.09424     0.03095     0.03603     0.03805     0.04098     0.03974     0.12656     0.02853     0.12128     0.55634
     0.78218     0.09424     0.03095     0.03603     0.03805     0.04098     0.03974     0.12656     0.02853     0.12128     0.55634
     0.87118     0.09424     0.03095     0.03603     0.03805     0.04098     0.03974     0.12656     0.02853     0.12128     0.55634
     0.96118     0.09427     0.03095     0.03603     0.03805     0.04098     0.03974     0.12656     0.02853     0.12128     0.55638
     1.05018     0.09437     0.03095     0.03603     0.03805     0.04098     0.03974     0.12656     0.02853     0.12128     0.55649
     1.14018     0.09453     0.03095     0.03603     0.03805     0.04098     0.04172     0.12657     0.02884     0.12132     0.55900
     1.22918     0.09477     0.03096     0.03603     0.03806     0.04103     0.05304     0.12666     0.03035     0.12154     0.57244
     1.31818     0.09509     0.03097     0.03603     0.03806     0.04496     0.07480     0.12691     0.03346     0.12190     0.60219
     1.40818     0.09549     0.03098     0.03604     0.03808     0.06031     0.10111     0.12738     0.03802     0.12227     0.64967
     1.49718     0.09596     0.03100     0.03605     0.03810     0.09490     0.13103     0.12806     0.04406     0.12264     0.72179
     1.58718     0.09650     0.03101     0.03606     0.03812     0.14324     0.16523     0.12881     0.05188     0.12303     0.81388
     1.67618     0.09720     0.03103     0.03607     0.03815     0.19740     0.20619     0.12957     0.06269     0.12350     0.92181
     1.76518     0.09811     0.03105     0.03609     0.03820     0.25913     0.26248     0.13045     0.07968     0.12432     1.05951
     1.85518     0.09873     0.03107     0.03611     0.03824     0.31206     0.31486     0.13116     0.09520     0.12516     1.18260
     1.94418     0.09906     0.03111     0.03613     0.03831     0.36331     0.37607     0.13194     0.11864     0.12632     1.32088
     2.03418     0.09953     0.03116     0.03614     0.03841     0.41719     0.44789     0.13308     0.16402     0.12830     1.49572
     2.12318     0.10008     0.03122     0.03617     0.03852     0.46083     0.49990     0.13506     0.21544     0.13195     1.64918
     2.21218     0.10073     0.03132     0.03621     0.03869     0.50143     0.54184     0.13896     0.26619     0.13917     1.79454
     2.30218     0.10143     0.03146     0.03626     0.03887     0.54222     0.58023     0.14528     0.32069     0.14954     1.94598
     2.39118     0.10206     0.03164     0.03633     0.03906     0.58299     0.61780     0.15551     0.38139     0.16170     2.10848
     2.48118     0.10268     0.03186     0.03641     0.03927     0.62315     0.65474     0.16881     0.45003     0.17514     2.28208
     2.57018     0.10325     0.03206     0.03649     0.03946     0.66730     0.69411     0.18301     0.53284     0.18984     2.47836
     2.65918     0.10374     0.03224     0.03657     0.03961     0.73001     0.74648     0.19878     0.65309     0.20702     2.74753
     2.74918     0.10413     0.03238     0.03663     0.03973     0.76960     0.77825     0.21366     0.73118     0.22290     2.92846
     2.83818     0.10444     0.03250     0.03668     0.03983     0.77079     0.77921     0.22959     0.73746     0.23929     2.96981
     2.92818     0.10472     0.03264     0.03676     0.03995     0.77295     0.78039     0.25665     0.74071     0.26242     3.02718
     3.01718     0.10492     0.03276     0.03684     0.04005     0.77606     0.78194     0.29649     0.74325     0.29168     3.10399
     3.10718     0.10509     0.03286     0.03693     0.04012     0.77891     0.78376     0.34478     0.74550     0.33027     3.19822
     3.19618     0.10521     0.03296     0.03702     0.04020     0.78148     0.78608     0.41102     0.74787     0.39081     3.33265
     3.28518     0.10527     0.03303     0.03708     0.04026     0.78292     0.78795     0.46024     0.74952     0.43987     3.43614
     3.37518     0.10530     0.03306     0.03712     0.04029     0.78307     0.78864     0.47337     0.75000     0.45571     3.46655
     3.46418     0.10532     0.03308     0.03713     0.04031     0.78310     0.78888     0.48003     0.75017     0.46277     3.48079
     3.55418     0.10533     0.03308     0.03714     0.04031     0.78310     0.78894     0.48258     0.75021     0.46503     3.48573
     3.64318     0.10533     0.03308     0.03714     0.04031     0.78310     0.78894     0.48258     0.75021     0.46503     3.48573
     3.73218     0.10533     0.03308     0.03714     0.04031     0.78310     0.78894     0.48258     0.75021     0.46503     3.48573
     3.82218     0.10533     0.03308     0.03714     0.04031     0.78310     0.78894     0.48258     0.75021     0.46503     3.48573
     3.91118     0.10533     0.03308     0.03714     0.04031     0.78310     0.78894     0.48258     0.75021     0.46503     3.48573
     4.00118     0.10533     0.03308     0.03714     0.04031     0.78310     0.78894     0.48258     0.75021     0.46503     3.48573
     4.09018     0.10533     0.03308     0.03714     0.04031     0.78310     0.78894     0.48258     0.75021     0.46503     3.48573
     4.17918     0.10533     0.03308     0.03714     0.04031     0.78310     0.78894     0.48258     0.75021     0.46503     3.48573
     4.26918     0.10533     0.03308     0.03714     0.04031     0.78310     0.78894     0.48258     0.75021     0.46503     3.48573
     4.35818     0.10533     0.03308     0.03714     0.04031     0.78310     0.78894     0.48258     0.75021     0.46503     3.48573
     4.44818     0.10533     0.03308     0.03714     0.04031     0.78310     0.78894     0.48258     0.75021     0.46503     3.48573
     4.53718     0.10533     0.03308     0.03714     0.04031     0.78310     0.78894     0.48258     0.75021     0.46503     3.48573
     4.62618     0.10533     0.03308     0.03714     0.04031     0.78310     0.78894     0.48258     0.75021     0.46503     3.48573
     4.71618     0.10533     0.03308     0.03714     0.04031     0.78310     0.78894     0.48258     0.75021     0.46503     3.48573
     4.80518     0.10533     0.03308     0.03714     0.04031     0.78310     0.78894     0.48258     0.75021     0.46503     3.48573
     4.89518     0.10533     0.03308     0.03714     0.04031     0.78310     0.78894     0.48258     0.75021     0.46503     3.48573
     4.98418     0.10533     0.03308     0.03714     0.04031     0.78310     0.78894     0.48258     0.75021     0.46503     3.48573
     5.07318     0.10533     0.03308     0.03714     0.04031     0.78310     0.78894     0.48258     0.75021     0.46503     3.48573
     5.16318     0.10533     0.03308     0.03714     0.04031     0.78310     0.78894     0.48258     0.75021     0.46503     3.48573
     5.25218     0.10533     0.03308     0.03714     0.04031     0.78310     0.78894     0.48258     0.75021     0.46503     3.48573
     5.34218     0.10533     0.03308     0.03714     0.04031     0.78310     0.78894     0.48258     0.75021     0.46503     3.48573
     5.43118     0.10533     0.03308     0.03714     0.04031     0.78310     0.78894     0.48258     0.75021     0.46503     3.48573
     5.52018     0.10533     0.03308     0.03714     0.04031     0.78310     0.78894     0.48258     0.75021     0.46503     3.48573
