     #Energy           s          py          pz          px         dxy         dyz         dz2         dxz         dx2       tot  
   -21.29982     0.00000     0.00000     0.00000     0.00000     0.00000     0.00000     0.00000     0.00000     0.00000     0.00000
   -21.21082     0.00000     0.00000     0.00000     0.00000     0.00000     0.00000     0.00000     0.00000     0.00000     0.00000
   -21.12082     0.00000     0.00000     0.00000     0.00000     0.00000     0.00000     0.00000     0.00000     0.00000     0.00000
   -21.03182     0.00000     0.00000     0.00000     0.00000     0.00000     0.00000     0.00000     0.00000     0.00000     0.00000
   -20.94182     0.00000     0.00000     0.00000     0.00000     0.00000     0.00000     0.00000     0.00000     0.00000     0.00000
   -20.85282     0.00000     0.00000     0.00000     0.00000     0.00000     0.00000     0.00000     0.00000     0.00000     0.00000
   -20.76382     0.00000     0.00000     0.00000     0.00000     0.00000     0.00000     0.00000     0.00000     0.00000     0.00000
   -20.67382     0.00000     0.00000     0.00000     0.00000     0.00000     0.00000     0.00000     0.00000     0.00000     0.00000
   -20.58482     0.00000     0.00000     0.00000     0.00000     0.00000     0.00000     0.00000     0.00000     0.00000     0.00000
   -20.49482     0.00000     0.00000     0.00000     0.00000     0.00000     0.00000     0.00000     0.00000     0.00000     0.00000
   -20.40582     0.00000     0.00000     0.00000     0.00000     0.00000     0.00000     0.00000     0.00000     0.00000     0.00000
   -20.31682     0.00000     0.00000     0.00000     0.00000     0.00000     0.00000     0.00000     0.00000     0.00000     0.00000
   -20.22682     0.00000     0.00000     0.00000     0.00000     0.00000     0.00000     0.00000     0.00000     0.00000     0.00000
   -20.13782     0.00000     0.00000     0.00000     0.00000     0.00000     0.00000     0.00000     0.00000     0.00000     0.00000
   -20.04782     0.00000     0.00000     0.00000     0.00000     0.00000     0.00000     0.00000     0.00000     0.00000     0.00000
   -19.95882     0.00000     0.00000     0.00000     0.00000     0.00000     0.00000     0.00000     0.00000     0.00000     0.00000
   -19.86982     0.00000     0.00000     0.00000     0.00000     0.00000     0.00000     0.00000     0.00000     0.00000     0.00000
   -19.77982     0.00000     0.00000     0.00000     0.00000     0.00000     0.00000     0.00000     0.00000     0.00000     0.00000
   -19.69082     0.00000     0.00000     0.00000     0.00000     0.00000     0.00000     0.00000     0.00000     0.00000     0.00000
   -19.60082     0.00000     0.00000     0.00000     0.00000     0.00000     0.00000     0.00000     0.00000     0.00000     0.00000
   -19.51182     0.00000     0.00000     0.00000     0.00000     0.00000     0.00000     0.00000     0.00000     0.00000     0.00000
   -19.42282     0.00000     0.00000     0.00000     0.00000     0.00000     0.00000     0.00000     0.00000     0.00000     0.00000
   -19.33282     0.00000     0.00000     0.00000     0.00000     0.00000     0.00000     0.00000     0.00000     0.00000     0.00000
   -19.24382    -0.00249    -0.00000    -0.00000    -0.00000     0.00000     0.00000     0.00000     0.00000     0.00000    -0.00249
   -19.15382    -0.00951    -0.00000    -0.00000    -0.00000     0.00000     0.00000     0.00000     0.00000     0.00000    -0.00952
   -19.06482    -0.02049    -0.00000    -0.00000    -0.00001     0.00000     0.00000     0.00000     0.00000     0.00000    -0.02050
   -18.97582    -0.03545    -0.00000    -0.00000    -0.00001     0.00000     0.00000     0.00000     0.00000     0.00000    -0.03547
   -18.88582    -0.05517    -0.00001    -0.00000    -0.00002     0.00000     0.00000     0.00000     0.00000     0.00000    -0.05520
   -18.79682    -0.08023    -0.00001    -0.00001    -0.00003     0.00000     0.00000     0.00000     0.00000     0.00000    -0.08028
   -18.70682    -0.11240    -0.00002    -0.00001    -0.00004     0.00000     0.00000     0.00000     0.00000     0.00000    -0.11248
   -18.61782    -0.15524    -0.00003    -0.00002    -0.00006     0.00000     0.00000     0.00000     0.00000     0.00000    -0.15534
   -18.52882    -0.21461    -0.00004    -0.00003    -0.00007     0.00000     0.00000     0.00000     0.00000     0.00000    -0.21474
   -18.43882    -0.30676    -0.00005    -0.00004    -0.00008     0.00000     0.00000     0.00000     0.00000     0.00000    -0.30693
   -18.34982    -0.50746    -0.00006    -0.00005    -0.00009     0.00000     0.00000     0.00000     0.00000     0.00000    -0.50766
   -18.25982    -0.65086    -0.00006    -0.00006    -0.00009     0.00000     0.00000     0.00000     0.00000     0.00000    -0.65107
   -18.17082    -0.65086    -0.00006    -0.00006    -0.00009     0.00000     0.00000     0.00000     0.00000     0.00000    -0.65107
   -18.08182    -0.65086    -0.00006    -0.00006    -0.00009     0.00000     0.00000     0.00000     0.00000     0.00000    -0.65107
   -17.99182    -0.65086    -0.00006    -0.00006    -0.00009     0.00000     0.00000     0.00000     0.00000     0.00000    -0.65107
   -17.90282    -0.65086    -0.00006    -0.00006    -0.00009     0.00000     0.00000     0.00000     0.00000     0.00000    -0.65107
   -17.81282    -0.65086    -0.00006    -0.00006    -0.00009     0.00000     0.00000     0.00000     0.00000     0.00000    -0.65107
   -17.72382    -0.65086    -0.00006    -0.00006    -0.00009     0.00000     0.00000     0.00000     0.00000     0.00000    -0.65107
   -17.63482    -0.65086    -0.00006    -0.00006    -0.00009     0.00000     0.00000     0.00000     0.00000     0.00000    -0.65107
   -17.54482    -0.65086    -0.00006    -0.00006    -0.00009     0.00000     0.00000     0.00000     0.00000     0.00000    -0.65107
   -17.45582    -0.65086    -0.00006    -0.00006    -0.00009     0.00000     0.00000     0.00000     0.00000     0.00000    -0.65107
   -17.36582    -0.65086    -0.00006    -0.00006    -0.00009     0.00000     0.00000     0.00000     0.00000     0.00000    -0.65107
   -17.27682    -0.65086    -0.00006    -0.00006    -0.00009     0.00000     0.00000     0.00000     0.00000     0.00000    -0.65107
   -17.18782    -0.65086    -0.00006    -0.00006    -0.00009     0.00000     0.00000     0.00000     0.00000     0.00000    -0.65107
   -17.09782    -0.65086    -0.00006    -0.00006    -0.00009     0.00000     0.00000     0.00000     0.00000     0.00000    -0.65107
   -17.00882    -0.65086    -0.00006    -0.00006    -0.00009     0.00000     0.00000     0.00000     0.00000     0.00000    -0.65107
   -16.91882    -0.65086    -0.00006    -0.00006    -0.00009     0.00000     0.00000     0.00000     0.00000     0.00000    -0.65107
   -16.82982    -0.65086    -0.00006    -0.00006    -0.00009     0.00000     0.00000     0.00000     0.00000     0.00000    -0.65107
   -16.74082    -0.65086    -0.00006    -0.00006    -0.00009     0.00000     0.00000     0.00000     0.00000     0.00000    -0.65107
   -16.65082    -0.65086    -0.00006    -0.00006    -0.00009     0.00000     0.00000     0.00000     0.00000     0.00000    -0.65107
   -16.56182    -0.65086    -0.00006    -0.00006    -0.00009     0.00000     0.00000     0.00000     0.00000     0.00000    -0.65107
   -16.47182    -0.65086    -0.00006    -0.00006    -0.00009     0.00000     0.00000     0.00000     0.00000     0.00000    -0.65107
   -16.38282    -0.65086    -0.00006    -0.00006    -0.00009     0.00000     0.00000     0.00000     0.00000     0.00000    -0.65107
   -16.29382    -0.65086    -0.00006    -0.00006    -0.00009     0.00000     0.00000     0.00000     0.00000     0.00000    -0.65107
   -16.20382    -0.65086    -0.00006    -0.00006    -0.00009     0.00000     0.00000     0.00000     0.00000     0.00000    -0.65107
   -16.11482    -0.65086    -0.00006    -0.00006    -0.00009     0.00000     0.00000     0.00000     0.00000     0.00000    -0.65107
   -16.02482    -0.65086    -0.00006    -0.00006    -0.00009     0.00000     0.00000     0.00000     0.00000     0.00000    -0.65107
   -15.93582    -0.65086    -0.00006    -0.00006    -0.00009     0.00000     0.00000     0.00000     0.00000     0.00000    -0.65107
   -15.84682    -0.65086    -0.00006    -0.00006    -0.00009     0.00000     0.00000     0.00000     0.00000     0.00000    -0.65107
   -15.75682    -0.65086    -0.00006    -0.00006    -0.00009     0.00000     0.00000     0.00000     0.00000     0.00000    -0.65107
   -15.66782    -0.65086    -0.00006    -0.00006    -0.00009     0.00000     0.00000     0.00000     0.00000     0.00000    -0.65107
   -15.57782    -0.65086    -0.00006    -0.00006    -0.00009     0.00000     0.00000     0.00000     0.00000     0.00000    -0.65107
   -15.48882    -0.65086    -0.00006    -0.00006    -0.00009     0.00000     0.00000     0.00000     0.00000     0.00000    -0.65107
   -15.39882    -0.65086    -0.00006    -0.00006    -0.00009     0.00000     0.00000     0.00000     0.00000     0.00000    -0.65107
   -15.30982    -0.65086    -0.00006    -0.00006    -0.00009     0.00000     0.00000     0.00000     0.00000     0.00000    -0.65107
   -15.22082    -0.65086    -0.00006    -0.00006    -0.00009     0.00000     0.00000     0.00000     0.00000     0.00000    -0.65107
   -15.13082    -0.65086    -0.00006    -0.00006    -0.00009     0.00000     0.00000     0.00000     0.00000     0.00000    -0.65107
   -15.04182    -0.65086    -0.00006    -0.00006    -0.00009     0.00000     0.00000     0.00000     0.00000     0.00000    -0.65107
   -14.95182    -0.65086    -0.00006    -0.00006    -0.00009     0.00000     0.00000     0.00000     0.00000     0.00000    -0.65107
   -14.86282    -0.65086    -0.00006    -0.00006    -0.00009     0.00000     0.00000     0.00000     0.00000     0.00000    -0.65107
   -14.77382    -0.65086    -0.00006    -0.00006    -0.00009     0.00000     0.00000     0.00000     0.00000     0.00000    -0.65107
   -14.68382    -0.65086    -0.00006    -0.00006    -0.00009     0.00000     0.00000     0.00000     0.00000     0.00000    -0.65107
   -14.59482    -0.65086    -0.00006    -0.00006    -0.00009     0.00000     0.00000     0.00000     0.00000     0.00000    -0.65107
   -14.50482    -0.65086    -0.00006    -0.00006    -0.00009     0.00000     0.00000     0.00000     0.00000     0.00000    -0.65107
   -14.41582    -0.65086    -0.00006    -0.00006    -0.00009     0.00000     0.00000     0.00000     0.00000     0.00000    -0.65107
   -14.32682    -0.65086    -0.00006    -0.00006    -0.00009     0.00000     0.00000     0.00000     0.00000     0.00000    -0.65107
   -14.23682    -0.65086    -0.00006    -0.00006    -0.00009     0.00000     0.00000     0.00000     0.00000     0.00000    -0.65107
   -14.14782    -0.65086    -0.00006    -0.00006    -0.00009     0.00000     0.00000     0.00000     0.00000     0.00000    -0.65107
   -14.05782    -0.65086    -0.00006    -0.00006    -0.00009     0.00000     0.00000     0.00000     0.00000     0.00000    -0.65107
   -13.96882    -0.65086    -0.00006    -0.00006    -0.00009     0.00000     0.00000     0.00000     0.00000     0.00000    -0.65107
   -13.87982    -0.65086    -0.00006    -0.00006    -0.00009     0.00000     0.00000     0.00000     0.00000     0.00000    -0.65107
   -13.78982    -0.65086    -0.00006    -0.00006    -0.00009     0.00000     0.00000     0.00000     0.00000     0.00000    -0.65107
   -13.70082    -0.65086    -0.00006    -0.00006    -0.00009     0.00000     0.00000     0.00000     0.00000     0.00000    -0.65107
   -13.61082    -0.65086    -0.00006    -0.00006    -0.00009     0.00000     0.00000     0.00000     0.00000     0.00000    -0.65107
   -13.52182    -0.65086    -0.00006    -0.00006    -0.00009     0.00000     0.00000     0.00000     0.00000     0.00000    -0.65107
   -13.43282    -0.65086    -0.00006    -0.00006    -0.00009     0.00000     0.00000     0.00000     0.00000     0.00000    -0.65107
   -13.34282    -0.65086    -0.00006    -0.00006    -0.00009     0.00000     0.00000     0.00000     0.00000     0.00000    -0.65107
   -13.25382    -0.65086    -0.00006    -0.00006    -0.00009     0.00000     0.00000     0.00000     0.00000     0.00000    -0.65107
   -13.16382    -0.65086    -0.00006    -0.00006    -0.00009     0.00000     0.00000     0.00000     0.00000     0.00000    -0.65107
   -13.07482    -0.65086    -0.00006    -0.00006    -0.00009     0.00000     0.00000     0.00000     0.00000     0.00000    -0.65107
   -12.98582    -0.65086    -0.00006    -0.00006    -0.00009     0.00000     0.00000     0.00000     0.00000     0.00000    -0.65107
   -12.89582    -0.65086    -0.00006    -0.00006    -0.00009     0.00000     0.00000     0.00000     0.00000     0.00000    -0.65107
   -12.80682    -0.65086    -0.00006    -0.00006    -0.00009     0.00000     0.00000     0.00000     0.00000     0.00000    -0.65107
   -12.71682    -0.65086    -0.00006    -0.00006    -0.00009     0.00000     0.00000     0.00000     0.00000     0.00000    -0.65107
   -12.62782    -0.65086    -0.00006    -0.00006    -0.00009     0.00000     0.00000     0.00000     0.00000     0.00000    -0.65107
   -12.53882    -0.65086    -0.00006    -0.00006    -0.00009     0.00000     0.00000     0.00000     0.00000     0.00000    -0.65107
   -12.44882    -0.65086    -0.00006    -0.00006    -0.00009     0.00000     0.00000     0.00000     0.00000     0.00000    -0.65107
   -12.35982    -0.65086    -0.00006    -0.00006    -0.00009     0.00000     0.00000     0.00000     0.00000     0.00000    -0.65107
   -12.26982    -0.65086    -0.00006    -0.00006    -0.00009     0.00000     0.00000     0.00000     0.00000     0.00000    -0.65107
   -12.18082    -0.65086    -0.00006    -0.00006    -0.00009     0.00000     0.00000     0.00000     0.00000     0.00000    -0.65107
   -12.09182    -0.65086    -0.00006    -0.00006    -0.00009     0.00000     0.00000     0.00000     0.00000     0.00000    -0.65107
   -12.00182    -0.65086    -0.00006    -0.00006    -0.00009     0.00000     0.00000     0.00000     0.00000     0.00000    -0.65107
   -11.91282    -0.65086    -0.00006    -0.00006    -0.00009     0.00000     0.00000     0.00000     0.00000     0.00000    -0.65107
   -11.82282    -0.65086    -0.00006    -0.00006    -0.00009     0.00000     0.00000     0.00000     0.00000     0.00000    -0.65107
   -11.73382    -0.65086    -0.00006    -0.00006    -0.00009     0.00000     0.00000     0.00000     0.00000     0.00000    -0.65107
   -11.64482    -0.65086    -0.00006    -0.00006    -0.00009     0.00000     0.00000     0.00000     0.00000     0.00000    -0.65107
   -11.55482    -0.65086    -0.00006    -0.00006    -0.00009     0.00000     0.00000     0.00000     0.00000     0.00000    -0.65107
   -11.46582    -0.65086    -0.00006    -0.00006    -0.00009     0.00000     0.00000     0.00000     0.00000     0.00000    -0.65107
   -11.37582    -0.65086    -0.00006    -0.00006    -0.00009     0.00000     0.00000     0.00000     0.00000     0.00000    -0.65107
   -11.28682    -0.65086    -0.00006    -0.00006    -0.00009     0.00000     0.00000     0.00000     0.00000     0.00000    -0.65107
   -11.19782    -0.65086    -0.00006    -0.00006    -0.00009     0.00000     0.00000     0.00000     0.00000     0.00000    -0.65107
   -11.10782    -0.65086    -0.00006    -0.00006    -0.00009     0.00000     0.00000     0.00000     0.00000     0.00000    -0.65107
   -11.01882    -0.65086    -0.00006    -0.00006    -0.00009     0.00000     0.00000     0.00000     0.00000     0.00000    -0.65107
   -10.92882    -0.65086    -0.00006    -0.00006    -0.00009     0.00000     0.00000     0.00000     0.00000     0.00000    -0.65107
   -10.83982    -0.65086    -0.00006    -0.00006    -0.00009     0.00000     0.00000     0.00000     0.00000     0.00000    -0.65107
   -10.75082    -0.65086    -0.00006    -0.00006    -0.00009     0.00000     0.00000     0.00000     0.00000     0.00000    -0.65107
   -10.66082    -0.65086    -0.00006    -0.00006    -0.00009     0.00000     0.00000     0.00000     0.00000     0.00000    -0.65107
   -10.57182    -0.65086    -0.00006    -0.00006    -0.00009     0.00000     0.00000     0.00000     0.00000     0.00000    -0.65107
   -10.48182    -0.65086    -0.00006    -0.00006    -0.00009     0.00000     0.00000     0.00000     0.00000     0.00000    -0.65107
   -10.39282    -0.65086    -0.00006    -0.00006    -0.00009     0.00000     0.00000     0.00000     0.00000     0.00000    -0.65107
   -10.30382    -0.65086    -0.00006    -0.00006    -0.00009     0.00000     0.00000     0.00000     0.00000     0.00000    -0.65107
   -10.21382    -0.65086    -0.00006    -0.00006    -0.00009     0.00000     0.00000     0.00000     0.00000     0.00000    -0.65107
   -10.12482    -0.65086    -0.00006    -0.00006    -0.00009     0.00000     0.00000     0.00000     0.00000     0.00000    -0.65107
   -10.03482    -0.65086    -0.00006    -0.00006    -0.00009     0.00000     0.00000     0.00000     0.00000     0.00000    -0.65107
    -9.94582    -0.65086    -0.00006    -0.00006    -0.00009     0.00000     0.00000     0.00000     0.00000     0.00000    -0.65107
    -9.85682    -0.65086    -0.00006    -0.00006    -0.00009     0.00000     0.00000     0.00000     0.00000     0.00000    -0.65107
    -9.76682    -0.65086    -0.00006    -0.00006    -0.00009     0.00000     0.00000     0.00000     0.00000     0.00000    -0.65107
    -9.67782    -0.65086    -0.00006    -0.00006    -0.00009     0.00000     0.00000     0.00000     0.00000     0.00000    -0.65107
    -9.58782    -0.65086    -0.00006    -0.00006    -0.00009     0.00000     0.00000     0.00000     0.00000     0.00000    -0.65107
    -9.49882    -0.65086    -0.00006    -0.00006    -0.00009     0.00000     0.00000     0.00000     0.00000     0.00000    -0.65107
    -9.40982    -0.65086    -0.00006    -0.00006    -0.00009     0.00000     0.00000     0.00000     0.00000     0.00000    -0.65107
    -9.31982    -0.65086    -0.00006    -0.00006    -0.00009     0.00000     0.00000     0.00000     0.00000     0.00000    -0.65107
    -9.23082    -0.65086    -0.00006    -0.00006    -0.00009     0.00000     0.00000     0.00000     0.00000     0.00000    -0.65107
    -9.14082    -0.65086    -0.00006    -0.00006    -0.00009     0.00000     0.00000     0.00000     0.00000     0.00000    -0.65107
    -9.05182    -0.65086    -0.00006    -0.00006    -0.00009     0.00000     0.00000     0.00000     0.00000     0.00000    -0.65107
    -8.96282    -0.65086    -0.00006    -0.00006    -0.00009     0.00000     0.00000     0.00000     0.00000     0.00000    -0.65107
    -8.87282    -0.65086    -0.00006    -0.00006    -0.00009     0.00000     0.00000     0.00000     0.00000     0.00000    -0.65107
    -8.78382    -0.65086    -0.00006    -0.00006    -0.00009     0.00000     0.00000     0.00000     0.00000     0.00000    -0.65107
    -8.69382    -0.65086    -0.00006    -0.00006    -0.00009     0.00000     0.00000     0.00000     0.00000     0.00000    -0.65107
    -8.60482    -0.65086    -0.00006    -0.00006    -0.00009     0.00000     0.00000     0.00000     0.00000     0.00000    -0.65107
    -8.51582    -0.65086    -0.00006    -0.00006    -0.00009     0.00000     0.00000     0.00000     0.00000     0.00000    -0.65107
    -8.42582    -0.65086    -0.00006    -0.00006    -0.00009     0.00000     0.00000     0.00000     0.00000     0.00000    -0.65107
    -8.33682    -0.65086    -0.00006    -0.00006    -0.00009     0.00000     0.00000     0.00000     0.00000     0.00000    -0.65107
    -8.24682    -0.65086    -0.00006    -0.00006    -0.00009     0.00000     0.00000     0.00000     0.00000     0.00000    -0.65107
    -8.15782    -0.65086    -0.00006    -0.00006    -0.00009     0.00000     0.00000     0.00000     0.00000     0.00000    -0.65107
    -8.06882    -0.65086    -0.00006    -0.00006    -0.00009     0.00000     0.00000     0.00000     0.00000     0.00000    -0.65107
    -7.97882    -0.65086    -0.00006    -0.00006    -0.00009     0.00000     0.00000     0.00000     0.00000     0.00000    -0.65107
    -7.88982    -0.65086    -0.00006    -0.00006    -0.00009     0.00000     0.00000     0.00000     0.00000     0.00000    -0.65107
    -7.79982    -0.65086    -0.00006    -0.00006    -0.00009     0.00000     0.00000     0.00000     0.00000     0.00000    -0.65107
    -7.71082    -0.65086    -0.00006    -0.00006    -0.00009     0.00000     0.00000     0.00000     0.00000     0.00000    -0.65107
    -7.62182    -0.65086    -0.00006    -0.00006    -0.00009     0.00000     0.00000     0.00000     0.00000     0.00000    -0.65107
    -7.53182    -0.65086    -0.00006    -0.00006    -0.00009     0.00000     0.00000     0.00000     0.00000     0.00000    -0.65107
    -7.44282    -0.65086    -0.00006    -0.00006    -0.00009     0.00000     0.00000     0.00000     0.00000     0.00000    -0.65107
    -7.35282    -0.65086    -0.00006    -0.00006    -0.00009     0.00000     0.00000     0.00000     0.00000     0.00000    -0.65107
    -7.26382    -0.65086    -0.00006    -0.00006    -0.00009     0.00000     0.00000     0.00000     0.00000     0.00000    -0.65107
    -7.17482    -0.65086    -0.00006    -0.00006    -0.00009     0.00000     0.00000     0.00000     0.00000     0.00000    -0.65107
    -7.08482    -0.65086    -0.00043    -0.00043    -0.00047     0.00000     0.00000     0.00000     0.00000     0.00000    -0.65219
    -6.99582    -0.65087    -0.00155    -0.00155    -0.00157     0.00000     0.00000     0.00000     0.00000     0.00000    -0.65554
    -6.90582    -0.65090    -0.00333    -0.00336    -0.00333     0.00000     0.00000     0.00000     0.00000     0.00000    -0.66091
    -6.81682    -0.65095    -0.00569    -0.00577    -0.00568     0.00000     0.00000     0.00000     0.00000     0.00000    -0.66809
    -6.72782    -0.65102    -0.00866    -0.00879    -0.00865     0.00000     0.00000     0.00000     0.00000     0.00000    -0.67711
    -6.63782    -0.65112    -0.01226    -0.01245    -0.01232     0.00000     0.00000     0.00000     0.00000     0.00000    -0.68815
    -6.54882    -0.65127    -0.01661    -0.01689    -0.01683     0.00000     0.00000     0.00000     0.00000     0.00000    -0.70159
    -6.45882    -0.65146    -0.02191    -0.02235    -0.02244     0.00000     0.00000     0.00000     0.00000     0.00000    -0.71817
    -6.36982    -0.65174    -0.02891    -0.02943    -0.02969     0.00000     0.00000     0.00000     0.00000     0.00000    -0.73976
    -6.28082    -0.65216    -0.03949    -0.03957    -0.03902     0.00000     0.00000     0.00000     0.00000     0.00000    -0.77025
    -6.19082    -0.65270    -0.05159    -0.05283    -0.04903     0.00000     0.00000     0.00000     0.00000     0.00000    -0.80616
    -6.10182    -0.65328    -0.06087    -0.06771    -0.06069     0.00000     0.00000     0.00000     0.00000     0.00000    -0.84255
    -6.01182    -0.65390    -0.06846    -0.08738    -0.07637     0.00000     0.00000     0.00000     0.00000     0.00000    -0.88611
    -5.92282    -0.65442    -0.07480    -0.10937    -0.09137     0.00000     0.00000     0.00000     0.00000     0.00000    -0.92996
    -5.83382    -0.65481    -0.07930    -0.12614    -0.10330     0.00000     0.00000     0.00000     0.00000     0.00000    -0.96355
    -5.74382    -0.65521    -0.08347    -0.13642    -0.11527     0.00000     0.00000     0.00000     0.00000     0.00000    -0.99038
    -5.65482    -0.65555    -0.08671    -0.14105    -0.12542     0.00000     0.00000     0.00000     0.00000     0.00000    -1.00873
    -5.56482    -0.65581    -0.08873    -0.14264    -0.13221     0.00000     0.00000     0.00000     0.00000     0.00000    -1.01938
    -5.47582    -0.65605    -0.09111    -0.14484    -0.13822     0.00000     0.00000     0.00000     0.00000     0.00000    -1.03023
    -5.38682    -0.65628    -0.09607    -0.14872    -0.14531     0.00000     0.00000     0.00000     0.00000     0.00000    -1.04639
    -5.29682    -0.65650    -0.10476    -0.15410    -0.15454     0.00000     0.00000     0.00000     0.00000     0.00000    -1.06990
    -5.20782    -0.65672    -0.11586    -0.16362    -0.16869     0.00000     0.00000     0.00000     0.00000     0.00000    -1.10489
    -5.11782    -0.65693    -0.12672    -0.17541    -0.18632     0.00000     0.00000     0.00000     0.00000     0.00000    -1.14539
    -5.02882    -0.65711    -0.13693    -0.18715    -0.20538     0.00000     0.00000     0.00000     0.00000     0.00000    -1.18657
    -4.93982    -0.65728    -0.14767    -0.20010    -0.22638     0.00000     0.00000     0.00000     0.00000     0.00000    -1.23144
    -4.84982    -0.65744    -0.16422    -0.21743    -0.24788     0.00000     0.00000     0.00000     0.00000     0.00000    -1.28697
    -4.76082    -0.65767    -0.20530    -0.25544    -0.27642     0.00000     0.00000     0.00000     0.00000     0.00000    -1.39484
    -4.67082    -0.65792    -0.25445    -0.29548    -0.30657     0.00000     0.00000     0.00000     0.00000     0.00000    -1.51442
    -4.58182    -0.65811    -0.28697    -0.31667    -0.32983     0.00000     0.00000     0.00000     0.00000     0.00000    -1.59158
    -4.49282    -0.65829    -0.30828    -0.33155    -0.34918     0.00000     0.00000     0.00000     0.00000     0.00000    -1.64729
    -4.40282    -0.65846    -0.32309    -0.34394    -0.36542     0.00000     0.00000     0.00000     0.00000     0.00000    -1.69090
    -4.31382    -0.65863    -0.33718    -0.35605    -0.38046     0.00000     0.00000     0.00000     0.00000     0.00000    -1.73232
    -4.22382    -0.65877    -0.35221    -0.36829    -0.39451     0.00000     0.00000     0.00000     0.00000     0.00000    -1.77377
    -4.13482    -0.65888    -0.37044    -0.38192    -0.40813     0.00000     0.00000     0.00000     0.00000     0.00000    -1.81937
    -4.04582    -0.65898    -0.39189    -0.39640    -0.42222     0.00000     0.00000     0.00000     0.00000     0.00000    -1.86949
    -3.95582    -0.65907    -0.41563    -0.41087    -0.43682     0.00000     0.00000     0.00000     0.00000     0.00000    -1.92240
    -3.86682    -0.65915    -0.43756    -0.42458    -0.44960     0.00000     0.00000     0.00000     0.00000     0.00000    -1.97089
    -3.77682    -0.65921    -0.45226    -0.43629    -0.45699     0.00000     0.00000     0.00000     0.00000     0.00000    -2.00475
    -3.68782    -0.65925    -0.46173    -0.44611    -0.46051     0.00000     0.00000     0.00000     0.00000     0.00000    -2.02761
    -3.59882    -0.65929    -0.46875    -0.45391    -0.46323     0.00000     0.00000     0.00000     0.00000     0.00000    -2.04518
    -3.50882    -0.65932    -0.47404    -0.46010    -0.46533     0.00000     0.00000     0.00000     0.00000     0.00000    -2.05879
    -3.41982    -0.65934    -0.47818    -0.46511    -0.46706     0.00000     0.00000     0.00000     0.00000     0.00000    -2.06969
    -3.32982    -0.65935    -0.48144    -0.46918    -0.46850     0.00000     0.00000     0.00000     0.00000     0.00000    -2.07847
    -3.24082    -0.65936    -0.48399    -0.47241    -0.46968     0.00000     0.00000     0.00000     0.00000     0.00000    -2.08545
    -3.15182    -0.65937    -0.48598    -0.47495    -0.47062     0.00000     0.00000     0.00000     0.00000     0.00000    -2.09092
    -3.06182    -0.65938    -0.48748    -0.47691    -0.47133     0.00000     0.00000     0.00000     0.00000     0.00000    -2.09509
    -2.97282    -0.65938    -0.48849    -0.47827    -0.47183     0.00000     0.00000     0.00000     0.00000     0.00000    -2.09797
    -2.88282    -0.65938    -0.48897    -0.47887    -0.47208     0.00000     0.00000     0.00000     0.00000     0.00000    -2.09931
    -2.79382    -0.65938    -0.48906    -0.47897    -0.47214     0.00000     0.00000     0.00000     0.00000     0.00000    -2.09955
    -2.70482    -0.65938    -0.48906    -0.47897    -0.47214     0.00000     0.00000     0.00000     0.00000     0.00000    -2.09955
    -2.61482    -0.65938    -0.48912    -0.47897    -0.47219     0.00000     0.00000     0.00000     0.00000     0.00000    -2.09967
    -2.52582    -0.65938    -0.48936    -0.47898    -0.47239     0.00000     0.00000     0.00000     0.00000     0.00000    -2.10011
    -2.43582    -0.65939    -0.48984    -0.47904    -0.47274     0.00000     0.00000     0.00000     0.00000     0.00000    -2.10102
    -2.34682    -0.65940    -0.49068    -0.47922    -0.47325     0.00000     0.00000     0.00000     0.00000     0.00000    -2.10256
    -2.25782    -0.65944    -0.49203    -0.47963    -0.47394     0.00000     0.00000     0.00000     0.00000     0.00000    -2.10504
    -2.16782    -0.65950    -0.49402    -0.48043    -0.47488     0.00000     0.00000     0.00000     0.00000     0.00000    -2.10883
    -2.07882    -0.65960    -0.49655    -0.48162    -0.47615     0.00000     0.00000     0.00000     0.00000     0.00000    -2.11392
    -1.98882    -0.65972    -0.49959    -0.48331    -0.47810     0.00000     0.00000     0.00000     0.00000     0.00000    -2.12073
    -1.89982    -0.65982    -0.50270    -0.48518    -0.48026     0.00000     0.00000     0.00000     0.00000     0.00000    -2.12796
    -1.81082    -0.65986    -0.50558    -0.48687    -0.48208     0.00000     0.00000     0.00000     0.00000     0.00000    -2.13439
    -1.72082    -0.65993    -0.50888    -0.48888    -0.48404     0.00000     0.00000     0.00000     0.00000     0.00000    -2.14173
    -1.63182    -0.66004    -0.51276    -0.49158    -0.48631     0.00000     0.00000     0.00000     0.00000     0.00000    -2.15069
    -1.54182    -0.66018    -0.51712    -0.49517    -0.48904     0.00000     0.00000     0.00000     0.00000     0.00000    -2.16151
    -1.45282    -0.66037    -0.52260    -0.50059    -0.49354     0.00000     0.00000     0.00000     0.00000     0.00000    -2.17709
    -1.36382    -0.66055    -0.52662    -0.50602    -0.49828     0.00000     0.00000     0.00000     0.00000     0.00000    -2.19148
    -1.27382    -0.66073    -0.52937    -0.51176    -0.50444     0.00000     0.00000     0.00000     0.00000     0.00000    -2.20630
    -1.18482    -0.66083    -0.53225    -0.51625    -0.51033     0.00000     0.00000     0.00000     0.00000     0.00000    -2.21966
    -1.09482    -0.66084    -0.53326    -0.51710    -0.51185     0.00000     0.00000     0.00000     0.00000     0.00000    -2.22304
    -1.00582    -0.66084    -0.53326    -0.51710    -0.51185     0.00000     0.00000     0.00000     0.00000     0.00000    -2.22304
    -0.91682    -0.66084    -0.53326    -0.51710    -0.51185     0.00000     0.00000     0.00000     0.00000     0.00000    -2.22304
    -0.82682    -0.66084    -0.53326    -0.51710    -0.51185     0.00000     0.00000     0.00000     0.00000     0.00000    -2.22305
    -0.73782    -0.66120    -0.53339    -0.51745    -0.51239     0.00000     0.00000     0.00000     0.00000     0.00000    -2.22443
    -0.64782    -0.66208    -0.53459    -0.51896    -0.51407     0.00000     0.00000     0.00000     0.00000     0.00000    -2.22970
    -0.55882    -0.66330    -0.53719    -0.52239    -0.51698     0.00000     0.00000     0.00000     0.00000     0.00000    -2.23986
    -0.46982    -0.66474    -0.54093    -0.52746    -0.52118     0.00000     0.00000     0.00000     0.00000     0.00000    -2.25431
    -0.37982    -0.66645    -0.54699    -0.53428    -0.52774     0.00000     0.00000     0.00000     0.00000     0.00000    -2.27545
    -0.29082    -0.66870    -0.55818    -0.54404    -0.53752     0.00000     0.00000     0.00000     0.00000     0.00000    -2.30844
    -0.20082    -0.67300    -0.57705    -0.55977    -0.55102     0.00000     0.00000     0.00000     0.00000     0.00000    -2.36084
    -0.11182    -0.67602    -0.58990    -0.57061    -0.55936     0.00000     0.00000     0.00000     0.00000     0.00000    -2.39589
    -0.02282    -0.67603    -0.59123    -0.57148    -0.55984     0.00000     0.00000     0.00000     0.00000     0.00000    -2.39858
     0.06718    -0.67603    -0.59123    -0.57148    -0.55984     0.00000     0.00000     0.00000     0.00000     0.00000    -2.39858
     0.15618    -0.67603    -0.59123    -0.57148    -0.55984     0.00000     0.00000     0.00000     0.00000     0.00000    -2.39858
     0.24618    -0.67603    -0.59123    -0.57148    -0.55984     0.00000     0.00000     0.00000     0.00000     0.00000    -2.39858
     0.33518    -0.67603    -0.59123    -0.57148    -0.55984     0.00000     0.00000     0.00000     0.00000     0.00000    -2.39858
     0.42418    -0.67603    -0.59123    -0.57148    -0.55984     0.00000     0.00000     0.00000     0.00000     0.00000    -2.39858
     0.51418    -0.67603    -0.59123    -0.57148    -0.55984     0.00000     0.00000     0.00000     0.00000     0.00000    -2.39858
     0.60318    -0.67603    -0.59123    -0.57148    -0.55984     0.00000     0.00000     0.00000     0.00000     0.00000    -2.39858
     0.69318    -0.67603    -0.59123    -0.57148    -0.55984     0.00000     0.00000     0.00000     0.00000     0.00000    -2.39858
     0.78218    -0.67603    -0.59123    -0.57148    -0.55984     0.00000     0.00000     0.00000     0.00000     0.00000    -2.39858
     0.87118    -0.67603    -0.59123    -0.57148    -0.55984     0.00000     0.00000     0.00000     0.00000     0.00000    -2.39858
     0.96118    -0.67606    -0.59123    -0.57148    -0.55984     0.00000     0.00000     0.00000     0.00000     0.00000    -2.39861
     1.05018    -0.67614    -0.59123    -0.57148    -0.55985     0.00000     0.00000     0.00000     0.00000     0.00000    -2.39871
     1.14018    -0.67626    -0.59128    -0.57153    -0.55988     0.00000     0.00000     0.00000     0.00000     0.00000    -2.39895
     1.22918    -0.67644    -0.59152    -0.57182    -0.55994     0.00000     0.00000     0.00000     0.00000     0.00000    -2.39972
     1.31818    -0.67666    -0.59205    -0.57238    -0.56014     0.00000     0.00000     0.00000     0.00000     0.00000    -2.40123
     1.40818    -0.67694    -0.59287    -0.57310    -0.56059     0.00000     0.00000     0.00000     0.00000     0.00000    -2.40350
     1.49718    -0.67726    -0.59410    -0.57395    -0.56143     0.00000     0.00000     0.00000     0.00000     0.00000    -2.40674
     1.58718    -0.67761    -0.59564    -0.57492    -0.56255     0.00000     0.00000     0.00000     0.00000     0.00000    -2.41073
     1.67618    -0.67807    -0.59735    -0.57607    -0.56384     0.00000     0.00000     0.00000     0.00000     0.00000    -2.41533
     1.76518    -0.67866    -0.59945    -0.57757    -0.56549     0.00000     0.00000     0.00000     0.00000     0.00000    -2.42117
     1.85518    -0.67912    -0.60142    -0.57892    -0.56697     0.00000     0.00000     0.00000     0.00000     0.00000    -2.42644
     1.94418    -0.67953    -0.60329    -0.58037    -0.56842     0.00000     0.00000     0.00000     0.00000     0.00000    -2.43161
     2.03418    -0.68013    -0.60511    -0.58217    -0.57021     0.00000     0.00000     0.00000     0.00000     0.00000    -2.43763
     2.12318    -0.68094    -0.60649    -0.58370    -0.57189     0.00000     0.00000     0.00000     0.00000     0.00000    -2.44301
     2.21218    -0.68212    -0.60770    -0.58496    -0.57365     0.00000     0.00000     0.00000     0.00000     0.00000    -2.44844
     2.30218    -0.68357    -0.60899    -0.58613    -0.57552     0.00000     0.00000     0.00000     0.00000     0.00000    -2.45422
     2.39118    -0.68517    -0.61044    -0.58735    -0.57740     0.00000     0.00000     0.00000     0.00000     0.00000    -2.46036
     2.48118    -0.68680    -0.61192    -0.58864    -0.57929     0.00000     0.00000     0.00000     0.00000     0.00000    -2.46664
     2.57018    -0.68831    -0.61341    -0.59014    -0.58124     0.00000     0.00000     0.00000     0.00000     0.00000    -2.47310
     2.65918    -0.68975    -0.61515    -0.59225    -0.58363     0.00000     0.00000     0.00000     0.00000     0.00000    -2.48078
     2.74918    -0.69093    -0.61640    -0.59391    -0.58530     0.00000     0.00000     0.00000     0.00000     0.00000    -2.48653
     2.83818    -0.69193    -0.61694    -0.59470    -0.58593     0.00000     0.00000     0.00000     0.00000     0.00000    -2.48950
     2.92818    -0.69320    -0.61759    -0.59583    -0.58672     0.00000     0.00000     0.00000     0.00000     0.00000    -2.49333
     3.01718    -0.69459    -0.61838    -0.59733    -0.58767     0.00000     0.00000     0.00000     0.00000     0.00000    -2.49797
     3.10718    -0.69610    -0.61944    -0.59919    -0.58896     0.00000     0.00000     0.00000     0.00000     0.00000    -2.50370
     3.19618    -0.69781    -0.62097    -0.60151    -0.59095     0.00000     0.00000     0.00000     0.00000     0.00000    -2.51124
     3.28518    -0.69892    -0.62221    -0.60315    -0.59255     0.00000     0.00000     0.00000     0.00000     0.00000    -2.51683
     3.37518    -0.69924    -0.62278    -0.60373    -0.59322     0.00000     0.00000     0.00000     0.00000     0.00000    -2.51897
     3.46418    -0.69936    -0.62318    -0.60404    -0.59361     0.00000     0.00000     0.00000     0.00000     0.00000    -2.52019
     3.55418    -0.69941    -0.62337    -0.60416    -0.59378     0.00000     0.00000     0.00000     0.00000     0.00000    -2.52072
     3.64318    -0.69941    -0.62337    -0.60416    -0.59378     0.00000     0.00000     0.00000     0.00000     0.00000    -2.52072
     3.73218    -0.69941    -0.62337    -0.60416    -0.59378     0.00000     0.00000     0.00000     0.00000     0.00000    -2.52072
     3.82218    -0.69941    -0.62337    -0.60416    -0.59378     0.00000     0.00000     0.00000     0.00000     0.00000    -2.52072
     3.91118    -0.69941    -0.62337    -0.60416    -0.59378     0.00000     0.00000     0.00000     0.00000     0.00000    -2.52072
     4.00118    -0.69941    -0.62337    -0.60416    -0.59378     0.00000     0.00000     0.00000     0.00000     0.00000    -2.52072
     4.09018    -0.69941    -0.62337    -0.60416    -0.59378     0.00000     0.00000     0.00000     0.00000     0.00000    -2.52072
     4.17918    -0.69941    -0.62337    -0.60416    -0.59378     0.00000     0.00000     0.00000     0.00000     0.00000    -2.52072
     4.26918    -0.69941    -0.62337    -0.60416    -0.59378     0.00000     0.00000     0.00000     0.00000     0.00000    -2.52072
     4.35818    -0.69941    -0.62337    -0.60416    -0.59378     0.00000     0.00000     0.00000     0.00000     0.00000    -2.52072
     4.44818    -0.69941    -0.62337    -0.60416    -0.59378     0.00000     0.00000     0.00000     0.00000     0.00000    -2.52072
     4.53718    -0.69941    -0.62337    -0.60416    -0.59378     0.00000     0.00000     0.00000     0.00000     0.00000    -2.52072
     4.62618    -0.69941    -0.62337    -0.60416    -0.59378     0.00000     0.00000     0.00000     0.00000     0.00000    -2.52072
     4.71618    -0.69941    -0.62337    -0.60416    -0.59378     0.00000     0.00000     0.00000     0.00000     0.00000    -2.52072
     4.80518    -0.69941    -0.62337    -0.60416    -0.59378     0.00000     0.00000     0.00000     0.00000     0.00000    -2.52072
     4.89518    -0.69941    -0.62337    -0.60416    -0.59378     0.00000     0.00000     0.00000     0.00000     0.00000    -2.52072
     4.98418    -0.69941    -0.62337    -0.60416    -0.59378     0.00000     0.00000     0.00000     0.00000     0.00000    -2.52072
     5.07318    -0.69941    -0.62337    -0.60416    -0.59378     0.00000     0.00000     0.00000     0.00000     0.00000    -2.52072
     5.16318    -0.69941    -0.62337    -0.60416    -0.59378     0.00000     0.00000     0.00000     0.00000     0.00000    -2.52072
     5.25218    -0.69941    -0.62337    -0.60416    -0.59378     0.00000     0.00000     0.00000     0.00000     0.00000    -2.52072
     5.34218    -0.69941    -0.62337    -0.60416    -0.59378     0.00000     0.00000     0.00000     0.00000     0.00000    -2.52072
     5.43118    -0.69941    -0.62337    -0.60416    -0.59378     0.00000     0.00000     0.00000     0.00000     0.00000    -2.52072
     5.52018    -0.69941    -0.62337    -0.60416    -0.59378     0.00000     0.00000     0.00000     0.00000     0.00000    -2.52072
