 #energy          xx(cm^-1)       yy(cm^-1)       zz(cm^-1)       xy(cm^-1)       yz(cm^-1)       zx(cm^-1)
  0.00000000E+00  0.00000000E+00  0.00000000E+00  0.00000000E+00  0.00000000E+00  0.00000000E+00  0.00000000E+00
  0.25100000E-01  0.14828231E+03  0.14828231E+03  0.14828231E+03  0.95248417E+02  0.95248417E+02  0.95248417E+02
  0.50200000E-01  0.61486334E+03  0.61486334E+03  0.61486334E+03  0.19085820E+03  0.19085820E+03  0.19085820E+03
  0.75300000E-01  0.14631133E+04  0.14631133E+04  0.14631133E+04  0.28717953E+03  0.28717953E+03  0.28717953E+03
  0.10040000E+00  0.27932460E+04  0.27932460E+04  0.27932460E+04  0.38659490E+03  0.38659490E+03  0.38659490E+03
  0.12550000E+00  0.47343165E+04  0.47343165E+04  0.47343165E+04  0.48978197E+03  0.48978197E+03  0.48978197E+03
  0.15060000E+00  0.74331388E+04  0.74331388E+04  0.74331388E+04  0.59747734E+03  0.59747734E+03  0.59747734E+03
  0.17570000E+00  0.11042093E+05  0.11042093E+05  0.11042093E+05  0.71014100E+03  0.71014100E+03  0.71014100E+03
  0.20080000E+00  0.15705664E+05  0.15705664E+05  0.15705664E+05  0.80621674E+03  0.80621674E+03  0.80621674E+03
  0.22590000E+00  0.21548411E+05  0.21548411E+05  0.21548411E+05  0.91584041E+03  0.91584041E+03  0.91584041E+03
  0.25100000E+00  0.28664948E+05  0.28664948E+05  0.28664948E+05  0.99494939E+03  0.99494939E+03  0.99494939E+03
  0.27610000E+00  0.37113184E+05  0.37113184E+05  0.37113184E+05  0.10754868E+04  0.10754868E+04  0.10754868E+04
  0.30120000E+00  0.46909525E+05  0.46909525E+05  0.46909525E+05  0.11332644E+04  0.11332644E+04  0.11332644E+04
  0.32630000E+00  0.58027958E+05  0.58027958E+05  0.58027958E+05  0.11943346E+04  0.11943346E+04  0.11943346E+04
  0.35140000E+00  0.70399197E+05  0.70399197E+05  0.70399197E+05  0.12098932E+04  0.12098932E+04  0.12098932E+04
  0.37650000E+00  0.83908288E+05  0.83908288E+05  0.83908288E+05  0.11979426E+04  0.11979426E+04  0.11979426E+04
  0.40160000E+00  0.98393524E+05  0.98393524E+05  0.98393524E+05  0.11512835E+04  0.11512835E+04  0.11512835E+04
  0.42670000E+00  0.11364119E+06  0.11364119E+06  0.11364119E+06  0.10794285E+04  0.10794285E+04  0.10794285E+04
  0.45180000E+00  0.12938316E+06  0.12938316E+06  0.12938316E+06  0.96637700E+03  0.96637700E+03  0.96637700E+03
  0.47690000E+00  0.14529655E+06  0.14529655E+06  0.14529655E+06  0.82333696E+03  0.82333696E+03  0.82333696E+03
  0.50200000E+00  0.16101031E+06  0.16101031E+06  0.16101031E+06  0.60553809E+03  0.60553809E+03  0.60553809E+03
  0.52710000E+00  0.17611918E+06  0.17611918E+06  0.17611918E+06  0.42215282E+03  0.42215282E+03  0.42215282E+03
  0.55220000E+00  0.19021241E+06  0.19021241E+06  0.19021241E+06  0.16437108E+03  0.16437108E+03  0.16437108E+03
  0.57730000E+00  0.20291102E+06  0.20291102E+06  0.20291102E+06  0.58500332E+02  0.58500332E+02  0.58500332E+02
  0.60240000E+00  0.21391982E+06  0.21391982E+06  0.21391982E+06  0.31643419E+03  0.31643419E+03  0.31643419E+03
  0.62750000E+00  0.22307949E+06  0.22307949E+06  0.22307949E+06  0.62504822E+03  0.62504822E+03  0.62504822E+03
  0.65270000E+00  0.23045880E+06  0.23045880E+06  0.23045880E+06  0.84310320E+03  0.84310320E+03  0.84310320E+03
  0.67780000E+00  0.23625122E+06  0.23625122E+06  0.23625122E+06  0.11272337E+04  0.11272337E+04  0.11272337E+04
  0.70290000E+00  0.24099749E+06  0.24099749E+06  0.24099749E+06  0.13147402E+04  0.13147402E+04  0.13147402E+04
  0.72800000E+00  0.24539933E+06  0.24539933E+06  0.24539933E+06  0.15047514E+04  0.15047514E+04  0.15047514E+04
  0.75310000E+00  0.25025885E+06  0.25025885E+06  0.25025885E+06  0.16520957E+04  0.16520957E+04  0.16520957E+04
  0.77820000E+00  0.25633603E+06  0.25633603E+06  0.25633603E+06  0.16778036E+04  0.16778036E+04  0.16778036E+04
  0.80330000E+00  0.26420903E+06  0.26420903E+06  0.26420903E+06  0.17331037E+04  0.17331037E+04  0.17331037E+04
  0.82840000E+00  0.27417385E+06  0.27417385E+06  0.27417385E+06  0.17129678E+04  0.17129678E+04  0.17129678E+04
  0.85350000E+00  0.28620679E+06  0.28620679E+06  0.28620679E+06  0.14482425E+04  0.14482425E+04  0.14482425E+04
  0.87860000E+00  0.29999321E+06  0.29999321E+06  0.29999321E+06  0.13836385E+04  0.13836385E+04  0.13836385E+04
  0.90370000E+00  0.31498387E+06  0.31498387E+06  0.31498387E+06  0.91594177E+03  0.91594177E+03  0.91594177E+03
  0.92880000E+00  0.33047201E+06  0.33047201E+06  0.33047201E+06  0.66565744E+03  0.66565744E+03  0.66565744E+03
  0.95390000E+00  0.34566318E+06  0.34566318E+06  0.34566318E+06  0.76006828E+03  0.76006828E+03  0.76006828E+03
  0.97900000E+00  0.35974735E+06  0.35974735E+06  0.35974735E+06  0.54599258E+03  0.54599258E+03  0.54599258E+03
  0.10041000E+01  0.37195749E+06  0.37195749E+06  0.37195749E+06  0.49446902E+03  0.49446902E+03  0.49446902E+03
  0.10292000E+01  0.38162293E+06  0.38162293E+06  0.38162293E+06  0.50682952E+03  0.50682952E+03  0.50682952E+03
  0.10543000E+01  0.38821642E+06  0.38821642E+06  0.38821642E+06  0.23776788E+03  0.23776788E+03  0.23776788E+03
  0.10794000E+01  0.39139429E+06  0.39139429E+06  0.39139429E+06  0.24342848E+03  0.24342848E+03  0.24342848E+03
  0.11045000E+01  0.39102177E+06  0.39102177E+06  0.39102177E+06  0.00000000E+00  0.00000000E+00  0.00000000E+00
  0.11296000E+01  0.38718592E+06  0.38718592E+06  0.38718592E+06  0.00000000E+00  0.00000000E+00  0.00000000E+00
  0.11547000E+01  0.38019135E+06  0.38019135E+06  0.38019135E+06  0.26041029E+03  0.26041029E+03  0.26041029E+03
  0.11798000E+01  0.37052687E+06  0.37052687E+06  0.37052687E+06  0.26607089E+03  0.26607089E+03  0.26607089E+03
  0.12049000E+01  0.35881588E+06  0.35881588E+06  0.35881588E+06  0.30298319E+03  0.30298319E+03  0.30298319E+03
  0.12300000E+01  0.34573144E+06  0.34573144E+06  0.34573144E+06  0.30929482E+03  0.30929482E+03  0.30929482E+03
  0.12551000E+01  0.33189765E+06  0.33189765E+06  0.33189765E+06  0.31560644E+03  0.31560644E+03  0.31560644E+03
  0.12802000E+01  0.31779191E+06  0.31779191E+06  0.31779191E+06  0.00000000E+00  0.00000000E+00  0.00000000E+00
  0.13053000E+01  0.30367267E+06  0.30367267E+06  0.30367267E+06  0.00000000E+00  0.00000000E+00  0.00000000E+00
  0.13304000E+01  0.28956876E+06  0.28956876E+06  0.28956876E+06  0.00000000E+00  0.00000000E+00  0.00000000E+00
  0.13555000E+01  0.27532670E+06  0.27532670E+06  0.27532670E+06  0.00000000E+00  0.00000000E+00  0.00000000E+00
  0.13806000E+01  0.26069878E+06  0.26069878E+06  0.26069878E+06  0.31135572E+03  0.31135572E+03  0.31135572E+03
  0.14057000E+01  0.24546157E+06  0.24546157E+06  0.24546157E+06  0.31701632E+03  0.31701632E+03  0.31701632E+03
  0.14308000E+01  0.22951830E+06  0.22951830E+06  0.22951830E+06  0.32267692E+03  0.32267692E+03  0.32267692E+03
  0.14559000E+01  0.21299706E+06  0.21299706E+06  0.21299706E+06  0.30017672E+03  0.30017672E+03  0.30017672E+03
  0.14810000E+01  0.19628128E+06  0.19628128E+06  0.19628128E+06  0.30535183E+03  0.30535183E+03  0.30535183E+03
  0.15061000E+01  0.17997685E+06  0.17997685E+06  0.17997685E+06  0.31052693E+03  0.31052693E+03  0.31052693E+03
  0.15312000E+01  0.16479439E+06  0.16479439E+06  0.16479439E+06  0.29254789E+03  0.29254789E+03  0.29254789E+03
  0.15563000E+01  0.15139081E+06  0.15139081E+06  0.15139081E+06  0.29734345E+03  0.29734345E+03  0.29734345E+03
  0.15814000E+01  0.14022097E+06  0.14022097E+06  0.14022097E+06  0.00000000E+00  0.00000000E+00  0.00000000E+00
  0.16065000E+01  0.13150940E+06  0.13150940E+06  0.13150940E+06  0.00000000E+00  0.00000000E+00  0.00000000E+00
  0.16316000E+01  0.12526627E+06  0.12526627E+06  0.12526627E+06  0.00000000E+00  0.00000000E+00  0.00000000E+00
  0.16567000E+01  0.12134638E+06  0.12134638E+06  0.12134638E+06  0.00000000E+00  0.00000000E+00  0.00000000E+00
  0.16818000E+01  0.11951692E+06  0.11951692E+06  0.11951692E+06  0.28366095E+03  0.28366095E+03  0.28366095E+03
  0.17069000E+01  0.11949896E+06  0.11949896E+06  0.11949896E+06  0.28789444E+03  0.28789444E+03  0.28789444E+03
  0.17320000E+01  0.12098945E+06  0.12098945E+06  0.12098945E+06  0.58161783E+03  0.58161783E+03  0.58161783E+03
  0.17571000E+01  0.12369864E+06  0.12369864E+06  0.12369864E+06  0.56040300E+03  0.56040300E+03  0.56040300E+03
  0.17822000E+01  0.12735428E+06  0.12735428E+06  0.12735428E+06  0.56840831E+03  0.56840831E+03  0.56840831E+03
  0.18073000E+01  0.13170499E+06  0.13170499E+06  0.13170499E+06  0.85948121E+03  0.85948121E+03  0.85948121E+03
  0.18324000E+01  0.13654602E+06  0.13654602E+06  0.13654602E+06  0.87141779E+03  0.87141779E+03  0.87141779E+03
  0.18575000E+01  0.14168134E+06  0.14168134E+06  0.14168134E+06  0.88335436E+03  0.88335436E+03  0.88335436E+03
  0.18826000E+01  0.14696320E+06  0.14696320E+06  0.14696320E+06  0.11841997E+04  0.11841997E+04  0.11841997E+04
  0.19077000E+01  0.15225168E+06  0.15225168E+06  0.15225168E+06  0.11999882E+04  0.11999882E+04  0.11999882E+04
  0.19329000E+01  0.15745103E+06  0.15745103E+06  0.15745103E+06  0.12158396E+04  0.12158396E+04  0.12158396E+04
  0.19580000E+01  0.16247294E+06  0.16247294E+06  0.16247294E+06  0.11779948E+04  0.11779948E+04  0.11779948E+04
  0.19831000E+01  0.16729606E+06  0.16729606E+06  0.16729606E+06  0.11930958E+04  0.11930958E+04  0.11930958E+04
  0.20082000E+01  0.17195801E+06  0.17195801E+06  0.17195801E+06  0.14392477E+04  0.14392477E+04  0.14392477E+04
  0.20333000E+01  0.17656894E+06  0.17656894E+06  0.17656894E+06  0.14572365E+04  0.14572365E+04  0.14572365E+04
  0.20584000E+01  0.18131519E+06  0.18131519E+06  0.18131519E+06  0.16935054E+04  0.16935054E+04  0.16935054E+04
  0.20835000E+01  0.18645581E+06  0.18645581E+06  0.18645581E+06  0.19195068E+04  0.19195068E+04  0.19195068E+04
  0.21086000E+01  0.19229627E+06  0.19229627E+06  0.19229627E+06  0.22026867E+04  0.22026867E+04  0.22026867E+04
  0.21337000E+01  0.19915464E+06  0.19915464E+06  0.19915464E+06  0.27374883E+04  0.27374883E+04  0.27374883E+04
  0.21588000E+01  0.20732344E+06  0.20732344E+06  0.20732344E+06  0.29360070E+04  0.29360070E+04  0.29360070E+04
  0.21839000E+01  0.21702333E+06  0.21702333E+06  0.21702333E+06  0.35363730E+04  0.35363730E+04  0.35363730E+04
  0.22090000E+01  0.22837347E+06  0.22837347E+06  0.22837347E+06  0.40419502E+04  0.40419502E+04  0.40419502E+04
  0.22341000E+01  0.24135856E+06  0.24135856E+06  0.24135856E+06  0.47521038E+04  0.47521038E+04  0.47521038E+04
  0.22592000E+01  0.25583181E+06  0.25583181E+06  0.25583181E+06  0.51444260E+04  0.51444260E+04  0.51444260E+04
  0.22843000E+01  0.27150390E+06  0.27150390E+06  0.27150390E+06  0.56767860E+04  0.56767860E+04  0.56767860E+04
  0.23094000E+01  0.28795930E+06  0.28795930E+06  0.28795930E+06  0.62346651E+04  0.62346651E+04  0.62346651E+04
  0.23345000E+01  0.30470623E+06  0.30470623E+06  0.30470623E+06  0.66115121E+04  0.66115121E+04  0.66115121E+04
  0.23596000E+01  0.32119971E+06  0.32119971E+06  0.32119971E+06  0.68139392E+04  0.68139392E+04  0.68139392E+04
  0.23847000E+01  0.33691135E+06  0.33691135E+06  0.33691135E+06  0.70524668E+04  0.70524668E+04  0.70524668E+04
  0.24098000E+01  0.35140413E+06  0.35140413E+06  0.35140413E+06  0.69082743E+04  0.69082743E+04  0.69082743E+04
  0.24349000E+01  0.36440687E+06  0.36440687E+06  0.36440687E+06  0.67585782E+04  0.67585782E+04  0.67585782E+04
  0.24600000E+01  0.37588185E+06  0.37588185E+06  0.37588185E+06  0.63654682E+04  0.63654682E+04  0.63654682E+04
  0.24851000E+01  0.38606637E+06  0.38606637E+06  0.38606637E+06  0.59479493E+04  0.59479493E+04  0.59479493E+04
  0.25102000E+01  0.39549058E+06  0.39549058E+06  0.39549058E+06  0.55744983E+04  0.55744983E+04  0.55744983E+04
  0.25353000E+01  0.40493285E+06  0.40493285E+06  0.40493285E+06  0.57072909E+04  0.57072909E+04  0.57072909E+04
  0.25604000E+01  0.41531450E+06  0.41531450E+06  0.41531450E+06  0.58477250E+04  0.58477250E+04  0.58477250E+04
  0.25855000E+01  0.42756113E+06  0.42756113E+06  0.42756113E+06  0.65021762E+04  0.65021762E+04  0.65021762E+04
  0.26106000E+01  0.44247041E+06  0.44247041E+06  0.44247041E+06  0.70478118E+04  0.70478118E+04  0.70478118E+04
  0.26357000E+01  0.46058964E+06  0.46058964E+06  0.46058964E+06  0.81329234E+04  0.81329234E+04  0.81329234E+04
  0.26608000E+01  0.48212818E+06  0.48212818E+06  0.48212818E+06  0.91796750E+04  0.91796750E+04  0.91796750E+04
  0.26859000E+01  0.50696407E+06  0.50696407E+06  0.50696407E+06  0.10185854E+05  0.10185854E+05  0.10185854E+05
  0.27110000E+01  0.53466490E+06  0.53466490E+06  0.53466490E+06  0.11017441E+05  0.11017441E+05  0.11017441E+05
  0.27361000E+01  0.56454529E+06  0.56454529E+06  0.56454529E+06  0.11900859E+05  0.11900859E+05  0.11900859E+05
  0.27612000E+01  0.59576488E+06  0.59576488E+06  0.59576488E+06  0.12684071E+05  0.12684071E+05  0.12684071E+05
  0.27863000E+01  0.62739240E+06  0.62739240E+06  0.62739240E+06  0.13308083E+05  0.13308083E+05  0.13308083E+05
  0.28114000E+01  0.65850530E+06  0.65850530E+06  0.65850530E+06  0.13726542E+05  0.13726542E+05  0.13726542E+05
  0.28365000E+01  0.68825680E+06  0.68825680E+06  0.68825680E+06  0.13984016E+05  0.13984016E+05  0.13984016E+05
  0.28616000E+01  0.71595307E+06  0.71595307E+06  0.71595307E+06  0.14046156E+05  0.14046156E+05  0.14046156E+05
  0.28867000E+01  0.74110217E+06  0.74110217E+06  0.74110217E+06  0.14154206E+05  0.14154206E+05  0.14154206E+05
  0.29118000E+01  0.76346730E+06  0.76346730E+06  0.76346730E+06  0.13819532E+05  0.13819532E+05  0.13819532E+05
  0.29369000E+01  0.78308524E+06  0.78308524E+06  0.78308524E+06  0.13699326E+05  0.13699326E+05  0.13699326E+05
  0.29620000E+01  0.80027978E+06  0.80027978E+06  0.80027978E+06  0.13107394E+05  0.13107394E+05  0.13107394E+05
  0.29871000E+01  0.81560801E+06  0.81560801E+06  0.81560801E+06  0.12807042E+05  0.12807042E+05  0.12807042E+05
  0.30122000E+01  0.82982508E+06  0.82982508E+06  0.82982508E+06  0.12488289E+05  0.12488289E+05  0.12488289E+05
  0.30373000E+01  0.84375378E+06  0.84375378E+06  0.84375378E+06  0.12227459E+05  0.12227459E+05  0.12227459E+05
  0.30624000E+01  0.85818747E+06  0.85818747E+06  0.85818747E+06  0.12046213E+05  0.12046213E+05  0.12046213E+05
  0.30875000E+01  0.87377180E+06  0.87377180E+06  0.87377180E+06  0.12144946E+05  0.12144946E+05  0.12144946E+05
  0.31126000E+01  0.89088824E+06  0.89088824E+06  0.89088824E+06  0.12715863E+05  0.12715863E+05  0.12715863E+05
  0.31377000E+01  0.90959920E+06  0.90959920E+06  0.90959920E+06  0.13181085E+05  0.13181085E+05  0.13181085E+05
  0.31628000E+01  0.92966612E+06  0.92966612E+06  0.92966612E+06  0.13644787E+05  0.13644787E+05  0.13644787E+05
  0.31879000E+01  0.95055775E+06  0.95055775E+06  0.95055775E+06  0.14380235E+05  0.14380235E+05  0.14380235E+05
  0.32131000E+01  0.97157398E+06  0.97157398E+06  0.97157398E+06  0.14779057E+05  0.14779057E+05  0.14779057E+05
  0.32382000E+01  0.99183498E+06  0.99183498E+06  0.99183498E+06  0.15145058E+05  0.15145058E+05  0.15145058E+05
  0.32633000E+01  0.10105397E+07  0.10105397E+07  0.10105397E+07  0.15195316E+05  0.15195316E+05  0.15195316E+05
  0.32884000E+01  0.10269779E+07  0.10269779E+07  0.10269779E+07  0.15277801E+05  0.15277801E+05  0.15277801E+05
  0.33135000E+01  0.10406302E+07  0.10406302E+07  0.10406302E+07  0.15394415E+05  0.15394415E+05  0.15394415E+05
  0.33386000E+01  0.10512232E+07  0.10512232E+07  0.10512232E+07  0.15175194E+05  0.15175194E+05  0.15175194E+05
  0.33637000E+01  0.10587513E+07  0.10587513E+07  0.10587513E+07  0.14600564E+05  0.14600564E+05  0.14600564E+05
  0.33888000E+01  0.10634846E+07  0.10634846E+07  0.10634846E+07  0.14374101E+05  0.14374101E+05  0.14374101E+05
  0.34139000E+01  0.10659047E+07  0.10659047E+07  0.10659047E+07  0.13656729E+05  0.13656729E+05  0.13656729E+05
  0.34390000E+01  0.10666360E+07  0.10666360E+07  0.10666360E+07  0.13421197E+05  0.13421197E+05  0.13421197E+05
  0.34641000E+01  0.10663524E+07  0.10663524E+07  0.10663524E+07  0.13081768E+05  0.13081768E+05  0.13081768E+05
  0.34892000E+01  0.10656611E+07  0.10656611E+07  0.10656611E+07  0.12724507E+05  0.12724507E+05  0.12724507E+05
  0.35143000E+01  0.10650464E+07  0.10650464E+07  0.10650464E+07  0.12217379E+05  0.12217379E+05  0.12217379E+05
  0.35394000E+01  0.10647864E+07  0.10647864E+07  0.10647864E+07  0.11806102E+05  0.11806102E+05  0.11806102E+05
  0.35645000E+01  0.10649584E+07  0.10649584E+07  0.10649584E+07  0.11889826E+05  0.11889826E+05  0.11889826E+05
  0.35896000E+01  0.10654668E+07  0.10654668E+07  0.10654668E+07  0.11452223E+05  0.11452223E+05  0.11452223E+05
  0.36147000E+01  0.10660887E+07  0.10660887E+07  0.10660887E+07  0.11532302E+05  0.11532302E+05  0.11532302E+05
  0.36398000E+01  0.10665421E+07  0.10665421E+07  0.10665421E+07  0.11612381E+05  0.11612381E+05  0.11612381E+05
  0.36649000E+01  0.10665581E+07  0.10665581E+07  0.10665581E+07  0.11143637E+05  0.11143637E+05  0.11143637E+05
  0.36900000E+01  0.10659355E+07  0.10659355E+07  0.10659355E+07  0.11219957E+05  0.11219957E+05  0.11219957E+05
  0.37151000E+01  0.10645927E+07  0.10645927E+07  0.10645927E+07  0.10723052E+05  0.10723052E+05  0.10723052E+05
  0.37402000E+01  0.10625764E+07  0.10625764E+07  0.10625764E+07  0.10795499E+05  0.10795499E+05  0.10795499E+05
  0.37653000E+01  0.10600588E+07  0.10600588E+07  0.10600588E+07  0.10028337E+05  0.10028337E+05  0.10028337E+05
  0.37904000E+01  0.10573570E+07  0.10573570E+07  0.10573570E+07  0.10095188E+05  0.10095188E+05  0.10095188E+05
  0.38155000E+01  0.10548663E+07  0.10548663E+07  0.10548663E+07  0.10162038E+05  0.10162038E+05  0.10162038E+05
  0.38406000E+01  0.10530221E+07  0.10530221E+07  0.10530221E+07  0.10004542E+05  0.10004542E+05  0.10004542E+05
  0.38657000E+01  0.10522598E+07  0.10522598E+07  0.10522598E+07  0.10069926E+05  0.10069926E+05  0.10069926E+05
  0.38908000E+01  0.10529643E+07  0.10529643E+07  0.10529643E+07  0.10135310E+05  0.10135310E+05  0.10135310E+05
  0.39159000E+01  0.10553904E+07  0.10553904E+07  0.10553904E+07  0.10200694E+05  0.10200694E+05  0.10200694E+05
  0.39410000E+01  0.10596683E+07  0.10596683E+07  0.10596683E+07  0.10266078E+05  0.10266078E+05  0.10266078E+05
  0.39661000E+01  0.10657770E+07  0.10657770E+07  0.10657770E+07  0.11031569E+05  0.11031569E+05  0.11031569E+05
  0.39912000E+01  0.10735276E+07  0.10735276E+07  0.10735276E+07  0.11101384E+05  0.11101384E+05  0.11101384E+05
  0.40163000E+01  0.10826161E+07  0.10826161E+07  0.10826161E+07  0.11369710E+05  0.11369710E+05  0.11369710E+05
  0.40414000E+01  0.10926173E+07  0.10926173E+07  0.10926173E+07  0.11440766E+05  0.11440766E+05  0.11440766E+05
  0.40665000E+01  0.11030545E+07  0.11030545E+07  0.11030545E+07  0.11511821E+05  0.11511821E+05  0.11511821E+05
  0.40916000E+01  0.11133829E+07  0.11133829E+07  0.11133829E+07  0.11809760E+05  0.11809760E+05  0.11809760E+05
  0.41167000E+01  0.11230742E+07  0.11230742E+07  0.11230742E+07  0.11229005E+05  0.11229005E+05  0.11229005E+05
  0.41418000E+01  0.11316230E+07  0.11316230E+07  0.11316230E+07  0.11580266E+05  0.11580266E+05  0.11580266E+05
  0.41669000E+01  0.11385818E+07  0.11385818E+07  0.11385818E+07  0.11650444E+05  0.11650444E+05  0.11650444E+05
  0.41920000E+01  0.11435955E+07  0.11435955E+07  0.11435955E+07  0.11080425E+05  0.11080425E+05  0.11080425E+05
  0.42171000E+01  0.11464044E+07  0.11464044E+07  0.11464044E+07  0.11146771E+05  0.11146771E+05  0.11146771E+05
  0.42422000E+01  0.11469159E+07  0.11469159E+07  0.11469159E+07  0.10559273E+05  0.10559273E+05  0.10559273E+05
  0.42673000E+01  0.11451315E+07  0.11451315E+07  0.11451315E+07  0.10391063E+05  0.10391063E+05  0.10391063E+05
  0.42924000E+01  0.11411973E+07  0.11411973E+07  0.11411973E+07  0.10452183E+05  0.10452183E+05  0.10452183E+05
  0.43175000E+01  0.11353766E+07  0.11353766E+07  0.11353766E+07  0.94262182E+04  0.94262182E+04  0.94262182E+04
  0.43426000E+01  0.11279840E+07  0.11279840E+07  0.11279840E+07  0.94810180E+04  0.94810180E+04  0.94810180E+04
  0.43677000E+01  0.11193841E+07  0.11193841E+07  0.11193841E+07  0.88929711E+04  0.88929711E+04  0.88929711E+04
  0.43928000E+01  0.11099475E+07  0.11099475E+07  0.11099475E+07  0.89440766E+04  0.89440766E+04  0.89440766E+04
  0.44179000E+01  0.11000455E+07  0.11000455E+07  0.11000455E+07  0.77556837E+04  0.77556837E+04  0.77556837E+04
  0.44430000E+01  0.10900292E+07  0.10900292E+07  0.10900292E+07  0.71201624E+04  0.71201624E+04  0.71201624E+04
  0.44681000E+01  0.10802471E+07  0.10802471E+07  0.10802471E+07  0.71603866E+04  0.71603866E+04  0.71603866E+04
  0.44933000E+01  0.10710620E+07  0.10710620E+07  0.10710620E+07  0.64405654E+04  0.64405654E+04  0.64405654E+04
  0.45184000E+01  0.10628227E+07  0.10628227E+07  0.10628227E+07  0.64765430E+04  0.64765430E+04  0.64765430E+04
  0.45435000E+01  0.10559124E+07  0.10559124E+07  0.10559124E+07  0.56400083E+04  0.56400083E+04  0.56400083E+04
  0.45686000E+01  0.10507027E+07  0.10507027E+07  0.10507027E+07  0.56711658E+04  0.56711658E+04  0.56711658E+04
  0.45937000E+01  0.10475113E+07  0.10475113E+07  0.10475113E+07  0.59224313E+04  0.59224313E+04  0.59224313E+04
  0.46188000E+01  0.10465652E+07  0.10465652E+07  0.10465652E+07  0.59547915E+04  0.59547915E+04  0.59547915E+04
  0.46439000E+01  0.10479590E+07  0.10479590E+07  0.10479590E+07  0.59871517E+04  0.59871517E+04  0.59871517E+04
  0.46690000E+01  0.10516692E+07  0.10516692E+07  0.10516692E+07  0.73528431E+04  0.73528431E+04  0.73528431E+04
  0.46941000E+01  0.10575252E+07  0.10575252E+07  0.10575252E+07  0.73923711E+04  0.73923711E+04  0.73923711E+04
  0.47192000E+01  0.10652526E+07  0.10652526E+07  0.10652526E+07  0.91021804E+04  0.91021804E+04  0.91021804E+04
  0.47443000E+01  0.10745507E+07  0.10745507E+07  0.10745507E+07  0.91505921E+04  0.91505921E+04  0.91505921E+04
  0.47694000E+01  0.10850596E+07  0.10850596E+07  0.10850596E+07  0.91990039E+04  0.91990039E+04  0.91990039E+04
  0.47945000E+01  0.10964410E+07  0.10964410E+07  0.10964410E+07  0.92474156E+04  0.92474156E+04  0.92474156E+04
  0.48196000E+01  0.11083694E+07  0.11083694E+07  0.11083694E+07  0.97697752E+04  0.97697752E+04  0.97697752E+04
  0.48447000E+01  0.11205254E+07  0.11205254E+07  0.11205254E+07  0.98206553E+04  0.98206553E+04  0.98206553E+04
  0.48698000E+01  0.11325911E+07  0.11325911E+07  0.11325911E+07  0.98715353E+04  0.98715353E+04  0.98715353E+04
  0.48949000E+01  0.11442368E+07  0.11442368E+07  0.11442368E+07  0.10425002E+05  0.10425002E+05  0.10425002E+05
  0.49200000E+01  0.11551030E+07  0.11551030E+07  0.11551030E+07  0.95823887E+04  0.95823887E+04  0.95823887E+04
  0.49451000E+01  0.11648311E+07  0.11648311E+07  0.11648311E+07  0.96312744E+04  0.96312744E+04  0.96312744E+04
  0.49702000E+01  0.11730539E+07  0.11730539E+07  0.11730539E+07  0.96801602E+04  0.96801602E+04  0.96801602E+04
  0.49953000E+01  0.11794610E+07  0.11794610E+07  0.11794610E+07  0.97290460E+04  0.97290460E+04  0.97290460E+04
  0.50204000E+01  0.11837763E+07  0.11837763E+07  0.11837763E+07  0.95756496E+04  0.95756496E+04  0.95756496E+04
  0.50455000E+01  0.11858588E+07  0.11858588E+07  0.11858588E+07  0.96235240E+04  0.96235240E+04  0.96235240E+04
  0.50706000E+01  0.11856721E+07  0.11856721E+07  0.11856721E+07  0.96713985E+04  0.96713985E+04  0.96713985E+04
  0.50957000E+01  0.11833717E+07  0.11833717E+07  0.11833717E+07  0.89455709E+04  0.89455709E+04  0.89455709E+04
  0.51208000E+01  0.11791939E+07  0.11791939E+07  0.11791939E+07  0.89896343E+04  0.89896343E+04  0.89896343E+04
  0.51459000E+01  0.11735234E+07  0.11735234E+07  0.11735234E+07  0.83145708E+04  0.83145708E+04  0.83145708E+04
  0.51710000E+01  0.11668293E+07  0.11668293E+07  0.11668293E+07  0.83551265E+04  0.83551265E+04  0.83551265E+04
  0.51961000E+01  0.11595534E+07  0.11595534E+07  0.11595534E+07  0.75395613E+04  0.75395613E+04  0.75395613E+04
  0.52212000E+01  0.11520945E+07  0.11520945E+07  0.11520945E+07  0.68847603E+04  0.68847603E+04  0.68847603E+04
  0.52463000E+01  0.11447471E+07  0.11447471E+07  0.11447471E+07  0.69178575E+04  0.69178575E+04  0.69178575E+04
  0.52714000E+01  0.11375997E+07  0.11375997E+07  0.11375997E+07  0.59400586E+04  0.59400586E+04  0.59400586E+04
  0.52965000E+01  0.11305977E+07  0.11305977E+07  0.11305977E+07  0.59683425E+04  0.59683425E+04  0.59683425E+04
  0.53216000E+01  0.11235220E+07  0.11235220E+07  0.11235220E+07  0.59966263E+04  0.59966263E+04  0.59966263E+04
  0.53467000E+01  0.11160309E+07  0.11160309E+07  0.11160309E+07  0.42715666E+04  0.42715666E+04  0.42715666E+04
  0.53718000E+01  0.11077856E+07  0.11077856E+07  0.11077856E+07  0.42916194E+04  0.42916194E+04  0.42916194E+04
  0.53969000E+01  0.10984856E+07  0.10984856E+07  0.10984856E+07  0.49010039E+04  0.49010039E+04  0.49010039E+04
  0.54220000E+01  0.10879931E+07  0.10879931E+07  0.10879931E+07  0.35368387E+04  0.35368387E+04  0.35368387E+04
  0.54471000E+01  0.10763608E+07  0.10763608E+07  0.10763608E+07  0.35532117E+04  0.35532117E+04  0.35532117E+04
  0.54722000E+01  0.10639578E+07  0.10639578E+07  0.10639578E+07  0.35695848E+04  0.35695848E+04  0.35695848E+04
  0.54973000E+01  0.10513699E+07  0.10513699E+07  0.10513699E+07  0.19142408E+04  0.19142408E+04  0.19142408E+04
  0.55224000E+01  0.10394479E+07  0.10394479E+07  0.10394479E+07  0.19229810E+04  0.19229810E+04  0.19229810E+04
  0.55475000E+01  0.10291633E+07  0.10291633E+07  0.10291633E+07  0.25588101E+04  0.25588101E+04  0.25588101E+04
  0.55726000E+01  0.10215022E+07  0.10215022E+07  0.10215022E+07  0.25703876E+04  0.25703876E+04  0.25703876E+04
  0.55977000E+01  0.10172515E+07  0.10172515E+07  0.10172515E+07  0.25819651E+04  0.25819651E+04  0.25819651E+04
  0.56228000E+01  0.10169268E+07  0.10169268E+07  0.10169268E+07  0.25935425E+04  0.25935425E+04  0.25935425E+04
  0.56479000E+01  0.10206618E+07  0.10206618E+07  0.10206618E+07  0.40477677E+04  0.40477677E+04  0.40477677E+04
  0.56730000E+01  0.10282024E+07  0.10282024E+07  0.10282024E+07  0.40657565E+04  0.40657565E+04  0.40657565E+04
  0.56981000E+01  0.10389668E+07  0.10389668E+07  0.10389668E+07  0.40837453E+04  0.40837453E+04  0.40837453E+04
  0.57232000E+01  0.10521610E+07  0.10521610E+07  0.10521610E+07  0.58007280E+04  0.58007280E+04  0.58007280E+04
  0.57483000E+01  0.10668849E+07  0.10668849E+07  0.10668849E+07  0.58261680E+04  0.58261680E+04  0.58261680E+04
  0.57735000E+01  0.10822640E+07  0.10822640E+07  0.10822640E+07  0.58517094E+04  0.58517094E+04  0.58517094E+04
  0.57986000E+01  0.10974601E+07  0.10974601E+07  0.10974601E+07  0.58771494E+04  0.58771494E+04  0.58771494E+04
  0.58237000E+01  0.11118065E+07  0.11118065E+07  0.11118065E+07  0.59025894E+04  0.59025894E+04  0.59025894E+04
  0.58488000E+01  0.11248019E+07  0.11248019E+07  0.11248019E+07  0.59280294E+04  0.59280294E+04  0.59280294E+04
  0.58739000E+01  0.11361706E+07  0.11361706E+07  0.11361706E+07  0.46803282E+04  0.46803282E+04  0.46803282E+04
  0.58990000E+01  0.11458249E+07  0.11458249E+07  0.11458249E+07  0.47003279E+04  0.47003279E+04  0.47003279E+04
  0.59241000E+01  0.11538203E+07  0.11538203E+07  0.11538203E+07  0.47203276E+04  0.47203276E+04  0.47203276E+04
  0.59492000E+01  0.11603527E+07  0.11603527E+07  0.11603527E+07  0.47403273E+04  0.47403273E+04  0.47403273E+04
  0.59743000E+01  0.11657284E+07  0.11657284E+07  0.11657284E+07  0.47603270E+04  0.47603270E+04  0.47603270E+04
  0.59994000E+01  0.11702205E+07  0.11702205E+07  0.11702205E+07  0.47803267E+04  0.47803267E+04  0.47803267E+04
  0.60245000E+01  0.11741224E+07  0.11741224E+07  0.11741224E+07  0.48003264E+04  0.48003264E+04  0.48003264E+04
  0.60496000E+01  0.11775820E+07  0.11775820E+07  0.11775820E+07  0.48203261E+04  0.48203261E+04  0.48203261E+04
  0.60747000E+01  0.11806755E+07  0.11806755E+07  0.11806755E+07  0.48403258E+04  0.48403258E+04  0.48403258E+04
  0.60998000E+01  0.11833325E+07  0.11833325E+07  0.11833325E+07  0.48603255E+04  0.48603255E+04  0.48603255E+04
  0.61249000E+01  0.11853791E+07  0.11853791E+07  0.11853791E+07  0.28251385E+04  0.28251385E+04  0.28251385E+04
  0.61500000E+01  0.11865758E+07  0.11865758E+07  0.11865758E+07  0.28367160E+04  0.28367160E+04  0.28367160E+04
  0.61751000E+01  0.11866353E+07  0.11866353E+07  0.11866353E+07  0.28482935E+04  0.28482935E+04  0.28482935E+04
  0.62002000E+01  0.11852687E+07  0.11852687E+07  0.11852687E+07  0.28598710E+04  0.28598710E+04  0.28598710E+04
  0.62253000E+01  0.11822172E+07  0.11822172E+07  0.11822172E+07  0.28714485E+04  0.28714485E+04  0.28714485E+04
  0.62504000E+01  0.11772635E+07  0.11772635E+07  0.11772635E+07  0.28830260E+04  0.28830260E+04  0.28830260E+04
  0.62755000E+01  0.11702735E+07  0.11702735E+07  0.11702735E+07  0.28946034E+04  0.28946034E+04  0.28946034E+04
  0.63006000E+01  0.11612032E+07  0.11612032E+07  0.11612032E+07  0.29061809E+04  0.29061809E+04  0.29061809E+04
  0.63257000E+01  0.11500800E+07  0.11500800E+07  0.11500800E+07  0.29177584E+04  0.29177584E+04  0.29177584E+04
  0.63508000E+01  0.11370403E+07  0.11370403E+07  0.11370403E+07  0.29293359E+04  0.29293359E+04  0.29293359E+04
  0.63759000E+01  0.11223246E+07  0.11223246E+07  0.11223246E+07  0.29409134E+04  0.29409134E+04  0.29409134E+04
  0.64010000E+01  0.11063155E+07  0.11063155E+07  0.11063155E+07  0.29524909E+04  0.29524909E+04  0.29524909E+04
  0.64261000E+01  0.10894892E+07  0.10894892E+07  0.10894892E+07  0.29640684E+04  0.29640684E+04  0.29640684E+04
  0.64512000E+01  0.10724245E+07  0.10724245E+07  0.10724245E+07  0.29756459E+04  0.29756459E+04  0.29756459E+04
  0.64763000E+01  0.10558226E+07  0.10558226E+07  0.10558226E+07  0.29872234E+04  0.29872234E+04  0.29872234E+04
  0.65014000E+01  0.10403805E+07  0.10403805E+07  0.10403805E+07  0.29988009E+04  0.29988009E+04  0.29988009E+04
  0.65265000E+01  0.10267888E+07  0.10267888E+07  0.10267888E+07  0.30103784E+04  0.30103784E+04  0.30103784E+04
  0.65516000E+01  0.10155874E+07  0.10155874E+07  0.10155874E+07  0.30219558E+04  0.30219558E+04  0.30219558E+04
  0.65767000E+01  0.10072196E+07  0.10072196E+07  0.10072196E+07  0.30335333E+04  0.30335333E+04  0.30335333E+04
  0.66018000E+01  0.10018211E+07  0.10018211E+07  0.10018211E+07  0.30451108E+04  0.30451108E+04  0.30451108E+04
  0.66269000E+01  0.99938553E+06  0.99938553E+06  0.99938553E+06  0.30566883E+04  0.30566883E+04  0.30566883E+04
  0.66520000E+01  0.99963523E+06  0.99963523E+06  0.99963523E+06  0.30682658E+04  0.30682658E+04  0.30682658E+04
  0.66771000E+01  0.10021989E+07  0.10021989E+07  0.10021989E+07  0.30798433E+04  0.30798433E+04  0.30798433E+04
  0.67022000E+01  0.10065910E+07  0.10065910E+07  0.10065910E+07  0.30914208E+04  0.30914208E+04  0.30914208E+04
  0.67273000E+01  0.10123274E+07  0.10123274E+07  0.10123274E+07  0.31029983E+04  0.31029983E+04  0.31029983E+04
  0.67524000E+01  0.10189562E+07  0.10189562E+07  0.10189562E+07  0.31145758E+04  0.31145758E+04  0.31145758E+04
  0.67775000E+01  0.10260351E+07  0.10260351E+07  0.10260351E+07  0.31261533E+04  0.31261533E+04  0.31261533E+04
  0.68026000E+01  0.10333013E+07  0.10333013E+07  0.10333013E+07  0.31377308E+04  0.31377308E+04  0.31377308E+04
  0.68277000E+01  0.10404914E+07  0.10404914E+07  0.10404914E+07  0.23775056E+04  0.23775056E+04  0.23775056E+04
  0.68528000E+01  0.10474687E+07  0.10474687E+07  0.10474687E+07  0.23862458E+04  0.23862458E+04  0.23862458E+04
  0.68779000E+01  0.10541197E+07  0.10541197E+07  0.10541197E+07  0.23949860E+04  0.23949860E+04  0.23949860E+04
  0.69030000E+01  0.10603349E+07  0.10603349E+07  0.10603349E+07  0.24037262E+04  0.24037262E+04  0.24037262E+04
  0.69281000E+01  0.10660270E+07  0.10660270E+07  0.10660270E+07  0.31956182E+04  0.31956182E+04  0.31956182E+04
  0.69532000E+01  0.10710946E+07  0.10710946E+07  0.10710946E+07  0.00000000E+00  0.00000000E+00  0.00000000E+00
  0.69783000E+01  0.10754120E+07  0.10754120E+07  0.10754120E+07  0.00000000E+00  0.00000000E+00  0.00000000E+00
  0.70034000E+01  0.10787636E+07  0.10787636E+07  0.10787636E+07  0.00000000E+00  0.00000000E+00  0.00000000E+00
  0.70285000E+01  0.10810452E+07  0.10810452E+07  0.10810452E+07  0.00000000E+00  0.00000000E+00  0.00000000E+00
  0.70537000E+01  0.10820546E+07  0.10820546E+07  0.10820546E+07  0.00000000E+00  0.00000000E+00  0.00000000E+00
  0.70788000E+01  0.10816303E+07  0.10816303E+07  0.10816303E+07  0.00000000E+00  0.00000000E+00  0.00000000E+00
  0.71039000E+01  0.10796854E+07  0.10796854E+07  0.10796854E+07  0.00000000E+00  0.00000000E+00  0.00000000E+00
  0.71290000E+01  0.10762189E+07  0.10762189E+07  0.10762189E+07  0.00000000E+00  0.00000000E+00  0.00000000E+00
  0.71541000E+01  0.10712271E+07  0.10712271E+07  0.10712271E+07  0.00000000E+00  0.00000000E+00  0.00000000E+00
  0.71792000E+01  0.10648383E+07  0.10648383E+07  0.10648383E+07  0.00000000E+00  0.00000000E+00  0.00000000E+00
  0.72043000E+01  0.10572135E+07  0.10572135E+07  0.10572135E+07  0.00000000E+00  0.00000000E+00  0.00000000E+00
  0.72294000E+01  0.10485663E+07  0.10485663E+07  0.10485663E+07  0.00000000E+00  0.00000000E+00  0.00000000E+00
  0.72545000E+01  0.10391394E+07  0.10391394E+07  0.10391394E+07  0.00000000E+00  0.00000000E+00  0.00000000E+00
  0.72796000E+01  0.10291871E+07  0.10291871E+07  0.10291871E+07  0.00000000E+00  0.00000000E+00  0.00000000E+00
  0.73047000E+01  0.10189534E+07  0.10189534E+07  0.10189534E+07  0.00000000E+00  0.00000000E+00  0.00000000E+00
  0.73298000E+01  0.10086134E+07  0.10086134E+07  0.10086134E+07  0.00000000E+00  0.00000000E+00  0.00000000E+00
  0.73549000E+01  0.99835536E+06  0.99835536E+06  0.99835536E+06  0.00000000E+00  0.00000000E+00  0.00000000E+00
  0.73800000E+01  0.98832560E+06  0.98832560E+06  0.98832560E+06  0.00000000E+00  0.00000000E+00  0.00000000E+00
  0.74051000E+01  0.97862373E+06  0.97862373E+06  0.97862373E+06  0.00000000E+00  0.00000000E+00  0.00000000E+00
  0.74302000E+01  0.96935893E+06  0.96935893E+06  0.96935893E+06  0.00000000E+00  0.00000000E+00  0.00000000E+00
  0.74553000E+01  0.96065831E+06  0.96065831E+06  0.96065831E+06  0.00000000E+00  0.00000000E+00  0.00000000E+00
  0.74804000E+01  0.95265300E+06  0.95265300E+06  0.95265300E+06  0.00000000E+00  0.00000000E+00  0.00000000E+00
  0.75055000E+01  0.94556064E+06  0.94556064E+06  0.94556064E+06  0.00000000E+00  0.00000000E+00  0.00000000E+00
  0.75306000E+01  0.93959334E+06  0.93959334E+06  0.93959334E+06  0.00000000E+00  0.00000000E+00  0.00000000E+00
