  #energy          xx             yy              zz              xy              yz              zx
  0.00000000E+00  0.00000000E+00  0.00000000E+00  0.00000000E+00  0.37416574E-01  0.37416574E-01  0.37416574E-01
  0.25100000E-01  0.58287046E-01  0.58287046E-01  0.58287046E-01  0.37440399E-01  0.37440399E-01  0.37440399E-01
  0.50200000E-01  0.12084573E+00  0.12084573E+00  0.12084573E+00  0.37511422E-01  0.37511422E-01  0.37511422E-01
  0.75300000E-01  0.19170763E+00  0.19170763E+00  0.19170763E+00  0.37628328E-01  0.37628328E-01  0.37628328E-01
  0.10040000E+00  0.27449339E+00  0.27449339E+00  0.27449339E+00  0.37990834E-01  0.37990834E-01  0.37990834E-01
  0.12550000E+00  0.37219453E+00  0.37219453E+00  0.37219453E+00  0.38504854E-01  0.38504854E-01  0.38504854E-01
  0.15060000E+00  0.48697166E+00  0.48697166E+00  0.48697166E+00  0.39142890E-01  0.39142890E-01  0.39142890E-01
  0.17570000E+00  0.62006336E+00  0.62006336E+00  0.62006336E+00  0.39877621E-01  0.39877621E-01  0.39877621E-01
  0.20080000E+00  0.77170090E+00  0.77170090E+00  0.77170090E+00  0.39613619E-01  0.39613619E-01  0.39613619E-01
  0.22590000E+00  0.94114262E+00  0.94114262E+00  0.94114262E+00  0.40000000E-01  0.40000000E-01  0.40000000E-01
  0.25100000E+00  0.11267663E+01  0.11267663E+01  0.11267663E+01  0.39109628E-01  0.39109628E-01  0.39109628E-01
  0.27610000E+00  0.13262281E+01  0.13262281E+01  0.13262281E+01  0.38432187E-01  0.38432187E-01  0.38432187E-01
  0.30120000E+00  0.15366059E+01  0.15366059E+01  0.15366059E+01  0.37122115E-01  0.37122115E-01  0.37122115E-01
  0.32630000E+00  0.17545940E+01  0.17545940E+01  0.17545940E+01  0.36113148E-01  0.36113148E-01  0.36113148E-01
  0.35140000E+00  0.19766163E+01  0.19766163E+01  0.19766163E+01  0.33970482E-01  0.33970482E-01  0.33970482E-01
  0.37650000E+00  0.21988535E+01  0.21988535E+01  0.21988535E+01  0.31392611E-01  0.31392611E-01  0.31392611E-01
  0.40160000E+00  0.24172926E+01  0.24172926E+01  0.24172926E+01  0.28284271E-01  0.28284271E-01  0.28284271E-01
  0.42670000E+00  0.26276623E+01  0.26276623E+01  0.26276623E+01  0.24959027E-01  0.24959027E-01  0.24959027E-01
  0.45180000E+00  0.28254521E+01  0.28254521E+01  0.28254521E+01  0.21103611E-01  0.21103611E-01  0.21103611E-01
  0.47690000E+00  0.30059684E+01  0.30059684E+01  0.30059684E+01  0.17033610E-01  0.17033610E-01  0.17033610E-01
  0.50200000E+00  0.31645094E+01  0.31645094E+01  0.31645094E+01  0.11901293E-01  0.11901293E-01  0.11901293E-01
  0.52710000E+00  0.32966288E+01  0.32966288E+01  0.32966288E+01  0.79019286E-02  0.79019286E-02  0.79019286E-02
  0.55220000E+00  0.33985908E+01  0.33985908E+01  0.33985908E+01  0.29368747E-02  0.29368747E-02  0.29368747E-02
  0.57730000E+00  0.34678515E+01  0.34678515E+01  0.34678515E+01  0.99980014E-03  0.99980014E-03  0.99980014E-03
  0.60240000E+00  0.35036643E+01  0.35036643E+01  0.35036643E+01  0.51826856E-02  0.51826856E-02  0.51826856E-02
  0.62750000E+00  0.35075376E+01  0.35075376E+01  0.35075376E+01  0.98277978E-02  0.98277978E-02  0.98277978E-02
  0.65270000E+00  0.34836627E+01  0.34836627E+01  0.34836627E+01  0.12744522E-01  0.12744522E-01  0.12744522E-01
  0.67780000E+00  0.34389742E+01  0.34389742E+01  0.34389742E+01  0.16408498E-01  0.16408498E-01  0.16408498E-01
  0.70290000E+00  0.33827928E+01  0.33827928E+01  0.33827928E+01  0.18454523E-01  0.18454523E-01  0.18454523E-01
  0.72800000E+00  0.33258175E+01  0.33258175E+01  0.33258175E+01  0.20393407E-01  0.20393407E-01  0.20393407E-01
  0.75310000E+00  0.32786360E+01  0.32786360E+01  0.32786360E+01  0.21644072E-01  0.21644072E-01  0.21644072E-01
  0.77820000E+00  0.32499363E+01  0.32499363E+01  0.32499363E+01  0.21271901E-01  0.21271901E-01  0.21271901E-01
  0.80330000E+00  0.32450867E+01  0.32450867E+01  0.32450867E+01  0.21286448E-01  0.21286448E-01  0.21286448E-01
  0.82840000E+00  0.32654448E+01  0.32654448E+01  0.32654448E+01  0.20401661E-01  0.20401661E-01  0.20401661E-01
  0.85350000E+00  0.33085129E+01  0.33085129E+01  0.33085129E+01  0.16741492E-01  0.16741492E-01  0.16741492E-01
  0.87860000E+00  0.33688110E+01  0.33688110E+01  0.33688110E+01  0.15537740E-01  0.15537740E-01  0.15537740E-01
  0.90370000E+00  0.34389072E+01  0.34389072E+01  0.34389072E+01  0.10000000E-01  0.10000000E-01  0.10000000E-01
  0.92880000E+00  0.35104993E+01  0.35104993E+01  0.35104993E+01  0.70710678E-02  0.70710678E-02  0.70710678E-02
  0.95390000E+00  0.35752523E+01  0.35752523E+01  0.35752523E+01  0.78615138E-02  0.78615138E-02  0.78615138E-02
  0.97900000E+00  0.36255286E+01  0.36255286E+01  0.36255286E+01  0.55025052E-02  0.55025052E-02  0.55025052E-02
  0.10041000E+01  0.36548770E+01  0.36548770E+01  0.36548770E+01  0.48586827E-02  0.48586827E-02  0.48586827E-02
  0.10292000E+01  0.36583993E+01  0.36583993E+01  0.36583993E+01  0.48586827E-02  0.48586827E-02  0.48586827E-02
  0.10543000E+01  0.36330060E+01  0.36330060E+01  0.36330060E+01  0.22250788E-02  0.22250788E-02  0.22250788E-02
  0.10794000E+01  0.35775729E+01  0.35775729E+01  0.35775729E+01  0.22250788E-02  0.22250788E-02  0.22250788E-02
  0.11045000E+01  0.34929441E+01  0.34929441E+01  0.34929441E+01  0.00000000E+00  0.00000000E+00  0.00000000E+00
  0.11296000E+01  0.33818262E+01  0.33818262E+01  0.33818262E+01  0.00000000E+00  0.00000000E+00  0.00000000E+00
  0.11547000E+01  0.32485495E+01  0.32485495E+01  0.32485495E+01  0.22250788E-02  0.22250788E-02  0.22250788E-02
  0.11798000E+01  0.30986158E+01  0.30986158E+01  0.30986158E+01  0.22250788E-02  0.22250788E-02  0.22250788E-02
  0.12049000E+01  0.29381710E+01  0.29381710E+01  0.29381710E+01  0.24809839E-02  0.24809839E-02  0.24809839E-02
  0.12300000E+01  0.27732574E+01  0.27732574E+01  0.27732574E+01  0.24809839E-02  0.24809839E-02  0.24809839E-02
  0.12551000E+01  0.26090492E+01  0.26090492E+01  0.26090492E+01  0.24809839E-02  0.24809839E-02  0.24809839E-02
  0.12802000E+01  0.24491841E+01  0.24491841E+01  0.24491841E+01  0.00000000E+00  0.00000000E+00  0.00000000E+00
  0.13053000E+01  0.22953652E+01  0.22953652E+01  0.22953652E+01  0.00000000E+00  0.00000000E+00  0.00000000E+00
  0.13304000E+01  0.21474640E+01  0.21474640E+01  0.21474640E+01  0.00000000E+00  0.00000000E+00  0.00000000E+00
  0.13555000E+01  0.20040346E+01  0.20040346E+01  0.20040346E+01  0.00000000E+00  0.00000000E+00  0.00000000E+00
  0.13806000E+01  0.18630630E+01  0.18630630E+01  0.18630630E+01  0.22250788E-02  0.22250788E-02  0.22250788E-02
  0.14057000E+01  0.17228493E+01  0.17228493E+01  0.17228493E+01  0.22250788E-02  0.22250788E-02  0.22250788E-02
  0.14308000E+01  0.15826862E+01  0.15826862E+01  0.15826862E+01  0.22250788E-02  0.22250788E-02  0.22250788E-02
  0.14559000E+01  0.14434392E+01  0.14434392E+01  0.14434392E+01  0.20342386E-02  0.20342386E-02  0.20342386E-02
  0.14810000E+01  0.13076160E+01  0.13076160E+01  0.13076160E+01  0.20342386E-02  0.20342386E-02  0.20342386E-02
  0.15061000E+01  0.11790148E+01  0.11790148E+01  0.11790148E+01  0.20342386E-02  0.20342386E-02  0.20342386E-02
  0.15312000E+01  0.10618592E+01  0.10618592E+01  0.10618592E+01  0.18850439E-02  0.18850439E-02  0.18850439E-02
  0.15563000E+01  0.95975995E+00  0.95975995E+00  0.95975995E+00  0.18850439E-02  0.18850439E-02  0.18850439E-02
  0.15814000E+01  0.87483802E+00  0.87483802E+00  0.87483802E+00  0.00000000E+00  0.00000000E+00  0.00000000E+00
  0.16065000E+01  0.80766729E+00  0.80766729E+00  0.80766729E+00  0.00000000E+00  0.00000000E+00  0.00000000E+00
  0.16316000E+01  0.75748997E+00  0.75748997E+00  0.75748997E+00  0.00000000E+00  0.00000000E+00  0.00000000E+00
  0.16567000E+01  0.72266889E+00  0.72266889E+00  0.72266889E+00  0.00000000E+00  0.00000000E+00  0.00000000E+00
  0.16818000E+01  0.70115084E+00  0.70115084E+00  0.70115084E+00  0.16641084E-02  0.16641084E-02  0.16641084E-02
  0.17069000E+01  0.69073661E+00  0.69073661E+00  0.69073661E+00  0.16641084E-02  0.16641084E-02  0.16641084E-02
  0.17320000E+01  0.68921710E+00  0.68921710E+00  0.68921710E+00  0.33131892E-02  0.33131892E-02  0.33131892E-02
  0.17571000E+01  0.69458417E+00  0.69458417E+00  0.69458417E+00  0.31467366E-02  0.31467366E-02  0.31467366E-02
  0.17822000E+01  0.70503962E+00  0.70503962E+00  0.70503962E+00  0.31467366E-02  0.31467366E-02  0.31467366E-02
  0.18073000E+01  0.71899918E+00  0.71899918E+00  0.71899918E+00  0.46920492E-02  0.46920492E-02  0.46920492E-02
  0.18324000E+01  0.73521640E+00  0.73521640E+00  0.73521640E+00  0.46920492E-02  0.46920492E-02  0.46920492E-02
  0.18575000E+01  0.75255845E+00  0.75255845E+00  0.75255845E+00  0.46920492E-02  0.46920492E-02  0.46920492E-02
  0.18826000E+01  0.77020611E+00  0.77020611E+00  0.77020611E+00  0.62061647E-02  0.62061647E-02  0.62061647E-02
  0.19077000E+01  0.78742361E+00  0.78742361E+00  0.78742361E+00  0.62061647E-02  0.62061647E-02  0.62061647E-02
  0.19329000E+01  0.80369734E+00  0.80369734E+00  0.80369734E+00  0.62061647E-02  0.62061647E-02  0.62061647E-02
  0.19580000E+01  0.81869999E+00  0.81869999E+00  0.81869999E+00  0.59359073E-02  0.59359073E-02  0.59359073E-02
  0.19831000E+01  0.83233376E+00  0.83233376E+00  0.83233376E+00  0.59359073E-02  0.59359073E-02  0.59359073E-02
  0.20082000E+01  0.84483493E+00  0.84483493E+00  0.84483493E+00  0.70710678E-02  0.70710678E-02  0.70710678E-02
  0.20333000E+01  0.85677991E+00  0.85677991E+00  0.85677991E+00  0.70710678E-02  0.70710678E-02  0.70710678E-02
  0.20584000E+01  0.86908214E+00  0.86908214E+00  0.86908214E+00  0.81173304E-02  0.81173304E-02  0.81173304E-02
  0.20835000E+01  0.88295552E+00  0.88295552E+00  0.88295552E+00  0.90897630E-02  0.90897630E-02  0.90897630E-02
  0.21086000E+01  0.89977327E+00  0.89977327E+00  0.89977327E+00  0.10306589E-01  0.10306589E-01  0.10306589E-01
  0.21337000E+01  0.92090218E+00  0.92090218E+00  0.92090218E+00  0.12658299E-01  0.12658299E-01  0.12658299E-01
  0.21588000E+01  0.94752880E+00  0.94752880E+00  0.94752880E+00  0.13418411E-01  0.13418411E-01  0.13418411E-01
  0.21839000E+01  0.98046048E+00  0.98046048E+00  0.98046048E+00  0.15976503E-01  0.15976503E-01  0.15976503E-01
  0.22090000E+01  0.10200145E+01  0.10200145E+01  0.10200145E+01  0.18053095E-01  0.18053095E-01  0.18053095E-01
  0.22341000E+01  0.10659001E+01  0.10659001E+01  0.10659001E+01  0.20986486E-01  0.20986486E-01  0.20986486E-01
  0.22592000E+01  0.11172652E+01  0.11172652E+01  0.11172652E+01  0.22466668E-01  0.22466668E-01  0.22466668E-01
  0.22843000E+01  0.11726795E+01  0.11726795E+01  0.11726795E+01  0.24519172E-01  0.24519172E-01  0.24519172E-01
  0.23094000E+01  0.12302358E+01  0.12302358E+01  0.12302358E+01  0.26636085E-01  0.26636085E-01  0.26636085E-01
  0.23345000E+01  0.12877865E+01  0.12877865E+01  0.12877865E+01  0.27942377E-01  0.27942377E-01  0.27942377E-01
  0.23596000E+01  0.13430531E+01  0.13430531E+01  0.13430531E+01  0.28491564E-01  0.28491564E-01  0.28491564E-01
  0.23847000E+01  0.13939215E+01  0.13939215E+01  0.13939215E+01  0.29178551E-01  0.29178551E-01  0.29178551E-01
  0.24098000E+01  0.14387399E+01  0.14387399E+01  0.14387399E+01  0.28284271E-01  0.28284271E-01  0.28284271E-01
  0.24349000E+01  0.14765965E+01  0.14765965E+01  0.14765965E+01  0.27386128E-01  0.27386128E-01  0.27386128E-01
  0.24600000E+01  0.15075533E+01  0.15075533E+01  0.15075533E+01  0.25530050E-01  0.25530050E-01  0.25530050E-01
  0.24851000E+01  0.15327613E+01  0.15327613E+01  0.15327613E+01  0.23614557E-01  0.23614557E-01  0.23614557E-01
  0.25102000E+01  0.15544768E+01  0.15544768E+01  0.15544768E+01  0.21910580E-01  0.21910580E-01  0.21910580E-01
  0.25353000E+01  0.15758326E+01  0.15758326E+01  0.15758326E+01  0.22210435E-01  0.22210435E-01  0.22210435E-01
  0.25604000E+01  0.16003895E+01  0.16003895E+01  0.16003895E+01  0.22533857E-01  0.22533857E-01  0.22533857E-01
  0.25855000E+01  0.16315865E+01  0.16315865E+01  0.16315865E+01  0.24812505E-01  0.24812505E-01  0.24812505E-01
  0.26106000E+01  0.16722466E+01  0.16722466E+01  0.16722466E+01  0.26636085E-01  0.26636085E-01  0.26636085E-01
  0.26357000E+01  0.17241482E+01  0.17241482E+01  0.17241482E+01  0.30444379E-01  0.30444379E-01  0.30444379E-01
  0.26608000E+01  0.17877497E+01  0.17877497E+01  0.17877497E+01  0.34038584E-01  0.34038584E-01  0.34038584E-01
  0.26859000E+01  0.18622748E+01  0.18622748E+01  0.18622748E+01  0.37416574E-01  0.37416574E-01  0.37416574E-01
  0.27110000E+01  0.19458465E+01  0.19458465E+01  0.19458465E+01  0.40096608E-01  0.40096608E-01  0.40096608E-01
  0.27361000E+01  0.20357444E+01  0.20357444E+01  0.20357444E+01  0.42914373E-01  0.42914373E-01  0.42914373E-01
  0.27612000E+01  0.21287931E+01  0.21287931E+01  0.21287931E+01  0.45322852E-01  0.45322852E-01  0.45322852E-01
  0.27863000E+01  0.22216099E+01  0.22216099E+01  0.22216099E+01  0.47124204E-01  0.47124204E-01  0.47124204E-01
  0.28114000E+01  0.23109633E+01  0.23109633E+01  0.23109633E+01  0.48172026E-01  0.48172026E-01  0.48172026E-01
  0.28365000E+01  0.23940000E+01  0.23940000E+01  0.23940000E+01  0.48641343E-01  0.48641343E-01  0.48641343E-01
  0.28616000E+01  0.24684938E+01  0.24684938E+01  0.24684938E+01  0.48428942E-01  0.48428942E-01  0.48428942E-01
  0.28867000E+01  0.25329863E+01  0.25329863E+01  0.25329863E+01  0.48377152E-01  0.48377152E-01  0.48377152E-01
  0.29118000E+01  0.25869338E+01  0.25869338E+01  0.25869338E+01  0.46826126E-01  0.46826126E-01  0.46826126E-01
  0.29369000E+01  0.26307301E+01  0.26307301E+01  0.26307301E+01  0.46022103E-01  0.46022103E-01  0.46022103E-01
  0.29620000E+01  0.26657119E+01  0.26657119E+01  0.26657119E+01  0.43660401E-01  0.43660401E-01  0.43660401E-01
  0.29871000E+01  0.26939414E+01  0.26939414E+01  0.26939414E+01  0.42301474E-01  0.42301474E-01  0.42301474E-01
  0.30122000E+01  0.27180608E+01  0.27180608E+01  0.27180608E+01  0.40904920E-01  0.40904920E-01  0.40904920E-01
  0.30373000E+01  0.27408449E+01  0.27408449E+01  0.27408449E+01  0.39719608E-01  0.39719608E-01  0.39719608E-01
  0.30624000E+01  0.27648825E+01  0.27648825E+01  0.27648825E+01  0.38810125E-01  0.38810125E-01  0.38810125E-01
  0.30875000E+01  0.27922061E+01  0.27922061E+01  0.27922061E+01  0.38810125E-01  0.38810125E-01  0.38810125E-01
  0.31126000E+01  0.28239456E+01  0.28239456E+01  0.28239456E+01  0.40306858E-01  0.40306858E-01  0.40306858E-01
  0.31377000E+01  0.28601912E+01  0.28601912E+01  0.28601912E+01  0.41447292E-01  0.41447292E-01  0.41447292E-01
  0.31628000E+01  0.29000914E+01  0.29000914E+01  0.29000914E+01  0.42564882E-01  0.42564882E-01  0.42564882E-01
  0.31879000E+01  0.29419158E+01  0.29419158E+01  0.29419158E+01  0.44505914E-01  0.44505914E-01  0.44505914E-01
  0.32131000E+01  0.29833764E+01  0.29833764E+01  0.29833764E+01  0.45381505E-01  0.45381505E-01  0.45381505E-01
  0.32382000E+01  0.30219841E+01  0.30219841E+01  0.30219841E+01  0.46144898E-01  0.46144898E-01  0.46144898E-01
  0.32633000E+01  0.30552925E+01  0.30552925E+01  0.30552925E+01  0.45941922E-01  0.45941922E-01  0.45941922E-01
  0.32884000E+01  0.30812921E+01  0.30812921E+01  0.30812921E+01  0.45838737E-01  0.45838737E-01  0.45838737E-01
  0.33135000E+01  0.30986025E+01  0.30986025E+01  0.30986025E+01  0.45838737E-01  0.45838737E-01  0.45838737E-01
  0.33386000E+01  0.31066117E+01  0.31066117E+01  0.31066117E+01  0.44846264E-01  0.44846264E-01  0.44846264E-01
  0.33637000E+01  0.31055113E+01  0.31055113E+01  0.31055113E+01  0.42826126E-01  0.42826126E-01  0.42826126E-01
  0.33888000E+01  0.30962904E+01  0.30962904E+01  0.30962904E+01  0.41849586E-01  0.41849586E-01  0.41849586E-01
  0.34139000E+01  0.30805198E+01  0.30805198E+01  0.30805198E+01  0.39468655E-01  0.39468655E-01  0.39468655E-01
  0.34390000E+01  0.30601342E+01  0.30601342E+01  0.30601342E+01  0.38504854E-01  0.38504854E-01  0.38504854E-01
  0.34641000E+01  0.30371535E+01  0.30371535E+01  0.30371535E+01  0.37259108E-01  0.37259108E-01  0.37259108E-01
  0.34892000E+01  0.30133506E+01  0.30133506E+01  0.30133506E+01  0.35980859E-01  0.35980859E-01  0.35980859E-01
  0.35143000E+01  0.29901027E+01  0.29901027E+01  0.29901027E+01  0.34300120E-01  0.34300120E-01  0.34300120E-01
  0.35394000E+01  0.29681734E+01  0.29681734E+01  0.29681734E+01  0.32910412E-01  0.32910412E-01  0.32910412E-01
  0.35645000E+01  0.29477486E+01  0.29477486E+01  0.29477486E+01  0.32910412E-01  0.32910412E-01  0.32910412E-01
  0.35896000E+01  0.29285342E+01  0.29285342E+01  0.29285342E+01  0.31477495E-01  0.31477495E-01  0.31477495E-01
  0.36147000E+01  0.29098962E+01  0.29098962E+01  0.29098962E+01  0.31477495E-01  0.31477495E-01  0.31477495E-01
  0.36398000E+01  0.28910586E+01  0.28910586E+01  0.28910586E+01  0.31477495E-01  0.31477495E-01  0.31477495E-01
  0.36649000E+01  0.28713015E+01  0.28713015E+01  0.28713015E+01  0.30000000E-01  0.30000000E-01  0.30000000E-01
  0.36900000E+01  0.28501058E+01  0.28501058E+01  0.28501058E+01  0.30000000E-01  0.30000000E-01  0.30000000E-01
  0.37151000E+01  0.28272838E+01  0.28272838E+01  0.28272838E+01  0.28477662E-01  0.28477662E-01  0.28477662E-01
  0.37402000E+01  0.28029914E+01  0.28029914E+01  0.28029914E+01  0.28477662E-01  0.28477662E-01  0.28477662E-01
  0.37653000E+01  0.27777093E+01  0.27777093E+01  0.27777093E+01  0.26277604E-01  0.26277604E-01  0.26277604E-01
  0.37904000E+01  0.27522826E+01  0.27522826E+01  0.27522826E+01  0.26277604E-01  0.26277604E-01  0.26277604E-01
  0.38155000E+01  0.27277362E+01  0.27277362E+01  0.27277362E+01  0.26277604E-01  0.26277604E-01  0.26277604E-01
  0.38406000E+01  0.27051718E+01  0.27051718E+01  0.27051718E+01  0.25701267E-01  0.25701267E-01  0.25701267E-01
  0.38657000E+01  0.26856614E+01  0.26856614E+01  0.26856614E+01  0.25701267E-01  0.25701267E-01  0.25701267E-01
  0.38908000E+01  0.26701223E+01  0.26701223E+01  0.26701223E+01  0.25701267E-01  0.25701267E-01  0.25701267E-01
  0.39159000E+01  0.26591202E+01  0.26591202E+01  0.26591202E+01  0.25701267E-01  0.25701267E-01  0.25701267E-01
  0.39410000E+01  0.26528943E+01  0.26528943E+01  0.26528943E+01  0.25701267E-01  0.25701267E-01  0.25701267E-01
  0.39661000E+01  0.26513015E+01  0.26513015E+01  0.26513015E+01  0.27442902E-01  0.27442902E-01  0.27442902E-01
  0.39912000E+01  0.26537874E+01  0.26537874E+01  0.26537874E+01  0.27442902E-01  0.27442902E-01  0.27442902E-01
  0.40163000E+01  0.26595292E+01  0.26595292E+01  0.26595292E+01  0.27930561E-01  0.27930561E-01  0.27930561E-01
  0.40414000E+01  0.26674277E+01  0.26674277E+01  0.26674277E+01  0.27930561E-01  0.27930561E-01  0.27930561E-01
  0.40665000E+01  0.26762866E+01  0.26762866E+01  0.26762866E+01  0.27930561E-01  0.27930561E-01  0.27930561E-01
  0.40916000E+01  0.26847743E+01  0.26847743E+01  0.26847743E+01  0.28477662E-01  0.28477662E-01  0.28477662E-01
  0.41167000E+01  0.26916318E+01  0.26916318E+01  0.26916318E+01  0.26912155E-01  0.26912155E-01  0.26912155E-01
  0.41418000E+01  0.26956846E+01  0.26956846E+01  0.26956846E+01  0.27585816E-01  0.27585816E-01  0.27585816E-01
  0.41669000E+01  0.26959237E+01  0.26959237E+01  0.26959237E+01  0.27585816E-01  0.27585816E-01  0.27585816E-01
  0.41920000E+01  0.26915817E+01  0.26915817E+01  0.26915817E+01  0.26079039E-01  0.26079039E-01  0.26079039E-01
  0.42171000E+01  0.26821334E+01  0.26821334E+01  0.26821334E+01  0.26079039E-01  0.26079039E-01  0.26079039E-01
  0.42422000E+01  0.26674534E+01  0.26674534E+01  0.26674534E+01  0.24558357E-01  0.24558357E-01  0.24558357E-01
  0.42673000E+01  0.26476380E+01  0.26476380E+01  0.26476380E+01  0.24024991E-01  0.24024991E-01  0.24024991E-01
  0.42924000E+01  0.26231129E+01  0.26231129E+01  0.26231129E+01  0.24024991E-01  0.24024991E-01  0.24024991E-01
  0.43175000E+01  0.25945618E+01  0.25945618E+01  0.25945618E+01  0.21540787E-01  0.21540787E-01  0.21540787E-01
  0.43426000E+01  0.25627694E+01  0.25627694E+01  0.25627694E+01  0.21540787E-01  0.21540787E-01  0.21540787E-01
  0.43677000E+01  0.25286153E+01  0.25286153E+01  0.25286153E+01  0.20088638E-01  0.20088638E-01  0.20088638E-01
  0.43928000E+01  0.24929722E+01  0.24929722E+01  0.24929722E+01  0.20088638E-01  0.20088638E-01  0.20088638E-01
  0.44179000E+01  0.24566948E+01  0.24566948E+01  0.24566948E+01  0.17320508E-01  0.17320508E-01  0.17320508E-01
  0.44430000E+01  0.24205733E+01  0.24205733E+01  0.24205733E+01  0.15811388E-01  0.15811388E-01  0.15811388E-01
  0.44681000E+01  0.23853748E+01  0.23853748E+01  0.23853748E+01  0.15811388E-01  0.15811388E-01  0.15811388E-01
  0.44933000E+01  0.23518282E+01  0.23518282E+01  0.23518282E+01  0.14142136E-01  0.14142136E-01  0.14142136E-01
  0.45184000E+01  0.23207725E+01  0.23207725E+01  0.23207725E+01  0.14142136E-01  0.14142136E-01  0.14142136E-01
  0.45435000E+01  0.22929457E+01  0.22929457E+01  0.22929457E+01  0.12247449E-01  0.12247449E-01  0.12247449E-01
  0.45686000E+01  0.22690975E+01  0.22690975E+01  0.22690975E+01  0.12247449E-01  0.12247449E-01  0.12247449E-01
  0.45937000E+01  0.22498446E+01  0.22498446E+01  0.22498446E+01  0.12720196E-01  0.12720196E-01  0.12720196E-01
  0.46188000E+01  0.22355972E+01  0.22355972E+01  0.22355972E+01  0.12720196E-01  0.12720196E-01  0.12720196E-01
  0.46439000E+01  0.22264751E+01  0.22264751E+01  0.22264751E+01  0.12720196E-01  0.12720196E-01  0.12720196E-01
  0.46690000E+01  0.22223462E+01  0.22223462E+01  0.22223462E+01  0.15537740E-01  0.15537740E-01  0.15537740E-01
  0.46941000E+01  0.22227715E+01  0.22227715E+01  0.22227715E+01  0.15537740E-01  0.15537740E-01  0.15537740E-01
  0.47192000E+01  0.22271048E+01  0.22271048E+01  0.22271048E+01  0.19029767E-01  0.19029767E-01  0.19029767E-01
  0.47443000E+01  0.22346585E+01  0.22346585E+01  0.22346585E+01  0.19029767E-01  0.19029767E-01  0.19029767E-01
  0.47694000E+01  0.22446377E+01  0.22446377E+01  0.22446377E+01  0.19029767E-01  0.19029767E-01  0.19029767E-01
  0.47945000E+01  0.22563079E+01  0.22563079E+01  0.22563079E+01  0.19029767E-01  0.19029767E-01  0.19029767E-01
  0.48196000E+01  0.22689763E+01  0.22689763E+01  0.22689763E+01  0.20000000E-01  0.20000000E-01  0.20000000E-01
  0.48447000E+01  0.22819769E+01  0.22819769E+01  0.22819769E+01  0.20000000E-01  0.20000000E-01  0.20000000E-01
  0.48698000E+01  0.22946605E+01  0.22946605E+01  0.22946605E+01  0.20000000E-01  0.20000000E-01  0.20000000E-01
  0.48949000E+01  0.23063674E+01  0.23063674E+01  0.23063674E+01  0.21013034E-01  0.21013034E-01  0.21013034E-01
  0.49200000E+01  0.23163919E+01  0.23163919E+01  0.23163919E+01  0.19216093E-01  0.19216093E-01  0.19216093E-01
  0.49451000E+01  0.23240438E+01  0.23240438E+01  0.23240438E+01  0.19216093E-01  0.19216093E-01  0.19216093E-01
  0.49702000E+01  0.23286302E+01  0.23286302E+01  0.23286302E+01  0.19216093E-01  0.19216093E-01  0.19216093E-01
  0.49953000E+01  0.23295843E+01  0.23295843E+01  0.23295843E+01  0.19216093E-01  0.19216093E-01  0.19216093E-01
  0.50204000E+01  0.23264179E+01  0.23264179E+01  0.23264179E+01  0.18818558E-01  0.18818558E-01  0.18818558E-01
  0.50455000E+01  0.23189169E+01  0.23189169E+01  0.23189169E+01  0.18818558E-01  0.18818558E-01  0.18818558E-01
  0.50706000E+01  0.23070747E+01  0.23070747E+01  0.23070747E+01  0.18818558E-01  0.18818558E-01  0.18818558E-01
  0.50957000E+01  0.22912567E+01  0.22912567E+01  0.22912567E+01  0.17320508E-01  0.17320508E-01  0.17320508E-01
  0.51208000E+01  0.22719765E+01  0.22719765E+01  0.22719765E+01  0.17320508E-01  0.17320508E-01  0.17320508E-01
  0.51459000E+01  0.22500224E+01  0.22500224E+01  0.22500224E+01  0.15941710E-01  0.15941710E-01  0.15941710E-01
  0.51710000E+01  0.22263282E+01  0.22263282E+01  0.22263282E+01  0.15941710E-01  0.15941710E-01  0.15941710E-01
  0.51961000E+01  0.22017584E+01  0.22017584E+01  0.22017584E+01  0.14316109E-01  0.14316109E-01  0.14316109E-01
  0.52212000E+01  0.21770790E+01  0.21770790E+01  0.21770790E+01  0.13009929E-01  0.13009929E-01  0.13009929E-01
  0.52463000E+01  0.21528454E+01  0.21528454E+01  0.21528454E+01  0.13009929E-01  0.13009929E-01  0.13009929E-01
  0.52714000E+01  0.21292170E+01  0.21292170E+01  0.21292170E+01  0.11117859E-01  0.11117859E-01  0.11117859E-01
  0.52965000E+01  0.21060832E+01  0.21060832E+01  0.21060832E+01  0.11117859E-01  0.11117859E-01  0.11117859E-01
  0.53216000E+01  0.20830312E+01  0.20830312E+01  0.20830312E+01  0.11117859E-01  0.11117859E-01  0.11117859E-01
  0.53467000E+01  0.20594289E+01  0.20594289E+01  0.20594289E+01  0.78823876E-02  0.78823876E-02  0.78823876E-02
  0.53718000E+01  0.20346620E+01  0.20346620E+01  0.20346620E+01  0.78823876E-02  0.78823876E-02  0.78823876E-02
  0.53969000E+01  0.20081975E+01  0.20081975E+01  0.20081975E+01  0.89597748E-02  0.89597748E-02  0.89597748E-02
  0.54220000E+01  0.19798079E+01  0.19798079E+01  0.19798079E+01  0.64359425E-02  0.64359425E-02  0.64359425E-02
  0.54471000E+01  0.19496154E+01  0.19496154E+01  0.19496154E+01  0.64359425E-02  0.64359425E-02  0.64359425E-02
  0.54722000E+01  0.19183103E+01  0.19183103E+01  0.19183103E+01  0.64359425E-02  0.64359425E-02  0.64359425E-02
  0.54973000E+01  0.18869593E+01  0.18869593E+01  0.18869593E+01  0.34356075E-02  0.34356075E-02  0.34356075E-02
  0.55224000E+01  0.18570828E+01  0.18570828E+01  0.18570828E+01  0.34356075E-02  0.34356075E-02  0.34356075E-02
  0.55475000E+01  0.18303890E+01  0.18303890E+01  0.18303890E+01  0.45508986E-02  0.45508986E-02  0.45508986E-02
  0.55726000E+01  0.18085805E+01  0.18085805E+01  0.18085805E+01  0.45508986E-02  0.45508986E-02  0.45508986E-02
  0.55977000E+01  0.17929787E+01  0.17929787E+01  0.17929787E+01  0.45508986E-02  0.45508986E-02  0.45508986E-02
  0.56228000E+01  0.17844051E+01  0.17844051E+01  0.17844051E+01  0.45508986E-02  0.45508986E-02  0.45508986E-02
  0.56479000E+01  0.17829997E+01  0.17829997E+01  0.17829997E+01  0.70710678E-02  0.70710678E-02  0.70710678E-02
  0.56730000E+01  0.17882254E+01  0.17882254E+01  0.17882254E+01  0.70710678E-02  0.70710678E-02  0.70710678E-02
  0.56981000E+01  0.17989870E+01  0.17989870E+01  0.17989870E+01  0.70710678E-02  0.70710678E-02  0.70710678E-02
  0.57232000E+01  0.18138431E+01  0.18138431E+01  0.18138431E+01  0.10000000E-01  0.10000000E-01  0.10000000E-01
  0.57483000E+01  0.18311948E+01  0.18311948E+01  0.18311948E+01  0.10000000E-01  0.10000000E-01  0.10000000E-01
  0.57735000E+01  0.18494835E+01  0.18494835E+01  0.18494835E+01  0.10000000E-01  0.10000000E-01  0.10000000E-01
  0.57986000E+01  0.18673341E+01  0.18673341E+01  0.18673341E+01  0.10000000E-01  0.10000000E-01  0.10000000E-01
  0.58237000E+01  0.18835911E+01  0.18835911E+01  0.18835911E+01  0.10000000E-01  0.10000000E-01  0.10000000E-01
  0.58488000E+01  0.18974296E+01  0.18974296E+01  0.18974296E+01  0.10000000E-01  0.10000000E-01  0.10000000E-01
  0.58739000E+01  0.19084176E+01  0.19084176E+01  0.19084176E+01  0.78615138E-02  0.78615138E-02  0.78615138E-02
  0.58990000E+01  0.19164446E+01  0.19164446E+01  0.19164446E+01  0.78615138E-02  0.78615138E-02  0.78615138E-02
  0.59241000E+01  0.19216407E+01  0.19216407E+01  0.19216407E+01  0.78615138E-02  0.78615138E-02  0.78615138E-02
  0.59492000E+01  0.19243668E+01  0.19243668E+01  0.19243668E+01  0.78615138E-02  0.78615138E-02  0.78615138E-02
  0.59743000E+01  0.19251597E+01  0.19251597E+01  0.19251597E+01  0.78615138E-02  0.78615138E-02  0.78615138E-02
  0.59994000E+01  0.19244929E+01  0.19244929E+01  0.19244929E+01  0.78615138E-02  0.78615138E-02  0.78615138E-02
  0.60245000E+01  0.19228649E+01  0.19228649E+01  0.19228649E+01  0.78615138E-02  0.78615138E-02  0.78615138E-02
  0.60496000E+01  0.19205292E+01  0.19205292E+01  0.19205292E+01  0.78615138E-02  0.78615138E-02  0.78615138E-02
  0.60747000E+01  0.19176182E+01  0.19176182E+01  0.19176182E+01  0.78615138E-02  0.78615138E-02  0.78615138E-02
  0.60998000E+01  0.19140250E+01  0.19140250E+01  0.19140250E+01  0.78615138E-02  0.78615138E-02  0.78615138E-02
  0.61249000E+01  0.19094781E+01  0.19094781E+01  0.19094781E+01  0.45508986E-02  0.45508986E-02  0.45508986E-02
  0.61500000E+01  0.19036047E+01  0.19036047E+01  0.19036047E+01  0.45508986E-02  0.45508986E-02  0.45508986E-02
  0.61751000E+01  0.18959622E+01  0.18959622E+01  0.18959622E+01  0.45508986E-02  0.45508986E-02  0.45508986E-02
  0.62002000E+01  0.18861123E+01  0.18861123E+01  0.18861123E+01  0.45508986E-02  0.45508986E-02  0.45508986E-02
  0.62253000E+01  0.18736713E+01  0.18736713E+01  0.18736713E+01  0.45508986E-02  0.45508986E-02  0.45508986E-02
  0.62504000E+01  0.18583277E+01  0.18583277E+01  0.18583277E+01  0.45508986E-02  0.45508986E-02  0.45508986E-02
  0.62755000E+01  0.18399053E+01  0.18399053E+01  0.18399053E+01  0.45508986E-02  0.45508986E-02  0.45508986E-02
  0.63006000E+01  0.18183720E+01  0.18183720E+01  0.18183720E+01  0.45508986E-02  0.45508986E-02  0.45508986E-02
  0.63257000E+01  0.17938077E+01  0.17938077E+01  0.17938077E+01  0.45508986E-02  0.45508986E-02  0.45508986E-02
  0.63508000E+01  0.17664602E+01  0.17664602E+01  0.17664602E+01  0.45508986E-02  0.45508986E-02  0.45508986E-02
  0.63759000E+01  0.17367343E+01  0.17367343E+01  0.17367343E+01  0.45508986E-02  0.45508986E-02  0.45508986E-02
  0.64010000E+01  0.17052481E+01  0.17052481E+01  0.17052481E+01  0.45508986E-02  0.45508986E-02  0.45508986E-02
  0.64261000E+01  0.16727532E+01  0.16727532E+01  0.16727532E+01  0.45508986E-02  0.45508986E-02  0.45508986E-02
  0.64512000E+01  0.16401465E+01  0.16401465E+01  0.16401465E+01  0.45508986E-02  0.45508986E-02  0.45508986E-02
  0.64763000E+01  0.16084976E+01  0.16084976E+01  0.16084976E+01  0.45508986E-02  0.45508986E-02  0.45508986E-02
  0.65014000E+01  0.15788532E+01  0.15788532E+01  0.15788532E+01  0.45508986E-02  0.45508986E-02  0.45508986E-02
  0.65265000E+01  0.15522340E+01  0.15522340E+01  0.15522340E+01  0.45508986E-02  0.45508986E-02  0.45508986E-02
  0.65516000E+01  0.15294185E+01  0.15294185E+01  0.15294185E+01  0.45508986E-02  0.45508986E-02  0.45508986E-02
  0.65767000E+01  0.15110282E+01  0.15110282E+01  0.15110282E+01  0.45508986E-02  0.45508986E-02  0.45508986E-02
  0.66018000E+01  0.14972152E+01  0.14972152E+01  0.14972152E+01  0.45508986E-02  0.45508986E-02  0.45508986E-02
  0.66269000E+01  0.14879182E+01  0.14879182E+01  0.14879182E+01  0.45508986E-02  0.45508986E-02  0.45508986E-02
  0.66520000E+01  0.14826742E+01  0.14826742E+01  0.14826742E+01  0.45508986E-02  0.45508986E-02  0.45508986E-02
  0.66771000E+01  0.14808889E+01  0.14808889E+01  0.14808889E+01  0.45508986E-02  0.45508986E-02  0.45508986E-02
  0.67022000E+01  0.14818084E+01  0.14818084E+01  0.14818084E+01  0.45508986E-02  0.45508986E-02  0.45508986E-02
  0.67273000E+01  0.14846928E+01  0.14846928E+01  0.14846928E+01  0.45508986E-02  0.45508986E-02  0.45508986E-02
  0.67524000E+01  0.14888597E+01  0.14888597E+01  0.14888597E+01  0.45508986E-02  0.45508986E-02  0.45508986E-02
  0.67775000E+01  0.14936509E+01  0.14936509E+01  0.14936509E+01  0.45508986E-02  0.45508986E-02  0.45508986E-02
  0.68026000E+01  0.14986784E+01  0.14986784E+01  0.14986784E+01  0.45508986E-02  0.45508986E-02  0.45508986E-02
  0.68277000E+01  0.15035590E+01  0.15035590E+01  0.15035590E+01  0.34356075E-02  0.34356075E-02  0.34356075E-02
  0.68528000E+01  0.15080974E+01  0.15080974E+01  0.15080974E+01  0.34356075E-02  0.34356075E-02  0.34356075E-02
  0.68779000E+01  0.15121348E+01  0.15121348E+01  0.15121348E+01  0.34356075E-02  0.34356075E-02  0.34356075E-02
  0.69030000E+01  0.15155197E+01  0.15155197E+01  0.15155197E+01  0.34356075E-02  0.34356075E-02  0.34356075E-02
  0.69281000E+01  0.15181353E+01  0.15181353E+01  0.15181353E+01  0.45508986E-02  0.45508986E-02  0.45508986E-02
  0.69532000E+01  0.15198458E+01  0.15198458E+01  0.15198458E+01  0.00000000E+00  0.00000000E+00  0.00000000E+00
  0.69783000E+01  0.15204833E+01  0.15204833E+01  0.15204833E+01  0.00000000E+00  0.00000000E+00  0.00000000E+00
  0.70034000E+01  0.15197557E+01  0.15197557E+01  0.15197557E+01  0.00000000E+00  0.00000000E+00  0.00000000E+00
  0.70285000E+01  0.15175312E+01  0.15175312E+01  0.15175312E+01  0.00000000E+00  0.00000000E+00  0.00000000E+00
  0.70537000E+01  0.15135216E+01  0.15135216E+01  0.15135216E+01  0.00000000E+00  0.00000000E+00  0.00000000E+00
  0.70788000E+01  0.15075636E+01  0.15075636E+01  0.15075636E+01  0.00000000E+00  0.00000000E+00  0.00000000E+00
  0.71039000E+01  0.14995357E+01  0.14995357E+01  0.14995357E+01  0.00000000E+00  0.00000000E+00  0.00000000E+00
  0.71290000E+01  0.14894585E+01  0.14894585E+01  0.14894585E+01  0.00000000E+00  0.00000000E+00  0.00000000E+00
  0.71541000E+01  0.14773485E+01  0.14773485E+01  0.14773485E+01  0.00000000E+00  0.00000000E+00  0.00000000E+00
  0.71792000E+01  0.14634033E+01  0.14634033E+01  0.14634033E+01  0.00000000E+00  0.00000000E+00  0.00000000E+00
  0.72043000E+01  0.14478625E+01  0.14478625E+01  0.14478625E+01  0.00000000E+00  0.00000000E+00  0.00000000E+00
  0.72294000E+01  0.14310344E+01  0.14310344E+01  0.14310344E+01  0.00000000E+00  0.00000000E+00  0.00000000E+00
  0.72545000E+01  0.14132622E+01  0.14132622E+01  0.14132622E+01  0.00000000E+00  0.00000000E+00  0.00000000E+00
  0.72796000E+01  0.13949005E+01  0.13949005E+01  0.13949005E+01  0.00000000E+00  0.00000000E+00  0.00000000E+00
  0.73047000E+01  0.13762849E+01  0.13762849E+01  0.13762849E+01  0.00000000E+00  0.00000000E+00  0.00000000E+00
  0.73298000E+01  0.13576537E+01  0.13576537E+01  0.13576537E+01  0.00000000E+00  0.00000000E+00  0.00000000E+00
  0.73549000E+01  0.13392597E+01  0.13392597E+01  0.13392597E+01  0.00000000E+00  0.00000000E+00  0.00000000E+00
  0.73800000E+01  0.13212959E+01  0.13212959E+01  0.13212959E+01  0.00000000E+00  0.00000000E+00  0.00000000E+00
  0.74051000E+01  0.13038908E+01  0.13038908E+01  0.13038908E+01  0.00000000E+00  0.00000000E+00  0.00000000E+00
  0.74302000E+01  0.12871837E+01  0.12871837E+01  0.12871837E+01  0.00000000E+00  0.00000000E+00  0.00000000E+00
  0.74553000E+01  0.12713357E+01  0.12713357E+01  0.12713357E+01  0.00000000E+00  0.00000000E+00  0.00000000E+00
  0.74804000E+01  0.12565111E+01  0.12565111E+01  0.12565111E+01  0.00000000E+00  0.00000000E+00  0.00000000E+00
  0.75055000E+01  0.12429858E+01  0.12429858E+01  0.12429858E+01  0.00000000E+00  0.00000000E+00  0.00000000E+00
  0.75306000E+01  0.12310247E+01  0.12310247E+01  0.12310247E+01  0.00000000E+00  0.00000000E+00  0.00000000E+00
