    0.000000    0.000000    0.000000    0.000000
    0.025100    0.818800    0.818800    0.818800
    0.050200    1.702800    1.702800    1.702800
    0.075300    2.714400    2.714400    2.714400
    0.100400    3.911000    3.911000    3.911000
    0.125500    5.341500    5.341500    5.341500
    0.150600    7.042300    7.042300    7.042300
    0.175700    9.034200    9.034200    9.034200
    0.200800   11.319200   11.319200   11.319200
    0.225900   13.879100   13.879100   13.879100
    0.251000   16.675700   16.675700   16.675700
    0.276100   19.652800   19.652800   19.652800
    0.301200   22.739100   22.739100   22.739100
    0.326300   25.852500   25.852500   25.852500
    0.351400   28.904000   28.904000   28.904000
    0.376500   31.800700   31.800700   31.800700
    0.401600   34.449500   34.449500   34.449500
    0.426700   36.759900   36.759900   36.759900
    0.451800   38.648500   38.648500   38.648500
    0.476900   40.044800   40.044800   40.044800
    0.502000   40.898500   40.898500   40.898500
    0.527100   41.187000   41.187000   41.187000
    0.552200   40.922600   40.922600   40.922600
    0.577300   40.156100   40.156100   40.156100
    0.602400   38.976600   38.976600   38.976600
    0.627500   37.504300   37.504300   37.504300
    0.652700   35.879700   35.879700   35.879700
    0.677800   34.248000   34.248000   34.248000
    0.702900   32.742700   32.742700   32.742700
    0.728000   31.469800   31.469800   31.469800
    0.753100   30.496500   30.496500   30.496500
    0.778200   29.844600   29.844600   29.844600
    0.803300   29.490100   29.490100   29.490100
    0.828400   29.368700   29.368700   29.368700
    0.853500   29.385300   29.385300   29.385300
    0.878600   29.427900   29.427900   29.427900
    0.903700   29.381700   29.381700   29.381700
    0.928800   29.144000   29.144000   29.144000
    0.953900   28.635900   28.635900   28.635900
    0.979000   27.811900   27.811900   27.811900
    1.004100   26.663700   26.663700   26.663700
    1.029200   25.219600   25.219600   25.219600
    1.054300   23.539000   23.539000   23.539000
    1.079400   21.702900   21.702900   21.702900
    1.104500   19.802200   19.802200   19.802200
    1.129600   17.925400   17.925400   17.925400
    1.154700   16.148100   16.148100   16.148100
    1.179800   14.525100   14.525100   14.525100
    1.204900   13.087300   13.087300   13.087300
    1.230000   11.842500   11.842500   11.842500
    1.255100   10.778800   10.778800   10.778800
    1.280200    9.871400    9.871400    9.871400
    1.305300    9.089300    9.089300    9.089300
    1.330400    8.401500    8.401500    8.401500
    1.355500    7.781700    7.781700    7.781700
    1.380600    7.210900    7.210900    7.210900
    1.405700    6.678000    6.678000    6.678000
    1.430800    6.178800    6.178800    6.178800
    1.455900    5.714500    5.714500    5.714500
    1.481000    5.289600    5.289600    5.289600
    1.506100    4.909900    4.909900    4.909900
    1.531200    4.581400    4.581400    4.581400
    1.556300    4.309200    4.309200    4.309200
    1.581400    4.096500    4.096500    4.096500
    1.606500    3.944800    3.944800    3.944800
    1.631600    3.853500    3.853500    3.853500
    1.656700    3.819700    3.819700    3.819700
    1.681800    3.838700    3.838700    3.838700
    1.706900    3.904200    3.904200    3.904200
    1.732000    4.008500    4.008500    4.008500
    1.757100    4.143600    4.143600    4.143600
    1.782200    4.301500    4.301500    4.301500
    1.807300    4.474500    4.474500    4.474500
    1.832400    4.656200    4.656200    4.656200
    1.857500    4.840500    4.840500    4.840500
    1.882600    5.023000    5.023000    5.023000
    1.907700    5.199700    5.199700    5.199700
    1.932900    5.368200    5.368200    5.368200
    1.958000    5.527400    5.527400    5.527400
    1.983100    5.678000    5.678000    5.678000
    2.008200    5.823100    5.823100    5.823100
    2.033300    5.968300    5.968300    5.968300
    2.058400    6.121400    6.121400    6.121400
    2.083500    6.292100    6.292100    6.292100
    2.108600    6.491000    6.491000    6.491000
    2.133700    6.728200    6.728200    6.728200
    2.158800    7.012100    7.012100    7.012100
    2.183900    7.347700    7.347700    7.347700
    2.209000    7.735700    7.735700    7.735700
    2.234100    8.171400    8.171400    8.171400
    2.259200    8.645000    8.645000    8.645000
    2.284300    9.141600    9.141600    9.141600
    2.309400    9.642500    9.642500    9.642500
    2.334500   10.127700   10.127700   10.127700
    2.359600   10.577800   10.577800   10.577800
    2.384700   10.977100   10.977100   10.977100
    2.409800   11.316500   11.316500   11.316500
    2.434900   11.595500   11.595500   11.595500
    2.460000   11.823300   11.823300   11.823300
    2.485100   12.018200   12.018200   12.018200
    2.510200   12.205800   12.205800   12.205800
    2.535300   12.416100   12.416100   12.416100
    2.560400   12.678700   12.678700   12.678700
    2.585500   13.018700   13.018700   13.018700
    2.610600   13.453100   13.453100   13.453100
    2.635700   13.987800   13.987800   13.987800
    2.660800   14.615900   14.615900   14.615900
    2.685900   15.318800   15.318800   15.318800
    2.711000   16.067800   16.067800   16.067800
    2.736100   16.827200   16.827200   16.827200
    2.761200   17.559000   17.559000   17.559000
    2.786300   18.226600   18.226600   18.226600
    2.811400   18.799400   18.799400   18.799400
    2.836500   19.255700   19.255700   19.255700
    2.861600   19.585200   19.585200   19.585200
    2.886700   19.789300   19.789300   19.789300
    2.911800   19.880600   19.880600   19.880600
    2.936900   19.880900   19.880900   19.880900
    2.962000   19.818000   19.818000   19.818000
    2.987100   19.721800   19.721800   19.721800
    3.012200   19.620600   19.620600   19.620600
    3.037300   19.537000   19.537000   19.537000
    3.062400   19.485400   19.485400   19.485400
    3.087500   19.470400   19.470400   19.470400
    3.112600   19.486100   19.486100   19.486100
    3.137700   19.517400   19.517400   19.517400
    3.162800   19.543200   19.543200   19.543200
    3.187900   19.538900   19.538900   19.538900
    3.213100   19.481000   19.481000   19.481000
    3.238200   19.350600   19.350600   19.350600
    3.263300   19.136000   19.136000   19.136000
    3.288400   18.835000   18.835000   18.835000
    3.313500   18.454500   18.454500   18.454500
    3.338600   18.009600   18.009600   18.009600
    3.363700   17.520700   17.520700   17.520700
    3.388800   17.010800   17.010800   17.010800
    3.413900   16.501700   16.501700   16.501700
    3.439000   16.011400   16.011400   16.011400
    3.464100   15.552600   15.552600   15.552600
    3.489200   15.131200   15.131200   15.131200
    3.514300   14.747500   14.747500   14.747500
    3.539400   14.396900   14.396900   14.396900
    3.564500   14.072000   14.072000   14.072000
    3.589600   13.764500   13.764500   13.764500
    3.614700   13.467000   13.467000   13.467000
    3.639800   13.174500   13.174500   13.174500
    3.664900   12.884400   12.884400   12.884400
    3.690000   12.597600   12.597600   12.597600
    3.715100   12.317400   12.317400   12.317400
    3.740200   12.048900   12.048900   12.048900
    3.765300   11.798000   11.798000   11.798000
    3.790400   11.570800   11.570800   11.570800
    3.815500   11.372200   11.372200   11.372200
    3.840600   11.205100   11.205100   11.205100
    3.865700   11.070500   11.070500   11.070500
    3.890800   10.966700   10.966700   10.966700
    3.915900   10.889700   10.889700   10.889700
    3.941000   10.833100   10.833100   10.833100
    3.966100   10.789200   10.789200   10.789200
    3.991200   10.749100   10.749100   10.749100
    4.016300   10.703600   10.703600   10.703600
    4.041400   10.643900   10.643900   10.643900
    4.066500   10.562500   10.562500   10.562500
    4.091600   10.453000   10.453000   10.453000
    4.116700   10.311700   10.311700   10.311700
    4.141800   10.136800   10.136800   10.136800
    4.166900    9.929500    9.929500    9.929500
    4.192000    9.693300    9.693300    9.693300
    4.217100    9.433700    9.433700    9.433700
    4.242200    9.158200    9.158200    9.158200
    4.267300    8.874900    8.874900    8.874900
    4.292400    8.592000    8.592000    8.592000
    4.317500    8.317100    8.317100    8.317100
    4.342600    8.056700    8.056700    8.056700
    4.367700    7.815500    7.815500    7.815500
    4.392800    7.597000    7.597000    7.597000
    4.417900    7.403500    7.403500    7.403500
    4.443000    7.236300    7.236300    7.236300
    4.468100    7.096100    7.096100    7.096100
    4.493300    6.983300    6.983300    6.983300
    4.518400    6.898100    6.898100    6.898100
    4.543500    6.839900    6.839900    6.839900
    4.568600    6.807600    6.807600    6.807600
    4.593700    6.799000    6.799000    6.799000
    4.618800    6.810900    6.810900    6.810900
    4.643900    6.839000    6.839000    6.839000
    4.669000    6.878400    6.878400    6.878400
    4.694100    6.923800    6.923800    6.923800
    4.719200    6.969800    6.969800    6.969800
    4.744300    7.011700    7.011700    7.011700
    4.769400    7.045300    7.045300    7.045300
    4.794500    7.067000    7.067000    7.067000
    4.819600    7.073900    7.073900    7.073900
    4.844700    7.063400    7.063400    7.063400
    4.869800    7.033300    7.033300    7.033300
    4.894900    6.981600    6.981600    6.981600
    4.920000    6.907000    6.907000    6.907000
    4.945100    6.808900    6.808900    6.808900
    4.970200    6.687700    6.687700    6.687700
    4.995300    6.545200    6.545200    6.545200
    5.020400    6.384600    6.384600    6.384600
    5.045500    6.210500    6.210500    6.210500
    5.070600    6.028300    6.028300    6.028300
    5.095700    5.844200    5.844200    5.844200
    5.120800    5.663700    5.663700    5.663700
    5.145900    5.491900    5.491900    5.491900
    5.171000    5.332300    5.332300    5.332300
    5.196100    5.186700    5.186700    5.186700
    5.221200    5.054900    5.054900    5.054900
    5.246300    4.935500    4.935500    4.935500
    5.271400    4.825700    4.825700    4.825700
    5.296500    4.722300    4.722300    4.722300
    5.321600    4.622300    4.622300    4.622300
    5.346700    4.523900    4.523900    4.523900
    5.371800    4.426500    4.426500    4.426500
    5.396900    4.331300    4.331300    4.331300
    5.422000    4.241300    4.241300    4.241300
    5.447100    4.160500    4.160500    4.160500
    5.472200    4.093900    4.093900    4.093900
    5.497300    4.046400    4.046400    4.046400
    5.522400    4.021700    4.021700    4.021700
    5.547500    4.022400    4.022400    4.022400
    5.572600    4.048900    4.048900    4.048900
    5.597700    4.099100    4.099100    4.099100
    5.622800    4.169100    4.169100    4.169100
    5.647900    4.253100    4.253100    4.253100
    5.673000    4.344100    4.344100    4.344100
    5.698100    4.434500    4.434500    4.434500
    5.723200    4.517200    4.517200    4.517200
    5.748300    4.586000    4.586000    4.586000
    5.773500    4.636400    4.636400    4.636400
    5.798600    4.665700    4.665700    4.665700
    5.823700    4.673000    4.673000    4.673000
    5.848800    4.659400    4.659400    4.659400
    5.873900    4.627600    4.627600    4.627600
    5.899000    4.581000    4.581000    4.581000
    5.924100    4.523500    4.523500    4.523500
    5.949200    4.458700    4.458700    4.458700
    5.974300    4.389600    4.389600    4.389600
    5.999400    4.318200    4.318200    4.318200
    6.024500    4.245500    4.245500    4.245500
    6.049600    4.171100    4.171100    4.171100
    6.074700    4.094300    4.094300    4.094300
    6.099800    4.013600    4.013600    4.013600
    6.124900    3.927600    3.927600    3.927600
    6.150000    3.835300    3.835300    3.835300
    6.175100    3.736100    3.736100    3.736100
    6.200200    3.630400    3.630400    3.630400
    6.225300    3.519200    3.519200    3.519200
    6.250400    3.403900    3.403900    3.403900
    6.275500    3.286900    3.286900    3.286900
    6.300600    3.170600    3.170600    3.170600
    6.325700    3.058000    3.058000    3.058000
    6.350800    2.951800    2.951800    2.951800
    6.375900    2.854900    2.854900    2.854900
    6.401000    2.769800    2.769800    2.769800
    6.426100    2.698900    2.698900    2.698900
    6.451200    2.643600    2.643600    2.643600
    6.476300    2.605100    2.605100    2.605100
    6.501400    2.583300    2.583300    2.583300
    6.526500    2.577700    2.577700    2.577700
    6.551600    2.586700    2.586700    2.586700
    6.576700    2.608100    2.608100    2.608100
    6.601800    2.639100    2.639100    2.639100
    6.626900    2.676600    2.676600    2.676600
    6.652000    2.717500    2.717500    2.717500
    6.677100    2.758800    2.758800    2.758800
    6.702200    2.798000    2.798000    2.798000
    6.727300    2.833100    2.833100    2.833100
    6.752400    2.862800    2.862800    2.862800
    6.777500    2.886100    2.886100    2.886100
    6.802600    2.902700    2.902700    2.902700
    6.827700    2.912700    2.912700    2.912700
    6.852800    2.916300    2.916300    2.916300
    6.877900    2.913600    2.913600    2.913600
    6.903000    2.904900    2.904900    2.904900
    6.928100    2.890100    2.890100    2.890100
    6.953200    2.869300    2.869300    2.869300
    6.978300    2.842400    2.842400    2.842400
    7.003400    2.809300    2.809300    2.809300
    7.028500    2.770400    2.770400    2.770400
    7.053700    2.726100    2.726100    2.726100
    7.078800    2.677100    2.677100    2.677100
    7.103900    2.624500    2.624500    2.624500
    7.129000    2.569800    2.569800    2.569800
    7.154100    2.514200    2.514200    2.514200
    7.179200    2.459300    2.459300    2.459300
    7.204300    2.406600    2.406600    2.406600
    7.229400    2.357100    2.357100    2.357100
    7.254500    2.311900    2.311900    2.311900
    7.279600    2.271500    2.271500    2.271500
    7.304700    2.236300    2.236300    2.236300
    7.329800    2.206300    2.206300    2.206300
    7.354900    2.181500    2.181500    2.181500
    7.380000    2.161800    2.161800    2.161800
    7.405100    2.147000    2.147000    2.147000
    7.430200    2.137100    2.137100    2.137100
    7.455300    2.132200    2.132200    2.132200
    7.480400    2.132400    2.132400    2.132400
    7.505500    2.138100    2.138100    2.138100
    7.530600    2.149500    2.149500    2.149500
