    0.0000   49.2317   49.2317   49.2317   -0.0014   -0.0014   -0.0014
    0.0251   49.3312   49.3312   49.3312   -0.0014   -0.0014   -0.0014
    0.0502   49.6223   49.6223   49.6223   -0.0014   -0.0014   -0.0014
    0.0753   50.0830   50.0830   50.0830   -0.0014   -0.0014   -0.0014
    0.1004   50.6765   50.6765   50.6765   -0.0014   -0.0014   -0.0014
    0.1255   51.3519   51.3519   51.3519   -0.0014   -0.0014   -0.0014
    0.1506   52.0460   52.0460   52.0460   -0.0014   -0.0014   -0.0014
    0.1757   52.6853   52.6853   52.6853   -0.0014   -0.0014   -0.0014
    0.2008   53.1910   53.1910   53.1910   -0.0013   -0.0013   -0.0013
    0.2259   53.4833   53.4833   53.4833   -0.0012   -0.0012   -0.0012
    0.2510   53.4875   53.4875   53.4875   -0.0010   -0.0010   -0.0010
    0.2761   53.1386   53.1386   53.1386   -0.0008   -0.0008   -0.0008
    0.3012   52.3860   52.3860   52.3860   -0.0005   -0.0005   -0.0005
    0.3263   51.1954   51.1954   51.1954   -0.0002   -0.0002   -0.0002
    0.3514   49.5508   49.5508   49.5508    0.0002    0.0002    0.0002
    0.3765   47.4553   47.4553   47.4553    0.0006    0.0006    0.0006
    0.4016   44.9314   44.9314   44.9314    0.0010    0.0010    0.0010
    0.4267   42.0225   42.0225   42.0225    0.0015    0.0015    0.0015
    0.4518   38.7935   38.7935   38.7935    0.0018    0.0018    0.0018
    0.4769   35.3315   35.3315   35.3315    0.0022    0.0022    0.0022
    0.5020   31.7441   31.7441   31.7441    0.0024    0.0024    0.0024
    0.5271   28.1552   28.1552   28.1552    0.0025    0.0025    0.0025
    0.5522   24.6963   24.6963   24.6963    0.0026    0.0026    0.0026
    0.5773   21.4954   21.4954   21.4954    0.0025    0.0025    0.0025
    0.6024   18.6631   18.6631   18.6631    0.0023    0.0023    0.0023
    0.6275   16.2795   16.2795   16.2795    0.0020    0.0020    0.0020
    0.6527   14.3836   14.3836   14.3836    0.0017    0.0017    0.0017
    0.6778   12.9678   12.9678   12.9678    0.0013    0.0013    0.0013
    0.7029   11.9784   11.9784   11.9784    0.0009    0.0009    0.0009
    0.7280   11.3226   11.3226   11.3226    0.0006    0.0006    0.0006
    0.7531   10.8804   10.8804   10.8804    0.0003    0.0003    0.0003
    0.7782   10.5204   10.5204   10.5204    0.0001    0.0001    0.0001
    0.8033   10.1156   10.1156   10.1156   -0.0001   -0.0001   -0.0001
    0.8284    9.5589    9.5589    9.5589   -0.0002   -0.0002   -0.0002
    0.8535    8.7750    8.7750    8.7750   -0.0002   -0.0002   -0.0002
    0.8786    7.7279    7.7279    7.7279   -0.0002   -0.0002   -0.0002
    0.9037    6.4235    6.4235    6.4235   -0.0001   -0.0001   -0.0001
    0.9288    4.9070    4.9070    4.9070    0.0000    0.0000    0.0000
    0.9539    3.2555    3.2555    3.2555    0.0001    0.0001    0.0001
    0.9790    1.5671    1.5671    1.5671    0.0003    0.0003    0.0003
    1.0041   -0.0525   -0.0525   -0.0525    0.0004    0.0004    0.0004
    1.0292   -1.5034   -1.5034   -1.5034    0.0004    0.0004    0.0004
    1.0543   -2.7037   -2.7037   -2.7037    0.0005    0.0005    0.0005
    1.0794   -3.5988   -3.5988   -3.5988    0.0005    0.0005    0.0005
    1.1045   -4.1657   -4.1657   -4.1657    0.0005    0.0005    0.0005
    1.1296   -4.4129   -4.4129   -4.4129    0.0005    0.0005    0.0005
    1.1547   -4.3757   -4.3757   -4.3757    0.0005    0.0005    0.0005
    1.1798   -4.1080   -4.1080   -4.1080    0.0005    0.0005    0.0005
    1.2049   -3.6728   -3.6728   -3.6728    0.0004    0.0004    0.0004
    1.2300   -3.1322   -3.1322   -3.1322    0.0004    0.0004    0.0004
    1.2551   -2.5402   -2.5402   -2.5402    0.0004    0.0004    0.0004
    1.2802   -1.9373   -1.9373   -1.9373    0.0004    0.0004    0.0004
    1.3053   -1.3486   -1.3486   -1.3486    0.0004    0.0004    0.0004
    1.3304   -0.7851   -0.7851   -0.7851    0.0004    0.0004    0.0004
    1.3555   -0.2467   -0.2467   -0.2467    0.0004    0.0004    0.0004
    1.3806    0.2741    0.2741    0.2741    0.0005    0.0005    0.0005
    1.4057    0.7879    0.7879    0.7879    0.0005    0.0005    0.0005
    1.4308    1.3054    1.3054    1.3054    0.0005    0.0005    0.0005
    1.4559    1.8348    1.8348    1.8348    0.0006    0.0006    0.0006
    1.4810    2.3811    2.3811    2.3811    0.0006    0.0006    0.0006
    1.5061    2.9455    2.9455    2.9455    0.0006    0.0006    0.0006
    1.5312    3.5262    3.5262    3.5262    0.0007    0.0007    0.0007
    1.5563    4.1186    4.1186    4.1186    0.0007    0.0007    0.0007
    1.5814    4.7163    4.7163    4.7163    0.0008    0.0008    0.0008
    1.6065    5.3115    5.3115    5.3115    0.0008    0.0008    0.0008
    1.6316    5.8961    5.8961    5.8961    0.0008    0.0008    0.0008
    1.6567    6.4620    6.4620    6.4620    0.0009    0.0009    0.0009
    1.6818    7.0019    7.0019    7.0019    0.0009    0.0009    0.0009
    1.7069    7.5098    7.5098    7.5098    0.0009    0.0009    0.0009
    1.7320    7.9815    7.9815    7.9815    0.0009    0.0009    0.0009
    1.7571    8.4146    8.4146    8.4146    0.0010    0.0010    0.0010
    1.7822    8.8087    8.8087    8.8087    0.0010    0.0010    0.0010
    1.8073    9.1652    9.1652    9.1652    0.0010    0.0010    0.0010
    1.8324    9.4865    9.4865    9.4865    0.0010    0.0010    0.0010
    1.8575    9.7765    9.7765    9.7765    0.0010    0.0010    0.0010
    1.8826   10.0397   10.0397   10.0397    0.0010    0.0010    0.0010
    1.9077   10.2813   10.2813   10.2813    0.0010    0.0010    0.0010
    1.9329   10.5076   10.5076   10.5076    0.0010    0.0010    0.0010
    1.9580   10.7252   10.7252   10.7252    0.0011    0.0011    0.0011
    1.9831   10.9414   10.9414   10.9414    0.0011    0.0011    0.0011
    2.0082   11.1632   11.1632   11.1632    0.0012    0.0012    0.0012
    2.0333   11.3971   11.3971   11.3971    0.0012    0.0012    0.0012
    2.0584   11.6475   11.6475   11.6475    0.0013    0.0013    0.0013
    2.0835   11.9160   11.9160   11.9160    0.0014    0.0014    0.0014
    2.1086   12.2010   12.2010   12.2010    0.0014    0.0014    0.0014
    2.1337   12.4967   12.4967   12.4967    0.0014    0.0014    0.0014
    2.1588   12.7937   12.7937   12.7937    0.0015    0.0015    0.0015
    2.1839   13.0792   13.0792   13.0792    0.0014    0.0014    0.0014
    2.2090   13.3385   13.3385   13.3385    0.0014    0.0014    0.0014
    2.2341   13.5565   13.5565   13.5565    0.0012    0.0012    0.0012
    2.2592   13.7195   13.7195   13.7195    0.0011    0.0011    0.0011
    2.2843   13.8172   13.8172   13.8172    0.0009    0.0009    0.0009
    2.3094   13.8448   13.8448   13.8448    0.0007    0.0007    0.0007
    2.3345   13.8039   13.8039   13.8039    0.0005    0.0005    0.0005
    2.3596   13.7038   13.7038   13.7038    0.0003    0.0003    0.0003
    2.3847   13.5608   13.5608   13.5608    0.0001    0.0001    0.0001
    2.4098   13.3968   13.3968   13.3968    0.0000    0.0000    0.0000
    2.4349   13.2365   13.2365   13.2365    0.0000    0.0000    0.0000
    2.4600   13.1043   13.1043   13.1043    0.0001    0.0001    0.0001
    2.4851   13.0205   13.0205   13.0205    0.0002    0.0002    0.0002
    2.5102   12.9972   12.9972   12.9972    0.0004    0.0004    0.0004
    2.5353   13.0367   13.0367   13.0367    0.0005    0.0005    0.0005
    2.5604   13.1293   13.1293   13.1293    0.0006    0.0006    0.0006
    2.5855   13.2547   13.2547   13.2547    0.0007    0.0007    0.0007
    2.6106   13.3838   13.3838   13.3838    0.0007    0.0007    0.0007
    2.6357   13.4820   13.4820   13.4820    0.0005    0.0005    0.0005
    2.6608   13.5140   13.5140   13.5140    0.0003    0.0003    0.0003
    2.6859   13.4481   13.4481   13.4481    0.0000    0.0000    0.0000
    2.7110   13.2602   13.2602   13.2602   -0.0003   -0.0003   -0.0003
    2.7361   12.9369   12.9369   12.9369   -0.0007   -0.0007   -0.0007
    2.7612   12.4770   12.4770   12.4770   -0.0011   -0.0011   -0.0011
    2.7863   11.8918   11.8918   11.8918   -0.0014   -0.0014   -0.0014
    2.8114   11.2035   11.2035   11.2035   -0.0017   -0.0017   -0.0017
    2.8365   10.4425   10.4425   10.4425   -0.0019   -0.0019   -0.0019
    2.8616    9.6439    9.6439    9.6439   -0.0020   -0.0020   -0.0020
    2.8867    8.8433    8.8433    8.8433   -0.0021   -0.0021   -0.0021
    2.9118    8.0726    8.0726    8.0726   -0.0020   -0.0020   -0.0020
    2.9369    7.3570    7.3570    7.3570   -0.0020   -0.0020   -0.0020
    2.9620    6.7116    6.7116    6.7116   -0.0018   -0.0018   -0.0018
    2.9871    6.1412    6.1412    6.1412   -0.0017   -0.0017   -0.0017
    3.0122    5.6392    5.6392    5.6392   -0.0016   -0.0016   -0.0016
    3.0373    5.1902    5.1902    5.1902   -0.0015   -0.0015   -0.0015
    3.0624    4.7721    4.7721    4.7721   -0.0014   -0.0014   -0.0014
    3.0875    4.3597    4.3597    4.3597   -0.0014   -0.0014   -0.0014
    3.1126    3.9289    3.9289    3.9289   -0.0015   -0.0015   -0.0015
    3.1377    3.4604    3.4604    3.4604   -0.0016   -0.0016   -0.0016
    3.1628    2.9424    2.9424    2.9424   -0.0017   -0.0017   -0.0017
    3.1879    2.3727    2.3727    2.3727   -0.0019   -0.0019   -0.0019
    3.2131    1.7592    1.7592    1.7592   -0.0020   -0.0020   -0.0020
    3.2382    1.1181    1.1181    1.1181   -0.0021   -0.0021   -0.0021
    3.2633    0.4722    0.4722    0.4722   -0.0021   -0.0021   -0.0021
    3.2884   -0.1531   -0.1531   -0.1531   -0.0021   -0.0021   -0.0021
    3.3135   -0.7336   -0.7336   -0.7336   -0.0021   -0.0021   -0.0021
    3.3386   -1.2492   -1.2492   -1.2492   -0.0020   -0.0020   -0.0020
    3.3637   -1.6867   -1.6867   -1.6867   -0.0018   -0.0018   -0.0018
    3.3888   -2.0412   -2.0412   -2.0412   -0.0017   -0.0017   -0.0017
    3.4139   -2.3158   -2.3158   -2.3158   -0.0015   -0.0015   -0.0015
    3.4390   -2.5203   -2.5203   -2.5203   -0.0014   -0.0014   -0.0014
    3.4641   -2.6687   -2.6687   -2.6687   -0.0013   -0.0013   -0.0013
    3.4892   -2.7767   -2.7767   -2.7767   -0.0012   -0.0012   -0.0012
    3.5143   -2.8593   -2.8593   -2.8593   -0.0011   -0.0011   -0.0011
    3.5394   -2.9284   -2.9284   -2.9284   -0.0010   -0.0010   -0.0010
    3.5645   -2.9919   -2.9919   -2.9919   -0.0010   -0.0010   -0.0010
    3.5896   -3.0535   -3.0535   -3.0535   -0.0009   -0.0009   -0.0009
    3.6147   -3.1129   -3.1129   -3.1129   -0.0009   -0.0009   -0.0009
    3.6398   -3.1667   -3.1667   -3.1667   -0.0009   -0.0009   -0.0009
    3.6649   -3.2104   -3.2104   -3.2104   -0.0008   -0.0008   -0.0008
    3.6900   -3.2389   -3.2389   -3.2389   -0.0008   -0.0008   -0.0008
    3.7151   -3.2485   -3.2485   -3.2485   -0.0007   -0.0007   -0.0007
    3.7402   -3.2373   -3.2373   -3.2373   -0.0007   -0.0007   -0.0007
    3.7653   -3.2056   -3.2056   -3.2056   -0.0006   -0.0006   -0.0006
    3.7904   -3.1565   -3.1565   -3.1565   -0.0006   -0.0006   -0.0006
    3.8155   -3.0952   -3.0952   -3.0952   -0.0006   -0.0006   -0.0006
    3.8406   -3.0287   -3.0287   -3.0287   -0.0006   -0.0006   -0.0006
    3.8657   -2.9649   -2.9649   -2.9649   -0.0006   -0.0006   -0.0006
    3.8908   -2.9123   -2.9123   -2.9123   -0.0006   -0.0006   -0.0006
    3.9159   -2.8782   -2.8782   -2.8782   -0.0006   -0.0006   -0.0006
    3.9410   -2.8691   -2.8691   -2.8691   -0.0006   -0.0006   -0.0006
    3.9661   -2.8894   -2.8894   -2.8894   -0.0007   -0.0007   -0.0007
    3.9912   -2.9410   -2.9410   -2.9410   -0.0007   -0.0007   -0.0007
    4.0163   -3.0237   -3.0237   -3.0237   -0.0007   -0.0007   -0.0007
    4.0414   -3.1345   -3.1345   -3.1345   -0.0007   -0.0007   -0.0007
    4.0665   -3.2684   -3.2684   -3.2684   -0.0007   -0.0007   -0.0007
    4.0916   -3.4183   -3.4183   -3.4183   -0.0007   -0.0007   -0.0007
    4.1167   -3.5757   -3.5757   -3.5757   -0.0006   -0.0006   -0.0006
    4.1418   -3.7316   -3.7316   -3.7316   -0.0006   -0.0006   -0.0006
    4.1669   -3.8766   -3.8766   -3.8766   -0.0006   -0.0006   -0.0006
    4.1920   -4.0022   -4.0022   -4.0022   -0.0005   -0.0005   -0.0005
    4.2171   -4.1011   -4.1011   -4.1011   -0.0005   -0.0005   -0.0005
    4.2422   -4.1684   -4.1684   -4.1684   -0.0004   -0.0004   -0.0004
    4.2673   -4.2010   -4.2010   -4.2010   -0.0003   -0.0003   -0.0003
    4.2924   -4.1985   -4.1985   -4.1985   -0.0003   -0.0003   -0.0003
    4.3175   -4.1628   -4.1628   -4.1628   -0.0002   -0.0002   -0.0002
    4.3426   -4.0970   -4.0970   -4.0970   -0.0002   -0.0002   -0.0002
    4.3677   -4.0056   -4.0056   -4.0056   -0.0001   -0.0001   -0.0001
    4.3928   -3.8933   -3.8933   -3.8933   -0.0001   -0.0001   -0.0001
    4.4179   -3.7649   -3.7649   -3.7649   -0.0000   -0.0000   -0.0000
    4.4430   -3.6249   -3.6249   -3.6249    0.0000    0.0000    0.0000
    4.4681   -3.4776   -3.4776   -3.4776    0.0000    0.0000    0.0000
    4.4933   -3.3269   -3.3269   -3.3269    0.0000    0.0000    0.0000
    4.5184   -3.1773   -3.1773   -3.1773    0.0000    0.0000    0.0000
    4.5435   -3.0330   -3.0330   -3.0330    0.0000    0.0000    0.0000
    4.5686   -2.8986   -2.8986   -2.8986   -0.0000   -0.0000   -0.0000
    4.5937   -2.7787   -2.7787   -2.7787   -0.0001   -0.0001   -0.0001
    4.6188   -2.6775   -2.6775   -2.6775   -0.0001   -0.0001   -0.0001
    4.6439   -2.5984   -2.5984   -2.5984   -0.0001   -0.0001   -0.0001
    4.6690   -2.5439   -2.5439   -2.5439   -0.0002   -0.0002   -0.0002
    4.6941   -2.5150   -2.5150   -2.5150   -0.0002   -0.0002   -0.0002
    4.7192   -2.5115   -2.5115   -2.5115   -0.0003   -0.0003   -0.0003
    4.7443   -2.5324   -2.5324   -2.5324   -0.0003   -0.0003   -0.0003
    4.7694   -2.5755   -2.5755   -2.5755   -0.0003   -0.0003   -0.0003
    4.7945   -2.6384   -2.6384   -2.6384   -0.0003   -0.0003   -0.0003
    4.8196   -2.7183   -2.7183   -2.7183   -0.0003   -0.0003   -0.0003
    4.8447   -2.8122   -2.8122   -2.8122   -0.0003   -0.0003   -0.0003
    4.8698   -2.9168   -2.9168   -2.9168   -0.0003   -0.0003   -0.0003
    4.8949   -3.0285   -3.0285   -3.0285   -0.0003   -0.0003   -0.0003
    4.9200   -3.1429   -3.1429   -3.1429   -0.0002   -0.0002   -0.0002
    4.9451   -3.2553   -3.2553   -3.2553   -0.0002   -0.0002   -0.0002
    4.9702   -3.3605   -3.3605   -3.3605   -0.0002   -0.0002   -0.0002
    4.9953   -3.4535   -3.4535   -3.4535   -0.0002   -0.0002   -0.0002
    5.0204   -3.5293   -3.5293   -3.5293   -0.0001   -0.0001   -0.0001
    5.0455   -3.5842   -3.5842   -3.5842   -0.0001   -0.0001   -0.0001
    5.0706   -3.6157   -3.6157   -3.6157   -0.0001   -0.0001   -0.0001
    5.0957   -3.6234   -3.6234   -3.6234   -0.0000   -0.0000   -0.0000
    5.1208   -3.6083   -3.6083   -3.6083    0.0000    0.0000    0.0000
    5.1459   -3.5732   -3.5732   -3.5732    0.0001    0.0001    0.0001
    5.1710   -3.5224   -3.5224   -3.5224    0.0001    0.0001    0.0001
    5.1961   -3.4604   -3.4604   -3.4604    0.0001    0.0001    0.0001
    5.2212   -3.3919   -3.3919   -3.3919    0.0002    0.0002    0.0002
    5.2463   -3.3208   -3.3208   -3.3208    0.0002    0.0002    0.0002
    5.2714   -3.2494   -3.2494   -3.2494    0.0002    0.0002    0.0002
    5.2965   -3.1787   -3.1787   -3.1787    0.0002    0.0002    0.0002
    5.3216   -3.1080   -3.1080   -3.1080    0.0002    0.0002    0.0002
    5.3467   -3.0349   -3.0349   -3.0349    0.0003    0.0003    0.0003
    5.3718   -2.9566   -2.9566   -2.9566    0.0003    0.0003    0.0003
    5.3969   -2.8699   -2.8699   -2.8699    0.0002    0.0002    0.0002
    5.4220   -2.7723   -2.7723   -2.7723    0.0002    0.0002    0.0002
    5.4471   -2.6625   -2.6625   -2.6625    0.0002    0.0002    0.0002
    5.4722   -2.5413   -2.5413   -2.5413    0.0002    0.0002    0.0002
    5.4973   -2.4110   -2.4110   -2.4110    0.0002    0.0002    0.0002
    5.5224   -2.2763   -2.2763   -2.2763    0.0002    0.0002    0.0002
    5.5475   -2.1430   -2.1430   -2.1430    0.0001    0.0001    0.0001
    5.5726   -2.0180   -2.0180   -2.0180    0.0001    0.0001    0.0001
    5.5977   -1.9081   -1.9081   -1.9081    0.0001    0.0001    0.0001
    5.6228   -1.8194   -1.8194   -1.8194    0.0001    0.0001    0.0001
    5.6479   -1.7566   -1.7566   -1.7566    0.0000    0.0000    0.0000
    5.6730   -1.7224   -1.7224   -1.7224    0.0000    0.0000    0.0000
    5.6981   -1.7173   -1.7173   -1.7173    0.0000    0.0000    0.0000
    5.7232   -1.7395   -1.7395   -1.7395    0.0000    0.0000    0.0000
    5.7483   -1.7853   -1.7853   -1.7853    0.0000    0.0000    0.0000
    5.7735   -1.8495   -1.8495   -1.8495    0.0000    0.0000    0.0000
    5.7986   -1.9262   -1.9262   -1.9262    0.0000    0.0000    0.0000
    5.8237   -2.0092   -2.0092   -2.0092    0.0000    0.0000    0.0000
    5.8488   -2.0927   -2.0927   -2.0927    0.0000    0.0000    0.0000
    5.8739   -2.1721   -2.1721   -2.1721    0.0001    0.0001    0.0001
    5.8990   -2.2443   -2.2443   -2.2443    0.0001    0.0001    0.0001
    5.9241   -2.3074   -2.3074   -2.3074    0.0001    0.0001    0.0001
    5.9492   -2.3611   -2.3611   -2.3611    0.0001    0.0001    0.0001
    5.9743   -2.4065   -2.4065   -2.4065    0.0001    0.0001    0.0001
    5.9994   -2.4450   -2.4450   -2.4450    0.0001    0.0001    0.0001
    6.0245   -2.4787   -2.4787   -2.4787    0.0001    0.0001    0.0001
    6.0496   -2.5092   -2.5092   -2.5092    0.0001    0.0001    0.0001
    6.0747   -2.5376   -2.5376   -2.5376    0.0001    0.0001    0.0001
    6.0998   -2.5642   -2.5642   -2.5642    0.0001    0.0001    0.0001
    6.1249   -2.5884   -2.5884   -2.5884    0.0001    0.0001    0.0001
    6.1500   -2.6089   -2.6089   -2.6089    0.0001    0.0001    0.0001
    6.1751   -2.6239   -2.6239   -2.6239    0.0001    0.0001    0.0001
    6.2002   -2.6312   -2.6312   -2.6312    0.0001    0.0001    0.0001
    6.2253   -2.6287   -2.6287   -2.6287    0.0001    0.0001    0.0001
    6.2504   -2.6146   -2.6146   -2.6146    0.0001    0.0001    0.0001
    6.2755   -2.5874   -2.5874   -2.5874    0.0001    0.0001    0.0001
    6.3006   -2.5464   -2.5464   -2.5464    0.0001    0.0001    0.0001
    6.3257   -2.4912   -2.4912   -2.4912    0.0001    0.0001    0.0001
    6.3508   -2.4223   -2.4223   -2.4223    0.0001    0.0001    0.0001
    6.3759   -2.3407   -2.3407   -2.3407    0.0001    0.0001    0.0001
    6.4010   -2.2483   -2.2483   -2.2483    0.0001    0.0001    0.0001
    6.4261   -2.1473   -2.1473   -2.1473    0.0001    0.0001    0.0001
    6.4512   -2.0406   -2.0406   -2.0406    0.0001    0.0001    0.0001
    6.4763   -1.9315   -1.9315   -1.9315    0.0001    0.0001    0.0001
    6.5014   -1.8235   -1.8235   -1.8235    0.0001    0.0001    0.0001
    6.5265   -1.7200   -1.7200   -1.7200    0.0001    0.0001    0.0001
    6.5516   -1.6240   -1.6240   -1.6240    0.0001    0.0001    0.0001
    6.5767   -1.5384   -1.5384   -1.5384    0.0001    0.0001    0.0001
    6.6018   -1.4649   -1.4649   -1.4649    0.0001    0.0001    0.0001
    6.6269   -1.4049   -1.4049   -1.4049    0.0001    0.0001    0.0001
    6.6520   -1.3585   -1.3585   -1.3585    0.0001    0.0001    0.0001
    6.6771   -1.3254   -1.3254   -1.3254    0.0001    0.0001    0.0001
    6.7022   -1.3044   -1.3044   -1.3044    0.0001    0.0001    0.0001
    6.7273   -1.2940   -1.2940   -1.2940    0.0001    0.0001    0.0001
    6.7524   -1.2924   -1.2924   -1.2924    0.0001    0.0001    0.0001
    6.7775   -1.2976   -1.2976   -1.2976    0.0001    0.0001    0.0001
    6.8026   -1.3082   -1.3082   -1.3082    0.0001    0.0001    0.0001
    6.8277   -1.3225   -1.3225   -1.3225    0.0002    0.0002    0.0002
    6.8528   -1.3395   -1.3395   -1.3395    0.0002    0.0002    0.0002
    6.8779   -1.3584   -1.3584   -1.3584    0.0002    0.0002    0.0002
    6.9030   -1.3783   -1.3783   -1.3783    0.0002    0.0002    0.0002
    6.9281   -1.3987   -1.3987   -1.3987    0.0001    0.0001    0.0001
    6.9532   -1.4189   -1.4189   -1.4189    0.0001    0.0001    0.0001
    6.9783   -1.4382   -1.4382   -1.4382    0.0001    0.0001    0.0001
    7.0034   -1.4554   -1.4554   -1.4554    0.0001    0.0001    0.0001
    7.0285   -1.4697   -1.4697   -1.4697    0.0001    0.0001    0.0001
    7.0537   -1.4797   -1.4797   -1.4797    0.0001    0.0001    0.0001
    7.0788   -1.4844   -1.4844   -1.4844    0.0001    0.0001    0.0001
    7.1039   -1.4828   -1.4828   -1.4828    0.0001    0.0001    0.0001
    7.1290   -1.4743   -1.4743   -1.4743    0.0001    0.0001    0.0001
    7.1541   -1.4585   -1.4585   -1.4585    0.0001    0.0001    0.0001
    7.1792   -1.4355   -1.4355   -1.4355    0.0001    0.0001    0.0001
    7.2043   -1.4056   -1.4056   -1.4056    0.0001    0.0001    0.0001
    7.2294   -1.3696   -1.3696   -1.3696    0.0001    0.0001    0.0001
    7.2545   -1.3283   -1.3283   -1.3283    0.0001    0.0001    0.0001
    7.2796   -1.2828   -1.2828   -1.2828    0.0001    0.0001    0.0001
    7.3047   -1.2341   -1.2341   -1.2341    0.0001    0.0001    0.0001
    7.3298   -1.1830   -1.1830   -1.1830    0.0001    0.0001    0.0001
    7.3549   -1.1303   -1.1303   -1.1303    0.0001    0.0001    0.0001
    7.3800   -1.0766   -1.0766   -1.0766    0.0001    0.0001    0.0001
    7.4051   -1.0223   -1.0223   -1.0223    0.0001    0.0001    0.0001
    7.4302   -0.9677   -0.9677   -0.9677    0.0001    0.0001    0.0001
    7.4553   -0.9131   -0.9131   -0.9131    0.0001    0.0001    0.0001
    7.4804   -0.8588   -0.8588   -0.8588    0.0001    0.0001    0.0001
    7.5055   -0.8053   -0.8053   -0.8053    0.0001    0.0001    0.0001
    7.5306   -0.7532   -0.7532   -0.7532    0.0001    0.0001    0.0001
    7.5557   -0.7036   -0.7036   -0.7036    0.0001    0.0001    0.0001
    7.5808   -0.6576   -0.6576   -0.6576    0.0001    0.0001    0.0001
    7.6059   -0.6163   -0.6163   -0.6163    0.0000    0.0000    0.0000
    7.6310   -0.5810   -0.5810   -0.5810    0.0000    0.0000    0.0000
    7.6561   -0.5526   -0.5526   -0.5526    0.0000    0.0000    0.0000
    7.6812   -0.5319   -0.5319   -0.5319    0.0000    0.0000    0.0000
    7.7063   -0.5192   -0.5192   -0.5192    0.0000    0.0000    0.0000
    7.7314   -0.5146   -0.5146   -0.5146    0.0001    0.0001    0.0001
    7.7565   -0.5175   -0.5175   -0.5175    0.0001    0.0001    0.0001
    7.7816   -0.5273   -0.5273   -0.5273    0.0001    0.0001    0.0001
    7.8067   -0.5429   -0.5429   -0.5429    0.0001    0.0001    0.0001
    7.8318   -0.5630   -0.5630   -0.5630    0.0001    0.0001    0.0001
    7.8569   -0.5862   -0.5862   -0.5862    0.0001    0.0001    0.0001
    7.8820   -0.6109   -0.6109   -0.6109    0.0001    0.0001    0.0001
    7.9071   -0.6357   -0.6357   -0.6357    0.0001    0.0001    0.0001
    7.9322   -0.6591   -0.6591   -0.6591    0.0001    0.0001    0.0001
    7.9573   -0.6796   -0.6796   -0.6796    0.0001    0.0001    0.0001
    7.9824   -0.6963   -0.6963   -0.6963    0.0000    0.0000    0.0000
    8.0075   -0.7084   -0.7084   -0.7084    0.0000    0.0000    0.0000
    8.0326   -0.7154   -0.7154   -0.7154    0.0000    0.0000    0.0000
    8.0577   -0.7175   -0.7175   -0.7175    0.0000    0.0000    0.0000
    8.0828   -0.7150   -0.7150   -0.7150    0.0000    0.0000    0.0000
    8.1079   -0.7088   -0.7088   -0.7088    0.0000    0.0000    0.0000
    8.1330   -0.6996   -0.6996   -0.6996    0.0000    0.0000    0.0000
    8.1581   -0.6884   -0.6884   -0.6884    0.0000    0.0000    0.0000
    8.1832   -0.6759   -0.6759   -0.6759    0.0000    0.0000    0.0000
    8.2083   -0.6627   -0.6627   -0.6627    0.0000    0.0000    0.0000
    8.2334   -0.6490   -0.6490   -0.6490    0.0000    0.0000    0.0000
    8.2585   -0.6348   -0.6348   -0.6348    0.0000    0.0000    0.0000
    8.2836   -0.6200   -0.6200   -0.6200    0.0000    0.0000    0.0000
    8.3087   -0.6043   -0.6043   -0.6043    0.0000    0.0000    0.0000
    8.3339   -0.5880   -0.5880   -0.5880    0.0000    0.0000    0.0000
    8.3590   -0.5714   -0.5714   -0.5714    0.0000    0.0000    0.0000
    8.3841   -0.5554   -0.5554   -0.5554    0.0000    0.0000    0.0000
    8.4092   -0.5412   -0.5412   -0.5412    0.0000    0.0000    0.0000
    8.4343   -0.5303   -0.5303   -0.5303    0.0000    0.0000    0.0000
    8.4594   -0.5241   -0.5241   -0.5241    0.0000    0.0000    0.0000
    8.4845   -0.5241   -0.5241   -0.5241    0.0001    0.0001    0.0001
    8.5096   -0.5309   -0.5309   -0.5309    0.0001    0.0001    0.0001
    8.5347   -0.5449   -0.5449   -0.5449    0.0001    0.0001    0.0001
    8.5598   -0.5657   -0.5657   -0.5657    0.0001    0.0001    0.0001
    8.5849   -0.5923   -0.5923   -0.5923    0.0001    0.0001    0.0001
    8.6100   -0.6230   -0.6230   -0.6230    0.0001    0.0001    0.0001
    8.6351   -0.6562   -0.6562   -0.6562    0.0000    0.0000    0.0000
    8.6602   -0.6901   -0.6901   -0.6901    0.0000    0.0000    0.0000
    8.6853   -0.7230   -0.7230   -0.7230    0.0000    0.0000    0.0000
    8.7104   -0.7535   -0.7535   -0.7535    0.0000    0.0000    0.0000
    8.7355   -0.7808   -0.7808   -0.7808    0.0000    0.0000    0.0000
    8.7606   -0.8043   -0.8043   -0.8043   -0.0000   -0.0000   -0.0000
    8.7857   -0.8239   -0.8239   -0.8239   -0.0000   -0.0000   -0.0000
    8.8108   -0.8398   -0.8398   -0.8398   -0.0000   -0.0000   -0.0000
    8.8359   -0.8525   -0.8525   -0.8525   -0.0001   -0.0001   -0.0001
    8.8610   -0.8625   -0.8625   -0.8625   -0.0001   -0.0001   -0.0001
    8.8861   -0.8705   -0.8705   -0.8705   -0.0001   -0.0001   -0.0001
    8.9112   -0.8771   -0.8771   -0.8771   -0.0001   -0.0001   -0.0001
    8.9363   -0.8828   -0.8828   -0.8828   -0.0001   -0.0001   -0.0001
    8.9614   -0.8880   -0.8880   -0.8880   -0.0001   -0.0001   -0.0001
    8.9865   -0.8930   -0.8930   -0.8930   -0.0001   -0.0001   -0.0001
    9.0116   -0.8979   -0.8979   -0.8979   -0.0001   -0.0001   -0.0001
    9.0367   -0.9026   -0.9026   -0.9026   -0.0001   -0.0001   -0.0001
    9.0618   -0.9067   -0.9067   -0.9067   -0.0001   -0.0001   -0.0001
    9.0869   -0.9097   -0.9097   -0.9097   -0.0001   -0.0001   -0.0001
    9.1120   -0.9109   -0.9109   -0.9109   -0.0001   -0.0001   -0.0001
    9.1371   -0.9097   -0.9097   -0.9097   -0.0001   -0.0001   -0.0001
    9.1622   -0.9052   -0.9052   -0.9052   -0.0001   -0.0001   -0.0001
    9.1873   -0.8969   -0.8969   -0.8969   -0.0001   -0.0001   -0.0001
    9.2124   -0.8843   -0.8843   -0.8843   -0.0001   -0.0001   -0.0001
    9.2375   -0.8673   -0.8673   -0.8673   -0.0001   -0.0001   -0.0001
    9.2626   -0.8460   -0.8460   -0.8460   -0.0001   -0.0001   -0.0001
    9.2877   -0.8209   -0.8209   -0.8209   -0.0001   -0.0001   -0.0001
    9.3128   -0.7924   -0.7924   -0.7924   -0.0001   -0.0001   -0.0001
    9.3379   -0.7614   -0.7614   -0.7614   -0.0001   -0.0001   -0.0001
    9.3630   -0.7288   -0.7288   -0.7288   -0.0001   -0.0001   -0.0001
    9.3881   -0.6954   -0.6954   -0.6954   -0.0001   -0.0001   -0.0001
    9.4132   -0.6619   -0.6619   -0.6619   -0.0001   -0.0001   -0.0001
    9.4383   -0.6291   -0.6291   -0.6291   -0.0001   -0.0001   -0.0001
    9.4634   -0.5975   -0.5975   -0.5975   -0.0001   -0.0001   -0.0001
    9.4885   -0.5679   -0.5679   -0.5679   -0.0001   -0.0001   -0.0001
    9.5136   -0.5406   -0.5406   -0.5406   -0.0001   -0.0001   -0.0001
    9.5387   -0.5162   -0.5162   -0.5162   -0.0001   -0.0001   -0.0001
    9.5638   -0.4953   -0.4953   -0.4953   -0.0001   -0.0001   -0.0001
    9.5889   -0.4783   -0.4783   -0.4783   -0.0001   -0.0001   -0.0001
    9.6141   -0.4657   -0.4657   -0.4657   -0.0001   -0.0001   -0.0001
    9.6392   -0.4580   -0.4580   -0.4580   -0.0001   -0.0001   -0.0001
    9.6643   -0.4553   -0.4553   -0.4553   -0.0001   -0.0001   -0.0001
    9.6894   -0.4580   -0.4580   -0.4580   -0.0001   -0.0001   -0.0001
    9.7145   -0.4661   -0.4661   -0.4661   -0.0001   -0.0001   -0.0001
    9.7396   -0.4794   -0.4794   -0.4794   -0.0001   -0.0001   -0.0001
    9.7647   -0.4978   -0.4978   -0.4978   -0.0000   -0.0000   -0.0000
    9.7898   -0.5209   -0.5209   -0.5209   -0.0000   -0.0000   -0.0000
    9.8149   -0.5482   -0.5482   -0.5482   -0.0000   -0.0000   -0.0000
    9.8400   -0.5792   -0.5792   -0.5792   -0.0000   -0.0000   -0.0000
    9.8651   -0.6132   -0.6132   -0.6132    0.0000    0.0000    0.0000
    9.8902   -0.6491   -0.6491   -0.6491    0.0000    0.0000    0.0000
    9.9153   -0.6862   -0.6862   -0.6862    0.0000    0.0000    0.0000
    9.9404   -0.7234   -0.7234   -0.7234    0.0001    0.0001    0.0001
    9.9655   -0.7596   -0.7596   -0.7596    0.0001    0.0001    0.0001
    9.9906   -0.7936   -0.7936   -0.7936    0.0001    0.0001    0.0001
   10.0157   -0.8244   -0.8244   -0.8244    0.0001    0.0001    0.0001
   10.0408   -0.8510   -0.8510   -0.8510    0.0001    0.0001    0.0001
   10.0659   -0.8728   -0.8728   -0.8728    0.0001    0.0001    0.0001
   10.0910   -0.8892   -0.8892   -0.8892    0.0001    0.0001    0.0001
   10.1161   -0.8999   -0.8999   -0.8999    0.0001    0.0001    0.0001
   10.1412   -0.9049   -0.9049   -0.9049    0.0001    0.0001    0.0001
   10.1663   -0.9044   -0.9044   -0.9044    0.0001    0.0001    0.0001
   10.1914   -0.8990   -0.8990   -0.8990    0.0001    0.0001    0.0001
   10.2165   -0.8893   -0.8893   -0.8893    0.0001    0.0001    0.0001
   10.2416   -0.8763   -0.8763   -0.8763    0.0001    0.0001    0.0001
   10.2667   -0.8608   -0.8608   -0.8608    0.0001    0.0001    0.0001
   10.2918   -0.8439   -0.8439   -0.8439    0.0001    0.0001    0.0001
   10.3169   -0.8264   -0.8264   -0.8264    0.0000    0.0000    0.0000
   10.3420   -0.8092   -0.8092   -0.8092    0.0000    0.0000    0.0000
   10.3671   -0.7928   -0.7928   -0.7928    0.0000    0.0000    0.0000
   10.3922   -0.7778   -0.7778   -0.7778    0.0000    0.0000    0.0000
   10.4173   -0.7644   -0.7644   -0.7644    0.0000    0.0000    0.0000
   10.4424   -0.7527   -0.7527   -0.7527    0.0000    0.0000    0.0000
   10.4675   -0.7424   -0.7424   -0.7424    0.0000    0.0000    0.0000
   10.4926   -0.7334   -0.7334   -0.7334    0.0000    0.0000    0.0000
   10.5177   -0.7253   -0.7253   -0.7253   -0.0000   -0.0000   -0.0000
   10.5428   -0.7174   -0.7174   -0.7174   -0.0000   -0.0000   -0.0000
   10.5679   -0.7095   -0.7095   -0.7095   -0.0000   -0.0000   -0.0000
   10.5930   -0.7010   -0.7010   -0.7010   -0.0000   -0.0000   -0.0000
   10.6181   -0.6916   -0.6916   -0.6916   -0.0000   -0.0000   -0.0000
   10.6432   -0.6813   -0.6813   -0.6813   -0.0000   -0.0000   -0.0000
   10.6683   -0.6701   -0.6701   -0.6701   -0.0000   -0.0000   -0.0000
   10.6934   -0.6582   -0.6582   -0.6582   -0.0001   -0.0001   -0.0001
   10.7185   -0.6462   -0.6462   -0.6462   -0.0001   -0.0001   -0.0001
   10.7436   -0.6345   -0.6345   -0.6345   -0.0001   -0.0001   -0.0001
   10.7687   -0.6238   -0.6238   -0.6238   -0.0001   -0.0001   -0.0001
   10.7938   -0.6147   -0.6147   -0.6147   -0.0002   -0.0002   -0.0002
   10.8189   -0.6075   -0.6075   -0.6075   -0.0002   -0.0002   -0.0002
   10.8440   -0.6024   -0.6024   -0.6024   -0.0002   -0.0002   -0.0002
   10.8691   -0.5997   -0.5997   -0.5997   -0.0002   -0.0002   -0.0002
   10.8943   -0.5991   -0.5991   -0.5991   -0.0002   -0.0002   -0.0002
   10.9194   -0.6003   -0.6003   -0.6003   -0.0002   -0.0002   -0.0002
   10.9445   -0.6029   -0.6029   -0.6029   -0.0002   -0.0002   -0.0002
   10.9696   -0.6061   -0.6061   -0.6061   -0.0002   -0.0002   -0.0002
   10.9947   -0.6094   -0.6094   -0.6094   -0.0001   -0.0001   -0.0001
   11.0198   -0.6121   -0.6121   -0.6121   -0.0001   -0.0001   -0.0001
   11.0449   -0.6138   -0.6138   -0.6138   -0.0000   -0.0000   -0.0000
   11.0700   -0.6139   -0.6139   -0.6139    0.0000    0.0000    0.0000
   11.0951   -0.6125   -0.6125   -0.6125    0.0001    0.0001    0.0001
   11.1202   -0.6094   -0.6094   -0.6094    0.0001    0.0001    0.0001
   11.1453   -0.6052   -0.6052   -0.6052    0.0002    0.0002    0.0002
   11.1704   -0.6002   -0.6002   -0.6002    0.0002    0.0002    0.0002
   11.1955   -0.5951   -0.5951   -0.5951    0.0003    0.0003    0.0003
   11.2206   -0.5907   -0.5907   -0.5907    0.0003    0.0003    0.0003
   11.2457   -0.5876   -0.5876   -0.5876    0.0003    0.0003    0.0003
   11.2708   -0.5864   -0.5864   -0.5864    0.0003    0.0003    0.0003
   11.2959   -0.5875   -0.5875   -0.5875    0.0003    0.0003    0.0003
   11.3210   -0.5910   -0.5910   -0.5910    0.0003    0.0003    0.0003
   11.3461   -0.5968   -0.5968   -0.5968    0.0003    0.0003    0.0003
   11.3712   -0.6045   -0.6045   -0.6045    0.0003    0.0003    0.0003
   11.3963   -0.6136   -0.6136   -0.6136    0.0003    0.0003    0.0003
   11.4214   -0.6234   -0.6234   -0.6234    0.0003    0.0003    0.0003
   11.4465   -0.6332   -0.6332   -0.6332    0.0003    0.0003    0.0003
   11.4716   -0.6422   -0.6422   -0.6422    0.0003    0.0003    0.0003
   11.4967   -0.6499   -0.6499   -0.6499    0.0003    0.0003    0.0003
   11.5218   -0.6559   -0.6559   -0.6559    0.0003    0.0003    0.0003
   11.5469   -0.6600   -0.6600   -0.6600    0.0003    0.0003    0.0003
   11.5720   -0.6621   -0.6621   -0.6621    0.0003    0.0003    0.0003
   11.5971   -0.6624   -0.6624   -0.6624    0.0003    0.0003    0.0003
   11.6222   -0.6613   -0.6613   -0.6613    0.0003    0.0003    0.0003
   11.6473   -0.6592   -0.6592   -0.6592    0.0003    0.0003    0.0003
   11.6724   -0.6564   -0.6564   -0.6564    0.0003    0.0003    0.0003
   11.6975   -0.6535   -0.6535   -0.6535    0.0003    0.0003    0.0003
   11.7226   -0.6507   -0.6507   -0.6507    0.0003    0.0003    0.0003
   11.7477   -0.6481   -0.6481   -0.6481    0.0003    0.0003    0.0003
   11.7728   -0.6459   -0.6459   -0.6459    0.0003    0.0003    0.0003
   11.7979   -0.6441   -0.6441   -0.6441    0.0003    0.0003    0.0003
   11.8230   -0.6424   -0.6424   -0.6424    0.0002    0.0002    0.0002
   11.8481   -0.6407   -0.6407   -0.6407    0.0002    0.0002    0.0002
   11.8732   -0.6390   -0.6390   -0.6390    0.0001    0.0001    0.0001
   11.8983   -0.6371   -0.6371   -0.6371    0.0001    0.0001    0.0001
   11.9234   -0.6350   -0.6350   -0.6350    0.0001    0.0001    0.0001
   11.9485   -0.6329   -0.6329   -0.6329    0.0001    0.0001    0.0001
   11.9736   -0.6308   -0.6308   -0.6308    0.0000    0.0000    0.0000
   11.9987   -0.6291   -0.6291   -0.6291    0.0000    0.0000    0.0000
   12.0238   -0.6279   -0.6279   -0.6279    0.0000    0.0000    0.0000
   12.0489   -0.6274   -0.6274   -0.6274    0.0000    0.0000    0.0000
   12.0740   -0.6279   -0.6279   -0.6279    0.0000    0.0000    0.0000
   12.0991   -0.6295   -0.6295   -0.6295    0.0000    0.0000    0.0000
   12.1242   -0.6322   -0.6322   -0.6322    0.0000    0.0000    0.0000
   12.1493   -0.6359   -0.6359   -0.6359    0.0000    0.0000    0.0000
   12.1745   -0.6403   -0.6403   -0.6403    0.0000    0.0000    0.0000
   12.1996   -0.6451   -0.6451   -0.6451    0.0000    0.0000    0.0000
   12.2247   -0.6500   -0.6500   -0.6500    0.0000    0.0000    0.0000
   12.2498   -0.6543   -0.6543   -0.6543    0.0000    0.0000    0.0000
   12.2749   -0.6577   -0.6577   -0.6577    0.0000    0.0000    0.0000
   12.3000   -0.6598   -0.6598   -0.6598    0.0000    0.0000    0.0000
   12.3251   -0.6603   -0.6603   -0.6603    0.0000    0.0000    0.0000
   12.3502   -0.6591   -0.6591   -0.6591    0.0000    0.0000    0.0000
   12.3753   -0.6564   -0.6564   -0.6564    0.0000    0.0000    0.0000
   12.4004   -0.6525   -0.6525   -0.6525    0.0000    0.0000    0.0000
   12.4255   -0.6482   -0.6482   -0.6482    0.0000    0.0000    0.0000
   12.4506   -0.6439   -0.6439   -0.6439    0.0000    0.0000    0.0000
   12.4757   -0.6405   -0.6405   -0.6405    0.0000    0.0000    0.0000
   12.5008   -0.6386   -0.6386   -0.6386    0.0000    0.0000    0.0000
   12.5259   -0.6385   -0.6385   -0.6385    0.0000    0.0000    0.0000
   12.5510   -0.6405   -0.6405   -0.6405    0.0000    0.0000    0.0000
   12.5761   -0.6446   -0.6446   -0.6446    0.0000    0.0000    0.0000
   12.6012   -0.6505   -0.6505   -0.6505    0.0001    0.0001    0.0001
   12.6263   -0.6577   -0.6577   -0.6577    0.0001    0.0001    0.0001
   12.6514   -0.6657   -0.6657   -0.6657    0.0001    0.0001    0.0001
   12.6765   -0.6736   -0.6736   -0.6736    0.0001    0.0001    0.0001
   12.7016   -0.6811   -0.6811   -0.6811    0.0001    0.0001    0.0001
   12.7267   -0.6874   -0.6874   -0.6874    0.0001    0.0001    0.0001
   12.7518   -0.6921   -0.6921   -0.6921    0.0001    0.0001    0.0001
   12.7769   -0.6950   -0.6950   -0.6950    0.0000    0.0000    0.0000
   12.8020   -0.6959   -0.6959   -0.6959    0.0000    0.0000    0.0000
   12.8271   -0.6948   -0.6948   -0.6948    0.0000    0.0000    0.0000
   12.8522   -0.6921   -0.6921   -0.6921   -0.0000   -0.0000   -0.0000
   12.8773   -0.6879   -0.6879   -0.6879   -0.0000   -0.0000   -0.0000
   12.9024   -0.6830   -0.6830   -0.6830   -0.0000   -0.0000   -0.0000
   12.9275   -0.6778   -0.6778   -0.6778   -0.0001   -0.0001   -0.0001
   12.9526   -0.6730   -0.6730   -0.6730   -0.0001   -0.0001   -0.0001
   12.9777   -0.6694   -0.6694   -0.6694   -0.0001   -0.0001   -0.0001
   13.0028   -0.6673   -0.6673   -0.6673   -0.0001   -0.0001   -0.0001
   13.0279   -0.6671   -0.6671   -0.6671   -0.0001   -0.0001   -0.0001
   13.0530   -0.6690   -0.6690   -0.6690   -0.0001   -0.0001   -0.0001
   13.0781   -0.6727   -0.6727   -0.6727   -0.0001   -0.0001   -0.0001
   13.1032   -0.6776   -0.6776   -0.6776   -0.0001   -0.0001   -0.0001
   13.1283   -0.6832   -0.6832   -0.6832   -0.0001   -0.0001   -0.0001
   13.1534   -0.6887   -0.6887   -0.6887   -0.0001   -0.0001   -0.0001
   13.1785   -0.6931   -0.6931   -0.6931   -0.0001   -0.0001   -0.0001
   13.2036   -0.6959   -0.6959   -0.6959   -0.0001   -0.0001   -0.0001
   13.2287   -0.6963   -0.6963   -0.6963   -0.0001   -0.0001   -0.0001
   13.2538   -0.6942   -0.6942   -0.6942   -0.0001   -0.0001   -0.0001
   13.2789   -0.6895   -0.6895   -0.6895   -0.0000   -0.0000   -0.0000
   13.3040   -0.6825   -0.6825   -0.6825   -0.0000   -0.0000   -0.0000
   13.3291   -0.6738   -0.6738   -0.6738   -0.0000   -0.0000   -0.0000
   13.3542   -0.6641   -0.6641   -0.6641   -0.0000   -0.0000   -0.0000
   13.3793   -0.6542   -0.6542   -0.6542   -0.0000   -0.0000   -0.0000
   13.4044   -0.6451   -0.6451   -0.6451   -0.0000   -0.0000   -0.0000
   13.4295   -0.6374   -0.6374   -0.6374    0.0000    0.0000    0.0000
   13.4547   -0.6320   -0.6320   -0.6320    0.0000    0.0000    0.0000
   13.4798   -0.6290   -0.6290   -0.6290    0.0000    0.0000    0.0000
   13.5049   -0.6288   -0.6288   -0.6288    0.0000    0.0000    0.0000
   13.5300   -0.6311   -0.6311   -0.6311    0.0000    0.0000    0.0000
   13.5551   -0.6357   -0.6357   -0.6357    0.0000    0.0000    0.0000
   13.5802   -0.6418   -0.6418   -0.6418    0.0000    0.0000    0.0000
   13.6053   -0.6489   -0.6489   -0.6489    0.0000    0.0000    0.0000
   13.6304   -0.6562   -0.6562   -0.6562    0.0000    0.0000    0.0000
   13.6555   -0.6629   -0.6629   -0.6629    0.0000    0.0000    0.0000
   13.6806   -0.6684   -0.6684   -0.6684    0.0000    0.0000    0.0000
   13.7057   -0.6723   -0.6723   -0.6723    0.0000    0.0000    0.0000
   13.7308   -0.6745   -0.6745   -0.6745    0.0000    0.0000    0.0000
   13.7559   -0.6748   -0.6748   -0.6748    0.0000    0.0000    0.0000
   13.7810   -0.6735   -0.6735   -0.6735    0.0000    0.0000    0.0000
   13.8061   -0.6710   -0.6710   -0.6710    0.0000    0.0000    0.0000
   13.8312   -0.6678   -0.6678   -0.6678    0.0000    0.0000    0.0000
   13.8563   -0.6643   -0.6643   -0.6643    0.0000    0.0000    0.0000
   13.8814   -0.6611   -0.6611   -0.6611    0.0000    0.0000    0.0000
   13.9065   -0.6585   -0.6585   -0.6585    0.0000    0.0000    0.0000
   13.9316   -0.6565   -0.6565   -0.6565    0.0000    0.0000    0.0000
   13.9567   -0.6552   -0.6552   -0.6552    0.0000    0.0000    0.0000
   13.9818   -0.6544   -0.6544   -0.6544    0.0000    0.0000    0.0000
   14.0069   -0.6537   -0.6537   -0.6537    0.0000    0.0000    0.0000
   14.0320   -0.6527   -0.6527   -0.6527    0.0000    0.0000    0.0000
   14.0571   -0.6509   -0.6509   -0.6509    0.0000    0.0000    0.0000
   14.0822   -0.6482   -0.6482   -0.6482    0.0000    0.0000    0.0000
   14.1073   -0.6441   -0.6441   -0.6441    0.0000    0.0000    0.0000
   14.1324   -0.6387   -0.6387   -0.6387    0.0000    0.0000    0.0000
   14.1575   -0.6322   -0.6322   -0.6322    0.0000    0.0000    0.0000
   14.1826   -0.6249   -0.6249   -0.6249   -0.0000   -0.0000   -0.0000
   14.2077   -0.6171   -0.6171   -0.6171   -0.0000   -0.0000   -0.0000
   14.2328   -0.6094   -0.6094   -0.6094   -0.0000   -0.0000   -0.0000
   14.2579   -0.6022   -0.6022   -0.6022   -0.0000   -0.0000   -0.0000
   14.2830   -0.5959   -0.5959   -0.5959   -0.0000   -0.0000   -0.0000
   14.3081   -0.5909   -0.5909   -0.5909   -0.0000   -0.0000   -0.0000
   14.3332   -0.5875   -0.5875   -0.5875   -0.0000   -0.0000   -0.0000
   14.3583   -0.5855   -0.5855   -0.5855   -0.0000   -0.0000   -0.0000
   14.3834   -0.5851   -0.5851   -0.5851   -0.0000   -0.0000   -0.0000
   14.4085   -0.5859   -0.5859   -0.5859   -0.0000   -0.0000   -0.0000
   14.4336   -0.5877   -0.5877   -0.5877   -0.0000   -0.0000   -0.0000
   14.4587   -0.5902   -0.5902   -0.5902   -0.0000   -0.0000   -0.0000
   14.4838   -0.5930   -0.5930   -0.5930    0.0000    0.0000    0.0000
   14.5089   -0.5956   -0.5956   -0.5956    0.0000    0.0000    0.0000
   14.5340   -0.5977   -0.5977   -0.5977    0.0000    0.0000    0.0000
   14.5591   -0.5989   -0.5989   -0.5989    0.0000    0.0000    0.0000
   14.5842   -0.5990   -0.5990   -0.5990    0.0000    0.0000    0.0000
   14.6093   -0.5977   -0.5977   -0.5977    0.0000    0.0000    0.0000
   14.6344   -0.5952   -0.5952   -0.5952    0.0000    0.0000    0.0000
   14.6595   -0.5912   -0.5912   -0.5912    0.0000    0.0000    0.0000
   14.6846   -0.5859   -0.5859   -0.5859    0.0000    0.0000    0.0000
   14.7097   -0.5793   -0.5793   -0.5793    0.0000    0.0000    0.0000
   14.7349   -0.5717   -0.5717   -0.5717    0.0000    0.0000    0.0000
   14.7600   -0.5632   -0.5632   -0.5632    0.0000    0.0000    0.0000
   14.7851   -0.5540   -0.5540   -0.5540    0.0000    0.0000    0.0000
   14.8102   -0.5444   -0.5444   -0.5444    0.0000    0.0000    0.0000
   14.8353   -0.5345   -0.5345   -0.5345    0.0000    0.0000    0.0000
   14.8604   -0.5246   -0.5246   -0.5246    0.0000    0.0000    0.0000
   14.8855   -0.5149   -0.5149   -0.5149    0.0000    0.0000    0.0000
   14.9106   -0.5057   -0.5057   -0.5057    0.0000    0.0000    0.0000
   14.9357   -0.4970   -0.4970   -0.4970    0.0000    0.0000    0.0000
   14.9608   -0.4891   -0.4891   -0.4891    0.0000    0.0000    0.0000
   14.9859   -0.4819   -0.4819   -0.4819    0.0000    0.0000    0.0000
   15.0110   -0.4754   -0.4754   -0.4754    0.0000    0.0000    0.0000
   15.0361   -0.4695   -0.4695   -0.4695    0.0000    0.0000    0.0000
   15.0612   -0.4641   -0.4641   -0.4641    0.0000    0.0000    0.0000
   15.0863   -0.4590   -0.4590   -0.4590    0.0000    0.0000    0.0000
   15.1114   -0.4540   -0.4540   -0.4540    0.0000    0.0000    0.0000
   15.1365   -0.4490   -0.4490   -0.4490    0.0000    0.0000    0.0000
   15.1616   -0.4439   -0.4439   -0.4439    0.0000    0.0000    0.0000
   15.1867   -0.4385   -0.4385   -0.4385    0.0000    0.0000    0.0000
   15.2118   -0.4328   -0.4328   -0.4328    0.0001    0.0001    0.0001
   15.2369   -0.4267   -0.4267   -0.4267    0.0001    0.0001    0.0001
   15.2620   -0.4203   -0.4203   -0.4203    0.0001    0.0001    0.0001
   15.2871   -0.4136   -0.4136   -0.4136    0.0001    0.0001    0.0001
   15.3122   -0.4065   -0.4065   -0.4065    0.0001    0.0001    0.0001
   15.3373   -0.3990   -0.3990   -0.3990    0.0001    0.0001    0.0001
   15.3624   -0.3913   -0.3913   -0.3913    0.0001    0.0001    0.0001
   15.3875   -0.3834   -0.3834   -0.3834    0.0001    0.0001    0.0001
   15.4126   -0.3754   -0.3754   -0.3754    0.0001    0.0001    0.0001
   15.4377   -0.3675   -0.3675   -0.3675    0.0001    0.0001    0.0001
   15.4628   -0.3599   -0.3599   -0.3599    0.0001    0.0001    0.0001
   15.4879   -0.3527   -0.3527   -0.3527    0.0001    0.0001    0.0001
   15.5130   -0.3461   -0.3461   -0.3461    0.0001    0.0001    0.0001
   15.5381   -0.3401   -0.3401   -0.3401    0.0001    0.0001    0.0001
   15.5632   -0.3348   -0.3348   -0.3348    0.0001    0.0001    0.0001
   15.5883   -0.3300   -0.3300   -0.3300    0.0001    0.0001    0.0001
   15.6134   -0.3258   -0.3258   -0.3258    0.0001    0.0001    0.0001
   15.6385   -0.3219   -0.3219   -0.3219    0.0001    0.0001    0.0001
   15.6636   -0.3183   -0.3183   -0.3183    0.0001    0.0001    0.0001
   15.6887   -0.3148   -0.3148   -0.3148    0.0001    0.0001    0.0001
   15.7138   -0.3112   -0.3112   -0.3112    0.0001    0.0001    0.0001
   15.7389   -0.3075   -0.3075   -0.3075    0.0001    0.0001    0.0001
   15.7640   -0.3035   -0.3035   -0.3035    0.0001    0.0001    0.0001
   15.7891   -0.2993   -0.2993   -0.2993    0.0001    0.0001    0.0001
   15.8142   -0.2947   -0.2947   -0.2947    0.0000    0.0000    0.0000
   15.8393   -0.2898   -0.2898   -0.2898    0.0000    0.0000    0.0000
   15.8644   -0.2843   -0.2843   -0.2843    0.0000    0.0000    0.0000
   15.8895   -0.2783   -0.2783   -0.2783    0.0000    0.0000    0.0000
   15.9146   -0.2719   -0.2719   -0.2719    0.0000    0.0000    0.0000
   15.9397   -0.2650   -0.2650   -0.2650    0.0000    0.0000    0.0000
   15.9648   -0.2579   -0.2579   -0.2579    0.0000    0.0000    0.0000
   15.9899   -0.2506   -0.2506   -0.2506    0.0000    0.0000    0.0000
   16.0151   -0.2434   -0.2434   -0.2434    0.0000    0.0000    0.0000
   16.0402   -0.2366   -0.2366   -0.2366    0.0000    0.0000    0.0000
   16.0653   -0.2304   -0.2304   -0.2304    0.0000    0.0000    0.0000
   16.0904   -0.2250   -0.2250   -0.2250    0.0000    0.0000    0.0000
   16.1155   -0.2205   -0.2205   -0.2205    0.0000    0.0000    0.0000
   16.1406   -0.2171   -0.2171   -0.2171    0.0000    0.0000    0.0000
   16.1657   -0.2146   -0.2146   -0.2146    0.0000    0.0000    0.0000
   16.1908   -0.2130   -0.2130   -0.2130    0.0000    0.0000    0.0000
   16.2159   -0.2119   -0.2119   -0.2119    0.0000    0.0000    0.0000
   16.2410   -0.2112   -0.2112   -0.2112    0.0000    0.0000    0.0000
   16.2661   -0.2105   -0.2105   -0.2105    0.0000    0.0000    0.0000
   16.2912   -0.2095   -0.2095   -0.2095    0.0000    0.0000    0.0000
   16.3163   -0.2080   -0.2080   -0.2080    0.0000    0.0000    0.0000
   16.3414   -0.2057   -0.2057   -0.2057   -0.0000   -0.0000   -0.0000
   16.3665   -0.2025   -0.2025   -0.2025   -0.0000   -0.0000   -0.0000
   16.3916   -0.1984   -0.1984   -0.1984   -0.0000   -0.0000   -0.0000
   16.4167   -0.1934   -0.1934   -0.1934   -0.0000   -0.0000   -0.0000
   16.4418   -0.1876   -0.1876   -0.1876   -0.0000   -0.0000   -0.0000
   16.4669   -0.1811   -0.1811   -0.1811   -0.0000   -0.0000   -0.0000
   16.4920   -0.1743   -0.1743   -0.1743   -0.0000   -0.0000   -0.0000
   16.5171   -0.1674   -0.1674   -0.1674   -0.0000   -0.0000   -0.0000
   16.5422   -0.1605   -0.1605   -0.1605   -0.0000   -0.0000   -0.0000
   16.5673   -0.1538   -0.1538   -0.1538   -0.0000   -0.0000   -0.0000
   16.5924   -0.1476   -0.1476   -0.1476   -0.0000   -0.0000   -0.0000
   16.6175   -0.1418   -0.1418   -0.1418   -0.0000   -0.0000   -0.0000
   16.6426   -0.1365   -0.1365   -0.1365   -0.0000   -0.0000   -0.0000
   16.6677   -0.1318   -0.1318   -0.1318   -0.0000   -0.0000   -0.0000
   16.6928   -0.1275   -0.1275   -0.1275   -0.0000   -0.0000   -0.0000
   16.7179   -0.1236   -0.1236   -0.1236   -0.0000   -0.0000   -0.0000
   16.7430   -0.1201   -0.1201   -0.1201   -0.0000   -0.0000   -0.0000
   16.7681   -0.1169   -0.1169   -0.1169   -0.0000   -0.0000   -0.0000
   16.7932   -0.1139   -0.1139   -0.1139    0.0000    0.0000    0.0000
   16.8183   -0.1112   -0.1112   -0.1112    0.0000    0.0000    0.0000
   16.8434   -0.1087   -0.1087   -0.1087    0.0000    0.0000    0.0000
   16.8685   -0.1063   -0.1063   -0.1063    0.0000    0.0000    0.0000
   16.8936   -0.1040   -0.1040   -0.1040    0.0000    0.0000    0.0000
   16.9187   -0.1018   -0.1018   -0.1018    0.0000    0.0000    0.0000
   16.9438   -0.0994   -0.0994   -0.0994    0.0000    0.0000    0.0000
   16.9689   -0.0968   -0.0968   -0.0968    0.0000    0.0000    0.0000
   16.9940   -0.0938   -0.0938   -0.0938    0.0000    0.0000    0.0000
   17.0191   -0.0904   -0.0904   -0.0904    0.0000    0.0000    0.0000
   17.0442   -0.0863   -0.0863   -0.0863    0.0000    0.0000    0.0000
   17.0693   -0.0817   -0.0817   -0.0817    0.0000    0.0000    0.0000
   17.0944   -0.0765   -0.0765   -0.0765    0.0000    0.0000    0.0000
   17.1195   -0.0709   -0.0709   -0.0709    0.0000    0.0000    0.0000
   17.1446   -0.0649   -0.0649   -0.0649    0.0000    0.0000    0.0000
   17.1697   -0.0589   -0.0589   -0.0589    0.0000    0.0000    0.0000
   17.1948   -0.0529   -0.0529   -0.0529    0.0000    0.0000    0.0000
   17.2199   -0.0472   -0.0472   -0.0472    0.0000    0.0000    0.0000
   17.2450   -0.0419   -0.0419   -0.0419    0.0000    0.0000    0.0000
   17.2701   -0.0372   -0.0372   -0.0372    0.0000    0.0000    0.0000
   17.2953   -0.0329   -0.0329   -0.0329    0.0001    0.0001    0.0001
   17.3204   -0.0292   -0.0292   -0.0292    0.0001    0.0001    0.0001
   17.3455   -0.0259   -0.0259   -0.0259    0.0001    0.0001    0.0001
   17.3706   -0.0228   -0.0228   -0.0228    0.0001    0.0001    0.0001
   17.3957   -0.0198   -0.0198   -0.0198    0.0001    0.0001    0.0001
   17.4208   -0.0166   -0.0166   -0.0166    0.0001    0.0001    0.0001
   17.4459   -0.0132   -0.0132   -0.0132    0.0001    0.0001    0.0001
   17.4710   -0.0095   -0.0095   -0.0095    0.0001    0.0001    0.0001
   17.4961   -0.0055   -0.0055   -0.0055    0.0001    0.0001    0.0001
   17.5212   -0.0012   -0.0012   -0.0012    0.0001    0.0001    0.0001
   17.5463    0.0033    0.0033    0.0033    0.0001    0.0001    0.0001
   17.5714    0.0078    0.0078    0.0078    0.0001    0.0001    0.0001
   17.5965    0.0124    0.0124    0.0124    0.0001    0.0001    0.0001
   17.6216    0.0167    0.0167    0.0167    0.0001    0.0001    0.0001
   17.6467    0.0208    0.0208    0.0208    0.0000    0.0000    0.0000
   17.6718    0.0246    0.0246    0.0246    0.0000    0.0000    0.0000
   17.6969    0.0282    0.0282    0.0282   -0.0000   -0.0000   -0.0000
   17.7220    0.0316    0.0316    0.0316   -0.0000   -0.0000   -0.0000
   17.7471    0.0349    0.0349    0.0349   -0.0001   -0.0001   -0.0001
   17.7722    0.0383    0.0383    0.0383   -0.0001   -0.0001   -0.0001
   17.7973    0.0417    0.0417    0.0417   -0.0001   -0.0001   -0.0001
   17.8224    0.0453    0.0453    0.0453   -0.0001   -0.0001   -0.0001
   17.8475    0.0492    0.0492    0.0492   -0.0001   -0.0001   -0.0001
   17.8726    0.0535    0.0535    0.0535   -0.0001   -0.0001   -0.0001
   17.8977    0.0580    0.0580    0.0580   -0.0001   -0.0001   -0.0001
   17.9228    0.0628    0.0628    0.0628   -0.0001   -0.0001   -0.0001
   17.9479    0.0679    0.0679    0.0679   -0.0001   -0.0001   -0.0001
   17.9730    0.0731    0.0731    0.0731   -0.0001   -0.0001   -0.0001
   17.9981    0.0785    0.0785    0.0785   -0.0001   -0.0001   -0.0001
   18.0232    0.0839    0.0839    0.0839   -0.0001   -0.0001   -0.0001
   18.0483    0.0893    0.0893    0.0893   -0.0001   -0.0001   -0.0001
   18.0734    0.0947    0.0947    0.0947   -0.0001   -0.0001   -0.0001
   18.0985    0.1000    0.1000    0.1000   -0.0000   -0.0000   -0.0000
   18.1236    0.1052    0.1052    0.1052   -0.0000   -0.0000   -0.0000
   18.1487    0.1103    0.1103    0.1103   -0.0000   -0.0000   -0.0000
   18.1738    0.1152    0.1152    0.1152   -0.0000   -0.0000   -0.0000
   18.1989    0.1200    0.1200    0.1200   -0.0000   -0.0000   -0.0000
   18.2240    0.1247    0.1247    0.1247   -0.0000   -0.0000   -0.0000
   18.2491    0.1293    0.1293    0.1293   -0.0000   -0.0000   -0.0000
   18.2742    0.1338    0.1338    0.1338   -0.0000   -0.0000   -0.0000
   18.2993    0.1382    0.1382    0.1382   -0.0000   -0.0000   -0.0000
   18.3244    0.1424    0.1424    0.1424   -0.0000   -0.0000   -0.0000
   18.3495    0.1466    0.1466    0.1466   -0.0000   -0.0000   -0.0000
   18.3746    0.1508    0.1508    0.1508   -0.0000   -0.0000   -0.0000
   18.3997    0.1548    0.1548    0.1548   -0.0000   -0.0000   -0.0000
   18.4248    0.1588    0.1588    0.1588   -0.0000   -0.0000   -0.0000
   18.4499    0.1627    0.1627    0.1627   -0.0000   -0.0000   -0.0000
   18.4750    0.1666    0.1666    0.1666   -0.0000   -0.0000   -0.0000
   18.5001    0.1704    0.1704    0.1704   -0.0000   -0.0000   -0.0000
   18.5252    0.1741    0.1741    0.1741   -0.0000   -0.0000   -0.0000
   18.5503    0.1779    0.1779    0.1779   -0.0000   -0.0000   -0.0000
   18.5755    0.1815    0.1815    0.1815   -0.0000   -0.0000   -0.0000
   18.6006    0.1851    0.1851    0.1851   -0.0000   -0.0000   -0.0000
   18.6257    0.1887    0.1887    0.1887   -0.0000   -0.0000   -0.0000
   18.6508    0.1922    0.1922    0.1922   -0.0000   -0.0000   -0.0000
   18.6759    0.1957    0.1957    0.1957   -0.0000   -0.0000   -0.0000
   18.7010    0.1991    0.1991    0.1991   -0.0000   -0.0000   -0.0000
   18.7261    0.2025    0.2025    0.2025   -0.0000   -0.0000   -0.0000
   18.7512    0.2059    0.2059    0.2059   -0.0000   -0.0000   -0.0000
   18.7763    0.2092    0.2092    0.2092   -0.0000   -0.0000   -0.0000
   18.8014    0.2125    0.2125    0.2125   -0.0000   -0.0000   -0.0000
   18.8265    0.2158    0.2158    0.2158   -0.0000   -0.0000   -0.0000
   18.8516    0.2190    0.2190    0.2190   -0.0000   -0.0000   -0.0000
   18.8767    0.2222    0.2222    0.2222   -0.0000   -0.0000   -0.0000
   18.9018    0.2254    0.2254    0.2254   -0.0000   -0.0000   -0.0000
   18.9269    0.2285    0.2285    0.2285   -0.0000   -0.0000   -0.0000
   18.9520    0.2316    0.2316    0.2316   -0.0000   -0.0000   -0.0000
   18.9771    0.2347    0.2347    0.2347   -0.0000   -0.0000   -0.0000
   19.0022    0.2377    0.2377    0.2377   -0.0000   -0.0000   -0.0000
   19.0273    0.2407    0.2407    0.2407   -0.0000   -0.0000   -0.0000
   19.0524    0.2437    0.2437    0.2437   -0.0000   -0.0000   -0.0000
   19.0775    0.2467    0.2467    0.2467   -0.0000   -0.0000   -0.0000
   19.1026    0.2496    0.2496    0.2496   -0.0000   -0.0000   -0.0000
   19.1277    0.2525    0.2525    0.2525   -0.0000   -0.0000   -0.0000
   19.1528    0.2554    0.2554    0.2554   -0.0000   -0.0000   -0.0000
   19.1779    0.2583    0.2583    0.2583   -0.0000   -0.0000   -0.0000
   19.2030    0.2611    0.2611    0.2611   -0.0000   -0.0000   -0.0000
   19.2281    0.2639    0.2639    0.2639   -0.0000   -0.0000   -0.0000
   19.2532    0.2667    0.2667    0.2667   -0.0000   -0.0000   -0.0000
   19.2783    0.2695    0.2695    0.2695   -0.0000   -0.0000   -0.0000
   19.3034    0.2722    0.2722    0.2722   -0.0000   -0.0000   -0.0000
   19.3285    0.2749    0.2749    0.2749   -0.0000   -0.0000   -0.0000
   19.3536    0.2776    0.2776    0.2776   -0.0000   -0.0000   -0.0000
   19.3787    0.2803    0.2803    0.2803   -0.0000   -0.0000   -0.0000
   19.4038    0.2830    0.2830    0.2830   -0.0000   -0.0000   -0.0000
   19.4289    0.2856    0.2856    0.2856   -0.0000   -0.0000   -0.0000
   19.4540    0.2882    0.2882    0.2882   -0.0000   -0.0000   -0.0000
   19.4791    0.2908    0.2908    0.2908   -0.0000   -0.0000   -0.0000
   19.5042    0.2934    0.2934    0.2934   -0.0000   -0.0000   -0.0000
   19.5293    0.2960    0.2960    0.2960   -0.0000   -0.0000   -0.0000
   19.5544    0.2985    0.2985    0.2985   -0.0000   -0.0000   -0.0000
   19.5795    0.3010    0.3010    0.3010   -0.0000   -0.0000   -0.0000
   19.6046    0.3035    0.3035    0.3035   -0.0000   -0.0000   -0.0000
   19.6297    0.3060    0.3060    0.3060   -0.0000   -0.0000   -0.0000
   19.6548    0.3085    0.3085    0.3085   -0.0000   -0.0000   -0.0000
   19.6799    0.3109    0.3109    0.3109   -0.0000   -0.0000   -0.0000
   19.7050    0.3134    0.3134    0.3134   -0.0000   -0.0000   -0.0000
   19.7301    0.3158    0.3158    0.3158   -0.0000   -0.0000   -0.0000
   19.7552    0.3182    0.3182    0.3182   -0.0000   -0.0000   -0.0000
   19.7803    0.3206    0.3206    0.3206   -0.0000   -0.0000   -0.0000
   19.8054    0.3229    0.3229    0.3229   -0.0000   -0.0000   -0.0000
   19.8305    0.3253    0.3253    0.3253   -0.0000   -0.0000   -0.0000
   19.8557    0.3276    0.3276    0.3276   -0.0000   -0.0000   -0.0000
   19.8808    0.3299    0.3299    0.3299   -0.0000   -0.0000   -0.0000
   19.9059    0.3322    0.3322    0.3322   -0.0000   -0.0000   -0.0000
   19.9310    0.3345    0.3345    0.3345   -0.0000   -0.0000   -0.0000
   19.9561    0.3368    0.3368    0.3368   -0.0000   -0.0000   -0.0000
   19.9812    0.3391    0.3391    0.3391   -0.0000   -0.0000   -0.0000
   20.0063    0.3413    0.3413    0.3413   -0.0000   -0.0000   -0.0000
   20.0314    0.3435    0.3435    0.3435   -0.0000   -0.0000   -0.0000
   20.0565    0.3457    0.3457    0.3457   -0.0000   -0.0000   -0.0000
   20.0816    0.3479    0.3479    0.3479   -0.0000   -0.0000   -0.0000
   20.1067    0.3501    0.3501    0.3501   -0.0000   -0.0000   -0.0000
   20.1318    0.3523    0.3523    0.3523   -0.0000   -0.0000   -0.0000
   20.1569    0.3545    0.3545    0.3545   -0.0000   -0.0000   -0.0000
   20.1820    0.3566    0.3566    0.3566   -0.0000   -0.0000   -0.0000
   20.2071    0.3587    0.3587    0.3587   -0.0000   -0.0000   -0.0000
   20.2322    0.3608    0.3608    0.3608   -0.0000   -0.0000   -0.0000
   20.2573    0.3630    0.3630    0.3630   -0.0000   -0.0000   -0.0000
   20.2824    0.3650    0.3650    0.3650   -0.0000   -0.0000   -0.0000
   20.3075    0.3671    0.3671    0.3671   -0.0000   -0.0000   -0.0000
   20.3326    0.3692    0.3692    0.3692   -0.0000   -0.0000   -0.0000
   20.3577    0.3712    0.3712    0.3712   -0.0000   -0.0000   -0.0000
   20.3828    0.3733    0.3733    0.3733   -0.0000   -0.0000   -0.0000
   20.4079    0.3753    0.3753    0.3753   -0.0000   -0.0000   -0.0000
   20.4330    0.3773    0.3773    0.3773   -0.0000   -0.0000   -0.0000
   20.4581    0.3793    0.3793    0.3793   -0.0000   -0.0000   -0.0000
   20.4832    0.3813    0.3813    0.3813   -0.0000   -0.0000   -0.0000
   20.5083    0.3833    0.3833    0.3833   -0.0000   -0.0000   -0.0000
   20.5334    0.3853    0.3853    0.3853   -0.0000   -0.0000   -0.0000
   20.5585    0.3872    0.3872    0.3872   -0.0000   -0.0000   -0.0000
   20.5836    0.3892    0.3892    0.3892   -0.0000   -0.0000   -0.0000
   20.6087    0.3911    0.3911    0.3911   -0.0000   -0.0000   -0.0000
   20.6338    0.3930    0.3930    0.3930   -0.0000   -0.0000   -0.0000
   20.6589    0.3950    0.3950    0.3950   -0.0000   -0.0000   -0.0000
   20.6840    0.3969    0.3969    0.3969   -0.0000   -0.0000   -0.0000
   20.7091    0.3988    0.3988    0.3988   -0.0000   -0.0000   -0.0000
   20.7342    0.4006    0.4006    0.4006   -0.0000   -0.0000   -0.0000
   20.7593    0.4025    0.4025    0.4025   -0.0000   -0.0000   -0.0000
   20.7844    0.4044    0.4044    0.4044   -0.0000   -0.0000   -0.0000
   20.8095    0.4062    0.4062    0.4062   -0.0000   -0.0000   -0.0000
   20.8346    0.4081    0.4081    0.4081   -0.0000   -0.0000   -0.0000
   20.8597    0.4099    0.4099    0.4099   -0.0000   -0.0000   -0.0000
   20.8848    0.4117    0.4117    0.4117   -0.0000   -0.0000   -0.0000
   20.9099    0.4135    0.4135    0.4135   -0.0000   -0.0000   -0.0000
   20.9350    0.4153    0.4153    0.4153   -0.0000   -0.0000   -0.0000
   20.9601    0.4171    0.4171    0.4171   -0.0000   -0.0000   -0.0000
   20.9852    0.4189    0.4189    0.4189   -0.0000   -0.0000   -0.0000
   21.0103    0.4206    0.4206    0.4206   -0.0000   -0.0000   -0.0000
   21.0354    0.4224    0.4224    0.4224   -0.0000   -0.0000   -0.0000
   21.0605    0.4242    0.4242    0.4242   -0.0000   -0.0000   -0.0000
   21.0856    0.4259    0.4259    0.4259   -0.0000   -0.0000   -0.0000
   21.1107    0.4276    0.4276    0.4276   -0.0000   -0.0000   -0.0000
   21.1359    0.4293    0.4293    0.4293   -0.0000   -0.0000   -0.0000
   21.1610    0.4311    0.4311    0.4311   -0.0000   -0.0000   -0.0000
   21.1861    0.4328    0.4328    0.4328   -0.0000   -0.0000   -0.0000
   21.2112    0.4345    0.4345    0.4345   -0.0000   -0.0000   -0.0000
   21.2363    0.4361    0.4361    0.4361   -0.0000   -0.0000   -0.0000
   21.2614    0.4378    0.4378    0.4378   -0.0000   -0.0000   -0.0000
   21.2865    0.4395    0.4395    0.4395   -0.0000   -0.0000   -0.0000
   21.3116    0.4412    0.4412    0.4412   -0.0000   -0.0000   -0.0000
   21.3367    0.4428    0.4428    0.4428   -0.0000   -0.0000   -0.0000
   21.3618    0.4445    0.4445    0.4445   -0.0000   -0.0000   -0.0000
   21.3869    0.4461    0.4461    0.4461   -0.0000   -0.0000   -0.0000
   21.4120    0.4477    0.4477    0.4477   -0.0000   -0.0000   -0.0000
   21.4371    0.4493    0.4493    0.4493   -0.0000   -0.0000   -0.0000
   21.4622    0.4509    0.4509    0.4509   -0.0000   -0.0000   -0.0000
   21.4873    0.4525    0.4525    0.4525   -0.0000   -0.0000   -0.0000
   21.5124    0.4541    0.4541    0.4541   -0.0000   -0.0000   -0.0000
   21.5375    0.4557    0.4557    0.4557   -0.0000   -0.0000   -0.0000
   21.5626    0.4573    0.4573    0.4573   -0.0000   -0.0000   -0.0000
   21.5877    0.4589    0.4589    0.4589   -0.0000   -0.0000   -0.0000
   21.6128    0.4604    0.4604    0.4604   -0.0000   -0.0000   -0.0000
   21.6379    0.4620    0.4620    0.4620   -0.0000   -0.0000   -0.0000
   21.6630    0.4635    0.4635    0.4635   -0.0000   -0.0000   -0.0000
   21.6881    0.4651    0.4651    0.4651   -0.0000   -0.0000   -0.0000
   21.7132    0.4666    0.4666    0.4666   -0.0000   -0.0000   -0.0000
   21.7383    0.4681    0.4681    0.4681   -0.0000   -0.0000   -0.0000
   21.7634    0.4696    0.4696    0.4696   -0.0000   -0.0000   -0.0000
   21.7885    0.4711    0.4711    0.4711   -0.0000   -0.0000   -0.0000
   21.8136    0.4726    0.4726    0.4726   -0.0000   -0.0000   -0.0000
   21.8387    0.4741    0.4741    0.4741   -0.0000   -0.0000   -0.0000
   21.8638    0.4756    0.4756    0.4756   -0.0000   -0.0000   -0.0000
   21.8889    0.4771    0.4771    0.4771   -0.0000   -0.0000   -0.0000
   21.9140    0.4786    0.4786    0.4786   -0.0000   -0.0000   -0.0000
   21.9391    0.4800    0.4800    0.4800   -0.0000   -0.0000   -0.0000
   21.9642    0.4815    0.4815    0.4815   -0.0000   -0.0000   -0.0000
   21.9893    0.4830    0.4830    0.4830   -0.0000   -0.0000   -0.0000
   22.0144    0.4844    0.4844    0.4844   -0.0000   -0.0000   -0.0000
   22.0395    0.4858    0.4858    0.4858   -0.0000   -0.0000   -0.0000
   22.0646    0.4873    0.4873    0.4873   -0.0000   -0.0000   -0.0000
   22.0897    0.4887    0.4887    0.4887   -0.0000   -0.0000   -0.0000
   22.1148    0.4901    0.4901    0.4901   -0.0000   -0.0000   -0.0000
   22.1399    0.4915    0.4915    0.4915   -0.0000   -0.0000   -0.0000
   22.1650    0.4929    0.4929    0.4929   -0.0000   -0.0000   -0.0000
   22.1901    0.4943    0.4943    0.4943   -0.0000   -0.0000   -0.0000
   22.2152    0.4957    0.4957    0.4957   -0.0000   -0.0000   -0.0000
   22.2403    0.4971    0.4971    0.4971   -0.0000   -0.0000   -0.0000
   22.2654    0.4985    0.4985    0.4985   -0.0000   -0.0000   -0.0000
   22.2905    0.4998    0.4998    0.4998   -0.0000   -0.0000   -0.0000
   22.3156    0.5012    0.5012    0.5012   -0.0000   -0.0000   -0.0000
   22.3407    0.5026    0.5026    0.5026   -0.0000   -0.0000   -0.0000
   22.3658    0.5039    0.5039    0.5039   -0.0000   -0.0000   -0.0000
   22.3909    0.5053    0.5053    0.5053   -0.0000   -0.0000   -0.0000
   22.4161    0.5066    0.5066    0.5066   -0.0000   -0.0000   -0.0000
   22.4412    0.5079    0.5079    0.5079   -0.0000   -0.0000   -0.0000
   22.4663    0.5093    0.5093    0.5093   -0.0000   -0.0000   -0.0000
   22.4914    0.5106    0.5106    0.5106   -0.0000   -0.0000   -0.0000
   22.5165    0.5119    0.5119    0.5119   -0.0000   -0.0000   -0.0000
   22.5416    0.5132    0.5132    0.5132   -0.0000   -0.0000   -0.0000
   22.5667    0.5145    0.5145    0.5145   -0.0000   -0.0000   -0.0000
   22.5918    0.5158    0.5158    0.5158   -0.0000   -0.0000   -0.0000
   22.6169    0.5171    0.5171    0.5171   -0.0000   -0.0000   -0.0000
   22.6420    0.5184    0.5184    0.5184   -0.0000   -0.0000   -0.0000
   22.6671    0.5197    0.5197    0.5197   -0.0000   -0.0000   -0.0000
   22.6922    0.5210    0.5210    0.5210   -0.0000   -0.0000   -0.0000
   22.7173    0.5222    0.5222    0.5222   -0.0000   -0.0000   -0.0000
   22.7424    0.5235    0.5235    0.5235   -0.0000   -0.0000   -0.0000
   22.7675    0.5248    0.5248    0.5248   -0.0000   -0.0000   -0.0000
   22.7926    0.5260    0.5260    0.5260   -0.0000   -0.0000   -0.0000
   22.8177    0.5273    0.5273    0.5273   -0.0000   -0.0000   -0.0000
   22.8428    0.5285    0.5285    0.5285   -0.0000   -0.0000   -0.0000
   22.8679    0.5297    0.5297    0.5297   -0.0000   -0.0000   -0.0000
   22.8930    0.5310    0.5310    0.5310   -0.0000   -0.0000   -0.0000
   22.9181    0.5322    0.5322    0.5322   -0.0000   -0.0000   -0.0000
   22.9432    0.5334    0.5334    0.5334   -0.0000   -0.0000   -0.0000
   22.9683    0.5346    0.5346    0.5346   -0.0000   -0.0000   -0.0000
   22.9934    0.5358    0.5358    0.5358   -0.0000   -0.0000   -0.0000
   23.0185    0.5370    0.5370    0.5370   -0.0000   -0.0000   -0.0000
   23.0436    0.5382    0.5382    0.5382   -0.0000   -0.0000   -0.0000
   23.0687    0.5394    0.5394    0.5394   -0.0000   -0.0000   -0.0000
   23.0938    0.5406    0.5406    0.5406   -0.0000   -0.0000   -0.0000
   23.1189    0.5418    0.5418    0.5418   -0.0000   -0.0000   -0.0000
   23.1440    0.5430    0.5430    0.5430   -0.0000   -0.0000   -0.0000
   23.1691    0.5442    0.5442    0.5442   -0.0000   -0.0000   -0.0000
   23.1942    0.5453    0.5453    0.5453   -0.0000   -0.0000   -0.0000
   23.2193    0.5465    0.5465    0.5465   -0.0000   -0.0000   -0.0000
   23.2444    0.5477    0.5477    0.5477   -0.0000   -0.0000   -0.0000
   23.2695    0.5488    0.5488    0.5488   -0.0000   -0.0000   -0.0000
   23.2946    0.5500    0.5500    0.5500   -0.0000   -0.0000   -0.0000
   23.3197    0.5511    0.5511    0.5511   -0.0000   -0.0000   -0.0000
   23.3448    0.5522    0.5522    0.5522   -0.0000   -0.0000   -0.0000
   23.3699    0.5534    0.5534    0.5534   -0.0000   -0.0000   -0.0000
   23.3950    0.5545    0.5545    0.5545   -0.0000   -0.0000   -0.0000
   23.4201    0.5556    0.5556    0.5556   -0.0000   -0.0000   -0.0000
   23.4452    0.5568    0.5568    0.5568   -0.0000   -0.0000   -0.0000
   23.4703    0.5579    0.5579    0.5579   -0.0000   -0.0000   -0.0000
   23.4954    0.5590    0.5590    0.5590   -0.0000   -0.0000   -0.0000
   23.5205    0.5601    0.5601    0.5601   -0.0000   -0.0000   -0.0000
   23.5456    0.5612    0.5612    0.5612   -0.0000   -0.0000   -0.0000
   23.5707    0.5623    0.5623    0.5623   -0.0000   -0.0000   -0.0000
   23.5958    0.5634    0.5634    0.5634   -0.0000   -0.0000   -0.0000
   23.6209    0.5645    0.5645    0.5645   -0.0000   -0.0000   -0.0000
   23.6460    0.5656    0.5656    0.5656   -0.0000   -0.0000   -0.0000
   23.6711    0.5666    0.5666    0.5666   -0.0000   -0.0000   -0.0000
   23.6963    0.5677    0.5677    0.5677   -0.0000   -0.0000   -0.0000
   23.7214    0.5688    0.5688    0.5688   -0.0000   -0.0000   -0.0000
   23.7465    0.5698    0.5698    0.5698   -0.0000   -0.0000   -0.0000
   23.7716    0.5709    0.5709    0.5709   -0.0000   -0.0000   -0.0000
   23.7967    0.5720    0.5720    0.5720   -0.0000   -0.0000   -0.0000
   23.8218    0.5730    0.5730    0.5730   -0.0000   -0.0000   -0.0000
   23.8469    0.5741    0.5741    0.5741   -0.0000   -0.0000   -0.0000
   23.8720    0.5751    0.5751    0.5751   -0.0000   -0.0000   -0.0000
   23.8971    0.5762    0.5762    0.5762   -0.0000   -0.0000   -0.0000
   23.9222    0.5772    0.5772    0.5772   -0.0000   -0.0000   -0.0000
   23.9473    0.5782    0.5782    0.5782   -0.0000   -0.0000   -0.0000
   23.9724    0.5793    0.5793    0.5793   -0.0000   -0.0000   -0.0000
   23.9975    0.5803    0.5803    0.5803   -0.0000   -0.0000   -0.0000
   24.0226    0.5813    0.5813    0.5813   -0.0000   -0.0000   -0.0000
   24.0477    0.5823    0.5823    0.5823   -0.0000   -0.0000   -0.0000
   24.0728    0.5833    0.5833    0.5833   -0.0000   -0.0000   -0.0000
   24.0979    0.5843    0.5843    0.5843   -0.0000   -0.0000   -0.0000
   24.1230    0.5854    0.5854    0.5854   -0.0000   -0.0000   -0.0000
   24.1481    0.5864    0.5864    0.5864   -0.0000   -0.0000   -0.0000
   24.1732    0.5873    0.5873    0.5873   -0.0000   -0.0000   -0.0000
   24.1983    0.5883    0.5883    0.5883   -0.0000   -0.0000   -0.0000
   24.2234    0.5893    0.5893    0.5893   -0.0000   -0.0000   -0.0000
   24.2485    0.5903    0.5903    0.5903   -0.0000   -0.0000   -0.0000
   24.2736    0.5913    0.5913    0.5913   -0.0000   -0.0000   -0.0000
   24.2987    0.5923    0.5923    0.5923   -0.0000   -0.0000   -0.0000
   24.3238    0.5933    0.5933    0.5933   -0.0000   -0.0000   -0.0000
   24.3489    0.5942    0.5942    0.5942   -0.0000   -0.0000   -0.0000
   24.3740    0.5952    0.5952    0.5952   -0.0000   -0.0000   -0.0000
   24.3991    0.5961    0.5961    0.5961   -0.0000   -0.0000   -0.0000
   24.4242    0.5971    0.5971    0.5971   -0.0000   -0.0000   -0.0000
   24.4493    0.5981    0.5981    0.5981   -0.0000   -0.0000   -0.0000
   24.4744    0.5990    0.5990    0.5990   -0.0000   -0.0000   -0.0000
   24.4995    0.6000    0.6000    0.6000   -0.0000   -0.0000   -0.0000
   24.5246    0.6009    0.6009    0.6009   -0.0000   -0.0000   -0.0000
   24.5497    0.6018    0.6018    0.6018   -0.0000   -0.0000   -0.0000
   24.5748    0.6028    0.6028    0.6028   -0.0000   -0.0000   -0.0000
   24.5999    0.6037    0.6037    0.6037   -0.0000   -0.0000   -0.0000
   24.6250    0.6046    0.6046    0.6046   -0.0000   -0.0000   -0.0000
   24.6501    0.6056    0.6056    0.6056   -0.0000   -0.0000   -0.0000
   24.6752    0.6065    0.6065    0.6065   -0.0000   -0.0000   -0.0000
   24.7003    0.6074    0.6074    0.6074   -0.0000   -0.0000   -0.0000
   24.7254    0.6083    0.6083    0.6083   -0.0000   -0.0000   -0.0000
   24.7505    0.6092    0.6092    0.6092   -0.0000   -0.0000   -0.0000
   24.7756    0.6102    0.6102    0.6102   -0.0000   -0.0000   -0.0000
   24.8007    0.6111    0.6111    0.6111   -0.0000   -0.0000   -0.0000
   24.8258    0.6120    0.6120    0.6120   -0.0000   -0.0000   -0.0000
   24.8509    0.6129    0.6129    0.6129   -0.0000   -0.0000   -0.0000
   24.8760    0.6138    0.6138    0.6138   -0.0000   -0.0000   -0.0000
   24.9011    0.6147    0.6147    0.6147   -0.0000   -0.0000   -0.0000
   24.9262    0.6155    0.6155    0.6155   -0.0000   -0.0000   -0.0000
   24.9513    0.6164    0.6164    0.6164   -0.0000   -0.0000   -0.0000
   24.9765    0.6173    0.6173    0.6173   -0.0000   -0.0000   -0.0000
   25.0016    0.6182    0.6182    0.6182   -0.0000   -0.0000   -0.0000
   25.0267    0.6191    0.6191    0.6191   -0.0000   -0.0000   -0.0000
   25.0518    0.6199    0.6199    0.6199   -0.0000   -0.0000   -0.0000
   25.0769    0.6208    0.6208    0.6208   -0.0000   -0.0000   -0.0000
