  #energy          xx             yy              zz              xy              yz              zx
  0.00000000E+00  0.70165305E+01  0.70165305E+01  0.70165305E+01  0.00000000E+00  0.00000000E+00  0.00000000E+00
  0.25100000E-01  0.70238592E+01  0.70238592E+01  0.70238592E+01  0.13354559E-02  0.13354559E-02  0.13354559E-02
  0.50200000E-01  0.70453462E+01  0.70453462E+01  0.70453462E+01  0.26658547E-02  0.26658547E-02  0.26658547E-02
  0.75300000E-01  0.70795305E+01  0.70795305E+01  0.70795305E+01  0.39863584E-02  0.39863584E-02  0.39863584E-02
  0.10040000E+00  0.71240330E+01  0.71240330E+01  0.71240330E+01  0.65805347E-02  0.65805347E-02  0.65805347E-02
  0.12550000E+00  0.71756832E+01  0.71756832E+01  0.71756832E+01  0.90897630E-02  0.90897630E-02  0.90897630E-02
  0.15060000E+00  0.72307082E+01  0.72307082E+01  0.72307082E+01  0.11496341E-01  0.11496341E-01  0.11496341E-01
  0.17570000E+00  0.72849007E+01  0.72849007E+01  0.72849007E+01  0.13792197E-01  0.13792197E-01  0.13792197E-01
  0.20080000E+00  0.73339295E+01  0.73339295E+01  0.73339295E+01  0.16408498E-01  0.16408498E-01  0.16408498E-01
  0.22590000E+00  0.73735371E+01  0.73735371E+01  0.73735371E+01  0.20000000E-01  0.20000000E-01  0.20000000E-01
  0.25100000E+00  0.73998042E+01  0.73998042E+01  0.73998042E+01  0.23012236E-01  0.23012236E-01  0.23012236E-01
  0.27610000E+00  0.74092834E+01  0.74092834E+01  0.74092834E+01  0.26019857E-01  0.26019857E-01  0.26019857E-01
  0.30120000E+00  0.73991322E+01  0.73991322E+01  0.73991322E+01  0.29631932E-01  0.29631932E-01  0.29631932E-01
  0.32630000E+00  0.73670890E+01  0.73670890E+01  0.73670890E+01  0.33228895E-01  0.33228895E-01  0.33228895E-01
  0.35140000E+00  0.73114849E+01  0.73114849E+01  0.73114849E+01  0.36796652E-01  0.36796652E-01  0.36796652E-01
  0.37650000E+00  0.72312002E+01  0.72312002E+01  0.72312002E+01  0.39818287E-01  0.39818287E-01  0.39818287E-01
  0.40160000E+00  0.71256371E+01  0.71256371E+01  0.71256371E+01  0.42426407E-01  0.42426407E-01  0.42426407E-01
  0.42670000E+00  0.69947916E+01  0.69947916E+01  0.69947916E+01  0.46075514E-01  0.46075514E-01  0.46075514E-01
  0.45180000E+00  0.68393479E+01  0.68393479E+01  0.68393479E+01  0.47385255E-01  0.47385255E-01  0.47385255E-01
  0.47690000E+00  0.66608818E+01  0.66608818E+01  0.66608818E+01  0.49901341E-01  0.49901341E-01  0.49901341E-01
  0.50200000E+00  0.64620600E+01  0.64620600E+01  0.64620600E+01  0.50414688E-01  0.50414688E-01  0.50414688E-01
  0.52710000E+00  0.62468361E+01  0.62468361E+01  0.62468361E+01  0.50620554E-01  0.50620554E-01  0.50620554E-01
  0.55220000E+00  0.60205248E+01  0.60205248E+01  0.60205248E+01  0.51074702E-01  0.51074702E-01  0.51074702E-01
  0.57730000E+00  0.57897663E+01  0.57897663E+01  0.57897663E+01  0.50009995E-01  0.50009995E-01  0.50009995E-01
  0.60240000E+00  0.55622624E+01  0.55622624E+01  0.55622624E+01  0.48237540E-01  0.48237540E-01  0.48237540E-01
  0.62750000E+00  0.53462435E+01  0.53462435E+01  0.53462435E+01  0.45788488E-01  0.45788488E-01  0.45788488E-01
  0.65270000E+00  0.51497093E+01  0.51497093E+01  0.51497093E+01  0.43155797E-01  0.43155797E-01  0.43155797E-01
  0.67780000E+00  0.49793919E+01  0.49793919E+01  0.49793919E+01  0.39613619E-01  0.39613619E-01  0.39613619E-01
  0.70290000E+00  0.48395958E+01  0.48395958E+01  0.48395958E+01  0.35221718E-01  0.35221718E-01  0.35221718E-01
  0.72800000E+00  0.47311375E+01  0.47311375E+01  0.47311375E+01  0.31873046E-01  0.31873046E-01  0.31873046E-01
  0.75310000E+00  0.46507907E+01  0.46507907E+01  0.46507907E+01  0.27721216E-01  0.27721216E-01  0.27721216E-01
  0.77820000E+00  0.45915669E+01  0.45915669E+01  0.45915669E+01  0.23505186E-01  0.23505186E-01  0.23505186E-01
  0.80330000E+00  0.45438077E+01  0.45438077E+01  0.45438077E+01  0.18791298E-01  0.18791298E-01  0.18791298E-01
  0.82840000E+00  0.44968911E+01  0.44968911E+01  0.44968911E+01  0.14704685E-01  0.14704685E-01  0.14704685E-01
  0.85350000E+00  0.44408623E+01  0.44408623E+01  0.44408623E+01  0.89597748E-02  0.89597748E-02  0.89597748E-02
  0.87860000E+00  0.43676982E+01  0.43676982E+01  0.43676982E+01  0.64359425E-02  0.64359425E-02  0.64359425E-02
  0.90370000E+00  0.42719530E+01  0.42719530E+01  0.42719530E+01  0.00000000E+00  0.00000000E+00  0.00000000E+00
  0.92880000E+00  0.41509764E+01  0.41509764E+01  0.41509764E+01  0.70710678E-02  0.70710678E-02  0.70710678E-02
  0.95390000E+00  0.40047383E+01  0.40047383E+01  0.40047383E+01  0.12720196E-01  0.12720196E-01  0.12720196E-01
  0.97900000E+00  0.38355648E+01  0.38355648E+01  0.38355648E+01  0.18173540E-01  0.18173540E-01  0.18173540E-01
  0.10041000E+01  0.36476877E+01  0.36476877E+01  0.36476877E+01  0.20581710E-01  0.20581710E-01  0.20581710E-01
  0.10292000E+01  0.34468080E+01  0.34468080E+01  0.34468080E+01  0.20581710E-01  0.20581710E-01  0.20581710E-01
  0.10543000E+01  0.32396038E+01  0.32396038E+01  0.32396038E+01  0.22471114E-01  0.22471114E-01  0.22471114E-01
  0.10794000E+01  0.30331877E+01  0.30331877E+01  0.30331877E+01  0.22471114E-01  0.22471114E-01  0.22471114E-01
  0.11045000E+01  0.28346002E+01  0.28346002E+01  0.28346002E+01  0.22360680E-01  0.22360680E-01  0.22360680E-01
  0.11296000E+01  0.26502544E+01  0.26502544E+01  0.26502544E+01  0.22360680E-01  0.22360680E-01  0.22360680E-01
  0.11547000E+01  0.24854323E+01  0.24854323E+01  0.24854323E+01  0.22471114E-01  0.22471114E-01  0.22471114E-01
  0.11798000E+01  0.23438046E+01  0.23438046E+01  0.23438046E+01  0.22471114E-01  0.22471114E-01  0.22471114E-01
  0.12049000E+01  0.22271168E+01  0.22271168E+01  0.22271168E+01  0.20153295E-01  0.20153295E-01  0.20153295E-01
  0.12300000E+01  0.21351245E+01  0.21351245E+01  0.21351245E+01  0.20153295E-01  0.20153295E-01  0.20153295E-01
  0.12551000E+01  0.20656567E+01  0.20656567E+01  0.20656567E+01  0.20153295E-01  0.20153295E-01  0.20153295E-01
  0.12802000E+01  0.20152426E+01  0.20152426E+01  0.20152426E+01  0.20000000E-01  0.20000000E-01  0.20000000E-01
  0.13053000E+01  0.19799246E+01  0.19799246E+01  0.19799246E+01  0.20000000E-01  0.20000000E-01  0.20000000E-01
  0.13304000E+01  0.19561446E+01  0.19561446E+01  0.19561446E+01  0.20000000E-01  0.20000000E-01  0.20000000E-01
  0.13555000E+01  0.19415084E+01  0.19415084E+01  0.19415084E+01  0.20000000E-01  0.20000000E-01  0.20000000E-01
  0.13806000E+01  0.19352271E+01  0.19352271E+01  0.19352271E+01  0.22471114E-01  0.22471114E-01  0.22471114E-01
  0.14057000E+01  0.19380685E+01  0.19380685E+01  0.19380685E+01  0.22471114E-01  0.22471114E-01  0.22471114E-01
  0.14308000E+01  0.19519978E+01  0.19519978E+01  0.19519978E+01  0.22471114E-01  0.22471114E-01  0.22471114E-01
  0.14559000E+01  0.19794738E+01  0.19794738E+01  0.19794738E+01  0.24579221E-01  0.24579221E-01  0.24579221E-01
  0.14810000E+01  0.20226121E+01  0.20226121E+01  0.20226121E+01  0.24579221E-01  0.24579221E-01  0.24579221E-01
  0.15061000E+01  0.20822046E+01  0.20822046E+01  0.20822046E+01  0.24579221E-01  0.24579221E-01  0.24579221E-01
  0.15312000E+01  0.21572540E+01  0.21572540E+01  0.21572540E+01  0.26524581E-01  0.26524581E-01  0.26524581E-01
  0.15563000E+01  0.22449363E+01  0.22449363E+01  0.22449363E+01  0.26524581E-01  0.26524581E-01  0.26524581E-01
  0.15814000E+01  0.23412906E+01  0.23412906E+01  0.23412906E+01  0.28284271E-01  0.28284271E-01  0.28284271E-01
  0.16065000E+01  0.24420947E+01  0.24420947E+01  0.24420947E+01  0.28284271E-01  0.28284271E-01  0.28284271E-01
  0.16316000E+01  0.25435981E+01  0.25435981E+01  0.25435981E+01  0.28284271E-01  0.28284271E-01  0.28284271E-01
  0.16567000E+01  0.26427732E+01  0.26427732E+01  0.26427732E+01  0.30000000E-01  0.30000000E-01  0.30000000E-01
  0.16818000E+01  0.27374281E+01  0.27374281E+01  0.27374281E+01  0.30046119E-01  0.30046119E-01  0.30046119E-01
  0.17069000E+01  0.28261134E+01  0.28261134E+01  0.28261134E+01  0.30046119E-01  0.30046119E-01  0.30046119E-01
  0.17320000E+01  0.29080097E+01  0.29080097E+01  0.29080097E+01  0.30182399E-01  0.30182399E-01  0.30182399E-01
  0.17571000E+01  0.29827918E+01  0.29827918E+01  0.29827918E+01  0.31778955E-01  0.31778955E-01  0.31778955E-01
  0.17822000E+01  0.30505378E+01  0.30505378E+01  0.30505378E+01  0.31778955E-01  0.31778955E-01  0.31778955E-01
  0.18073000E+01  0.31116169E+01  0.31116169E+01  0.31116169E+01  0.31968974E-01  0.31968974E-01  0.31968974E-01
  0.18324000E+01  0.31665507E+01  0.31665507E+01  0.31665507E+01  0.31968974E-01  0.31968974E-01  0.31968974E-01
  0.18575000E+01  0.32160293E+01  0.32160293E+01  0.32160293E+01  0.31968974E-01  0.31968974E-01  0.31968974E-01
  0.18826000E+01  0.32608155E+01  0.32608155E+01  0.32608155E+01  0.32226022E-01  0.32226022E-01  0.32226022E-01
  0.19077000E+01  0.33017171E+01  0.33017171E+01  0.33017171E+01  0.32226022E-01  0.32226022E-01  0.32226022E-01
  0.19329000E+01  0.33396900E+01  0.33396900E+01  0.33396900E+01  0.32226022E-01  0.32226022E-01  0.32226022E-01
  0.19580000E+01  0.33757177E+01  0.33757177E+01  0.33757177E+01  0.33693249E-01  0.33693249E-01  0.33693249E-01
  0.19831000E+01  0.34108913E+01  0.34108913E+01  0.34108913E+01  0.33693249E-01  0.33693249E-01  0.33693249E-01
  0.20082000E+01  0.34462945E+01  0.34462945E+01  0.34462945E+01  0.35355339E-01  0.35355339E-01  0.35355339E-01
  0.20333000E+01  0.34829832E+01  0.34829832E+01  0.34829832E+01  0.35355339E-01  0.35355339E-01  0.35355339E-01
  0.20584000E+01  0.35217615E+01  0.35217615E+01  0.35217615E+01  0.36957963E-01  0.36957963E-01  0.36957963E-01
  0.20835000E+01  0.35630900E+01  0.35630900E+01  0.35630900E+01  0.38504854E-01  0.38504854E-01  0.38504854E-01
  0.21086000E+01  0.36070198E+01  0.36070198E+01  0.36070198E+01  0.38810125E-01  0.38810125E-01  0.38810125E-01
  0.21337000E+01  0.36530482E+01  0.36530482E+01  0.36530482E+01  0.39499779E-01  0.39499779E-01  0.39499779E-01
  0.21588000E+01  0.37002042E+01  0.37002042E+01  0.37002042E+01  0.40988459E-01  0.40988459E-01  0.40988459E-01
  0.21839000E+01  0.37470659E+01  0.37470659E+01  0.37470659E+01  0.40684747E-01  0.40684747E-01  0.40684747E-01
  0.22090000E+01  0.37919559E+01  0.37919559E+01  0.37919559E+01  0.41544124E-01  0.41544124E-01  0.41544124E-01
  0.22341000E+01  0.38330984E+01  0.38330984E+01  0.38330984E+01  0.40502254E-01  0.40502254E-01  0.40502254E-01
  0.22592000E+01  0.38688217E+01  0.38688217E+01  0.38688217E+01  0.40059345E-01  0.40059345E-01  0.40059345E-01
  0.22843000E+01  0.38977400E+01  0.38977400E+01  0.38977400E+01  0.38745191E-01  0.38745191E-01  0.38745191E-01
  0.23094000E+01  0.39189642E+01  0.39189642E+01  0.39189642E+01  0.37543055E-01  0.37543055E-01  0.37543055E-01
  0.23345000E+01  0.39322124E+01  0.39322124E+01  0.39322124E+01  0.35787937E-01  0.35787937E-01  0.35787937E-01
  0.23596000E+01  0.39379680E+01  0.39379680E+01  0.39379680E+01  0.33343203E-01  0.33343203E-01  0.33343203E-01
  0.23847000E+01  0.39374887E+01  0.39374887E+01  0.39374887E+01  0.30844575E-01  0.30844575E-01  0.30844575E-01
  0.24098000E+01  0.39327818E+01  0.39327818E+01  0.39327818E+01  0.28284271E-01  0.28284271E-01  0.28284271E-01
  0.24349000E+01  0.39264281E+01  0.39264281E+01  0.39264281E+01  0.27386128E-01  0.27386128E-01  0.27386128E-01
  0.24600000E+01  0.39213540E+01  0.39213540E+01  0.39213540E+01  0.27418670E-01  0.27418670E-01  0.27418670E-01
  0.24851000E+01  0.39204409E+01  0.39204409E+01  0.39204409E+01  0.27525394E-01  0.27525394E-01  0.27525394E-01
  0.25102000E+01  0.39260155E+01  0.39260155E+01  0.39260155E+01  0.29666033E-01  0.29666033E-01  0.29666033E-01
  0.25353000E+01  0.39395366E+01  0.39395366E+01  0.39395366E+01  0.31516717E-01  0.31516717E-01  0.31516717E-01
  0.25604000E+01  0.39611295E+01  0.39611295E+01  0.39611295E+01  0.33283250E-01  0.33283250E-01  0.33283250E-01
  0.25855000E+01  0.39895832E+01  0.39895832E+01  0.39895832E+01  0.36272033E-01  0.36272033E-01  0.36272033E-01
  0.26106000E+01  0.40224630E+01  0.40224630E+01  0.40224630E+01  0.37543055E-01  0.37543055E-01  0.37543055E-01
  0.26357000E+01  0.40564377E+01  0.40564377E+01  0.40564377E+01  0.37773803E-01  0.37773803E-01  0.37773803E-01
  0.26608000E+01  0.40877927E+01  0.40877927E+01  0.40877927E+01  0.38191952E-01  0.38191952E-01  0.38191952E-01
  0.26859000E+01  0.41129269E+01  0.41129269E+01  0.41129269E+01  0.37416574E-01  0.37416574E-01  0.37416574E-01
  0.27110000E+01  0.41287430E+01  0.41287430E+01  0.41287430E+01  0.36162660E-01  0.36162660E-01  0.36162660E-01
  0.27361000E+01  0.41329354E+01  0.41329354E+01  0.41329354E+01  0.33788214E-01  0.33788214E-01  0.33788214E-01
  0.27612000E+01  0.41241678E+01  0.41241678E+01  0.41241678E+01  0.30889495E-01  0.30889495E-01  0.30889495E-01
  0.27863000E+01  0.41021154E+01  0.41021154E+01  0.41021154E+01  0.28647699E-01  0.28647699E-01  0.28647699E-01
  0.28114000E+01  0.40674380E+01  0.40674380E+01  0.40674380E+01  0.24910723E-01  0.24910723E-01  0.24910723E-01
  0.28365000E+01  0.40216584E+01  0.40216584E+01  0.40216584E+01  0.21586575E-01  0.21586575E-01  0.21586575E-01
  0.28616000E+01  0.39670344E+01  0.39670344E+01  0.39670344E+01  0.18583929E-01  0.18583929E-01  0.18583929E-01
  0.28867000E+01  0.39063179E+01  0.39063179E+01  0.39063179E+01  0.15503186E-01  0.15503186E-01  0.15503186E-01
  0.29118000E+01  0.38425026E+01  0.38425026E+01  0.38425026E+01  0.13881140E-01  0.13881140E-01  0.13881140E-01
  0.29369000E+01  0.37785898E+01  0.37785898E+01  0.37785898E+01  0.10864345E-01  0.10864345E-01  0.10864345E-01
  0.29620000E+01  0.37172059E+01  0.37172059E+01  0.37172059E+01  0.10306822E-01  0.10306822E-01  0.10306822E-01
  0.29871000E+01  0.36603989E+01  0.36603989E+01  0.36603989E+01  0.94559352E-02  0.94559352E-02  0.94559352E-02
  0.30122000E+01  0.36093011E+01  0.36093011E+01  0.36093011E+01  0.85564280E-02  0.85564280E-02  0.85564280E-02
  0.30373000E+01  0.35640470E+01  0.35640470E+01  0.35640470E+01  0.88117687E-02  0.88117687E-02  0.88117687E-02
  0.30624000E+01  0.35237303E+01  0.35237303E+01  0.35237303E+01  0.10306589E-01  0.10306589E-01  0.10306589E-01
  0.30875000E+01  0.34865621E+01  0.34865621E+01  0.34865621E+01  0.10306589E-01  0.10306589E-01  0.10306589E-01
  0.31126000E+01  0.34501549E+01  0.34501549E+01  0.34501549E+01  0.11164353E-01  0.11164353E-01  0.11164353E-01
  0.31377000E+01  0.34119047E+01  0.34119047E+01  0.34119047E+01  0.10857163E-01  0.10857163E-01  0.10857163E-01
  0.31628000E+01  0.33694110E+01  0.33694110E+01  0.33694110E+01  0.10572095E-01  0.10572095E-01  0.10572095E-01
  0.31879000E+01  0.33207783E+01  0.33207783E+01  0.33207783E+01  0.89875695E-02  0.89875695E-02  0.89875695E-02
  0.32131000E+01  0.32649249E+01  0.32649249E+01  0.32649249E+01  0.77123930E-02  0.77123930E-02  0.77123930E-02
  0.32382000E+01  0.32016383E+01  0.32016383E+01  0.32016383E+01  0.54177170E-02  0.54177170E-02  0.54177170E-02
  0.32633000E+01  0.31316150E+01  0.31316150E+01  0.31316150E+01  0.32649918E-02  0.32649918E-02  0.32649918E-02
  0.32884000E+01  0.30563477E+01  0.30563477E+01  0.30563477E+01  0.10907805E-02  0.10907805E-02  0.10907805E-02
  0.33135000E+01  0.29778747E+01  0.29778747E+01  0.29778747E+01  0.10907805E-02  0.10907805E-02  0.10907805E-02
  0.33386000E+01  0.28985921E+01  0.28985921E+01  0.28985921E+01  0.33447602E-02  0.33447602E-02  0.33447602E-02
  0.33637000E+01  0.28209042E+01  0.28209042E+01  0.28209042E+01  0.58375581E-02  0.58375581E-02  0.58375581E-02
  0.33888000E+01  0.27469646E+01  0.27469646E+01  0.27469646E+01  0.71685298E-02  0.71685298E-02  0.71685298E-02
  0.34139000E+01  0.26783954E+01  0.26783954E+01  0.26783954E+01  0.76009684E-02  0.76009684E-02  0.76009684E-02
  0.34390000E+01  0.26161271E+01  0.26161271E+01  0.26161271E+01  0.90897630E-02  0.90897630E-02  0.90897630E-02
  0.34641000E+01  0.25603909E+01  0.25603909E+01  0.25603909E+01  0.93936762E-02  0.93936762E-02  0.93936762E-02
  0.34892000E+01  0.25106935E+01  0.25106935E+01  0.25106935E+01  0.97273943E-02  0.97273943E-02  0.97273943E-02
  0.35143000E+01  0.24660524E+01  0.24660524E+01  0.24660524E+01  0.87463252E-02  0.87463252E-02  0.87463252E-02
  0.35394000E+01  0.24252121E+01  0.24252121E+01  0.24252121E+01  0.91156563E-02  0.91156563E-02  0.91156563E-02
  0.35645000E+01  0.23869064E+01  0.23869064E+01  0.23869064E+01  0.91156563E-02  0.91156563E-02  0.91156563E-02
  0.35896000E+01  0.23500665E+01  0.23500665E+01  0.23500665E+01  0.95306186E-02  0.95306186E-02  0.95306186E-02
  0.36147000E+01  0.23140000E+01  0.23140000E+01  0.23140000E+01  0.95306186E-02  0.95306186E-02  0.95306186E-02
  0.36398000E+01  0.22784907E+01  0.22784907E+01  0.22784907E+01  0.95306186E-02  0.95306186E-02  0.95306186E-02
  0.36649000E+01  0.22436515E+01  0.22436515E+01  0.22436515E+01  0.10000000E-01  0.10000000E-01  0.10000000E-01
  0.36900000E+01  0.22100233E+01  0.22100233E+01  0.22100233E+01  0.10000000E-01  0.10000000E-01  0.10000000E-01
  0.37151000E+01  0.21783098E+01  0.21783098E+01  0.21783098E+01  0.10534573E-01  0.10534573E-01  0.10534573E-01
  0.37402000E+01  0.21492931E+01  0.21492931E+01  0.21492931E+01  0.10534573E-01  0.10534573E-01  0.10534573E-01
  0.37653000E+01  0.21236923E+01  0.21236923E+01  0.21236923E+01  0.95138049E-02  0.95138049E-02  0.95138049E-02
  0.37904000E+01  0.21020370E+01  0.21020370E+01  0.21020370E+01  0.95138049E-02  0.95138049E-02  0.95138049E-02
  0.38155000E+01  0.20845491E+01  0.20845491E+01  0.20845491E+01  0.95138049E-02  0.95138049E-02  0.95138049E-02
  0.38406000E+01  0.20710515E+01  0.20710515E+01  0.20710515E+01  0.77817175E-02  0.77817175E-02  0.77817175E-02
  0.38657000E+01  0.20610379E+01  0.20610379E+01  0.20610379E+01  0.77817175E-02  0.77817175E-02  0.77817175E-02
  0.38908000E+01  0.20535951E+01  0.20535951E+01  0.20535951E+01  0.77817175E-02  0.77817175E-02  0.77817175E-02
  0.39159000E+01  0.20476133E+01  0.20476133E+01  0.20476133E+01  0.77817175E-02  0.77817175E-02  0.77817175E-02
  0.39410000E+01  0.20417512E+01  0.20417512E+01  0.20417512E+01  0.77817175E-02  0.77817175E-02  0.77817175E-02
  0.39661000E+01  0.20346988E+01  0.20346988E+01  0.20346988E+01  0.72878589E-02  0.72878589E-02  0.72878589E-02
  0.39912000E+01  0.20252376E+01  0.20252376E+01  0.20252376E+01  0.72878589E-02  0.72878589E-02  0.72878589E-02
  0.40163000E+01  0.20123110E+01  0.20123110E+01  0.20123110E+01  0.89507689E-02  0.89507689E-02  0.89507689E-02
  0.40414000E+01  0.19951618E+01  0.19951618E+01  0.19951618E+01  0.89507689E-02  0.89507689E-02  0.89507689E-02
  0.40665000E+01  0.19733499E+01  0.19733499E+01  0.19733499E+01  0.89507689E-02  0.89507689E-02  0.89507689E-02
  0.40916000E+01  0.19467186E+01  0.19467186E+01  0.19467186E+01  0.10534573E-01  0.10534573E-01  0.10534573E-01
  0.41167000E+01  0.19155109E+01  0.19155109E+01  0.19155109E+01  0.11147379E-01  0.11147379E-01  0.11147379E-01
  0.41418000E+01  0.18801903E+01  0.18801903E+01  0.18801903E+01  0.12687680E-01  0.12687680E-01  0.12687680E-01
  0.41669000E+01  0.18415766E+01  0.18415766E+01  0.18415766E+01  0.12687680E-01  0.12687680E-01  0.12687680E-01
  0.41920000E+01  0.18006699E+01  0.18006699E+01  0.18006699E+01  0.13420740E-01  0.13420740E-01  0.13420740E-01
  0.42171000E+01  0.17586187E+01  0.17586187E+01  0.17586187E+01  0.13420740E-01  0.13420740E-01  0.13420740E-01
  0.42422000E+01  0.17166560E+01  0.17166560E+01  0.17166560E+01  0.14251768E-01  0.14251768E-01  0.14251768E-01
  0.42673000E+01  0.16760033E+01  0.16760033E+01  0.16760033E+01  0.16649330E-01  0.16649330E-01  0.16649330E-01
  0.42924000E+01  0.16377488E+01  0.16377488E+01  0.16377488E+01  0.16649330E-01  0.16649330E-01  0.16649330E-01
  0.43175000E+01  0.16027947E+01  0.16027947E+01  0.16027947E+01  0.16248246E-01  0.16248246E-01  0.16248246E-01
  0.43426000E+01  0.15718738E+01  0.15718738E+01  0.15718738E+01  0.16248246E-01  0.16248246E-01  0.16248246E-01
  0.43677000E+01  0.15454110E+01  0.15454110E+01  0.15454110E+01  0.17422784E-01  0.17422784E-01  0.17422784E-01
  0.43928000E+01  0.15236832E+01  0.15236832E+01  0.15236832E+01  0.17422784E-01  0.17422784E-01  0.17422784E-01
  0.44179000E+01  0.15068010E+01  0.15068010E+01  0.15068010E+01  0.17320508E-01  0.17320508E-01  0.17320508E-01
  0.44430000E+01  0.14947492E+01  0.14947492E+01  0.14947492E+01  0.15811388E-01  0.15811388E-01  0.15811388E-01
  0.44681000E+01  0.14874182E+01  0.14874182E+01  0.14874182E+01  0.15811388E-01  0.15811388E-01  0.15811388E-01
  0.44933000E+01  0.14846535E+01  0.14846535E+01  0.14846535E+01  0.14142136E-01  0.14142136E-01  0.14142136E-01
  0.45184000E+01  0.14861646E+01  0.14861646E+01  0.14861646E+01  0.14142136E-01  0.14142136E-01  0.14142136E-01
  0.45435000E+01  0.14915093E+01  0.14915093E+01  0.14915093E+01  0.12247449E-01  0.12247449E-01  0.12247449E-01
  0.45686000E+01  0.15000678E+01  0.15000678E+01  0.15000678E+01  0.12247449E-01  0.12247449E-01  0.12247449E-01
  0.45937000E+01  0.15109933E+01  0.15109933E+01  0.15109933E+01  0.78615138E-02  0.78615138E-02  0.78615138E-02
  0.46188000E+01  0.15232842E+01  0.15232842E+01  0.15232842E+01  0.78615138E-02  0.78615138E-02  0.78615138E-02
  0.46439000E+01  0.15358357E+01  0.15358357E+01  0.15358357E+01  0.78615138E-02  0.78615138E-02  0.78615138E-02
  0.46690000E+01  0.15475537E+01  0.15475537E+01  0.15475537E+01  0.64359425E-02  0.64359425E-02  0.64359425E-02
  0.46941000E+01  0.15574701E+01  0.15574701E+01  0.15574701E+01  0.64359425E-02  0.64359425E-02  0.64359425E-02
  0.47192000E+01  0.15647670E+01  0.15647670E+01  0.15647670E+01  0.78823876E-02  0.78823876E-02  0.78823876E-02
  0.47443000E+01  0.15688527E+01  0.15688527E+01  0.15688527E+01  0.78823876E-02  0.78823876E-02  0.78823876E-02
  0.47694000E+01  0.15693624E+01  0.15693624E+01  0.15693624E+01  0.78823876E-02  0.78823876E-02  0.78823876E-02
  0.47945000E+01  0.15660540E+01  0.15660540E+01  0.15660540E+01  0.78823876E-02  0.78823876E-02  0.78823876E-02
  0.48196000E+01  0.15588308E+01  0.15588308E+01  0.15588308E+01  0.10000000E-01  0.10000000E-01  0.10000000E-01
  0.48447000E+01  0.15476493E+01  0.15476493E+01  0.15476493E+01  0.10000000E-01  0.10000000E-01  0.10000000E-01
  0.48698000E+01  0.15325361E+01  0.15325361E+01  0.15325361E+01  0.10000000E-01  0.10000000E-01  0.10000000E-01
  0.48949000E+01  0.15135490E+01  0.15135490E+01  0.15135490E+01  0.11897378E-01  0.11897378E-01  0.11897378E-01
  0.49200000E+01  0.14908962E+01  0.14908962E+01  0.14908962E+01  0.13009929E-01  0.13009929E-01  0.13009929E-01
  0.49451000E+01  0.14648821E+01  0.14648821E+01  0.14648821E+01  0.13009929E-01  0.13009929E-01  0.13009929E-01
  0.49702000E+01  0.14359730E+01  0.14359730E+01  0.14359730E+01  0.13009929E-01  0.13009929E-01  0.13009929E-01
  0.49953000E+01  0.14048000E+01  0.14048000E+01  0.14048000E+01  0.13009929E-01  0.13009929E-01  0.13009929E-01
  0.50204000E+01  0.13721954E+01  0.13721954E+01  0.13721954E+01  0.15941710E-01  0.15941710E-01  0.15941710E-01
  0.50455000E+01  0.13390950E+01  0.13390950E+01  0.13390950E+01  0.15941710E-01  0.15941710E-01  0.15941710E-01
  0.50706000E+01  0.13064813E+01  0.13064813E+01  0.13064813E+01  0.15941710E-01  0.15941710E-01  0.15941710E-01
  0.50957000E+01  0.12753263E+01  0.12753263E+01  0.12753263E+01  0.17320508E-01  0.17320508E-01  0.17320508E-01
  0.51208000E+01  0.12464258E+01  0.12464258E+01  0.12464258E+01  0.17320508E-01  0.17320508E-01  0.17320508E-01
  0.51459000E+01  0.12204101E+01  0.12204101E+01  0.12204101E+01  0.18818558E-01  0.18818558E-01  0.18818558E-01
  0.51710000E+01  0.11975548E+01  0.11975548E+01  0.11975548E+01  0.18818558E-01  0.18818558E-01  0.18818558E-01
  0.51961000E+01  0.11778540E+01  0.11778540E+01  0.11778540E+01  0.17462846E-01  0.17462846E-01  0.17462846E-01
  0.52212000E+01  0.11609363E+01  0.11609363E+01  0.11609363E+01  0.19216093E-01  0.19216093E-01  0.19216093E-01
  0.52463000E+01  0.11462737E+01  0.11462737E+01  0.11462737E+01  0.19216093E-01  0.19216093E-01  0.19216093E-01
  0.52714000E+01  0.11332100E+01  0.11332100E+01  0.11332100E+01  0.17989074E-01  0.17989074E-01  0.17989074E-01
  0.52965000E+01  0.11211095E+01  0.11211095E+01  0.11211095E+01  0.17989074E-01  0.17989074E-01  0.17989074E-01
  0.53216000E+01  0.11095129E+01  0.11095129E+01  0.11095129E+01  0.17989074E-01  0.17989074E-01  0.17989074E-01
  0.53467000E+01  0.10983385E+01  0.10983385E+01  0.10983385E+01  0.19029767E-01  0.19029767E-01  0.19029767E-01
  0.53718000E+01  0.10877728E+01  0.10877728E+01  0.10877728E+01  0.19029767E-01  0.19029767E-01  0.19029767E-01
  0.53969000E+01  0.10784049E+01  0.10784049E+01  0.10784049E+01  0.16741492E-01  0.16741492E-01  0.16741492E-01
  0.54220000E+01  0.10711393E+01  0.10711393E+01  0.10711393E+01  0.15537740E-01  0.15537740E-01  0.15537740E-01
  0.54471000E+01  0.10670053E+01  0.10670053E+01  0.10670053E+01  0.15537740E-01  0.15537740E-01  0.15537740E-01
  0.54722000E+01  0.10670588E+01  0.10670588E+01  0.10670588E+01  0.15537740E-01  0.15537740E-01  0.15537740E-01
  0.54973000E+01  0.10722012E+01  0.10722012E+01  0.10722012E+01  0.14553467E-01  0.14553467E-01  0.14553467E-01
  0.55224000E+01  0.10828004E+01  0.10828004E+01  0.10828004E+01  0.14553467E-01  0.14553467E-01  0.14553467E-01
  0.55475000E+01  0.10987828E+01  0.10987828E+01  0.10987828E+01  0.10986841E-01  0.10986841E-01  0.10986841E-01
  0.55726000E+01  0.11193585E+01  0.11193585E+01  0.11193585E+01  0.10986841E-01  0.10986841E-01  0.10986841E-01
  0.55977000E+01  0.11430978E+01  0.11430978E+01  0.11430978E+01  0.10986841E-01  0.10986841E-01  0.10986841E-01
  0.56228000E+01  0.11682044E+01  0.11682044E+01  0.11682044E+01  0.10986841E-01  0.10986841E-01  0.10986841E-01
  0.56479000E+01  0.11926810E+01  0.11926810E+01  0.11926810E+01  0.70710678E-02  0.70710678E-02  0.70710678E-02
  0.56730000E+01  0.12146399E+01  0.12146399E+01  0.12146399E+01  0.70710678E-02  0.70710678E-02  0.70710678E-02
  0.56981000E+01  0.12324992E+01  0.12324992E+01  0.12324992E+01  0.70710678E-02  0.70710678E-02  0.70710678E-02
  0.57232000E+01  0.12452014E+01  0.12452014E+01  0.12452014E+01  0.10000000E-01  0.10000000E-01  0.10000000E-01
  0.57483000E+01  0.12521879E+01  0.12521879E+01  0.12521879E+01  0.10000000E-01  0.10000000E-01  0.10000000E-01
  0.57735000E+01  0.12534310E+01  0.12534310E+01  0.12534310E+01  0.10000000E-01  0.10000000E-01  0.10000000E-01
  0.57986000E+01  0.12492944E+01  0.12492944E+01  0.12492944E+01  0.10000000E-01  0.10000000E-01  0.10000000E-01
  0.58237000E+01  0.12404497E+01  0.12404497E+01  0.12404497E+01  0.10000000E-01  0.10000000E-01  0.10000000E-01
  0.58488000E+01  0.12278189E+01  0.12278189E+01  0.12278189E+01  0.10000000E-01  0.10000000E-01  0.10000000E-01
  0.58739000E+01  0.12124181E+01  0.12124181E+01  0.12124181E+01  0.12720196E-01  0.12720196E-01  0.12720196E-01
  0.58990000E+01  0.11951820E+01  0.11951820E+01  0.11951820E+01  0.12720196E-01  0.12720196E-01  0.12720196E-01
  0.59241000E+01  0.11769890E+01  0.11769890E+01  0.11769890E+01  0.12720196E-01  0.12720196E-01  0.12720196E-01
  0.59492000E+01  0.11584850E+01  0.11584850E+01  0.11584850E+01  0.12720196E-01  0.12720196E-01  0.12720196E-01
  0.59743000E+01  0.11400613E+01  0.11400613E+01  0.11400613E+01  0.12720196E-01  0.12720196E-01  0.12720196E-01
  0.59994000E+01  0.11219059E+01  0.11219059E+01  0.11219059E+01  0.12720196E-01  0.12720196E-01  0.12720196E-01
  0.60245000E+01  0.11039517E+01  0.11039517E+01  0.11039517E+01  0.12720196E-01  0.12720196E-01  0.12720196E-01
  0.60496000E+01  0.10859247E+01  0.10859247E+01  0.10859247E+01  0.12720196E-01  0.12720196E-01  0.12720196E-01
  0.60747000E+01  0.10675483E+01  0.10675483E+01  0.10675483E+01  0.12720196E-01  0.12720196E-01  0.12720196E-01
  0.60998000E+01  0.10484711E+01  0.10484711E+01  0.10484711E+01  0.12720196E-01  0.12720196E-01  0.12720196E-01
  0.61249000E+01  0.10284486E+01  0.10284486E+01  0.10284486E+01  0.10986841E-01  0.10986841E-01  0.10986841E-01
  0.61500000E+01  0.10073783E+01  0.10073783E+01  0.10073783E+01  0.10986841E-01  0.10986841E-01  0.10986841E-01
  0.61751000E+01  0.98527806E+00  0.98527806E+00  0.98527806E+00  0.10986841E-01  0.10986841E-01  0.10986841E-01
  0.62002000E+01  0.96240295E+00  0.96240295E+00  0.96240295E+00  0.10986841E-01  0.10986841E-01  0.10986841E-01
  0.62253000E+01  0.93911883E+00  0.93911883E+00  0.93911883E+00  0.10986841E-01  0.10986841E-01  0.10986841E-01
  0.62504000E+01  0.91585032E+00  0.91585032E+00  0.91585032E+00  0.10986841E-01  0.10986841E-01  0.10986841E-01
  0.62755000E+01  0.89322532E+00  0.89322532E+00  0.89322532E+00  0.10986841E-01  0.10986841E-01  0.10986841E-01
  0.63006000E+01  0.87182381E+00  0.87182381E+00  0.87182381E+00  0.10986841E-01  0.10986841E-01  0.10986841E-01
  0.63257000E+01  0.85237675E+00  0.85237675E+00  0.85237675E+00  0.10986841E-01  0.10986841E-01  0.10986841E-01
  0.63508000E+01  0.83551275E+00  0.83551275E+00  0.83551275E+00  0.10986841E-01  0.10986841E-01  0.10986841E-01
  0.63759000E+01  0.82191615E+00  0.82191615E+00  0.82191615E+00  0.10986841E-01  0.10986841E-01  0.10986841E-01
  0.64010000E+01  0.81213987E+00  0.81213987E+00  0.81213987E+00  0.10986841E-01  0.10986841E-01  0.10986841E-01
  0.64261000E+01  0.80672389E+00  0.80672389E+00  0.80672389E+00  0.10986841E-01  0.10986841E-01  0.10986841E-01
  0.64512000E+01  0.80590361E+00  0.80590361E+00  0.80590361E+00  0.10986841E-01  0.10986841E-01  0.10986841E-01
  0.64763000E+01  0.80979293E+00  0.80979293E+00  0.80979293E+00  0.10986841E-01  0.10986841E-01  0.10986841E-01
  0.65014000E+01  0.81809379E+00  0.81809379E+00  0.81809379E+00  0.10986841E-01  0.10986841E-01  0.10986841E-01
  0.65265000E+01  0.83031941E+00  0.83031941E+00  0.83031941E+00  0.10986841E-01  0.10986841E-01  0.10986841E-01
  0.65516000E+01  0.84564821E+00  0.84564821E+00  0.84564821E+00  0.10986841E-01  0.10986841E-01  0.10986841E-01
  0.65767000E+01  0.86302160E+00  0.86302160E+00  0.86302160E+00  0.10986841E-01  0.10986841E-01  0.10986841E-01
  0.66018000E+01  0.88133620E+00  0.88133620E+00  0.88133620E+00  0.10986841E-01  0.10986841E-01  0.10986841E-01
  0.66269000E+01  0.89944460E+00  0.89944460E+00  0.89944460E+00  0.10986841E-01  0.10986841E-01  0.10986841E-01
  0.66520000E+01  0.91641845E+00  0.91641845E+00  0.91641845E+00  0.10986841E-01  0.10986841E-01  0.10986841E-01
  0.66771000E+01  0.93146759E+00  0.93146759E+00  0.93146759E+00  0.10986841E-01  0.10986841E-01  0.10986841E-01
  0.67022000E+01  0.94411664E+00  0.94411664E+00  0.94411664E+00  0.10986841E-01  0.10986841E-01  0.10986841E-01
  0.67273000E+01  0.95410310E+00  0.95410310E+00  0.95410310E+00  0.10986841E-01  0.10986841E-01  0.10986841E-01
  0.67524000E+01  0.96140690E+00  0.96140690E+00  0.96140690E+00  0.10986841E-01  0.10986841E-01  0.10986841E-01
  0.67775000E+01  0.96612267E+00  0.96612267E+00  0.96612267E+00  0.10986841E-01  0.10986841E-01  0.10986841E-01
  0.68026000E+01  0.96841988E+00  0.96841988E+00  0.96841988E+00  0.10986841E-01  0.10986841E-01  0.10986841E-01
  0.68277000E+01  0.96860185E+00  0.96860185E+00  0.96860185E+00  0.14553467E-01  0.14553467E-01  0.14553467E-01
  0.68528000E+01  0.96688049E+00  0.96688049E+00  0.96688049E+00  0.14553467E-01  0.14553467E-01  0.14553467E-01
  0.68779000E+01  0.96340620E+00  0.96340620E+00  0.96340620E+00  0.14553467E-01  0.14553467E-01  0.14553467E-01
  0.69030000E+01  0.95838409E+00  0.95838409E+00  0.95838409E+00  0.14553467E-01  0.14553467E-01  0.14553467E-01
  0.69281000E+01  0.95185853E+00  0.95185853E+00  0.95185853E+00  0.10986841E-01  0.10986841E-01  0.10986841E-01
  0.69532000E+01  0.94394447E+00  0.94394447E+00  0.94394447E+00  0.10000000E-01  0.10000000E-01  0.10000000E-01
  0.69783000E+01  0.93470282E+00  0.93470282E+00  0.93470282E+00  0.10000000E-01  0.10000000E-01  0.10000000E-01
  0.70034000E+01  0.92426041E+00  0.92426041E+00  0.92426041E+00  0.10000000E-01  0.10000000E-01  0.10000000E-01
  0.70285000E+01  0.91279838E+00  0.91279838E+00  0.91279838E+00  0.10000000E-01  0.10000000E-01  0.10000000E-01
  0.70537000E+01  0.90058180E+00  0.90058180E+00  0.90058180E+00  0.10000000E-01  0.10000000E-01  0.10000000E-01
  0.70788000E+01  0.88788959E+00  0.88788959E+00  0.88788959E+00  0.10000000E-01  0.10000000E-01  0.10000000E-01
  0.71039000E+01  0.87510420E+00  0.87510420E+00  0.87510420E+00  0.10000000E-01  0.10000000E-01  0.10000000E-01
  0.71290000E+01  0.86266251E+00  0.86266251E+00  0.86266251E+00  0.10000000E-01  0.10000000E-01  0.10000000E-01
  0.71541000E+01  0.85091635E+00  0.85091635E+00  0.85091635E+00  0.10000000E-01  0.10000000E-01  0.10000000E-01
  0.71792000E+01  0.84026734E+00  0.84026734E+00  0.84026734E+00  0.10000000E-01  0.10000000E-01  0.10000000E-01
  0.72043000E+01  0.83108719E+00  0.83108719E+00  0.83108719E+00  0.10000000E-01  0.10000000E-01  0.10000000E-01
  0.72294000E+01  0.82356510E+00  0.82356510E+00  0.82356510E+00  0.10000000E-01  0.10000000E-01  0.10000000E-01
  0.72545000E+01  0.81793032E+00  0.81793032E+00  0.81793032E+00  0.10000000E-01  0.10000000E-01  0.10000000E-01
  0.72796000E+01  0.81421579E+00  0.81421579E+00  0.81421579E+00  0.10000000E-01  0.10000000E-01  0.10000000E-01
  0.73047000E+01  0.81244081E+00  0.81244081E+00  0.81244081E+00  0.10000000E-01  0.10000000E-01  0.10000000E-01
  0.73298000E+01  0.81254149E+00  0.81254149E+00  0.81254149E+00  0.10000000E-01  0.10000000E-01  0.10000000E-01
  0.73549000E+01  0.81444248E+00  0.81444248E+00  0.81444248E+00  0.10000000E-01  0.10000000E-01  0.10000000E-01
  0.73800000E+01  0.81806049E+00  0.81806049E+00  0.81806049E+00  0.10000000E-01  0.10000000E-01  0.10000000E-01
  0.74051000E+01  0.82330512E+00  0.82330512E+00  0.82330512E+00  0.10000000E-01  0.10000000E-01  0.10000000E-01
  0.74302000E+01  0.83014569E+00  0.83014569E+00  0.83014569E+00  0.10000000E-01  0.10000000E-01  0.10000000E-01
  0.74553000E+01  0.83856688E+00  0.83856688E+00  0.83856688E+00  0.10000000E-01  0.10000000E-01  0.10000000E-01
  0.74804000E+01  0.84854004E+00  0.84854004E+00  0.84854004E+00  0.10000000E-01  0.10000000E-01  0.10000000E-01
  0.75055000E+01  0.86006613E+00  0.86006613E+00  0.86006613E+00  0.10000000E-01  0.10000000E-01  0.10000000E-01
  0.75306000E+01  0.87305316E+00  0.87305316E+00  0.87305316E+00  0.10000000E-01  0.10000000E-01  0.10000000E-01
