 #Energy       XX              YY             ZZ              XY              YZ              XZ       
  0.0000  0.00000000E+00  0.00000000E+00  0.00000000E+00             NaN             NaN             NaN
  0.0378  0.29969622E-03  0.29969622E-03  0.19533286E-03             NaN             NaN             NaN
  0.0756  0.60449174E-03  0.60449174E-03  0.39042707E-03             NaN             NaN             NaN
  0.1133  0.92739926E-03  0.92739926E-03  0.58500510E-03             NaN             NaN             NaN
  0.1511  0.12970535E-02  0.12970535E-02  0.77884392E-03             NaN             NaN             NaN
  0.1889  0.17605944E-02  0.17605944E-02  0.99450564E-03             NaN             NaN             NaN
  0.2267  0.23785229E-02  0.23785229E-02  0.11974251E-02             NaN             NaN             NaN
  0.2645  0.32108044E-02  0.32108044E-02  0.14213677E-02             NaN             NaN             NaN
  0.3022  0.42984580E-02  0.42984580E-02  0.16545628E-02             NaN             NaN             NaN
  0.3400  0.56531627E-02  0.56531627E-02  0.18964528E-02             NaN             NaN             NaN
  0.3778  0.72605284E-02  0.72605284E-02  0.21577735E-02             NaN             NaN             NaN
  0.4156  0.90934150E-02  0.90934150E-02  0.24263266E-02             NaN             NaN             NaN
  0.4534  0.11126872E-01  0.11126872E-01  0.27238562E-02             NaN             NaN             NaN
  0.4911  0.13349011E-01  0.13349011E-01  0.30378583E-02             NaN             NaN             NaN
  0.5289  0.15766951E-01  0.15766951E-01  0.33670703E-02             NaN             NaN             NaN
  0.5667  0.18409253E-01  0.18409253E-01  0.37315970E-02             NaN             NaN             NaN
  0.6045  0.21327243E-01  0.21327243E-01  0.41076822E-02             NaN             NaN             NaN
  0.6423  0.24594635E-01  0.24594635E-01  0.45139750E-02             NaN             NaN             NaN
  0.6800  0.28303573E-01  0.28303573E-01  0.49354431E-02             NaN             NaN             NaN
  0.7178  0.32553099E-01  0.32553099E-01  0.54091592E-02             NaN             NaN             NaN
  0.7556  0.37429293E-01  0.37429293E-01  0.59663160E-02             NaN             NaN             NaN
  0.7934  0.42987921E-01  0.42987921E-01  0.67136242E-02             NaN             NaN             NaN
  0.8311  0.49261992E-01  0.49261992E-01  0.78105433E-02             NaN             NaN             NaN
  0.8689  0.56289263E-01  0.56289263E-01  0.95358267E-02             NaN             NaN             NaN
  0.9067  0.64060207E-01  0.64060207E-01  0.12245245E-01             NaN             NaN             NaN
  0.9445  0.72191968E-01  0.72191968E-01  0.16323442E-01             NaN             NaN             NaN
  0.9823  0.79262991E-01  0.79262991E-01  0.22080236E-01             NaN             NaN             NaN
  1.0200  0.82622885E-01  0.82622885E-01  0.29721176E-01             NaN             NaN             NaN
  1.0578  0.80514973E-01  0.80514973E-01  0.39254023E-01             NaN             NaN             NaN
  1.0956  0.74820646E-01  0.74820646E-01  0.50486592E-01             NaN             NaN             NaN
  1.1334  0.69234028E-01  0.69234028E-01  0.63085346E-01             NaN             NaN             NaN
  1.1712  0.65885473E-01  0.65885473E-01  0.76506895E-01             NaN             NaN             NaN
  1.2089  0.65105388E-01  0.65105388E-01  0.89928123E-01             NaN             NaN             NaN
  1.2467  0.66520961E-01  0.66520961E-01  0.10210256E+00             NaN             NaN             NaN
  1.2845  0.69635809E-01  0.69635809E-01  0.11123653E+00             NaN             NaN             NaN
  1.3223  0.73836442E-01  0.73836442E-01  0.11511045E+00             NaN             NaN             NaN
  1.3601  0.78088506E-01  0.78088506E-01  0.11182613E+00             NaN             NaN             NaN
  1.3978  0.80577952E-01  0.80577952E-01  0.10102759E+00             NaN             NaN             NaN
  1.4356  0.79052748E-01  0.79052748E-01  0.84917013E-01             NaN             NaN             NaN
  1.4734  0.72687486E-01  0.72687486E-01  0.67400842E-01             NaN             NaN             NaN
  1.5112  0.63685797E-01  0.63685797E-01  0.52211705E-01             NaN             NaN             NaN
  1.5490  0.55460931E-01  0.55460931E-01  0.41436929E-01             NaN             NaN             NaN
  1.5867  0.49872775E-01  0.49872775E-01  0.35610595E-01             NaN             NaN             NaN
  1.6245  0.47019664E-01  0.47019664E-01  0.34402976E-01             NaN             NaN             NaN
  1.6623  0.46307566E-01  0.46307566E-01  0.37209023E-01             NaN             NaN             NaN
  1.7001  0.47134954E-01  0.47134954E-01  0.43386738E-01             NaN             NaN             NaN
  1.7379  0.49082488E-01  0.49082488E-01  0.52378618E-01             NaN             NaN             NaN
  1.7756  0.51906748E-01  0.51906748E-01  0.63653240E-01             NaN             NaN             NaN
  1.8134  0.55490498E-01  0.55490498E-01  0.76669696E-01             NaN             NaN             NaN
  1.8512  0.59796144E-01  0.59796144E-01  0.90798188E-01             NaN             NaN             NaN
  1.8890  0.64822017E-01  0.64822017E-01  0.10522518E+00             NaN             NaN             NaN
  1.9268  0.70552037E-01  0.70552037E-01  0.11885107E+00             NaN             NaN             NaN
  1.9645  0.76882078E-01  0.76882078E-01  0.13009516E+00             NaN             NaN             NaN
  2.0023  0.83520535E-01  0.83520535E-01  0.13704701E+00             NaN             NaN             NaN
  2.0401  0.89895112E-01  0.89895112E-01  0.13797898E+00             NaN             NaN             NaN
  2.0779  0.95171520E-01  0.95171520E-01  0.13214653E+00             NaN             NaN             NaN
  2.1157  0.98505838E-01  0.98505838E-01  0.12059276E+00             NaN             NaN             NaN
  2.1534  0.99442791E-01  0.99442791E-01  0.10578265E+00             NaN             NaN             NaN
  2.1912  0.98133868E-01  0.98133868E-01  0.90439990E-01             NaN             NaN             NaN
  2.2290  0.95167141E-01  0.95167141E-01  0.76417808E-01             NaN             NaN             NaN
  2.2668  0.91262568E-01  0.91262568E-01  0.64481461E-01             NaN             NaN             NaN
  2.3045  0.87099318E-01  0.87099318E-01  0.54738437E-01             NaN             NaN             NaN
  2.3423  0.83289243E-01  0.83289243E-01  0.46963867E-01             NaN             NaN             NaN
  2.3801  0.80313577E-01  0.80313577E-01  0.40883704E-01             NaN             NaN             NaN
  2.4179  0.78456722E-01  0.78456722E-01  0.36299476E-01             NaN             NaN             NaN
  2.4557  0.77764948E-01  0.77764948E-01  0.32984550E-01             NaN             NaN             NaN
  2.4934  0.78084517E-01  0.78084517E-01  0.30816447E-01             NaN             NaN             NaN
  2.5312  0.79107771E-01  0.79107771E-01  0.29733187E-01             NaN             NaN             NaN
  2.5690  0.80426889E-01  0.80426889E-01  0.29739928E-01             NaN             NaN             NaN
  2.6068  0.81616086E-01  0.81616086E-01  0.30906734E-01             NaN             NaN             NaN
  2.6446  0.82384629E-01  0.82384629E-01  0.33305049E-01             NaN             NaN             NaN
  2.6823  0.82740164E-01  0.82740164E-01  0.36975041E-01             NaN             NaN             NaN
  2.7201  0.83017365E-01  0.83017365E-01  0.41805647E-01             NaN             NaN             NaN
  2.7579  0.83703144E-01  0.83703144E-01  0.47652548E-01             NaN             NaN             NaN
  2.7957  0.85225070E-01  0.85225070E-01  0.54211990E-01             NaN             NaN             NaN
  2.8335  0.87837110E-01  0.87837110E-01  0.61126520E-01             NaN             NaN             NaN
  2.8712  0.91600596E-01  0.91600596E-01  0.67953399E-01             NaN             NaN             NaN
  2.9090  0.96334760E-01  0.96334760E-01  0.74235516E-01             NaN             NaN             NaN
  2.9468  0.10144717E+00  0.10144717E+00  0.79532935E-01             NaN             NaN             NaN
  2.9846  0.10565438E+00  0.10565438E+00  0.83580285E-01             NaN             NaN             NaN
  3.0224  0.10696668E+00  0.10696668E+00  0.86462007E-01             NaN             NaN             NaN
  3.0601  0.10370095E+00  0.10370095E+00  0.88679988E-01             NaN             NaN             NaN
  3.0979  0.96279458E-01  0.96279458E-01  0.91066892E-01             NaN             NaN             NaN
  3.1357  0.87327315E-01  0.87327315E-01  0.94475062E-01             NaN             NaN             NaN
  3.1735  0.79471186E-01  0.79471186E-01  0.99446933E-01             NaN             NaN             NaN
  3.2113  0.73802983E-01  0.73802983E-01  0.10599312E+00             NaN             NaN             NaN
  3.2490  0.70186901E-01  0.70186901E-01  0.11364875E+00             NaN             NaN             NaN
  3.2868  0.68012204E-01  0.68012204E-01  0.12150937E+00             NaN             NaN             NaN
  3.3246  0.66630097E-01  0.66630097E-01  0.12848755E+00             NaN             NaN             NaN
  3.3624  0.65527984E-01  0.65527984E-01  0.13353678E+00             NaN             NaN             NaN
  3.4002  0.64405074E-01  0.64405074E-01  0.13609395E+00             NaN             NaN             NaN
  3.4379  0.63216582E-01  0.63216582E-01  0.13638206E+00             NaN             NaN             NaN
  3.4757  0.62122223E-01  0.62122223E-01  0.13546461E+00             NaN             NaN             NaN
  3.5135  0.61351163E-01  0.61351163E-01  0.13474778E+00             NaN             NaN             NaN
  3.5513  0.61078629E-01  0.61078629E-01  0.13528909E+00             NaN             NaN             NaN
  3.5891  0.61385021E-01  0.61385021E-01  0.13755759E+00             NaN             NaN             NaN
  3.6268  0.62277783E-01  0.62277783E-01  0.14145714E+00             NaN             NaN             NaN
  3.6646  0.63734733E-01  0.63734733E-01  0.14659692E+00             NaN             NaN             NaN
  3.7024  0.65726592E-01  0.65726592E-01  0.15250560E+00             NaN             NaN             NaN
  3.7402  0.68228123E-01  0.68228123E-01  0.15871480E+00             NaN             NaN             NaN
  3.7779  0.71205435E-01  0.71205435E-01  0.16480254E+00             NaN             NaN             NaN
  3.8157  0.74600092E-01  0.74600092E-01  0.17023327E+00             NaN             NaN             NaN
  3.8535  0.78297648E-01  0.78297648E-01  0.17430119E+00             NaN             NaN             NaN
  3.8913  0.82083875E-01  0.82083875E-01  0.17617981E+00             NaN             NaN             NaN
  3.9291  0.85589017E-01  0.85589017E-01  0.17512589E+00             NaN             NaN             NaN
  3.9668  0.88260282E-01  0.88260282E-01  0.17089196E+00             NaN             NaN             NaN
  4.0046  0.89467362E-01  0.89467362E-01  0.16416528E+00             NaN             NaN             NaN
  4.0424  0.88787957E-01  0.88787957E-01  0.15665315E+00             NaN             NaN             NaN
  4.0802  0.86328462E-01  0.86328462E-01  0.15040558E+00             NaN             NaN             NaN
  4.1180  0.82715113E-01  0.82715113E-01  0.14705091E+00             NaN             NaN             NaN
  4.1557  0.78731900E-01  0.78731900E-01  0.14716585E+00             NaN             NaN             NaN
  4.1935  0.74966520E-01  0.74966520E-01  0.15026499E+00             NaN             NaN             NaN
  4.2313  0.71713850E-01  0.71713850E-01  0.15505805E+00             NaN             NaN             NaN
  4.2691  0.69053409E-01  0.69053409E-01  0.15964294E+00             NaN             NaN             NaN
  4.3069  0.66967167E-01  0.66967167E-01  0.16182683E+00             NaN             NaN             NaN
  4.3446  0.65421910E-01  0.65421910E-01  0.15946752E+00             NaN             NaN             NaN
  4.3824  0.64417322E-01  0.64417322E-01  0.15141318E+00             NaN             NaN             NaN
  4.4202  0.64011946E-01  0.64011946E-01  0.13824117E+00             NaN             NaN             NaN
  4.4580  0.64345593E-01  0.64345593E-01  0.12257620E+00             NaN             NaN             NaN
  4.4958  0.65646302E-01  0.65646302E-01  0.10796079E+00             NaN             NaN             NaN
  4.5335  0.68208758E-01  0.68208758E-01  0.97200830E-01             NaN             NaN             NaN
  4.5713  0.72294247E-01  0.72294247E-01  0.91513604E-01             NaN             NaN             NaN
  4.6091  0.77930164E-01  0.77930164E-01  0.90594301E-01             NaN             NaN             NaN
  4.6469  0.84652541E-01  0.84652541E-01  0.93281774E-01             NaN             NaN             NaN
  4.6847  0.91504862E-01  0.91504862E-01  0.98063283E-01             NaN             NaN             NaN
  4.7224  0.97460435E-01  0.97460435E-01  0.10325446E+00             NaN             NaN             NaN
  4.7602  0.10203271E+00  0.10203271E+00  0.10724241E+00             NaN             NaN             NaN
  4.7980  0.10549342E+00  0.10549342E+00  0.10844679E+00             NaN             NaN             NaN
  4.8358  0.10862322E+00  0.10862322E+00  0.10572485E+00             NaN             NaN             NaN
  4.8736  0.11238764E+00  0.11238764E+00  0.98807848E-01             NaN             NaN             NaN
  4.9113  0.11769841E+00  0.11769841E+00  0.88595618E-01             NaN             NaN             NaN
  4.9491  0.12518121E+00  0.12518121E+00  0.77054313E-01             NaN             NaN             NaN
  4.9869  0.13479588E+00  0.13479588E+00  0.66452206E-01             NaN             NaN             NaN
  5.0247  0.14537139E+00  0.14537139E+00  0.58488012E-01             NaN             NaN             NaN
  5.0625  0.15465813E+00  0.15465813E+00  0.53873010E-01             NaN             NaN             NaN
  5.1002  0.16039413E+00  0.16039413E+00  0.52328487E-01             NaN             NaN             NaN
  5.1380  0.16169581E+00  0.16169581E+00  0.53124391E-01             NaN             NaN             NaN
  5.1758  0.15928339E+00  0.15928339E+00  0.55283300E-01             NaN             NaN             NaN
  5.2136  0.15459536E+00  0.15459536E+00  0.57833366E-01             NaN             NaN             NaN
  5.2514  0.14894732E+00  0.14894732E+00  0.59954296E-01             NaN             NaN             NaN
  5.2891  0.14324235E+00  0.14324235E+00  0.60965769E-01             NaN             NaN             NaN
  5.3269  0.13803730E+00  0.13803730E+00  0.60477832E-01             NaN             NaN             NaN
  5.3647  0.13370454E+00  0.13370454E+00  0.58346978E-01             NaN             NaN             NaN
  5.4025  0.13058867E+00  0.13058867E+00  0.54804350E-01             NaN             NaN             NaN
  5.4402  0.12913025E+00  0.12913025E+00  0.50406123E-01             NaN             NaN             NaN
  5.4780  0.12991690E+00  0.12991690E+00  0.45849440E-01             NaN             NaN             NaN
  5.5158  0.13367711E+00  0.13367711E+00  0.41920343E-01             NaN             NaN             NaN
  5.5536  0.14111383E+00  0.14111383E+00  0.39076820E-01             NaN             NaN             NaN
  5.5914  0.15250861E+00  0.15250861E+00  0.37533274E-01             NaN             NaN             NaN
  5.6291  0.16716242E+00  0.16716242E+00  0.37092112E-01             NaN             NaN             NaN
  5.6669  0.18323923E+00  0.18323923E+00  0.37347849E-01             NaN             NaN             NaN
  5.7047  0.19838501E+00  0.19838501E+00  0.37747840E-01             NaN             NaN             NaN
  5.7425  0.21095962E+00  0.21095962E+00  0.37794443E-01             NaN             NaN             NaN
  5.7803  0.22081370E+00  0.22081370E+00  0.37085887E-01             NaN             NaN             NaN
  5.8180  0.22899549E+00  0.22899549E+00  0.35444269E-01             NaN             NaN             NaN
  5.8558  0.23722358E+00  0.23722358E+00  0.32952062E-01             NaN             NaN             NaN
  5.8936  0.24727082E+00  0.24727082E+00  0.29867753E-01             NaN             NaN             NaN
  5.9314  0.26087967E+00  0.26087967E+00  0.26588807E-01             NaN             NaN             NaN
  5.9692  0.27935779E+00  0.27935779E+00  0.23531862E-01             NaN             NaN             NaN
  6.0069  0.30328625E+00  0.30328625E+00  0.21032282E-01             NaN             NaN             NaN
  6.0447  0.33156091E+00  0.33156091E+00  0.19340932E-01             NaN             NaN             NaN
  6.0825  0.36075627E+00  0.36075627E+00  0.18558986E-01             NaN             NaN             NaN
  6.1203  0.38561790E+00  0.38561790E+00  0.18667214E-01             NaN             NaN             NaN
  6.1581  0.40144327E+00  0.40144327E+00  0.19474737E-01             NaN             NaN             NaN
  6.1958  0.40682787E+00  0.40682787E+00  0.20728011E-01             NaN             NaN             NaN
  6.2336  0.40374357E+00  0.40374357E+00  0.22054616E-01             NaN             NaN             NaN
  6.2714  0.39582457E+00  0.39582457E+00  0.23128988E-01             NaN             NaN             NaN
  6.3092  0.38651914E+00  0.38651914E+00  0.23642397E-01             NaN             NaN             NaN
  6.3470  0.37823356E+00  0.37823356E+00  0.23449606E-01             NaN             NaN             NaN
  6.3847  0.37235460E+00  0.37235460E+00  0.22545036E-01             NaN             NaN             NaN
  6.4225  0.36967155E+00  0.36967155E+00  0.21132815E-01             NaN             NaN             NaN
  6.4603  0.37029773E+00  0.37029773E+00  0.19527684E-01             NaN             NaN             NaN
  6.4981  0.37401272E+00  0.37401272E+00  0.18056688E-01             NaN             NaN             NaN
  6.5359  0.38019250E+00  0.38019250E+00  0.16936707E-01             NaN             NaN             NaN
  6.5736  0.38826421E+00  0.38826421E+00  0.16207806E-01             NaN             NaN             NaN
  6.6114  0.39784532E+00  0.39784532E+00  0.15828298E-01             NaN             NaN             NaN
  6.6492  0.40928919E+00  0.40928919E+00  0.15624456E-01             NaN             NaN             NaN
  6.6870  0.42366720E+00  0.42366720E+00  0.15436132E-01             NaN             NaN             NaN
  6.7248  0.44292493E+00  0.44292493E+00  0.15197779E-01             NaN             NaN             NaN
  6.7625  0.46915931E+00  0.46915931E+00  0.14885366E-01             NaN             NaN             NaN
  6.8003  0.50439723E+00  0.50439723E+00  0.14556831E-01             NaN             NaN             NaN
  6.8381  0.54952116E+00  0.54952116E+00  0.14300542E-01             NaN             NaN             NaN
  6.8759  0.60356371E+00  0.60356371E+00  0.14162103E-01             NaN             NaN             NaN
  6.9136  0.66396998E+00  0.66396998E+00  0.14157455E-01             NaN             NaN             NaN
  6.9514  0.72811690E+00  0.72811690E+00  0.14230258E-01             NaN             NaN             NaN
  6.9892  0.79614606E+00  0.79614606E+00  0.14310580E-01             NaN             NaN             NaN
  7.0270  0.87132508E+00  0.87132508E+00  0.14326942E-01             NaN             NaN             NaN
  7.0648  0.95965717E+00  0.95965717E+00  0.14247212E-01             NaN             NaN             NaN
  7.1025  0.10673166E+01  0.10673166E+01  0.14058078E-01             NaN             NaN             NaN
  7.1403  0.11958066E+01  0.11958066E+01  0.13797853E-01             NaN             NaN             NaN
  7.1781  0.13357777E+01  0.13357777E+01  0.13536700E-01             NaN             NaN             NaN
  7.2159  0.14651343E+01  0.14651343E+01  0.13289143E-01             NaN             NaN             NaN
  7.2537  0.15585756E+01  0.15585756E+01  0.13044681E-01             NaN             NaN             NaN
  7.2914  0.16065363E+01  0.16065363E+01  0.12804226E-01             NaN             NaN             NaN
  7.3292  0.16196951E+01  0.16196951E+01  0.12504038E-01             NaN             NaN             NaN
  7.3670  0.16185993E+01  0.16185993E+01  0.12115808E-01             NaN             NaN             NaN
  7.4048  0.16196250E+01  0.16196250E+01  0.11627171E-01             NaN             NaN             NaN
  7.4426  0.16303288E+01  0.16303288E+01  0.11075444E-01             NaN             NaN             NaN
  7.4803  0.16512029E+01  0.16512029E+01  0.10511276E-01             NaN             NaN             NaN
  7.5181  0.16766288E+01  0.16766288E+01  0.10021002E-01             NaN             NaN             NaN
  7.5559  0.16973148E+01  0.16973148E+01  0.96543822E-02             NaN             NaN             NaN
  7.5937  0.17044186E+01  0.17044186E+01  0.94931978E-02             NaN             NaN             NaN
  7.6315  0.16926819E+01  0.16926819E+01  0.95329599E-02             NaN             NaN             NaN
  7.6692  0.16623828E+01  0.16623828E+01  0.97703507E-02             NaN             NaN             NaN
  7.7070  0.16200359E+01  0.16200359E+01  0.10143818E-01             NaN             NaN             NaN
  7.7448  0.15745884E+01  0.15745884E+01  0.10596015E-01             NaN             NaN             NaN
  7.7826  0.15348105E+01  0.15348105E+01  0.11047545E-01             NaN             NaN             NaN
  7.8204  0.15090360E+01  0.15090360E+01  0.11400672E-01             NaN             NaN             NaN
  7.8581  0.15015091E+01  0.15015091E+01  0.11600322E-01             NaN             NaN             NaN
  7.8959  0.15142917E+01  0.15142917E+01  0.11581734E-01             NaN             NaN             NaN
  7.9337  0.15440558E+01  0.15440558E+01  0.11342652E-01             NaN             NaN             NaN
  7.9715  0.15791912E+01  0.15791912E+01  0.10915719E-01             NaN             NaN             NaN
  8.0093  0.15945347E+01  0.15945347E+01  0.10366778E-01             NaN             NaN             NaN
  8.0470  0.15509438E+01  0.15509438E+01  0.98037659E-02             NaN             NaN             NaN
  8.0848  0.14156134E+01  0.14156134E+01  0.93106790E-02             NaN             NaN             NaN
  8.1226  0.12038111E+01  0.12038111E+01  0.89797729E-02             NaN             NaN             NaN
  8.1604  0.97783315E+00  0.97783315E+00  0.88587914E-02             NaN             NaN             NaN
  8.1982  0.79455183E+00  0.79455183E+00  0.89710464E-02             NaN             NaN             NaN
  8.2359  0.67113143E+00  0.67113143E+00  0.92722872E-02             NaN             NaN             NaN
  8.2737  0.59853439E+00  0.59853439E+00  0.97114150E-02             NaN             NaN             NaN
  8.3115  0.56062483E+00  0.56062483E+00  0.10192585E-01             NaN             NaN             NaN
  8.3493  0.54378527E+00  0.54378527E+00  0.10606702E-01             NaN             NaN             NaN
  8.3870  0.53733594E+00  0.53733594E+00  0.10890871E-01             NaN             NaN             NaN
  8.4248  0.53331066E+00  0.53331066E+00  0.10963278E-01             NaN             NaN             NaN
  8.4626  0.52454398E+00  0.52454398E+00  0.10835269E-01             NaN             NaN             NaN
  8.5004  0.50580990E+00  0.50580990E+00  0.10523003E-01             NaN             NaN             NaN
  8.5382  0.47485139E+00  0.47485139E+00  0.10100163E-01             NaN             NaN             NaN
  8.5759  0.43301941E+00  0.43301941E+00  0.96466431E-02             NaN             NaN             NaN
  8.6137  0.38611942E+00  0.38611942E+00  0.92572723E-02             NaN             NaN             NaN
  8.6515  0.34113163E+00  0.34113163E+00  0.89889911E-02             NaN             NaN             NaN
  8.6893  0.30339632E+00  0.30339632E+00  0.88625977E-02             NaN             NaN             NaN
  8.7271  0.27533085E+00  0.27533085E+00  0.88965895E-02             NaN             NaN             NaN
  8.7648  0.25660589E+00  0.25660589E+00  0.90682104E-02             NaN             NaN             NaN
  8.8026  0.24543129E+00  0.24543129E+00  0.93715999E-02             NaN             NaN             NaN
  8.8404  0.23935656E+00  0.23935656E+00  0.97567723E-02             NaN             NaN             NaN
  8.8782  0.23631169E+00  0.23631169E+00  0.10191815E-01             NaN             NaN             NaN
  8.9160  0.23418937E+00  0.23418937E+00  0.10632006E-01             NaN             NaN             NaN
  8.9537  0.23147076E+00  0.23147076E+00  0.11021240E-01             NaN             NaN             NaN
  8.9915  0.22689615E+00  0.22689615E+00  0.11332631E-01             NaN             NaN             NaN
  9.0293  0.21981651E+00  0.21981651E+00  0.11546375E-01             NaN             NaN             NaN
  9.0671  0.21034040E+00  0.21034040E+00  0.11662762E-01             NaN             NaN             NaN
  9.1049  0.19887390E+00  0.19887390E+00  0.11708063E-01             NaN             NaN             NaN
  9.1426  0.18645421E+00  0.18645421E+00  0.11727630E-01             NaN             NaN             NaN
  9.1804  0.17418567E+00  0.17418567E+00  0.11769790E-01             NaN             NaN             NaN
  9.2182  0.16299580E+00  0.16299580E+00  0.11853447E-01             NaN             NaN             NaN
  9.2560  0.15329457E+00  0.15329457E+00  0.12000281E-01             NaN             NaN             NaN
  9.2938  0.14493640E+00  0.14493640E+00  0.12185883E-01             NaN             NaN             NaN
  9.3315  0.13733994E+00  0.13733994E+00  0.12369508E-01             NaN             NaN             NaN
  9.3693  0.12989450E+00  0.12989450E+00  0.12511530E-01             NaN             NaN             NaN
  9.4071  0.12189311E+00  0.12189311E+00  0.12578527E-01             NaN             NaN             NaN
  9.4449  0.11313308E+00  0.11313308E+00  0.12554585E-01             NaN             NaN             NaN
  9.4827  0.10379100E+00  0.10379100E+00  0.12469124E-01             NaN             NaN             NaN
  9.5204  0.94577462E-01  0.94577462E-01  0.12350567E-01             NaN             NaN             NaN
  9.5582  0.86203128E-01  0.86203128E-01  0.12245075E-01             NaN             NaN             NaN
  9.5960  0.79217517E-01  0.79217517E-01  0.12194533E-01             NaN             NaN             NaN
  9.6338  0.73908035E-01  0.73908035E-01  0.12237012E-01             NaN             NaN             NaN
  9.6716  0.70036985E-01  0.70036985E-01  0.12378064E-01             NaN             NaN             NaN
  9.7093  0.67241153E-01  0.67241153E-01  0.12619203E-01             NaN             NaN             NaN
  9.7471  0.65031928E-01  0.65031928E-01  0.12949636E-01             NaN             NaN             NaN
  9.7849  0.63071331E-01  0.63071331E-01  0.13359001E-01             NaN             NaN             NaN
  9.8227  0.61142571E-01  0.61142571E-01  0.13815012E-01             NaN             NaN             NaN
  9.8604  0.59168361E-01  0.59168361E-01  0.14294962E-01             NaN             NaN             NaN
  9.8982  0.57189292E-01  0.57189292E-01  0.14762267E-01             NaN             NaN             NaN
  9.9360  0.55266864E-01  0.55266864E-01  0.15182040E-01             NaN             NaN             NaN
  9.9738  0.53502873E-01  0.53502873E-01  0.15523755E-01             NaN             NaN             NaN
 10.0116  0.51927510E-01  0.51927510E-01  0.15783309E-01             NaN             NaN             NaN
 10.0493  0.50593998E-01  0.50593998E-01  0.15981709E-01             NaN             NaN             NaN
 10.0871  0.49654099E-01  0.49654099E-01  0.16194104E-01             NaN             NaN             NaN
 10.1249  0.49239072E-01  0.49239072E-01  0.16547791E-01             NaN             NaN             NaN
 10.1627  0.49535410E-01  0.49535410E-01  0.17221162E-01             NaN             NaN             NaN
 10.2005  0.50724875E-01  0.50724875E-01  0.18406295E-01             NaN             NaN             NaN
 10.2382  0.52969496E-01  0.52969496E-01  0.20271446E-01             NaN             NaN             NaN
 10.2760  0.56235007E-01  0.56235007E-01  0.22911924E-01             NaN             NaN             NaN
 10.3138  0.60452560E-01  0.60452560E-01  0.26333542E-01             NaN             NaN             NaN
 10.3516  0.65289424E-01  0.65289424E-01  0.30461743E-01             NaN             NaN             NaN
 10.3894  0.70363971E-01  0.70363971E-01  0.35170371E-01             NaN             NaN             NaN
 10.4271  0.75167235E-01  0.75167235E-01  0.40314711E-01             NaN             NaN             NaN
 10.4649  0.79179741E-01  0.79179741E-01  0.45748138E-01             NaN             NaN             NaN
 10.5027  0.81939129E-01  0.81939129E-01  0.51320628E-01             NaN             NaN             NaN
 10.5405  0.83130398E-01  0.83130398E-01  0.56860671E-01             NaN             NaN             NaN
 10.5783  0.82663928E-01  0.82663928E-01  0.62146490E-01             NaN             NaN             NaN
 10.6160  0.80674301E-01  0.80674301E-01  0.66879455E-01             NaN             NaN             NaN
 10.6538  0.77489143E-01  0.77489143E-01  0.70674476E-01             NaN             NaN             NaN
 10.6916  0.73569467E-01  0.73569467E-01  0.73144325E-01             NaN             NaN             NaN
 10.7294  0.69351026E-01  0.69351026E-01  0.74074419E-01             NaN             NaN             NaN
 10.7672  0.65305566E-01  0.65305566E-01  0.73645230E-01             NaN             NaN             NaN
 10.8049  0.61823349E-01  0.61823349E-01  0.72469134E-01             NaN             NaN             NaN
 10.8427  0.59208945E-01  0.59208945E-01  0.71338495E-01             NaN             NaN             NaN
 10.8805  0.57633545E-01  0.57633545E-01  0.70868934E-01             NaN             NaN             NaN
 10.9183  0.57100737E-01  0.57100737E-01  0.71342615E-01             NaN             NaN             NaN
 10.9561  0.57432781E-01  0.57432781E-01  0.72769868E-01             NaN             NaN             NaN
 10.9938  0.58371033E-01  0.58371033E-01  0.75031438E-01             NaN             NaN             NaN
 11.0316  0.59546654E-01  0.59546654E-01  0.77984414E-01             NaN             NaN             NaN
 11.0694  0.60645550E-01  0.60645550E-01  0.81515805E-01             NaN             NaN             NaN
 11.1072  0.61459213E-01  0.61459213E-01  0.85552550E-01             NaN             NaN             NaN
 11.1450  0.61965163E-01  0.61965163E-01  0.90064726E-01             NaN             NaN             NaN
 11.1827  0.62356427E-01  0.62356427E-01  0.95052094E-01             NaN             NaN             NaN
 11.2205  0.63014578E-01  0.63014578E-01  0.10054015E+00             NaN             NaN             NaN
 11.2583  0.64319197E-01  0.64319197E-01  0.10656342E+00             NaN             NaN             NaN
 11.2961  0.66553170E-01  0.66553170E-01  0.11314921E+00             NaN             NaN             NaN
 11.3338  0.69808552E-01  0.69808552E-01  0.12028760E+00             NaN             NaN             NaN
