  #energy          xx             yy              zz              xy              yz              zx
  0.00000000E+00  0.00000000E+00  0.00000000E+00  0.00000000E+00  0.00000000E+00  0.00000000E+00  0.00000000E+00
  0.37800000E-01  0.24429023E-01  0.24429023E-01  0.49488073E-03  0.00000000E+00  0.00000000E+00  0.00000000E+00
  0.75600000E-01  0.49888982E-01  0.49888982E-01  0.98961039E-03  0.00000000E+00  0.00000000E+00  0.00000000E+00
  0.11330000E+00  0.78221943E-01  0.78221943E-01  0.14840130E-02  0.00000000E+00  0.00000000E+00  0.00000000E+00
  0.15110000E+00  0.11300376E+00  0.11300376E+00  0.19779467E-02  0.00000000E+00  0.00000000E+00  0.00000000E+00
  0.18890000E+00  0.16032570E+00  0.16032570E+00  0.25293663E-02  0.00000000E+00  0.00000000E+00  0.00000000E+00
  0.22670000E+00  0.22916421E+00  0.22916421E+00  0.30508774E-02  0.00000000E+00  0.00000000E+00  0.00000000E+00
  0.26450000E+00  0.33089378E+00  0.33089378E+00  0.36293603E-02  0.00000000E+00  0.00000000E+00  0.00000000E+00
  0.30220000E+00  0.47748577E+00  0.47748577E+00  0.42355203E-02  0.00000000E+00  0.00000000E+00  0.00000000E+00
  0.34000000E+00  0.67872622E+00  0.67872622E+00  0.48689936E-02  0.00000000E+00  0.00000000E+00  0.00000000E+00
  0.37780000E+00  0.93907186E+00  0.93907186E+00  0.55583980E-02  0.00000000E+00  0.00000000E+00  0.00000000E+00
  0.41560000E+00  0.12551366E+01  0.12551366E+01  0.62741511E-02  0.00000000E+00  0.00000000E+00  0.00000000E+00
  0.45340000E+00  0.16144784E+01  0.16144784E+01  0.70736608E-02  0.00000000E+00  0.00000000E+00  0.00000000E+00
  0.49110000E+00  0.19961786E+01  0.19961786E+01  0.79271292E-02  0.00000000E+00  0.00000000E+00  0.00000000E+00
  0.52890000E+00  0.23731605E+01  0.23731605E+01  0.88336959E-02  0.00000000E+00  0.00000000E+00  0.00000000E+00
  0.56670000E+00  0.27158856E+01  0.27158856E+01  0.98496597E-02  0.00000000E+00  0.00000000E+00  0.00000000E+00
  0.60450000E+00  0.29969654E+01  0.29969654E+01  0.10916199E-01  0.00000000E+00  0.00000000E+00  0.00000000E+00
  0.64230000E+00  0.31957364E+01  0.31957364E+01  0.12088584E-01  0.00000000E+00  0.00000000E+00  0.00000000E+00
  0.68000000E+00  0.33019097E+01  0.33019097E+01  0.13335167E-01  0.00000000E+00  0.00000000E+00  0.00000000E+00
  0.71780000E+00  0.33172930E+01  0.33172930E+01  0.14766250E-01  0.00000000E+00  0.00000000E+00  0.00000000E+00
  0.75560000E+00  0.32546811E+01  0.32546811E+01  0.16487958E-01  0.00000000E+00  0.00000000E+00  0.00000000E+00
  0.79340000E+00  0.31335257E+01  0.31335257E+01  0.18827959E-01  0.00000000E+00  0.00000000E+00  0.00000000E+00
  0.83110000E+00  0.29734484E+01  0.29734484E+01  0.22298100E-01  0.00000000E+00  0.00000000E+00  0.00000000E+00
  0.86890000E+00  0.27880589E+01  0.27880589E+01  0.27809103E-01  0.00000000E+00  0.00000000E+00  0.00000000E+00
  0.90670000E+00  0.25829597E+01  0.25829597E+01  0.36597276E-01  0.00000000E+00  0.00000000E+00  0.00000000E+00
  0.94450000E+00  0.23599883E+01  0.23599883E+01  0.50105470E-01  0.00000000E+00  0.00000000E+00  0.00000000E+00
  0.98230000E+00  0.21262603E+01  0.21262603E+01  0.69598937E-01  0.00000000E+00  0.00000000E+00  0.00000000E+00
  0.10200000E+01  0.19023649E+01  0.19023649E+01  0.95868414E-01  0.00000000E+00  0.00000000E+00  0.00000000E+00
  0.10578000E+01  0.17202969E+01  0.17202969E+01  0.12858724E+00  0.00000000E+00  0.00000000E+00  0.00000000E+00
  0.10956000E+01  0.16065808E+01  0.16065808E+01  0.16597287E+00  0.00000000E+00  0.00000000E+00  0.00000000E+00
  0.11334000E+01  0.15658361E+01  0.15658361E+01  0.20491056E+00  0.00000000E+00  0.00000000E+00  0.00000000E+00
  0.11712000E+01  0.15811856E+01  0.15811856E+01  0.24109886E+00  0.00000000E+00  0.00000000E+00  0.00000000E+00
  0.12089000E+01  0.16251130E+01  0.16251130E+01  0.26976504E+00  0.00000000E+00  0.00000000E+00  0.00000000E+00
  0.12467000E+01  0.16688612E+01  0.16688612E+01  0.28656903E+00  0.00000000E+00  0.00000000E+00  0.00000000E+00
  0.12845000E+01  0.16881383E+01  0.16881383E+01  0.28855506E+00  0.00000000E+00  0.00000000E+00  0.00000000E+00
  0.13223000E+01  0.16662054E+01  0.16662054E+01  0.27505350E+00  0.00000000E+00  0.00000000E+00  0.00000000E+00
  0.13601000E+01  0.15962780E+01  0.15962780E+01  0.24815973E+00  0.00000000E+00  0.00000000E+00  0.00000000E+00
  0.13978000E+01  0.14836691E+01  0.14836691E+01  0.21245719E+00  0.00000000E+00  0.00000000E+00  0.00000000E+00
  0.14356000E+01  0.13472550E+01  0.13472550E+01  0.17400465E+00  0.00000000E+00  0.00000000E+00  0.00000000E+00
  0.14734000E+01  0.12166648E+01  0.12166648E+01  0.13850586E+00  0.00000000E+00  0.00000000E+00  0.00000000E+00
  0.15112000E+01  0.11225181E+01  0.11225181E+01  0.11015506E+00  0.00000000E+00  0.00000000E+00  0.00000000E+00
  0.15490000E+01  0.10846926E+01  0.10846926E+01  0.91174113E-01  0.00000000E+00  0.00000000E+00  0.00000000E+00
  0.15867000E+01  0.11081736E+01  0.11081736E+01  0.82381259E-01  0.00000000E+00  0.00000000E+00  0.00000000E+00
  0.16245000E+01  0.11865425E+01  0.11865425E+01  0.83854278E-01  0.00000000E+00  0.00000000E+00  0.00000000E+00
  0.16623000E+01  0.13069595E+01  0.13069595E+01  0.95302333E-01  0.00000000E+00  0.00000000E+00  0.00000000E+00
  0.17001000E+01  0.14534837E+01  0.14534837E+01  0.11597822E+00  0.00000000E+00  0.00000000E+00  0.00000000E+00
  0.17379000E+01  0.16091300E+01  0.16091300E+01  0.14458734E+00  0.00000000E+00  0.00000000E+00  0.00000000E+00
  0.17756000E+01  0.17575444E+01  0.17575444E+01  0.17888616E+00  0.00000000E+00  0.00000000E+00  0.00000000E+00
  0.18134000E+01  0.18843916E+01  0.18843916E+01  0.21563088E+00  0.00000000E+00  0.00000000E+00  0.00000000E+00
  0.18512000E+01  0.19786927E+01  0.19786927E+01  0.25069212E+00  0.00000000E+00  0.00000000E+00  0.00000000E+00
  0.18890000E+01  0.20336279E+01  0.20336279E+01  0.27966037E+00  0.00000000E+00  0.00000000E+00  0.00000000E+00
  0.19268000E+01  0.20468047E+01  0.20468047E+01  0.29863862E+00  0.00000000E+00  0.00000000E+00  0.00000000E+00
  0.19645000E+01  0.20202259E+01  0.20202259E+01  0.30486052E+00  0.00000000E+00  0.00000000E+00  0.00000000E+00
  0.20023000E+01  0.19597261E+01  0.19597261E+01  0.29758030E+00  0.00000000E+00  0.00000000E+00  0.00000000E+00
  0.20401000E+01  0.18743301E+01  0.18743301E+01  0.27842263E+00  0.00000000E+00  0.00000000E+00  0.00000000E+00
  0.20779000E+01  0.17752376E+01  0.17752376E+01  0.25087735E+00  0.00000000E+00  0.00000000E+00  0.00000000E+00
  0.21157000E+01  0.16739675E+01  0.16739675E+01  0.21948433E+00  0.00000000E+00  0.00000000E+00  0.00000000E+00
  0.21534000E+01  0.15802912E+01  0.15802912E+01  0.18838260E+00  0.00000000E+00  0.00000000E+00  0.00000000E+00
  0.21912000E+01  0.15005933E+01  0.15005933E+01  0.16037104E+00  0.00000000E+00  0.00000000E+00  0.00000000E+00
  0.22290000E+01  0.14380410E+01  0.14380410E+01  0.13664669E+00  0.00000000E+00  0.00000000E+00  0.00000000E+00
  0.22668000E+01  0.13940827E+01  0.13940827E+01  0.11722179E+00  0.00000000E+00  0.00000000E+00  0.00000000E+00
  0.23045000E+01  0.13698319E+01  0.13698319E+01  0.10166688E+00  0.00000000E+00  0.00000000E+00  0.00000000E+00
  0.23423000E+01  0.13661546E+01  0.13661546E+01  0.89380631E-01  0.00000000E+00  0.00000000E+00  0.00000000E+00
  0.23801000E+01  0.13823005E+01  0.13823005E+01  0.79878881E-01  0.00000000E+00  0.00000000E+00  0.00000000E+00
  0.24179000E+01  0.14145388E+01  0.14145388E+01  0.72891191E-01  0.00000000E+00  0.00000000E+00  0.00000000E+00
  0.24557000E+01  0.14559985E+01  0.14559985E+01  0.68136411E-01  0.00000000E+00  0.00000000E+00  0.00000000E+00
  0.24934000E+01  0.14979960E+01  0.14979960E+01  0.65527990E-01  0.00000000E+00  0.00000000E+00  0.00000000E+00
  0.25312000E+01  0.15326861E+01  0.15326861E+01  0.65126326E-01  0.00000000E+00  0.00000000E+00  0.00000000E+00
  0.25690000E+01  0.15556594E+01  0.15556594E+01  0.67141041E-01  0.00000000E+00  0.00000000E+00  0.00000000E+00
  0.26068000E+01  0.15678346E+01  0.15678346E+01  0.71929924E-01  0.00000000E+00  0.00000000E+00  0.00000000E+00
  0.26446000E+01  0.15749951E+01  0.15749951E+01  0.79850648E-01  0.00000000E+00  0.00000000E+00  0.00000000E+00
  0.26823000E+01  0.15851290E+01  0.15851290E+01  0.91154352E-01  0.00000000E+00  0.00000000E+00  0.00000000E+00
  0.27201000E+01  0.16041930E+01  0.16041930E+01  0.10560515E+00  0.00000000E+00  0.00000000E+00  0.00000000E+00
  0.27579000E+01  0.16328011E+01  0.16328011E+01  0.12273343E+00  0.00000000E+00  0.00000000E+00  0.00000000E+00
  0.27957000E+01  0.16655099E+01  0.16655099E+01  0.14146903E+00  0.00000000E+00  0.00000000E+00  0.00000000E+00
  0.28335000E+01  0.16925750E+01  0.16925750E+01  0.16048543E+00  0.00000000E+00  0.00000000E+00  0.00000000E+00
  0.28712000E+01  0.17028203E+01  0.17028203E+01  0.17827520E+00  0.00000000E+00  0.00000000E+00  0.00000000E+00
  0.29090000E+01  0.16867266E+01  0.16867266E+01  0.19347208E+00  0.00000000E+00  0.00000000E+00  0.00000000E+00
  0.29468000E+01  0.16390426E+01  0.16390426E+01  0.20516183E+00  0.00000000E+00  0.00000000E+00  0.00000000E+00
  0.29846000E+01  0.15612904E+01  0.15612904E+01  0.21327141E+00  0.00000000E+00  0.00000000E+00  0.00000000E+00
  0.30224000E+01  0.14636845E+01  0.14636845E+01  0.21879474E+00  0.00000000E+00  0.00000000E+00  0.00000000E+00
  0.30601000E+01  0.13648088E+01  0.13648088E+01  0.22361965E+00  0.00000000E+00  0.00000000E+00  0.00000000E+00
  0.30979000E+01  0.12864155E+01  0.12864155E+01  0.22997202E+00  0.00000000E+00  0.00000000E+00  0.00000000E+00
  0.31357000E+01  0.12446963E+01  0.12446963E+01  0.23958481E+00  0.00000000E+00  0.00000000E+00  0.00000000E+00
  0.31735000E+01  0.12442633E+01  0.12442633E+01  0.25295292E+00  0.00000000E+00  0.00000000E+00  0.00000000E+00
  0.32113000E+01  0.12789559E+01  0.12789559E+01  0.26890945E+00  0.00000000E+00  0.00000000E+00  0.00000000E+00
  0.32490000E+01  0.13368209E+01  0.13368209E+01  0.28509100E+00  0.00000000E+00  0.00000000E+00  0.00000000E+00
  0.32868000E+01  0.14053210E+01  0.14053210E+01  0.29847203E+00  0.00000000E+00  0.00000000E+00  0.00000000E+00
  0.33246000E+01  0.14754489E+01  0.14754489E+01  0.30667329E+00  0.00000000E+00  0.00000000E+00  0.00000000E+00
  0.33624000E+01  0.15441513E+01  0.15441513E+01  0.30865805E+00  0.00000000E+00  0.00000000E+00  0.00000000E+00
  0.34002000E+01  0.16145807E+01  0.16145807E+01  0.30535631E+00  0.00000000E+00  0.00000000E+00  0.00000000E+00
  0.34379000E+01  0.16938811E+01  0.16938811E+01  0.29918676E+00  0.00000000E+00  0.00000000E+00  0.00000000E+00
  0.34757000E+01  0.17890261E+01  0.17890261E+01  0.29329079E+00  0.00000000E+00  0.00000000E+00  0.00000000E+00
  0.35135000E+01  0.19027834E+01  0.19027834E+01  0.29020363E+00  0.00000000E+00  0.00000000E+00  0.00000000E+00
  0.35513000E+01  0.20318521E+01  0.20318521E+01  0.29106941E+00  0.00000000E+00  0.00000000E+00  0.00000000E+00
  0.35891000E+01  0.21675824E+01  0.21675824E+01  0.29558453E+00  0.00000000E+00  0.00000000E+00  0.00000000E+00
  0.36268000E+01  0.22984667E+01  0.22984667E+01  0.30254854E+00  0.00000000E+00  0.00000000E+00  0.00000000E+00
  0.36646000E+01  0.24130623E+01  0.24130623E+01  0.31038732E+00  0.00000000E+00  0.00000000E+00  0.00000000E+00
  0.37024000E+01  0.25024118E+01  0.25024118E+01  0.31774404E+00  0.00000000E+00  0.00000000E+00  0.00000000E+00
  0.37402000E+01  0.25613884E+01  0.25613884E+01  0.32345242E+00  0.00000000E+00  0.00000000E+00  0.00000000E+00
  0.37779000E+01  0.25890229E+01  0.25890229E+01  0.32666947E+00  0.00000000E+00  0.00000000E+00  0.00000000E+00
  0.38157000E+01  0.25878277E+01  0.25878277E+01  0.32660733E+00  0.00000000E+00  0.00000000E+00  0.00000000E+00
  0.38535000E+01  0.25627658E+01  0.25627658E+01  0.32253084E+00  0.00000000E+00  0.00000000E+00  0.00000000E+00
  0.38913000E+01  0.25204191E+01  0.25204191E+01  0.31413186E+00  0.00000000E+00  0.00000000E+00  0.00000000E+00
  0.39291000E+01  0.24686449E+01  0.24686449E+01  0.30164397E+00  0.00000000E+00  0.00000000E+00  0.00000000E+00
  0.39668000E+01  0.24170241E+01  0.24170241E+01  0.28639984E+00  0.00000000E+00  0.00000000E+00  0.00000000E+00
  0.40046000E+01  0.23769603E+01  0.23769603E+01  0.27054303E+00  0.00000000E+00  0.00000000E+00  0.00000000E+00
  0.40424000E+01  0.23607726E+01  0.23607726E+01  0.25686350E+00  0.00000000E+00  0.00000000E+00  0.00000000E+00
  0.40802000E+01  0.23788529E+01  0.23788529E+01  0.24768021E+00  0.00000000E+00  0.00000000E+00  0.00000000E+00
  0.41180000E+01  0.24362825E+01  0.24362825E+01  0.24414772E+00  0.00000000E+00  0.00000000E+00  0.00000000E+00
  0.41557000E+01  0.25307772E+01  0.25307772E+01  0.24568415E+00  0.00000000E+00  0.00000000E+00  0.00000000E+00
  0.41935000E+01  0.26531044E+01  0.26531044E+01  0.25012922E+00  0.00000000E+00  0.00000000E+00  0.00000000E+00
  0.42313000E+01  0.27892320E+01  0.27892320E+01  0.25432686E+00  0.00000000E+00  0.00000000E+00  0.00000000E+00
  0.42691000E+01  0.29231825E+01  0.29231825E+01  0.25492616E+00  0.00000000E+00  0.00000000E+00  0.00000000E+00
  0.43069000E+01  0.30396478E+01  0.30396478E+01  0.24937689E+00  0.00000000E+00  0.00000000E+00  0.00000000E+00
  0.43446000E+01  0.31260645E+01  0.31260645E+01  0.23661927E+00  0.00000000E+00  0.00000000E+00  0.00000000E+00
  0.43824000E+01  0.31739015E+01  0.31739015E+01  0.21765616E+00  0.00000000E+00  0.00000000E+00  0.00000000E+00
  0.44202000E+01  0.31793553E+01  0.31793553E+01  0.19518916E+00  0.00000000E+00  0.00000000E+00  0.00000000E+00
  0.44580000E+01  0.31432926E+01  0.31432926E+01  0.17309009E+00  0.00000000E+00  0.00000000E+00  0.00000000E+00
  0.44958000E+01  0.30709131E+01  0.30709131E+01  0.15502637E+00  0.00000000E+00  0.00000000E+00  0.00000000E+00
  0.45335000E+01  0.29711315E+01  0.29711315E+01  0.14350633E+00  0.00000000E+00  0.00000000E+00  0.00000000E+00
  0.45713000E+01  0.28557159E+01  0.28557159E+01  0.13938303E+00  0.00000000E+00  0.00000000E+00  0.00000000E+00
  0.46091000E+01  0.27378340E+01  0.27378340E+01  0.14181166E+00  0.00000000E+00  0.00000000E+00  0.00000000E+00
  0.46469000E+01  0.26299605E+01  0.26299605E+01  0.14869521E+00  0.00000000E+00  0.00000000E+00  0.00000000E+00
  0.46847000E+01  0.25407885E+01  0.25407885E+01  0.15728656E+00  0.00000000E+00  0.00000000E+00  0.00000000E+00
  0.47224000E+01  0.24730046E+01  0.24730046E+01  0.16456043E+00  0.00000000E+00  0.00000000E+00  0.00000000E+00
  0.47602000E+01  0.24228277E+01  0.24228277E+01  0.16802374E+00  0.00000000E+00  0.00000000E+00  0.00000000E+00
  0.47980000E+01  0.23821763E+01  0.23821763E+01  0.16590962E+00  0.00000000E+00  0.00000000E+00  0.00000000E+00
  0.48358000E+01  0.23420557E+01  0.23420557E+01  0.15778445E+00  0.00000000E+00  0.00000000E+00  0.00000000E+00
  0.48736000E+01  0.22954983E+01  0.22954983E+01  0.14458676E+00  0.00000000E+00  0.00000000E+00  0.00000000E+00
  0.49113000E+01  0.22394192E+01  0.22394192E+01  0.12843730E+00  0.00000000E+00  0.00000000E+00  0.00000000E+00
  0.49491000E+01  0.21754007E+01  0.21754007E+01  0.11208600E+00  0.00000000E+00  0.00000000E+00  0.00000000E+00
  0.49869000E+01  0.21093944E+01  0.21093944E+01  0.98129354E-01  0.00000000E+00  0.00000000E+00  0.00000000E+00
  0.50247000E+01  0.20502013E+01  0.20502013E+01  0.88374710E-01  0.00000000E+00  0.00000000E+00  0.00000000E+00
  0.50625000E+01  0.20067222E+01  0.20067222E+01  0.83534527E-01  0.00000000E+00  0.00000000E+00  0.00000000E+00
  0.51002000E+01  0.19846399E+01  0.19846399E+01  0.83130348E-01  0.00000000E+00  0.00000000E+00  0.00000000E+00
  0.51380000E+01  0.19843109E+01  0.19843109E+01  0.86031014E-01  0.00000000E+00  0.00000000E+00  0.00000000E+00
  0.51758000E+01  0.20011106E+01  0.20011106E+01  0.90652583E-01  0.00000000E+00  0.00000000E+00  0.00000000E+00
  0.52136000E+01  0.20276455E+01  0.20276455E+01  0.95359474E-01  0.00000000E+00  0.00000000E+00  0.00000000E+00
  0.52514000E+01  0.20559979E+01  0.20559979E+01  0.98800398E-01  0.00000000E+00  0.00000000E+00  0.00000000E+00
  0.52891000E+01  0.20791564E+01  0.20791564E+01  0.99980966E-01  0.00000000E+00  0.00000000E+00  0.00000000E+00
  0.53269000E+01  0.20917262E+01  0.20917262E+01  0.98508797E-01  0.00000000E+00  0.00000000E+00  0.00000000E+00
  0.53647000E+01  0.20900740E+01  0.20900740E+01  0.94452951E-01  0.00000000E+00  0.00000000E+00  0.00000000E+00
  0.54025000E+01  0.20723104E+01  0.20723104E+01  0.88421799E-01  0.00000000E+00  0.00000000E+00  0.00000000E+00
  0.54402000E+01  0.20381658E+01  0.20381658E+01  0.81410583E-01  0.00000000E+00  0.00000000E+00  0.00000000E+00
  0.54780000E+01  0.19891107E+01  0.19891107E+01  0.74492887E-01  0.00000000E+00  0.00000000E+00  0.00000000E+00
  0.55158000E+01  0.19284084E+01  0.19284084E+01  0.68799331E-01  0.00000000E+00  0.00000000E+00  0.00000000E+00
  0.55536000E+01  0.18609153E+01  0.18609153E+01  0.64944247E-01  0.00000000E+00  0.00000000E+00  0.00000000E+00
  0.55914000E+01  0.17925780E+01  0.17925780E+01  0.63190458E-01  0.00000000E+00  0.00000000E+00  0.00000000E+00
  0.56291000E+01  0.17294160E+01  0.17294160E+01  0.63153256E-01  0.00000000E+00  0.00000000E+00  0.00000000E+00
  0.56669000E+01  0.16759151E+01  0.16759151E+01  0.64111291E-01  0.00000000E+00  0.00000000E+00  0.00000000E+00
  0.57047000E+01  0.16338642E+01  0.16338642E+01  0.65105659E-01  0.00000000E+00  0.00000000E+00  0.00000000E+00
  0.57425000E+01  0.16018440E+01  0.16018440E+01  0.65299960E-01  0.00000000E+00  0.00000000E+00  0.00000000E+00
  0.57803000E+01  0.15760706E+01  0.15760706E+01  0.64072773E-01  0.00000000E+00  0.00000000E+00  0.00000000E+00
  0.58180000E+01  0.15521446E+01  0.15521446E+01  0.61223175E-01  0.00000000E+00  0.00000000E+00  0.00000000E+00
  0.58558000E+01  0.15260361E+01  0.15260361E+01  0.56986793E-01  0.00000000E+00  0.00000000E+00  0.00000000E+00
  0.58936000E+01  0.14953392E+01  0.14953392E+01  0.51849276E-01  0.00000000E+00  0.00000000E+00  0.00000000E+00
  0.59314000E+01  0.14590857E+01  0.14590857E+01  0.46479651E-01  0.00000000E+00  0.00000000E+00  0.00000000E+00
  0.59692000E+01  0.14182253E+01  0.14182253E+01  0.41554088E-01  0.00000000E+00  0.00000000E+00  0.00000000E+00
  0.60069000E+01  0.13750585E+01  0.13750585E+01  0.37613730E-01  0.00000000E+00  0.00000000E+00  0.00000000E+00
  0.60447000E+01  0.13332682E+01  0.13332682E+01  0.35088653E-01  0.00000000E+00  0.00000000E+00  0.00000000E+00
  0.60825000E+01  0.12971649E+01  0.12971649E+01  0.34170732E-01  0.00000000E+00  0.00000000E+00  0.00000000E+00
  0.61203000E+01  0.12707998E+01  0.12707998E+01  0.34851284E-01  0.00000000E+00  0.00000000E+00  0.00000000E+00
  0.61581000E+01  0.12566367E+01  0.12566367E+01  0.36799984E-01  0.00000000E+00  0.00000000E+00  0.00000000E+00
  0.61958000E+01  0.12545124E+01  0.12545124E+01  0.39536547E-01  0.00000000E+00  0.00000000E+00  0.00000000E+00
  0.62336000E+01  0.12618864E+01  0.12618864E+01  0.42331690E-01  0.00000000E+00  0.00000000E+00  0.00000000E+00
  0.62714000E+01  0.12745919E+01  0.12745919E+01  0.44550104E-01  0.00000000E+00  0.00000000E+00  0.00000000E+00
  0.63092000E+01  0.12880032E+01  0.12880032E+01  0.45611954E-01  0.00000000E+00  0.00000000E+00  0.00000000E+00
  0.63470000E+01  0.12981979E+01  0.12981979E+01  0.45279450E-01  0.00000000E+00  0.00000000E+00  0.00000000E+00
  0.63847000E+01  0.13026305E+01  0.13026305E+01  0.43597836E-01  0.00000000E+00  0.00000000E+00  0.00000000E+00
  0.64225000E+01  0.13001046E+01  0.13001046E+01  0.41000972E-01  0.00000000E+00  0.00000000E+00  0.00000000E+00
  0.64603000E+01  0.12910438E+01  0.12910438E+01  0.38095554E-01  0.00000000E+00  0.00000000E+00  0.00000000E+00
  0.64981000E+01  0.12767266E+01  0.12767266E+01  0.35493834E-01  0.00000000E+00  0.00000000E+00  0.00000000E+00
  0.65359000E+01  0.12588537E+01  0.12588537E+01  0.33587293E-01  0.00000000E+00  0.00000000E+00  0.00000000E+00
  0.65736000E+01  0.12386187E+01  0.12386187E+01  0.32442900E-01  0.00000000E+00  0.00000000E+00  0.00000000E+00
  0.66114000E+01  0.12165886E+01  0.12165886E+01  0.31968843E-01  0.00000000E+00  0.00000000E+00  0.00000000E+00
  0.66492000E+01  0.11923024E+01  0.11923024E+01  0.31818356E-01  0.00000000E+00  0.00000000E+00  0.00000000E+00
  0.66870000E+01  0.11649277E+01  0.11649277E+01  0.31675109E-01  0.00000000E+00  0.00000000E+00  0.00000000E+00
  0.67248000E+01  0.11335848E+01  0.11335848E+01  0.31411859E-01  0.00000000E+00  0.00000000E+00  0.00000000E+00
  0.67625000E+01  0.10982847E+01  0.10982847E+01  0.30992875E-01  0.00000000E+00  0.00000000E+00  0.00000000E+00
  0.68003000E+01  0.10598857E+01  0.10598857E+01  0.30541599E-01  0.00000000E+00  0.00000000E+00  0.00000000E+00
  0.68381000E+01  0.10201039E+01  0.10201039E+01  0.30243931E-01  0.00000000E+00  0.00000000E+00  0.00000000E+00
  0.68759000E+01  0.98105107E+00  0.98105107E+00  0.30193556E-01  0.00000000E+00  0.00000000E+00  0.00000000E+00
  0.69136000E+01  0.94420787E+00  0.94420787E+00  0.30422127E-01  0.00000000E+00  0.00000000E+00  0.00000000E+00
  0.69514000E+01  0.91006243E+00  0.91006243E+00  0.30807119E-01  0.00000000E+00  0.00000000E+00  0.00000000E+00
  0.69892000E+01  0.87754686E+00  0.87754686E+00  0.31195659E-01  0.00000000E+00  0.00000000E+00  0.00000000E+00
  0.70270000E+01  0.84499762E+00  0.84499762E+00  0.31434024E-01  0.00000000E+00  0.00000000E+00  0.00000000E+00
  0.70648000E+01  0.81076294E+00  0.81076294E+00  0.31458797E-01  0.00000000E+00  0.00000000E+00  0.00000000E+00
  0.71025000E+01  0.77402979E+00  0.77402979E+00  0.31239764E-01  0.00000000E+00  0.00000000E+00  0.00000000E+00
  0.71403000E+01  0.73545875E+00  0.73545875E+00  0.30866673E-01  0.00000000E+00  0.00000000E+00  0.00000000E+00
  0.71781000E+01  0.69726719E+00  0.69726719E+00  0.30492593E-01  0.00000000E+00  0.00000000E+00  0.00000000E+00
  0.72159000E+01  0.66251930E+00  0.66251930E+00  0.30148394E-01  0.00000000E+00  0.00000000E+00  0.00000000E+00
  0.72537000E+01  0.63398142E+00  0.63398142E+00  0.29805448E-01  0.00000000E+00  0.00000000E+00  0.00000000E+00
  0.72914000E+01  0.61269725E+00  0.61269725E+00  0.29464294E-01  0.00000000E+00  0.00000000E+00  0.00000000E+00
  0.73292000E+01  0.59777715E+00  0.59777715E+00  0.28975506E-01  0.00000000E+00  0.00000000E+00  0.00000000E+00
  0.73670000E+01  0.58670323E+00  0.58670323E+00  0.28277703E-01  0.00000000E+00  0.00000000E+00  0.00000000E+00
  0.74048000E+01  0.57667588E+00  0.57667588E+00  0.27341225E-01  0.00000000E+00  0.00000000E+00  0.00000000E+00
  0.74426000E+01  0.56550258E+00  0.56550258E+00  0.26255166E-01  0.00000000E+00  0.00000000E+00  0.00000000E+00
  0.74803000E+01  0.55181951E+00  0.55181951E+00  0.25138813E-01  0.00000000E+00  0.00000000E+00  0.00000000E+00
  0.75181000E+01  0.53559188E+00  0.53559188E+00  0.24199550E-01  0.00000000E+00  0.00000000E+00  0.00000000E+00
  0.75559000E+01  0.51760443E+00  0.51760443E+00  0.23556084E-01  0.00000000E+00  0.00000000E+00  0.00000000E+00
  0.75937000E+01  0.49918691E+00  0.49918691E+00  0.23413048E-01  0.00000000E+00  0.00000000E+00  0.00000000E+00
  0.76315000E+01  0.48185748E+00  0.48185748E+00  0.23767637E-01  0.00000000E+00  0.00000000E+00  0.00000000E+00
  0.76692000E+01  0.46666944E+00  0.46666944E+00  0.24617795E-01  0.00000000E+00  0.00000000E+00  0.00000000E+00
  0.77070000E+01  0.45438947E+00  0.45438947E+00  0.25815409E-01  0.00000000E+00  0.00000000E+00  0.00000000E+00
  0.77448000E+01  0.44505717E+00  0.44505717E+00  0.27215033E-01  0.00000000E+00  0.00000000E+00  0.00000000E+00
  0.77826000E+01  0.43826275E+00  0.43826275E+00  0.28613583E-01  0.00000000E+00  0.00000000E+00  0.00000000E+00
  0.78204000E+01  0.43282717E+00  0.43282717E+00  0.29752694E-01  0.00000000E+00  0.00000000E+00  0.00000000E+00
  0.78581000E+01  0.42686104E+00  0.42686104E+00  0.30488335E-01  0.00000000E+00  0.00000000E+00  0.00000000E+00
  0.78959000E+01  0.41808210E+00  0.41808210E+00  0.30648485E-01  0.00000000E+00  0.00000000E+00  0.00000000E+00
  0.79337000E+01  0.40406651E+00  0.40406651E+00  0.30231636E-01  0.00000000E+00  0.00000000E+00  0.00000000E+00
  0.79715000E+01  0.38281015E+00  0.38281015E+00  0.29323905E-01  0.00000000E+00  0.00000000E+00  0.00000000E+00
  0.80093000E+01  0.35346085E+00  0.35346085E+00  0.28097934E-01  0.00000000E+00  0.00000000E+00  0.00000000E+00
  0.80470000E+01  0.31737916E+00  0.31737916E+00  0.26840275E-01  0.00000000E+00  0.00000000E+00  0.00000000E+00
  0.80848000E+01  0.27831399E+00  0.27831399E+00  0.25778496E-01  0.00000000E+00  0.00000000E+00  0.00000000E+00
  0.81226000E+01  0.24171912E+00  0.24171912E+00  0.25167094E-01  0.00000000E+00  0.00000000E+00  0.00000000E+00
  0.81604000E+01  0.21293696E+00  0.21293696E+00  0.25144969E-01  0.00000000E+00  0.00000000E+00  0.00000000E+00
  0.81982000E+01  0.19453237E+00  0.19453237E+00  0.25791688E-01  0.00000000E+00  0.00000000E+00  0.00000000E+00
  0.82359000E+01  0.18656518E+00  0.18656518E+00  0.26991688E-01  0.00000000E+00  0.00000000E+00  0.00000000E+00
  0.82737000E+01  0.18705346E+00  0.18705346E+00  0.28603577E-01  0.00000000E+00  0.00000000E+00  0.00000000E+00
  0.83115000E+01  0.19294617E+00  0.19294617E+00  0.30349148E-01  0.00000000E+00  0.00000000E+00  0.00000000E+00
  0.83493000E+01  0.20108764E+00  0.20108764E+00  0.31898879E-01  0.00000000E+00  0.00000000E+00  0.00000000E+00
  0.83870000E+01  0.20836924E+00  0.20836924E+00  0.33061113E-01  0.00000000E+00  0.00000000E+00  0.00000000E+00
  0.84248000E+01  0.21230689E+00  0.21230689E+00  0.33588623E-01  0.00000000E+00  0.00000000E+00  0.00000000E+00
  0.84626000E+01  0.21123835E+00  0.21123835E+00  0.33510518E-01  0.00000000E+00  0.00000000E+00  0.00000000E+00
  0.85004000E+01  0.20472083E+00  0.20472083E+00  0.32880034E-01  0.00000000E+00  0.00000000E+00  0.00000000E+00
  0.85382000E+01  0.19370691E+00  0.19370691E+00  0.31917461E-01  0.00000000E+00  0.00000000E+00  0.00000000E+00
  0.85759000E+01  0.17992457E+00  0.17992457E+00  0.30868289E-01  0.00000000E+00  0.00000000E+00  0.00000000E+00
  0.86137000E+01  0.16588197E+00  0.16588197E+00  0.30030363E-01  0.00000000E+00  0.00000000E+00  0.00000000E+00
  0.86515000E+01  0.15364496E+00  0.15364496E+00  0.29590380E-01  0.00000000E+00  0.00000000E+00  0.00000000E+00
  0.86893000E+01  0.14468806E+00  0.14468806E+00  0.29625257E-01  0.00000000E+00  0.00000000E+00  0.00000000E+00
  0.87271000E+01  0.13957868E+00  0.13957868E+00  0.30209997E-01  0.00000000E+00  0.00000000E+00  0.00000000E+00
  0.87648000E+01  0.13809998E+00  0.13809998E+00  0.31285484E-01  0.00000000E+00  0.00000000E+00  0.00000000E+00
  0.88026000E+01  0.13947027E+00  0.13947027E+00  0.32846483E-01  0.00000000E+00  0.00000000E+00  0.00000000E+00
  0.88404000E+01  0.14253664E+00  0.14253664E+00  0.34731392E-01  0.00000000E+00  0.00000000E+00  0.00000000E+00
  0.88782000E+01  0.14620202E+00  0.14620202E+00  0.36833603E-01  0.00000000E+00  0.00000000E+00  0.00000000E+00
  0.89160000E+01  0.14931463E+00  0.14931463E+00  0.38996064E-01  0.00000000E+00  0.00000000E+00  0.00000000E+00
  0.89537000E+01  0.15108618E+00  0.15108618E+00  0.41012569E-01  0.00000000E+00  0.00000000E+00  0.00000000E+00
  0.89915000E+01  0.15093455E+00  0.15093455E+00  0.42780905E-01  0.00000000E+00  0.00000000E+00  0.00000000E+00
  0.90293000E+01  0.14872504E+00  0.14872504E+00  0.44224588E-01  0.00000000E+00  0.00000000E+00  0.00000000E+00
  0.90671000E+01  0.14479866E+00  0.14479866E+00  0.45343381E-01  0.00000000E+00  0.00000000E+00  0.00000000E+00
  0.91049000E+01  0.13964689E+00  0.13964689E+00  0.46237966E-01  0.00000000E+00  0.00000000E+00  0.00000000E+00
  0.91426000E+01  0.13397006E+00  0.13397006E+00  0.47084308E-01  0.00000000E+00  0.00000000E+00  0.00000000E+00
  0.91804000E+01  0.12850812E+00  0.12850812E+00  0.48080060E-01  0.00000000E+00  0.00000000E+00  0.00000000E+00
  0.92182000E+01  0.12376261E+00  0.12376261E+00  0.49299593E-01  0.00000000E+00  0.00000000E+00  0.00000000E+00
  0.92560000E+01  0.11987375E+00  0.11987375E+00  0.50838799E-01  0.00000000E+00  0.00000000E+00  0.00000000E+00
  0.92938000E+01  0.11664898E+00  0.11664898E+00  0.52597451E-01  0.00000000E+00  0.00000000E+00  0.00000000E+00
  0.93315000E+01  0.11358508E+00  0.11358508E+00  0.54402803E-01  0.00000000E+00  0.00000000E+00  0.00000000E+00
  0.93693000E+01  0.11020824E+00  0.11020824E+00  0.56083239E-01  0.00000000E+00  0.00000000E+00  0.00000000E+00
  0.94071000E+01  0.10602389E+00  0.10602389E+00  0.57491952E-01  0.00000000E+00  0.00000000E+00  0.00000000E+00
  0.94449000E+01  0.10096149E+00  0.10096149E+00  0.58555710E-01  0.00000000E+00  0.00000000E+00  0.00000000E+00
  0.94827000E+01  0.95250600E-01  0.95250600E-01  0.59414361E-01  0.00000000E+00  0.00000000E+00  0.00000000E+00
  0.95204000E+01  0.89548612E-01  0.89548612E-01  0.60206152E-01  0.00000000E+00  0.00000000E+00  0.00000000E+00
  0.95582000E+01  0.84478654E-01  0.84478654E-01  0.61160883E-01  0.00000000E+00  0.00000000E+00  0.00000000E+00
  0.95960000E+01  0.80533969E-01  0.80533969E-01  0.62502671E-01  0.00000000E+00  0.00000000E+00  0.00000000E+00
  0.96338000E+01  0.77995335E-01  0.77995335E-01  0.64450340E-01  0.00000000E+00  0.00000000E+00  0.00000000E+00
  0.96716000E+01  0.76684875E-01  0.76684875E-01  0.67076593E-01  0.00000000E+00  0.00000000E+00  0.00000000E+00
  0.97093000E+01  0.76275499E-01  0.76275499E-01  0.70430840E-01  0.00000000E+00  0.00000000E+00  0.00000000E+00
  0.97471000E+01  0.76289772E-01  0.76289772E-01  0.74510831E-01  0.00000000E+00  0.00000000E+00  0.00000000E+00
  0.97849000E+01  0.76406466E-01  0.76406466E-01  0.79313576E-01  0.00000000E+00  0.00000000E+00  0.00000000E+00
  0.98227000E+01  0.76422995E-01  0.76422995E-01  0.84703244E-01  0.00000000E+00  0.00000000E+00  0.00000000E+00
  0.98604000E+01  0.76289377E-01  0.76289377E-01  0.90589596E-01  0.00000000E+00  0.00000000E+00  0.00000000E+00
  0.98982000E+01  0.76074510E-01  0.76074510E-01  0.96793961E-01  0.00000000E+00  0.00000000E+00  0.00000000E+00
  0.99360000E+01  0.75880622E-01  0.75880622E-01  0.10313777E+00  0.00000000E+00  0.00000000E+00  0.00000000E+00
  0.99738000E+01  0.75876674E-01  0.75876674E-01  0.10947785E+00  0.00000000E+00  0.00000000E+00  0.00000000E+00
  0.10011600E+02  0.76125396E-01  0.76125396E-01  0.11586815E+00  0.00000000E+00  0.00000000E+00  0.00000000E+00
  0.10049300E+02  0.76749876E-01  0.76749876E-01  0.12260096E+00  0.00000000E+00  0.00000000E+00  0.00000000E+00
  0.10087100E+02  0.78039283E-01  0.78039283E-01  0.13046976E+00  0.00000000E+00  0.00000000E+00  0.00000000E+00
  0.10124900E+02  0.80273133E-01  0.80273133E-01  0.14087751E+00  0.00000000E+00  0.00000000E+00  0.00000000E+00
  0.10162700E+02  0.83853706E-01  0.83853706E-01  0.15596957E+00  0.00000000E+00  0.00000000E+00  0.00000000E+00
  0.10200500E+02  0.89205316E-01  0.89205316E-01  0.17852024E+00  0.00000000E+00  0.00000000E+00  0.00000000E+00
  0.10238200E+02  0.96719237E-01  0.96719237E-01  0.21165698E+00  0.00000000E+00  0.00000000E+00  0.00000000E+00
  0.10276000E+02  0.10640578E+00  0.10640578E+00  0.25822359E+00  0.00000000E+00  0.00000000E+00  0.00000000E+00
  0.10313800E+02  0.11811839E+00  0.11811839E+00  0.32008494E+00  0.00000000E+00  0.00000000E+00  0.00000000E+00
  0.10351600E+02  0.13108263E+00  0.13108263E+00  0.39740173E+00  0.00000000E+00  0.00000000E+00  0.00000000E+00
  0.10389400E+02  0.14431073E+00  0.14431073E+00  0.48818976E+00  0.00000000E+00  0.00000000E+00  0.00000000E+00
  0.10427100E+02  0.15653158E+00  0.15653158E+00  0.58829678E+00  0.00000000E+00  0.00000000E+00  0.00000000E+00
  0.10464900E+02  0.16652874E+00  0.16652874E+00  0.69178557E+00  0.00000000E+00  0.00000000E+00  0.00000000E+00
  0.10502700E+02  0.17341176E+00  0.17341176E+00  0.79172198E+00  0.00000000E+00  0.00000000E+00  0.00000000E+00
  0.10540500E+02  0.17676520E+00  0.17676520E+00  0.88124575E+00  0.00000000E+00  0.00000000E+00  0.00000000E+00
  0.10578300E+02  0.17676895E+00  0.17676895E+00  0.95462085E+00  0.00000000E+00  0.00000000E+00  0.00000000E+00
  0.10616000E+02  0.17403455E+00  0.17403455E+00  0.10085037E+01  0.00000000E+00  0.00000000E+00  0.00000000E+00
  0.10653800E+02  0.16941951E+00  0.16941951E+00  0.10428217E+01  0.00000000E+00  0.00000000E+00  0.00000000E+00
  0.10691600E+02  0.16391922E+00  0.16391922E+00  0.10615676E+01  0.00000000E+00  0.00000000E+00  0.00000000E+00
  0.10729400E+02  0.15839068E+00  0.15839068E+00  0.10729272E+01  0.00000000E+00  0.00000000E+00  0.00000000E+00
  0.10767200E+02  0.15375106E+00  0.15375106E+00  0.10881368E+01  0.00000000E+00  0.00000000E+00  0.00000000E+00
  0.10804900E+02  0.15079835E+00  0.15079835E+00  0.11190712E+01  0.00000000E+00  0.00000000E+00  0.00000000E+00
  0.10842700E+02  0.15021233E+00  0.15021233E+00  0.11750620E+01  0.00000000E+00  0.00000000E+00  0.00000000E+00
  0.10880500E+02  0.15246048E+00  0.15246048E+00  0.12603410E+01  0.00000000E+00  0.00000000E+00  0.00000000E+00
  0.10918300E+02  0.15762278E+00  0.15762278E+00  0.13732353E+01  0.00000000E+00  0.00000000E+00  0.00000000E+00
  0.10956100E+02  0.16531711E+00  0.16531711E+00  0.15069470E+01  0.00000000E+00  0.00000000E+00  0.00000000E+00
  0.10993800E+02  0.17487385E+00  0.17487385E+00  0.16513621E+01  0.00000000E+00  0.00000000E+00  0.00000000E+00
  0.11031600E+02  0.18530904E+00  0.18530904E+00  0.17951442E+01  0.00000000E+00  0.00000000E+00  0.00000000E+00
  0.11069400E+02  0.19577691E+00  0.19577691E+00  0.19276902E+01  0.00000000E+00  0.00000000E+00  0.00000000E+00
  0.11107200E+02  0.20585339E+00  0.20585339E+00  0.20406875E+01  0.00000000E+00  0.00000000E+00  0.00000000E+00
  0.11145000E+02  0.21582218E+00  0.21582218E+00  0.21287844E+01  0.00000000E+00  0.00000000E+00  0.00000000E+00
  0.11182700E+02  0.22671890E+00  0.22671890E+00  0.21898178E+01  0.00000000E+00  0.00000000E+00  0.00000000E+00
  0.11220500E+02  0.24029130E+00  0.24029130E+00  0.22241670E+01  0.00000000E+00  0.00000000E+00  0.00000000E+00
  0.11258300E+02  0.25828142E+00  0.25828142E+00  0.22342526E+01  0.00000000E+00  0.00000000E+00  0.00000000E+00
  0.11296100E+02  0.28204494E+00  0.28204494E+00  0.22237795E+01  0.00000000E+00  0.00000000E+00  0.00000000E+00
  0.11333800E+02  0.31209654E+00  0.31209654E+00  0.21973527E+01  0.00000000E+00  0.00000000E+00  0.00000000E+00
