    0.000000    0.000000    0.000000    0.000000
    0.037800    0.266900    0.266900    0.001700
    0.075600    0.547300    0.547300    0.003400
    0.113300    0.864300    0.864300    0.005100
    0.151100    1.262000    1.262000    0.006800
    0.188900    1.816600    1.816600    0.008700
    0.226700    2.644500    2.644500    0.010500
    0.264500    3.901000    3.901000    0.012500
    0.302200    5.759800    5.759800    0.014600
    0.340000    8.369800    8.369800    0.016800
    0.377800   11.791700   11.791700    0.019200
    0.415600   15.932300   15.932300    0.021700
    0.453400   20.503200   20.503200    0.024500
    0.491100   25.034700   25.034700    0.027500
    0.528900   28.958000   28.958000    0.030700
    0.566700   31.740900   31.740900    0.034300
    0.604500   33.034500   33.034500    0.038100
    0.642300   32.771700   32.771700    0.042300
    0.680000   31.175000   31.175000    0.046800
    0.717800   28.668500   28.668500    0.052000
    0.755600   25.732200   25.732200    0.058300
    0.793400   22.762500   22.762500    0.066900
    0.831100   19.995900   19.995900    0.079700
    0.868900   17.515200   17.515200    0.100100
    0.906700   15.317000   15.317000    0.132800
    0.944500   13.392300   13.392300    0.183400
    0.982300   11.775400   11.775400    0.256900
    1.020000   10.541500   10.541500    0.356300
    1.057800    9.763300    9.763300    0.479700
    1.095600    9.456200    9.456200    0.618600
    1.133400    9.545100    9.545100    0.758500
    1.171200    9.868700    9.868700    0.880500
    1.208900   10.220600   10.220600    0.965800
    1.246700   10.407700   10.407700    1.000700
    1.284500   10.304400   10.304400    0.980300
    1.322300    9.881000    9.881000    0.909900
    1.360100    9.201600    9.201600    0.803100
    1.397800    8.396400    8.396400    0.677900
    1.435600    7.623700    7.623700    0.552500
    1.473400    7.034500    7.034500    0.441500
    1.511200    6.747500    6.747500    0.354900
    1.549000    6.834100    6.834100    0.298200
    1.586700    7.310200    7.310200    0.274100
    1.624500    8.132200    8.132200    0.283900
    1.662300    9.199600    9.199600    0.327900
    1.700100   10.366800   10.366800    0.404400
    1.737900   11.466900   11.466900    0.508800
    1.775600   12.344000   12.344000    0.631800
    1.813400   12.883800   12.883800    0.759400
    1.851200   13.034900   13.034900    0.874200
    1.889000   12.812400   12.812400    0.959200
    1.926800   12.285200   12.285200    1.002000
    1.964500   11.554500   11.554500    0.997400
    2.002300   10.729300   10.729300    0.949100
    2.040100    9.907400    9.907400    0.868200
    2.077900    9.163300    9.163300    0.769100
    2.115700    8.542200    8.542200    0.666000
    2.153400    8.062100    8.062100    0.569500
    2.191200    7.720800    7.720800    0.485500
    2.229000    7.507600    7.507600    0.415700
    2.266800    7.413200    7.413200    0.359100
    2.304500    7.433400    7.433400    0.314000
    2.342300    7.563700    7.563700    0.278500
    2.380100    7.788600    7.788600    0.251200
    2.417900    8.073000    8.073000    0.231400
    2.455700    8.364800    8.364800    0.218400
    2.493400    8.608300    8.608300    0.212100
    2.531200    8.765800    8.765800    0.212900
    2.569000    8.832900    8.832900    0.221700
    2.606800    8.841200    8.841200    0.239900
    2.644600    8.842000    8.842000    0.268900
    2.682300    8.881100    8.881100    0.309700
    2.720100    8.974100    8.974100    0.361500
    2.757900    9.096000    9.096000    0.422500
    2.795700    9.188800    9.188800    0.488600
    2.833500    9.184000    9.184000    0.554700
    2.871200    9.028800    9.028800    0.615200
    2.909000    8.707200    8.707200    0.665300
    2.946800    8.247600    8.247600    0.702300
    2.984600    7.718100    7.718100    0.726800
    3.022400    7.211300    7.211300    0.743100
    3.060100    6.823500    6.823500    0.758200
    3.097900    6.632100    6.632100    0.779600
    3.135700    6.677500    6.677500    0.812500
    3.173500    6.952300    6.952300    0.857400
    3.211300    7.405200    7.405200    0.908900
    3.249000    7.959100    7.959100    0.957800
    3.286800    8.539000    8.539000    0.993600
    3.324600    9.099800    9.099800    1.009500
    3.362400    9.640800    9.640800    1.004400
    3.400200   10.200200   10.200200    0.983900
    3.437900   10.830000   10.830000    0.957400
    3.475700   11.562100   11.562100    0.935100
    3.513500   12.381600   12.381600    0.924000
    3.551300   13.220300   13.220300    0.926300
    3.589100   13.973100   13.973100    0.939600
    3.626800   14.531000   14.531000    0.959100
    3.664600   14.815000   14.815000    0.979200
    3.702400   14.798600   14.798600    0.995500
    3.740200   14.509500   14.509500    1.004500
    3.777900   14.016100   14.016100    1.004000
    3.815700   13.404800   13.404800    0.992300
    3.853500   12.761100   12.761100    0.968200
    3.891300   12.159200   12.159200    0.932200
    3.929100   11.660900   11.660900    0.886400
    3.966800   11.318700   11.318700    0.835900
    4.004600   11.175900   11.175900    0.787200
    4.042400   11.261600   11.261600    0.747800
    4.080200   11.577700   11.577700    0.723200
    4.118000   12.085800   12.085800    0.715300
    4.155700   12.700400   12.700400    0.721000
    4.193500   13.295800   13.295800    0.732800
    4.231300   13.727800   13.727800    0.740800
    4.269100   13.867100   13.867100    0.735600
    4.306900   13.631400   13.631400    0.711400
    4.344600   13.005900   13.005900    0.667600
    4.382400   12.045700   12.045700    0.609200
    4.420200   10.860000   10.860000    0.544700
    4.458000    9.584700    9.584700    0.484400
    4.495800    8.352900    8.352900    0.437200
    4.533500    7.271500    7.271500    0.409000
    4.571300    6.405500    6.405500    0.401600
    4.609100    5.774000    5.774000    0.412300
    4.646900    5.354000    5.354000    0.434700
    4.684700    5.092000    5.092000    0.460400
    4.722400    4.920600    4.920600    0.480300
    4.760200    4.775600    4.775600    0.487400
    4.798000    4.611500    4.611500    0.477500
    4.835800    4.409600    4.409600    0.450700
    4.873600    4.179100    4.179100    0.410800
    4.911300    3.949000    3.949000    0.364300
    4.949100    3.756000    3.756000    0.318700
    4.986900    3.631700    3.631700    0.280700
    5.024700    3.591600    3.591600    0.254900
    5.062500    3.631300    3.631300    0.243100
    5.100200    3.727100    3.727100    0.243900
    5.138000    3.843400    3.843400    0.254000
    5.175800    3.940600    3.940600    0.268700
    5.213600    3.984200    3.984200    0.283100
    5.251400    3.951000    3.951000    0.293200
    5.289100    3.831500    3.831500    0.296200
    5.326900    3.630500    3.630500    0.291200
    5.364700    3.364200    3.364200    0.278700
    5.402500    3.057400    3.057400    0.260700
    5.440200    2.739100    2.739100    0.240200
    5.478000    2.438300    2.438300    0.220300
    5.515800    2.179900    2.179900    0.204200
    5.553600    1.980300    1.980300    0.193600
    5.591400    1.845000    1.845000    0.189200
    5.629100    1.768000    1.768000    0.189800
    5.666900    1.734200    1.734200    0.193200
    5.704700    1.723900    1.723900    0.196500
    5.742500    1.717500    1.717500    0.197200
    5.780300    1.700400    1.700400    0.193500
    5.818000    1.665800    1.665800    0.184900
    5.855800    1.614100    1.614100    0.172200
    5.893600    1.552100    1.552100    0.156900
    5.931400    1.489500    1.489500    0.141000
    5.969200    1.437000    1.437000    0.126500
    6.006900    1.403600    1.403600    0.115000
    6.044700    1.395300    1.395300    0.107800
    6.082500    1.413700    1.413700    0.105500
    6.120300    1.455900    1.455900    0.108100
    6.158100    1.514100    1.514100    0.114600
    6.195800    1.577100    1.577100    0.123500
    6.233600    1.632000    1.632000    0.132500
    6.271400    1.667300    1.667300    0.139600
    6.309200    1.675300    1.675300    0.143000
    6.347000    1.653800    1.653800    0.142000
    6.384700    1.606300    1.606300    0.136800
    6.422500    1.540000    1.540000    0.128800
    6.460300    1.463600    1.463600    0.119900
    6.498100    1.384600    1.384600    0.112000
    6.535900    1.307300    1.307300    0.106300
    6.573600    1.232600    1.232600    0.103000
    6.611400    1.159500    1.159500    0.101800
    6.649200    1.086200    1.086200    0.101600
    6.687000    1.012500    1.012500    0.101400
    6.724800    0.940300    0.940300    0.100800
    6.762500    0.873200    0.873200    0.099700
    6.800300    0.815100    0.815100    0.098500
    6.838100    0.768300    0.768300    0.097800
    6.875900    0.733000    0.733000    0.097900
    6.913600    0.706400    0.706400    0.098900
    6.951400    0.684700    0.684700    0.100400
    6.989200    0.663900    0.663900    0.101900
    7.027000    0.641800    0.641800    0.102900
    7.064800    0.618600    0.618600    0.103200
    7.102500    0.596600    0.596600    0.102700
    7.140300    0.579100    0.579100    0.101700
    7.178100    0.569000    0.569000    0.100700
    7.215900    0.567500    0.567500    0.099800
    7.253700    0.574000    0.574000    0.098900
    7.291400    0.585500    0.585500    0.098000
    7.329200    0.598300    0.598300    0.096600
    7.367000    0.608500    0.608500    0.094500
    7.404800    0.613400    0.613400    0.091600
    7.442600    0.612200    0.612200    0.088200
    7.480300    0.605600    0.605600    0.084700
    7.518100    0.595600    0.595600    0.081800
    7.555900    0.584700    0.584700    0.079900
    7.593700    0.574900    0.574900    0.079700
    7.631500    0.567600    0.567600    0.081200
    7.669200    0.563400    0.563400    0.084400
    7.707000    0.562100    0.562100    0.088800
    7.744800    0.562800    0.562800    0.093900
    7.782600    0.564100    0.564100    0.099000
    7.820400    0.563500    0.563500    0.103200
    7.858100    0.558200    0.558200    0.106000
    7.895900    0.545300    0.545300    0.106800
    7.933700    0.522900    0.522900    0.105600
    7.971500    0.490800    0.490800    0.102700
    8.009300    0.450900    0.450900    0.098700
    8.047000    0.407300    0.407300    0.094600
    8.084800    0.365200    0.365200    0.091200
    8.122600    0.329600    0.329600    0.089400
    8.160400    0.305100    0.305100    0.089700
    8.198200    0.293800    0.293800    0.092400
    8.235900    0.296000    0.296000    0.097100
    8.273700    0.309400    0.309400    0.103300
    8.311500    0.329600    0.329600    0.110000
    8.349300    0.351400    0.351400    0.116000
    8.387000    0.369400    0.369400    0.120600
    8.424800    0.379400    0.379400    0.122900
    8.462600    0.379200    0.379200    0.123000
    8.500400    0.369000    0.369000    0.121100
    8.538200    0.351400    0.351400    0.118000
    8.575900    0.329900    0.329900    0.114600
    8.613700    0.308900    0.308900    0.112000
    8.651500    0.291700    0.291700    0.110900
    8.689300    0.280700    0.280700    0.111600
    8.727100    0.276800    0.276800    0.114400
    8.764800    0.279600    0.279600    0.119100
    8.802600    0.287600    0.287600    0.125700
    8.840400    0.298500    0.298500    0.133600
    8.878200    0.310000    0.310000    0.142400
    8.916000    0.319700    0.319700    0.151500
    8.953700    0.326000    0.326000    0.160100
    8.991500    0.327800    0.327800    0.167800
    9.029300    0.325000    0.325000    0.174300
    9.067100    0.318500    0.318500    0.179600
    9.104900    0.309500    0.309500    0.184100
    9.142600    0.299500    0.299500    0.188500
    9.180400    0.290100    0.290100    0.193600
    9.218200    0.282300    0.282300    0.199700
    9.256000    0.276300    0.276300    0.207200
    9.293800    0.271600    0.271600    0.215700
    9.331500    0.267000    0.267000    0.224500
    9.369300    0.261400    0.261400    0.232900
    9.407100    0.253700    0.253700    0.240300
    9.444900    0.243800    0.243800    0.246400
    9.482700    0.232300    0.232300    0.251800
    9.520400    0.220800    0.220800    0.257100
    9.558200    0.210800    0.210800    0.263300
    9.596000    0.203500    0.203500    0.271400
    9.633800    0.199600    0.199600    0.282400
    9.671600    0.198700    0.198700    0.296700
    9.709300    0.200000    0.200000    0.314600
    9.747100    0.202300    0.202300    0.336200
    9.784900    0.204800    0.204800    0.361600
    9.822700    0.207000    0.207000    0.390300
    9.860400    0.208800    0.208800    0.422000
    9.898200    0.210400    0.210400    0.456000
    9.936000    0.212100    0.212100    0.491600
    9.973800    0.214400    0.214400    0.528300
   10.011600    0.217500    0.217500    0.566600
   10.049300    0.221800    0.221800    0.608300
   10.087100    0.228200    0.228200    0.657900
   10.124900    0.237600    0.237600    0.723400
   10.162700    0.251300    0.251300    0.817300
   10.200500    0.270700    0.270700    0.956500
   10.238200    0.297100    0.297100    1.161100
   10.276000    0.330600    0.330600    1.450700
   10.313800    0.370700    0.370700    1.839300
   10.351600    0.414800    0.414800    2.328900
   10.389400    0.459500    0.459500    2.904500
   10.427100    0.500500    0.500500    3.532700
   10.464900    0.533800    0.533800    4.165300
   10.502700    0.556700    0.556700    4.748200
   10.540500    0.568200    0.568200    5.233500
   10.578300    0.569300    0.569300    5.590200
   10.616000    0.562300    0.562300    5.813000
   10.653800    0.550100    0.550100    5.924100
   10.691600    0.535900    0.535900    5.970400
   10.729400    0.522400    0.522400    6.016500
   10.767200    0.512500    0.512500    6.132900
   10.804900    0.508800    0.508800    6.382600
   10.842700    0.513600    0.513600    6.805900
   10.880500    0.528600    0.528600    7.407100
   10.918300    0.554200    0.554200    8.147800
   10.956100    0.589200    0.589200    8.950600
   10.993800    0.631300    0.631300    9.714500
   11.031600    0.677100    0.677100   10.338000
   11.069400    0.723700    0.723700   10.742400
   11.107200    0.769900    0.769900   10.888100
   11.145000    0.817300    0.817300   10.776800
   11.182700    0.870400    0.870400   10.444400
   11.220500    0.936500    0.936500    9.946000
   11.258300    1.022900    1.022900    9.342900
   11.296100    1.135300    1.135300    8.692100
   11.333800    1.275800    1.275800    8.040700
