       #Energy       JDOS
       0.00000       0.00000
       0.00500       0.00000
       0.01000       0.00000
       0.01500       0.00000
       0.02000       0.00000
       0.02500       0.00000
       0.03000       0.00000
       0.03500       0.00000
       0.04000       0.00000
       0.04500       0.00000
       0.05000       0.00000
       0.05500       0.00000
       0.06000       0.00000
       0.06500       0.00000
       0.07000       0.00000
       0.07500       0.00000
       0.08000       0.00000
       0.08500       0.00000
       0.09000       0.00000
       0.09500       0.00000
       0.10000       0.00000
       0.10500       0.00000
       0.11000       0.00000
       0.11500       0.00000
       0.12000       0.00000
       0.12500       0.00000
       0.13000       0.00001
       0.13500       0.00001
       0.14000       0.00001
       0.14500       0.00001
       0.15000       0.00001
       0.15500       0.00002
       0.16000       0.00002
       0.16500       0.00002
       0.17000       0.00003
       0.17500       0.00003
       0.18000       0.00004
       0.18500       0.00005
       0.19000       0.00006
       0.19500       0.00007
       0.20000       0.00008
       0.20500       0.00010
       0.21000       0.00012
       0.21500       0.00014
       0.22000       0.00017
       0.22500       0.00020
       0.23000       0.00023
       0.23500       0.00027
       0.24000       0.00032
       0.24500       0.00037
       0.25000       0.00044
       0.25500       0.00051
       0.26000       0.00059
       0.26500       0.00068
       0.27000       0.00079
       0.27500       0.00091
       0.28000       0.00104
       0.28500       0.00120
       0.29000       0.00137
       0.29500       0.00157
       0.30000       0.00179
       0.30500       0.00203
       0.31000       0.00230
       0.31500       0.00261
       0.32000       0.00295
       0.32500       0.00332
       0.33000       0.00373
       0.33500       0.00419
       0.34000       0.00469
       0.34500       0.00524
       0.35000       0.00583
       0.35500       0.00649
       0.36000       0.00720
       0.36500       0.00797
       0.37000       0.00880
       0.37500       0.00970
       0.38000       0.01067
       0.38500       0.01171
       0.39000       0.01283
       0.39500       0.01402
       0.40000       0.01528
       0.40500       0.01663
       0.41000       0.01805
       0.41500       0.01956
       0.42000       0.02115
       0.42500       0.02281
       0.43000       0.02456
       0.43500       0.02638
       0.44000       0.02828
       0.44500       0.03026
       0.45000       0.03230
       0.45500       0.03441
       0.46000       0.03658
       0.46500       0.03881
       0.47000       0.04108
       0.47500       0.04340
       0.48000       0.04576
       0.48500       0.04814
       0.49000       0.05055
       0.49500       0.05296
       0.50000       0.05538
       0.50500       0.05778
       0.51000       0.06017
       0.51500       0.06253
       0.52000       0.06485
       0.52500       0.06712
       0.53000       0.06932
       0.53500       0.07146
       0.54000       0.07351
       0.54500       0.07546
       0.55000       0.07731
       0.55500       0.07905
       0.56000       0.08066
       0.56500       0.08215
       0.57000       0.08349
       0.57500       0.08470
       0.58000       0.08575
       0.58500       0.08665
       0.59000       0.08739
       0.59500       0.08797
       0.60000       0.08838
       0.60500       0.08864
       0.61000       0.08874
       0.61500       0.08869
       0.62000       0.08848
       0.62500       0.08812
       0.63000       0.08763
       0.63500       0.08700
       0.64000       0.08626
       0.64500       0.08540
       0.65000       0.08443
       0.65500       0.08338
       0.66000       0.08226
       0.66500       0.08106
       0.67000       0.07982
       0.67500       0.07854
       0.68000       0.07724
       0.68500       0.07593
       0.69000       0.07463
       0.69500       0.07334
       0.70000       0.07209
       0.70500       0.07087
       0.71000       0.06972
       0.71500       0.06862
       0.72000       0.06760
       0.72500       0.06667
       0.73000       0.06582
       0.73500       0.06507
       0.74000       0.06441
       0.74500       0.06386
       0.75000       0.06341
       0.75500       0.06306
       0.76000       0.06281
       0.76500       0.06266
       0.77000       0.06260
       0.77500       0.06263
       0.78000       0.06273
       0.78500       0.06291
       0.79000       0.06315
       0.79500       0.06344
       0.80000       0.06377
       0.80500       0.06413
       0.81000       0.06451
       0.81500       0.06489
       0.82000       0.06526
       0.82500       0.06562
       0.83000       0.06594
       0.83500       0.06622
       0.84000       0.06645
       0.84500       0.06661
       0.85000       0.06670
       0.85500       0.06671
       0.86000       0.06663
       0.86500       0.06646
       0.87000       0.06619
       0.87500       0.06581
       0.88000       0.06534
       0.88500       0.06476
       0.89000       0.06408
       0.89500       0.06330
       0.90000       0.06243
       0.90500       0.06147
       0.91000       0.06043
       0.91500       0.05932
       0.92000       0.05814
       0.92500       0.05692
       0.93000       0.05566
       0.93500       0.05437
       0.94000       0.05308
       0.94500       0.05179
       0.95000       0.05052
       0.95500       0.04930
       0.96000       0.04813
       0.96500       0.04704
       0.97000       0.04604
       0.97500       0.04516
       0.98000       0.04441
       0.98500       0.04381
       0.99000       0.04338
       0.99500       0.04315
       1.00000       0.04312
       1.00500       0.04333
       1.01000       0.04377
       1.01500       0.04449
       1.02000       0.04548
       1.02500       0.04677
       1.03000       0.04838
       1.03500       0.05031
       1.04000       0.05258
       1.04500       0.05520
       1.05000       0.05818
       1.05500       0.06153
       1.06000       0.06525
       1.06500       0.06936
       1.07000       0.07385
       1.07500       0.07873
       1.08000       0.08399
       1.08500       0.08963
       1.09000       0.09565
       1.09500       0.10203
       1.10000       0.10875
       1.10500       0.11582
       1.11000       0.12321
       1.11500       0.13089
       1.12000       0.13885
       1.12500       0.14706
       1.13000       0.15550
       1.13500       0.16412
       1.14000       0.17291
       1.14500       0.18181
       1.15000       0.19080
       1.15500       0.19984
       1.16000       0.20888
       1.16500       0.21788
       1.17000       0.22681
       1.17500       0.23561
       1.18000       0.24425
       1.18500       0.25268
       1.19000       0.26086
       1.19500       0.26875
       1.20000       0.27631
       1.20500       0.28350
       1.21000       0.29029
       1.21500       0.29665
       1.22000       0.30254
       1.22500       0.30795
       1.23000       0.31284
       1.23500       0.31720
       1.24000       0.32102
       1.24500       0.32428
       1.25000       0.32697
       1.25500       0.32909
       1.26000       0.33065
       1.26500       0.33164
       1.27000       0.33208
       1.27500       0.33197
       1.28000       0.33134
       1.28500       0.33019
       1.29000       0.32856
       1.29500       0.32645
       1.30000       0.32391
       1.30500       0.32095
       1.31000       0.31761
       1.31500       0.31391
       1.32000       0.30989
       1.32500       0.30557
       1.33000       0.30098
       1.33500       0.29616
       1.34000       0.29113
       1.34500       0.28592
       1.35000       0.28056
       1.35500       0.27507
       1.36000       0.26948
       1.36500       0.26382
       1.37000       0.25809
       1.37500       0.25233
       1.38000       0.24654
       1.38500       0.24074
       1.39000       0.23495
       1.39500       0.22918
       1.40000       0.22344
       1.40500       0.21773
       1.41000       0.21207
       1.41500       0.20647
       1.42000       0.20092
       1.42500       0.19544
       1.43000       0.19002
       1.43500       0.18468
       1.44000       0.17941
       1.44500       0.17423
       1.45000       0.16913
       1.45500       0.16412
       1.46000       0.15920
       1.46500       0.15439
       1.47000       0.14968
       1.47500       0.14508
       1.48000       0.14061
       1.48500       0.13626
       1.49000       0.13205
       1.49500       0.12799
       1.50000       0.12408
       1.50500       0.12034
       1.51000       0.11677
       1.51500       0.11339
       1.52000       0.11021
       1.52500       0.10723
       1.53000       0.10448
       1.53500       0.10195
       1.54000       0.09966
       1.54500       0.09763
       1.55000       0.09585
       1.55500       0.09434
       1.56000       0.09311
       1.56500       0.09216
       1.57000       0.09150
       1.57500       0.09114
       1.58000       0.09107
       1.58500       0.09130
       1.59000       0.09184
       1.59500       0.09268
       1.60000       0.09383
       1.60500       0.09528
       1.61000       0.09703
       1.61500       0.09907
       1.62000       0.10141
       1.62500       0.10404
       1.63000       0.10694
       1.63500       0.11011
       1.64000       0.11355
       1.64500       0.11725
       1.65000       0.12119
       1.65500       0.12536
       1.66000       0.12976
       1.66500       0.13438
       1.67000       0.13919
       1.67500       0.14420
       1.68000       0.14938
       1.68500       0.15473
       1.69000       0.16023
       1.69500       0.16587
       1.70000       0.17164
       1.70500       0.17752
       1.71000       0.18351
       1.71500       0.18958
       1.72000       0.19573
       1.72500       0.20195
       1.73000       0.20821
       1.73500       0.21452
       1.74000       0.22085
       1.74500       0.22719
       1.75000       0.23354
       1.75500       0.23987
       1.76000       0.24619
       1.76500       0.25247
       1.77000       0.25870
       1.77500       0.26488
       1.78000       0.27099
       1.78500       0.27702
       1.79000       0.28296
       1.79500       0.28879
       1.80000       0.29452
       1.80500       0.30012
       1.81000       0.30560
       1.81500       0.31092
       1.82000       0.31610
       1.82500       0.32110
       1.83000       0.32594
       1.83500       0.33059
       1.84000       0.33504
       1.84500       0.33929
       1.85000       0.34333
       1.85500       0.34713
       1.86000       0.35071
       1.86500       0.35404
       1.87000       0.35711
       1.87500       0.35992
       1.88000       0.36246
       1.88500       0.36472
       1.89000       0.36668
       1.89500       0.36835
       1.90000       0.36971
       1.90500       0.37076
       1.91000       0.37149
       1.91500       0.37190
       1.92000       0.37198
       1.92500       0.37173
       1.93000       0.37115
       1.93500       0.37024
       1.94000       0.36899
       1.94500       0.36742
       1.95000       0.36552
       1.95500       0.36330
       1.96000       0.36077
       1.96500       0.35794
       1.97000       0.35481
       1.97500       0.35141
       1.98000       0.34774
       1.98500       0.34383
       1.99000       0.33968
       1.99500       0.33533
       2.00000       0.33078
       2.00500       0.32607
       2.01000       0.32122
       2.01500       0.31624
       2.02000       0.31117
       2.02500       0.30603
       2.03000       0.30085
       2.03500       0.29565
       2.04000       0.29046
       2.04500       0.28530
       2.05000       0.28020
       2.05500       0.27518
       2.06000       0.27026
       2.06500       0.26547
       2.07000       0.26082
       2.07500       0.25633
       2.08000       0.25202
       2.08500       0.24789
       2.09000       0.24396
       2.09500       0.24025
       2.10000       0.23674
       2.10500       0.23345
       2.11000       0.23038
       2.11500       0.22753
       2.12000       0.22489
       2.12500       0.22246
       2.13000       0.22023
       2.13500       0.21819
       2.14000       0.21634
       2.14500       0.21465
       2.15000       0.21313
       2.15500       0.21175
       2.16000       0.21049
       2.16500       0.20936
       2.17000       0.20833
       2.17500       0.20738
       2.18000       0.20651
       2.18500       0.20570
       2.19000       0.20494
       2.19500       0.20423
       2.20000       0.20355
       2.20500       0.20289
       2.21000       0.20226
       2.21500       0.20164
       2.22000       0.20104
       2.22500       0.20046
       2.23000       0.19990
       2.23500       0.19936
       2.24000       0.19885
       2.24500       0.19838
       2.25000       0.19795
       2.25500       0.19758
       2.26000       0.19728
       2.26500       0.19706
       2.27000       0.19692
       2.27500       0.19690
       2.28000       0.19699
       2.28500       0.19721
       2.29000       0.19757
       2.29500       0.19808
       2.30000       0.19877
       2.30500       0.19962
       2.31000       0.20066
       2.31500       0.20189
       2.32000       0.20332
       2.32500       0.20494
       2.33000       0.20677
       2.33500       0.20880
       2.34000       0.21102
       2.34500       0.21345
       2.35000       0.21606
       2.35500       0.21885
       2.36000       0.22182
       2.36500       0.22494
       2.37000       0.22821
       2.37500       0.23162
       2.38000       0.23514
       2.38500       0.23875
       2.39000       0.24244
       2.39500       0.24620
       2.40000       0.24998
       2.40500       0.25378
       2.41000       0.25758
       2.41500       0.26134
       2.42000       0.26505
       2.42500       0.26868
       2.43000       0.27221
       2.43500       0.27561
       2.44000       0.27887
       2.44500       0.28196
       2.45000       0.28486
       2.45500       0.28755
       2.46000       0.29000
       2.46500       0.29221
       2.47000       0.29415
       2.47500       0.29582
       2.48000       0.29719
       2.48500       0.29825
       2.49000       0.29899
       2.49500       0.29941
       2.50000       0.29950
       2.50500       0.29925
       2.51000       0.29866
       2.51500       0.29774
       2.52000       0.29648
       2.52500       0.29490
       2.53000       0.29300
       2.53500       0.29078
       2.54000       0.28827
       2.54500       0.28548
       2.55000       0.28243
       2.55500       0.27913
       2.56000       0.27561
       2.56500       0.27190
       2.57000       0.26802
       2.57500       0.26399
       2.58000       0.25986
       2.58500       0.25565
       2.59000       0.25139
       2.59500       0.24712
       2.60000       0.24287
       2.60500       0.23868
       2.61000       0.23458
       2.61500       0.23061
       2.62000       0.22680
       2.62500       0.22318
       2.63000       0.21979
       2.63500       0.21666
       2.64000       0.21381
       2.64500       0.21128
       2.65000       0.20908
       2.65500       0.20725
       2.66000       0.20580
       2.66500       0.20474
       2.67000       0.20410
       2.67500       0.20387
       2.68000       0.20408
       2.68500       0.20471
       2.69000       0.20578
       2.69500       0.20728
       2.70000       0.20919
       2.70500       0.21152
       2.71000       0.21424
       2.71500       0.21734
       2.72000       0.22080
       2.72500       0.22459
       2.73000       0.22870
       2.73500       0.23309
       2.74000       0.23774
       2.74500       0.24260
       2.75000       0.24766
       2.75500       0.25287
       2.76000       0.25820
       2.76500       0.26362
       2.77000       0.26909
       2.77500       0.27458
       2.78000       0.28005
       2.78500       0.28547
       2.79000       0.29081
       2.79500       0.29604
       2.80000       0.30113
       2.80500       0.30605
       2.81000       0.31079
       2.81500       0.31532
       2.82000       0.31963
       2.82500       0.32369
       2.83000       0.32750
       2.83500       0.33105
       2.84000       0.33434
       2.84500       0.33735
       2.85000       0.34009
       2.85500       0.34256
       2.86000       0.34477
       2.86500       0.34673
       2.87000       0.34845
       2.87500       0.34993
       2.88000       0.35120
       2.88500       0.35227
       2.89000       0.35317
       2.89500       0.35390
       2.90000       0.35450
       2.90500       0.35498
       2.91000       0.35536
       2.91500       0.35567
       2.92000       0.35594
       2.92500       0.35618
       2.93000       0.35642
       2.93500       0.35669
       2.94000       0.35699
       2.94500       0.35736
       2.95000       0.35782
       2.95500       0.35839
       2.96000       0.35909
       2.96500       0.35993
       2.97000       0.36093
       2.97500       0.36212
       2.98000       0.36351
       2.98500       0.36512
       2.99000       0.36695
       2.99500       0.36903
       3.00000       0.37138
       3.00500       0.37400
       3.01000       0.37691
       3.01500       0.38013
       3.02000       0.38366
       3.02500       0.38753
       3.03000       0.39175
       3.03500       0.39634
       3.04000       0.40130
       3.04500       0.40666
       3.05000       0.41242
       3.05500       0.41861
       3.06000       0.42524
       3.06500       0.43232
       3.07000       0.43987
       3.07500       0.44790
       3.08000       0.45643
       3.08500       0.46547
       3.09000       0.47503
       3.09500       0.48512
       3.10000       0.49574
       3.10500       0.50691
       3.11000       0.51863
       3.11500       0.53089
       3.12000       0.54369
       3.12500       0.55703
       3.13000       0.57090
       3.13500       0.58528
       3.14000       0.60016
       3.14500       0.61551
       3.15000       0.63131
       3.15500       0.64752
       3.16000       0.66411
       3.16500       0.68103
       3.17000       0.69824
       3.17500       0.71570
       3.18000       0.73334
       3.18500       0.75110
       3.19000       0.76892
       3.19500       0.78673
       3.20000       0.80447
       3.20500       0.82206
       3.21000       0.83943
       3.21500       0.85649
       3.22000       0.87317
       3.22500       0.88939
       3.23000       0.90507
       3.23500       0.92014
       3.24000       0.93453
       3.24500       0.94815
       3.25000       0.96093
       3.25500       0.97283
       3.26000       0.98376
       3.26500       0.99369
       3.27000       1.00255
       3.27500       1.01032
       3.28000       1.01695
       3.28500       1.02241
       3.29000       1.02669
       3.29500       1.02979
       3.30000       1.03169
       3.30500       1.03240
       3.31000       1.03196
       3.31500       1.03037
       3.32000       1.02768
       3.32500       1.02393
       3.33000       1.01918
       3.33500       1.01348
       3.34000       1.00691
       3.34500       0.99955
       3.35000       0.99147
       3.35500       0.98277
       3.36000       0.97353
       3.36500       0.96387
       3.37000       0.95387
       3.37500       0.94365
       3.38000       0.93331
       3.38500       0.92296
       3.39000       0.91269
       3.39500       0.90262
       3.40000       0.89285
       3.40500       0.88348
       3.41000       0.87460
       3.41500       0.86629
       3.42000       0.85865
       3.42500       0.85175
       3.43000       0.84565
       3.43500       0.84043
       3.44000       0.83613
       3.44500       0.83280
       3.45000       0.83048
       3.45500       0.82919
       3.46000       0.82895
       3.46500       0.82976
       3.47000       0.83163
       3.47500       0.83454
       3.48000       0.83847
       3.48500       0.84340
       3.49000       0.84928
       3.49500       0.85608
       3.50000       0.86373
       3.50500       0.87218
       3.51000       0.88135
       3.51500       0.89118
       3.52000       0.90159
       3.52500       0.91249
       3.53000       0.92380
       3.53500       0.93543
       3.54000       0.94728
       3.54500       0.95926
       3.55000       0.97129
       3.55500       0.98325
       3.56000       0.99507
       3.56500       1.00665
       3.57000       1.01790
       3.57500       1.02874
       3.58000       1.03908
       3.58500       1.04885
       3.59000       1.05798
       3.59500       1.06640
       3.60000       1.07405
       3.60500       1.08088
       3.61000       1.08684
       3.61500       1.09190
       3.62000       1.09602
       3.62500       1.09917
       3.63000       1.10135
       3.63500       1.10255
       3.64000       1.10276
       3.64500       1.10200
       3.65000       1.10027
       3.65500       1.09760
       3.66000       1.09402
       3.66500       1.08956
       3.67000       1.08426
       3.67500       1.07816
       3.68000       1.07131
       3.68500       1.06377
       3.69000       1.05559
       3.69500       1.04682
       3.70000       1.03753
       3.70500       1.02778
       3.71000       1.01762
       3.71500       1.00711
       3.72000       0.99632
       3.72500       0.98530
       3.73000       0.97411
       3.73500       0.96279
       3.74000       0.95140
       3.74500       0.93999
       3.75000       0.92859
       3.75500       0.91725
       3.76000       0.90599
       3.76500       0.89486
       3.77000       0.88387
       3.77500       0.87305
       3.78000       0.86241
       3.78500       0.85197
       3.79000       0.84175
       3.79500       0.83175
       3.80000       0.82197
       3.80500       0.81242
       3.81000       0.80309
       3.81500       0.79399
       3.82000       0.78510
       3.82500       0.77644
       3.83000       0.76798
       3.83500       0.75972
       3.84000       0.75165
       3.84500       0.74377
       3.85000       0.73607
       3.85500       0.72854
       3.86000       0.72118
       3.86500       0.71398
       3.87000       0.70692
       3.87500       0.70002
       3.88000       0.69327
       3.88500       0.68665
       3.89000       0.68018
       3.89500       0.67386
       3.90000       0.66767
       3.90500       0.66163
       3.91000       0.65575
       3.91500       0.65001
       3.92000       0.64443
       3.92500       0.63902
       3.93000       0.63377
       3.93500       0.62871
       3.94000       0.62384
       3.94500       0.61917
       3.95000       0.61470
       3.95500       0.61047
       3.96000       0.60647
       3.96500       0.60273
       3.97000       0.59925
       3.97500       0.59607
       3.98000       0.59319
       3.98500       0.59065
       3.99000       0.58845
       3.99500       0.58663
       4.00000       0.58521
       4.00500       0.58422
       4.01000       0.58368
       4.01500       0.58362
       4.02000       0.58407
       4.02500       0.58507
       4.03000       0.58664
       4.03500       0.58882
       4.04000       0.59163
       4.04500       0.59511
       4.05000       0.59929
       4.05500       0.60420
       4.06000       0.60986
       4.06500       0.61630
       4.07000       0.62354
       4.07500       0.63162
       4.08000       0.64053
       4.08500       0.65030
       4.09000       0.66094
       4.09500       0.67245
       4.10000       0.68483
       4.10500       0.69808
       4.11000       0.71218
       4.11500       0.72712
       4.12000       0.74288
       4.12500       0.75943
       4.13000       0.77672
       4.13500       0.79473
       4.14000       0.81339
       4.14500       0.83266
       4.15000       0.85247
       4.15500       0.87275
       4.16000       0.89343
       4.16500       0.91444
       4.17000       0.93568
       4.17500       0.95707
       4.18000       0.97852
       4.18500       0.99994
       4.19000       1.02121
       4.19500       1.04226
       4.20000       1.06297
       4.20500       1.08324
       4.21000       1.10298
       4.21500       1.12209
       4.22000       1.14047
       4.22500       1.15802
       4.23000       1.17466
       4.23500       1.19031
       4.24000       1.20488
       4.24500       1.21829
       4.25000       1.23050
       4.25500       1.24142
       4.26000       1.25101
       4.26500       1.25923
       4.27000       1.26604
       4.27500       1.27140
       4.28000       1.27531
       4.28500       1.27774
       4.29000       1.27869
       4.29500       1.27818
       4.30000       1.27620
       4.30500       1.27279
       4.31000       1.26797
       4.31500       1.26178
       4.32000       1.25425
       4.32500       1.24543
       4.33000       1.23537
       4.33500       1.22414
       4.34000       1.21178
       4.34500       1.19837
       4.35000       1.18397
       4.35500       1.16864
       4.36000       1.15246
       4.36500       1.13550
       4.37000       1.11782
       4.37500       1.09949
       4.38000       1.08060
       4.38500       1.06119
       4.39000       1.04134
       4.39500       1.02111
       4.40000       1.00058
       4.40500       0.97978
       4.41000       0.95879
       4.41500       0.93767
       4.42000       0.91646
       4.42500       0.89521
       4.43000       0.87399
       4.43500       0.85283
       4.44000       0.83180
       4.44500       0.81092
       4.45000       0.79025
       4.45500       0.76984
       4.46000       0.74973
       4.46500       0.72996
       4.47000       0.71058
       4.47500       0.69163
       4.48000       0.67316
       4.48500       0.65521
       4.49000       0.63784
       4.49500       0.62109
       4.50000       0.60500
       4.50500       0.58962
       4.51000       0.57500
       4.51500       0.56118
       4.52000       0.54822
       4.52500       0.53616
       4.53000       0.52504
       4.53500       0.51491
       4.54000       0.50580
       4.54500       0.49775
       4.55000       0.49081
       4.55500       0.48499
       4.56000       0.48033
       4.56500       0.47685
       4.57000       0.47456
       4.57500       0.47349
       4.58000       0.47362
       4.58500       0.47497
       4.59000       0.47752
       4.59500       0.48126
       4.60000       0.48616
       4.60500       0.49221
       4.61000       0.49936
       4.61500       0.50757
       4.62000       0.51679
       4.62500       0.52696
       4.63000       0.53802
       4.63500       0.54990
       4.64000       0.56253
       4.64500       0.57582
       4.65000       0.58969
       4.65500       0.60404
       4.66000       0.61880
       4.66500       0.63385
       4.67000       0.64912
       4.67500       0.66448
       4.68000       0.67986
       4.68500       0.69515
       4.69000       0.71025
       4.69500       0.72507
       4.70000       0.73952
       4.70500       0.75351
       4.71000       0.76695
       4.71500       0.77977
       4.72000       0.79189
       4.72500       0.80324
       4.73000       0.81376
       4.73500       0.82338
       4.74000       0.83208
       4.74500       0.83979
       4.75000       0.84649
       4.75500       0.85215
       4.76000       0.85674
       4.76500       0.86027
       4.77000       0.86271
       4.77500       0.86408
       4.78000       0.86438
       4.78500       0.86363
       4.79000       0.86185
       4.79500       0.85908
       4.80000       0.85534
       4.80500       0.85068
       4.81000       0.84515
       4.81500       0.83880
       4.82000       0.83169
       4.82500       0.82387
       4.83000       0.81542
       4.83500       0.80640
       4.84000       0.79687
       4.84500       0.78693
       4.85000       0.77664
       4.85500       0.76607
       4.86000       0.75532
       4.86500       0.74445
       4.87000       0.73355
       4.87500       0.72270
       4.88000       0.71197
       4.88500       0.70145
       4.89000       0.69121
       4.89500       0.68132
       4.90000       0.67186
       4.90500       0.66289
       4.91000       0.65449
       4.91500       0.64671
       4.92000       0.63962
       4.92500       0.63326
       4.93000       0.62768
       4.93500       0.62294
       4.94000       0.61907
       4.94500       0.61610
       4.95000       0.61407
       4.95500       0.61299
       4.96000       0.61289
       4.96500       0.61377
       4.97000       0.61564
       4.97500       0.61850
       4.98000       0.62234
       4.98500       0.62716
       4.99000       0.63292
       4.99500       0.63962
       5.00000       0.64721
       5.00500       0.65567
       5.01000       0.66496
       5.01500       0.67504
       5.02000       0.68585
       5.02500       0.69735
       5.03000       0.70948
       5.03500       0.72219
       5.04000       0.73541
       5.04500       0.74909
       5.05000       0.76315
       5.05500       0.77755
       5.06000       0.79220
       5.06500       0.80705
       5.07000       0.82203
       5.07500       0.83707
       5.08000       0.85212
       5.08500       0.86709
       5.09000       0.88194
       5.09500       0.89660
       5.10000       0.91101
       5.10500       0.92512
       5.11000       0.93888
       5.11500       0.95223
       5.12000       0.96512
       5.12500       0.97751
       5.13000       0.98936
       5.13500       1.00063
       5.14000       1.01129
       5.14500       1.02130
       5.15000       1.03064
       5.15500       1.03929
       5.16000       1.04722
       5.16500       1.05442
       5.17000       1.06088
       5.17500       1.06659
       5.18000       1.07155
       5.18500       1.07575
       5.19000       1.07921
       5.19500       1.08192
       5.20000       1.08391
       5.20500       1.08517
       5.21000       1.08574
       5.21500       1.08562
       5.22000       1.08485
       5.22500       1.08345
       5.23000       1.08144
       5.23500       1.07886
       5.24000       1.07574
       5.24500       1.07210
       5.25000       1.06797
       5.25500       1.06340
       5.26000       1.05842
       5.26500       1.05305
       5.27000       1.04732
       5.27500       1.04127
       5.28000       1.03491
       5.28500       1.02829
       5.29000       1.02141
       5.29500       1.01431
       5.30000       1.00699
       5.30500       0.99947
       5.31000       0.99176
       5.31500       0.98387
       5.32000       0.97581
       5.32500       0.96757
       5.33000       0.95916
       5.33500       0.95057
       5.34000       0.94179
       5.34500       0.93283
       5.35000       0.92366
       5.35500       0.91428
       5.36000       0.90467
       5.36500       0.89484
       5.37000       0.88475
       5.37500       0.87441
       5.38000       0.86381
       5.38500       0.85294
       5.39000       0.84179
       5.39500       0.83037
       5.40000       0.81868
       5.40500       0.80672
       5.41000       0.79450
       5.41500       0.78205
       5.42000       0.76937
       5.42500       0.75649
       5.43000       0.74344
       5.43500       0.73025
       5.44000       0.71696
       5.44500       0.70360
       5.45000       0.69022
       5.45500       0.67687
       5.46000       0.66360
       5.46500       0.65045
       5.47000       0.63749
       5.47500       0.62476
       5.48000       0.61232
       5.48500       0.60022
       5.49000       0.58852
       5.49500       0.57728
       5.50000       0.56654
       5.50500       0.55635
       5.51000       0.54675
       5.51500       0.53779
       5.52000       0.52950
       5.52500       0.52192
       5.53000       0.51507
       5.53500       0.50898
       5.54000       0.50367
       5.54500       0.49914
       5.55000       0.49539
       5.55500       0.49245
       5.56000       0.49028
       5.56500       0.48889
       5.57000       0.48826
       5.57500       0.48836
       5.58000       0.48918
       5.58500       0.49067
       5.59000       0.49280
       5.59500       0.49553
       5.60000       0.49882
       5.60500       0.50262
       5.61000       0.50688
       5.61500       0.51155
       5.62000       0.51657
       5.62500       0.52189
       5.63000       0.52745
       5.63500       0.53320
       5.64000       0.53908
       5.64500       0.54503
       5.65000       0.55099
       5.65500       0.55693
       5.66000       0.56277
       5.66500       0.56847
       5.67000       0.57399
       5.67500       0.57929
       5.68000       0.58430
       5.68500       0.58901
       5.69000       0.59338
       5.69500       0.59737
       5.70000       0.60096
       5.70500       0.60412
       5.71000       0.60684
       5.71500       0.60910
       5.72000       0.61088
       5.72500       0.61220
       5.73000       0.61303
       5.73500       0.61339
       5.74000       0.61327
       5.74500       0.61268
       5.75000       0.61165
       5.75500       0.61017
       5.76000       0.60827
       5.76500       0.60597
       5.77000       0.60330
       5.77500       0.60027
       5.78000       0.59691
       5.78500       0.59326
       5.79000       0.58933
       5.79500       0.58517
       5.80000       0.58080
       5.80500       0.57625
       5.81000       0.57156
       5.81500       0.56676
       5.82000       0.56187
       5.82500       0.55692
       5.83000       0.55195
       5.83500       0.54698
       5.84000       0.54204
       5.84500       0.53714
       5.85000       0.53232
       5.85500       0.52760
       5.86000       0.52299
       5.86500       0.51850
       5.87000       0.51416
       5.87500       0.50997
       5.88000       0.50595
       5.88500       0.50211
       5.89000       0.49844
       5.89500       0.49495
       5.90000       0.49165
       5.90500       0.48854
       5.91000       0.48561
       5.91500       0.48287
       5.92000       0.48031
       5.92500       0.47793
       5.93000       0.47573
       5.93500       0.47369
       5.94000       0.47183
       5.94500       0.47013
       5.95000       0.46859
       5.95500       0.46722
       5.96000       0.46600
       5.96500       0.46494
       5.97000       0.46404
       5.97500       0.46330
       5.98000       0.46273
       5.98500       0.46234
       5.99000       0.46212
       5.99500       0.46210
       6.00000       0.46227
       6.00500       0.46265
       6.01000       0.46326
       6.01500       0.46410
       6.02000       0.46520
       6.02500       0.46656
       6.03000       0.46821
       6.03500       0.47016
       6.04000       0.47241
       6.04500       0.47500
       6.05000       0.47793
       6.05500       0.48121
       6.06000       0.48486
       6.06500       0.48888
       6.07000       0.49328
       6.07500       0.49807
       6.08000       0.50324
       6.08500       0.50881
       6.09000       0.51475
       6.09500       0.52108
       6.10000       0.52777
       6.10500       0.53482
       6.11000       0.54221
       6.11500       0.54992
       6.12000       0.55794
       6.12500       0.56623
       6.13000       0.57477
       6.13500       0.58353
       6.14000       0.59249
       6.14500       0.60161
       6.15000       0.61085
       6.15500       0.62018
       6.16000       0.62957
       6.16500       0.63897
       6.17000       0.64836
       6.17500       0.65769
       6.18000       0.66692
       6.18500       0.67602
       6.19000       0.68496
       6.19500       0.69369
       6.20000       0.70218
       6.20500       0.71041
       6.21000       0.71834
       6.21500       0.72593
       6.22000       0.73317
       6.22500       0.74003
       6.23000       0.74647
       6.23500       0.75248
       6.24000       0.75805
       6.24500       0.76314
       6.25000       0.76774
       6.25500       0.77185
       6.26000       0.77545
       6.26500       0.77853
       6.27000       0.78108
       6.27500       0.78309
       6.28000       0.78458
       6.28500       0.78553
       6.29000       0.78594
       6.29500       0.78584
       6.30000       0.78521
       6.30500       0.78407
       6.31000       0.78243
       6.31500       0.78032
       6.32000       0.77773
       6.32500       0.77470
       6.33000       0.77125
       6.33500       0.76739
       6.34000       0.76315
       6.34500       0.75856
       6.35000       0.75366
       6.35500       0.74846
       6.36000       0.74300
       6.36500       0.73732
       6.37000       0.73145
       6.37500       0.72541
       6.38000       0.71925
       6.38500       0.71299
       6.39000       0.70668
       6.39500       0.70034
       6.40000       0.69401
       6.40500       0.68771
       6.41000       0.68147
       6.41500       0.67533
       6.42000       0.66931
       6.42500       0.66342
       6.43000       0.65770
       6.43500       0.65215
       6.44000       0.64680
       6.44500       0.64166
       6.45000       0.63673
       6.45500       0.63202
       6.46000       0.62755
       6.46500       0.62330
       6.47000       0.61929
       6.47500       0.61550
       6.48000       0.61193
       6.48500       0.60858
       6.49000       0.60543
       6.49500       0.60247
       6.50000       0.59969
       6.50500       0.59707
       6.51000       0.59460
       6.51500       0.59226
       6.52000       0.59003
       6.52500       0.58789
       6.53000       0.58582
       6.53500       0.58381
       6.54000       0.58182
       6.54500       0.57985
       6.55000       0.57787
       6.55500       0.57586
       6.56000       0.57380
       6.56500       0.57167
       6.57000       0.56946
       6.57500       0.56713
       6.58000       0.56468
       6.58500       0.56209
       6.59000       0.55934
       6.59500       0.55642
       6.60000       0.55332
       6.60500       0.55001
       6.61000       0.54650
       6.61500       0.54277
       6.62000       0.53881
       6.62500       0.53461
       6.63000       0.53018
       6.63500       0.52551
       6.64000       0.52060
       6.64500       0.51545
       6.65000       0.51006
       6.65500       0.50445
       6.66000       0.49862
       6.66500       0.49257
       6.67000       0.48634
       6.67500       0.47992
       6.68000       0.47335
       6.68500       0.46664
       6.69000       0.45981
       6.69500       0.45289
       6.70000       0.44592
       6.70500       0.43892
       6.71000       0.43191
       6.71500       0.42495
       6.72000       0.41806
       6.72500       0.41128
       6.73000       0.40464
       6.73500       0.39819
       6.74000       0.39196
       6.74500       0.38599
       6.75000       0.38032
       6.75500       0.37498
       6.76000       0.37000
       6.76500       0.36543
       6.77000       0.36129
       6.77500       0.35761
       6.78000       0.35441
       6.78500       0.35172
       6.79000       0.34955
       6.79500       0.34792
       6.80000       0.34685
       6.80500       0.34632
       6.81000       0.34636
       6.81500       0.34695
       6.82000       0.34809
       6.82500       0.34976
       6.83000       0.35196
       6.83500       0.35466
       6.84000       0.35783
       6.84500       0.36145
       6.85000       0.36549
       6.85500       0.36992
       6.86000       0.37468
       6.86500       0.37975
       6.87000       0.38508
       6.87500       0.39063
       6.88000       0.39635
       6.88500       0.40219
       6.89000       0.40812
       6.89500       0.41407
       6.90000       0.42002
       6.90500       0.42590
       6.91000       0.43169
       6.91500       0.43734
       6.92000       0.44281
       6.92500       0.44806
       6.93000       0.45308
       6.93500       0.45782
       6.94000       0.46226
       6.94500       0.46638
       6.95000       0.47017
       6.95500       0.47361
       6.96000       0.47669
       6.96500       0.47941
       6.97000       0.48177
       6.97500       0.48376
       6.98000       0.48540
       6.98500       0.48669
       6.99000       0.48765
       6.99500       0.48829
       7.00000       0.48863
       7.00500       0.48868
       7.01000       0.48848
       7.01500       0.48803
       7.02000       0.48737
       7.02500       0.48651
       7.03000       0.48548
       7.03500       0.48431
       7.04000       0.48302
       7.04500       0.48163
       7.05000       0.48016
       7.05500       0.47864
       7.06000       0.47708
       7.06500       0.47551
       7.07000       0.47395
       7.07500       0.47242
       7.08000       0.47092
       7.08500       0.46948
       7.09000       0.46812
       7.09500       0.46685
       7.10000       0.46569
       7.10500       0.46464
       7.11000       0.46374
       7.11500       0.46298
       7.12000       0.46240
       7.12500       0.46200
       7.13000       0.46180
       7.13500       0.46182
       7.14000       0.46209
       7.14500       0.46261
       7.15000       0.46341
       7.15500       0.46451
       7.16000       0.46593
       7.16500       0.46769
       7.17000       0.46982
       7.17500       0.47232
       7.18000       0.47522
       7.18500       0.47854
       7.19000       0.48229
       7.19500       0.48650
       7.20000       0.49116
       7.20500       0.49630
       7.21000       0.50192
       7.21500       0.50801
       7.22000       0.51460
       7.22500       0.52166
       7.23000       0.52919
       7.23500       0.53718
       7.24000       0.54562
       7.24500       0.55449
       7.25000       0.56376
       7.25500       0.57340
       7.26000       0.58340
       7.26500       0.59371
       7.27000       0.60429
       7.27500       0.61511
       7.28000       0.62613
       7.28500       0.63730
       7.29000       0.64858
       7.29500       0.65992
       7.30000       0.67129
       7.30500       0.68262
       7.31000       0.69389
       7.31500       0.70504
       7.32000       0.71603
       7.32500       0.72683
       7.33000       0.73739
       7.33500       0.74769
       7.34000       0.75767
       7.34500       0.76733
       7.35000       0.77662
       7.35500       0.78553
       7.36000       0.79403
       7.36500       0.80211
       7.37000       0.80976
       7.37500       0.81695
       7.38000       0.82369
       7.38500       0.82996
       7.39000       0.83577
       7.39500       0.84112
       7.40000       0.84600
       7.40500       0.85043
       7.41000       0.85441
       7.41500       0.85796
       7.42000       0.86107
       7.42500       0.86378
       7.43000       0.86609
       7.43500       0.86802
       7.44000       0.86959
       7.44500       0.87082
       7.45000       0.87174
       7.45500       0.87237
       7.46000       0.87272
       7.46500       0.87284
       7.47000       0.87274
       7.47500       0.87246
       7.48000       0.87202
       7.48500       0.87145
       7.49000       0.87079
       7.49500       0.87005
       7.50000       0.86926
       7.50500       0.86847
       7.51000       0.86768
       7.51500       0.86692
       7.52000       0.86623
       7.52500       0.86561
       7.53000       0.86509
       7.53500       0.86467
       7.54000       0.86438
       7.54500       0.86423
       7.55000       0.86420
       7.55500       0.86432
       7.56000       0.86456
       7.56500       0.86493
       7.57000       0.86542
       7.57500       0.86600
       7.58000       0.86667
       7.58500       0.86739
       7.59000       0.86815
       7.59500       0.86892
       7.60000       0.86966
       7.60500       0.87034
       7.61000       0.87094
       7.61500       0.87141
       7.62000       0.87174
       7.62500       0.87187
       7.63000       0.87179
       7.63500       0.87146
       7.64000       0.87087
       7.64500       0.86998
       7.65000       0.86877
       7.65500       0.86725
       7.66000       0.86539
       7.66500       0.86319
       7.67000       0.86066
       7.67500       0.85780
       7.68000       0.85463
       7.68500       0.85117
       7.69000       0.84744
       7.69500       0.84347
       7.70000       0.83931
       7.70500       0.83498
       7.71000       0.83054
       7.71500       0.82604
       7.72000       0.82153
       7.72500       0.81706
       7.73000       0.81270
       7.73500       0.80849
       7.74000       0.80451
       7.74500       0.80080
       7.75000       0.79742
       7.75500       0.79444
       7.76000       0.79189
       7.76500       0.78982
       7.77000       0.78828
       7.77500       0.78731
       7.78000       0.78693
       7.78500       0.78718
       7.79000       0.78806
       7.79500       0.78959
       7.80000       0.79177
       7.80500       0.79460
       7.81000       0.79807
       7.81500       0.80215
       7.82000       0.80681
       7.82500       0.81202
       7.83000       0.81774
       7.83500       0.82391
       7.84000       0.83049
       7.84500       0.83740
       7.85000       0.84459
       7.85500       0.85198
       7.86000       0.85949
       7.86500       0.86706
       7.87000       0.87461
       7.87500       0.88204
       7.88000       0.88930
       7.88500       0.89630
       7.89000       0.90297
       7.89500       0.90924
       7.90000       0.91504
       7.90500       0.92031
       7.91000       0.92500
       7.91500       0.92906
       7.92000       0.93245
       7.92500       0.93513
       7.93000       0.93709
       7.93500       0.93830
       7.94000       0.93876
       7.94500       0.93846
       7.95000       0.93743
       7.95500       0.93568
       7.96000       0.93323
       7.96500       0.93013
       7.97000       0.92642
       7.97500       0.92215
       7.98000       0.91737
       7.98500       0.91216
       7.99000       0.90658
       7.99500       0.90071
       8.00000       0.89463
       8.00500       0.88841
       8.01000       0.88214
       8.01500       0.87591
       8.02000       0.86981
       8.02500       0.86390
       8.03000       0.85829
       8.03500       0.85306
       8.04000       0.84828
       8.04500       0.84403
       8.05000       0.84039
       8.05500       0.83743
       8.06000       0.83520
       8.06500       0.83378
       8.07000       0.83322
       8.07500       0.83357
       8.08000       0.83486
       8.08500       0.83715
       8.09000       0.84046
       8.09500       0.84482
       8.10000       0.85025
       8.10500       0.85676
       8.11000       0.86436
       8.11500       0.87306
       8.12000       0.88284
       8.12500       0.89371
       8.13000       0.90565
       8.13500       0.91863
       8.14000       0.93264
       8.14500       0.94763
       8.15000       0.96358
       8.15500       0.98045
       8.16000       0.99819
       8.16500       1.01675
       8.17000       1.03608
       8.17500       1.05612
       8.18000       1.07681
       8.18500       1.09810
       8.19000       1.11991
       8.19500       1.14217
       8.20000       1.16482
       8.20500       1.18777
       8.21000       1.21097
       8.21500       1.23433
       8.22000       1.25777
       8.22500       1.28122
       8.23000       1.30460
       8.23500       1.32784
       8.24000       1.35085
       8.24500       1.37358
       8.25000       1.39594
       8.25500       1.41787
       8.26000       1.43929
       8.26500       1.46014
       8.27000       1.48037
       8.27500       1.49991
       8.28000       1.51871
       8.28500       1.53672
       8.29000       1.55390
       8.29500       1.57019
       8.30000       1.58557
       8.30500       1.59999
       8.31000       1.61344
       8.31500       1.62588
       8.32000       1.63730
       8.32500       1.64767
       8.33000       1.65700
       8.33500       1.66526
       8.34000       1.67245
       8.34500       1.67858
       8.35000       1.68363
       8.35500       1.68763
       8.36000       1.69056
       8.36500       1.69245
       8.37000       1.69330
       8.37500       1.69313
       8.38000       1.69196
       8.38500       1.68979
       8.39000       1.68666
       8.39500       1.68257
       8.40000       1.67755
       8.40500       1.67162
       8.41000       1.66481
       8.41500       1.65715
       8.42000       1.64864
       8.42500       1.63934
       8.43000       1.62926
       8.43500       1.61843
       8.44000       1.60689
       8.44500       1.59467
       8.45000       1.58180
       8.45500       1.56833
       8.46000       1.55428
       8.46500       1.53970
       8.47000       1.52463
       8.47500       1.50911
       8.48000       1.49318
       8.48500       1.47690
       8.49000       1.46030
       8.49500       1.44344
       8.50000       1.42636
       8.50500       1.40911
       8.51000       1.39174
       8.51500       1.37430
       8.52000       1.35684
       8.52500       1.33941
       8.53000       1.32205
       8.53500       1.30480
       8.54000       1.28772
       8.54500       1.27084
       8.55000       1.25420
       8.55500       1.23784
       8.56000       1.22179
       8.56500       1.20608
       8.57000       1.19074
       8.57500       1.17580
       8.58000       1.16126
       8.58500       1.14716
       8.59000       1.13350
       8.59500       1.12029
       8.60000       1.10754
       8.60500       1.09525
       8.61000       1.08343
       8.61500       1.07207
       8.62000       1.06117
       8.62500       1.05073
       8.63000       1.04075
       8.63500       1.03121
       8.64000       1.02211
       8.64500       1.01344
       8.65000       1.00522
       8.65500       0.99742
       8.66000       0.99005
       8.66500       0.98312
       8.67000       0.97663
       8.67500       0.97059
       8.68000       0.96501
       8.68500       0.95992
       8.69000       0.95532
       8.69500       0.95125
       8.70000       0.94774
       8.70500       0.94482
       8.71000       0.94252
       8.71500       0.94090
       8.72000       0.93999
       8.72500       0.93984
       8.73000       0.94051
       8.73500       0.94203
       8.74000       0.94447
       8.74500       0.94788
       8.75000       0.95230
       8.75500       0.95779
       8.76000       0.96440
       8.76500       0.97216
       8.77000       0.98112
       8.77500       0.99131
       8.78000       1.00276
       8.78500       1.01549
       8.79000       1.02952
       8.79500       1.04484
       8.80000       1.06147
       8.80500       1.07938
       8.81000       1.09856
       8.81500       1.11898
       8.82000       1.14060
       8.82500       1.16336
       8.83000       1.18722
       8.83500       1.21210
       8.84000       1.23794
       8.84500       1.26464
       8.85000       1.29211
       8.85500       1.32027
       8.86000       1.34901
       8.86500       1.37822
       8.87000       1.40779
       8.87500       1.43761
       8.88000       1.46756
       8.88500       1.49753
       8.89000       1.52740
       8.89500       1.55706
       8.90000       1.58639
       8.90500       1.61529
       8.91000       1.64364
       8.91500       1.67135
       8.92000       1.69832
       8.92500       1.72446
       8.93000       1.74969
       8.93500       1.77393
       8.94000       1.79710
       8.94500       1.81915
       8.95000       1.84002
       8.95500       1.85966
       8.96000       1.87803
       8.96500       1.89511
       8.97000       1.91087
       8.97500       1.92528
       8.98000       1.93836
       8.98500       1.95008
       8.99000       1.96047
       8.99500       1.96954
       9.00000       1.97730
       9.00500       1.98379
       9.01000       1.98904
       9.01500       1.99309
       9.02000       1.99599
       9.02500       1.99779
       9.03000       1.99856
       9.03500       1.99835
       9.04000       1.99723
       9.04500       1.99527
       9.05000       1.99255
       9.05500       1.98915
       9.06000       1.98515
       9.06500       1.98063
       9.07000       1.97567
       9.07500       1.97035
       9.08000       1.96478
       9.08500       1.95902
       9.09000       1.95315
       9.09500       1.94727
       9.10000       1.94145
       9.10500       1.93575
       9.11000       1.93025
       9.11500       1.92502
       9.12000       1.92011
       9.12500       1.91557
       9.13000       1.91145
       9.13500       1.90780
       9.14000       1.90463
       9.14500       1.90199
       9.15000       1.89988
       9.15500       1.89831
       9.16000       1.89730
       9.16500       1.89683
       9.17000       1.89690
       9.17500       1.89749
       9.18000       1.89858
       9.18500       1.90015
       9.19000       1.90216
       9.19500       1.90458
       9.20000       1.90738
       9.20500       1.91053
       9.21000       1.91398
       9.21500       1.91769
       9.22000       1.92164
       9.22500       1.92579
       9.23000       1.93011
       9.23500       1.93456
       9.24000       1.93913
       9.24500       1.94378
       9.25000       1.94850
       9.25500       1.95328
       9.26000       1.95811
       9.26500       1.96297
       9.27000       1.96786
       9.27500       1.97279
       9.28000       1.97775
       9.28500       1.98274
       9.29000       1.98777
       9.29500       1.99284
       9.30000       1.99795
       9.30500       2.00310
       9.31000       2.00830
       9.31500       2.01354
       9.32000       2.01880
       9.32500       2.02408
       9.33000       2.02936
       9.33500       2.03461
       9.34000       2.03980
       9.34500       2.04490
       9.35000       2.04986
       9.35500       2.05463
       9.36000       2.05917
       9.36500       2.06340
       9.37000       2.06726
       9.37500       2.07069
       9.38000       2.07360
       9.38500       2.07592
       9.39000       2.07757
       9.39500       2.07847
       9.40000       2.07855
       9.40500       2.07771
       9.41000       2.07590
       9.41500       2.07303
       9.42000       2.06905
       9.42500       2.06389
       9.43000       2.05750
       9.43500       2.04985
       9.44000       2.04089
       9.44500       2.03060
       9.45000       2.01898
       9.45500       2.00603
       9.46000       1.99174
       9.46500       1.97615
       9.47000       1.95929
       9.47500       1.94121
       9.48000       1.92196
       9.48500       1.90162
       9.49000       1.88026
       9.49500       1.85798
       9.50000       1.83486
       9.50500       1.81102
       9.51000       1.78657
       9.51500       1.76163
       9.52000       1.73632
       9.52500       1.71077
       9.53000       1.68511
       9.53500       1.65946
       9.54000       1.63396
       9.54500       1.60874
       9.55000       1.58393
       9.55500       1.55964
       9.56000       1.53600
       9.56500       1.51312
       9.57000       1.49110
       9.57500       1.47005
       9.58000       1.45007
       9.58500       1.43123
       9.59000       1.41361
       9.59500       1.39728
       9.60000       1.38229
       9.60500       1.36870
       9.61000       1.35654
       9.61500       1.34585
       9.62000       1.33663
       9.62500       1.32890
       9.63000       1.32266
       9.63500       1.31789
       9.64000       1.31459
       9.64500       1.31273
       9.65000       1.31227
       9.65500       1.31317
       9.66000       1.31539
       9.66500       1.31887
       9.67000       1.32356
       9.67500       1.32938
       9.68000       1.33629
       9.68500       1.34420
       9.69000       1.35305
       9.69500       1.36276
       9.70000       1.37327
       9.70500       1.38450
       9.71000       1.39638
       9.71500       1.40885
       9.72000       1.42184
       9.72500       1.43529
       9.73000       1.44914
       9.73500       1.46335
       9.74000       1.47787
       9.74500       1.49266
       9.75000       1.50770
       9.75500       1.52294
       9.76000       1.53839
       9.76500       1.55402
       9.77000       1.56983
       9.77500       1.58583
       9.78000       1.60203
       9.78500       1.61845
       9.79000       1.63510
       9.79500       1.65202
       9.80000       1.66924
       9.80500       1.68680
       9.81000       1.70474
       9.81500       1.72310
       9.82000       1.74192
       9.82500       1.76125
       9.83000       1.78114
       9.83500       1.80162
       9.84000       1.82273
       9.84500       1.84452
       9.85000       1.86701
       9.85500       1.89022
       9.86000       1.91418
       9.86500       1.93890
       9.87000       1.96438
       9.87500       1.99062
       9.88000       2.01761
       9.88500       2.04533
       9.89000       2.07375
       9.89500       2.10282
       9.90000       2.13250
       9.90500       2.16274
       9.91000       2.19346
       9.91500       2.22459
       9.92000       2.25606
       9.92500       2.28776
       9.93000       2.31961
       9.93500       2.35150
       9.94000       2.38332
       9.94500       2.41497
       9.95000       2.44633
       9.95500       2.47728
       9.96000       2.50770
       9.96500       2.53749
       9.97000       2.56651
       9.97500       2.59466
       9.98000       2.62182
       9.98500       2.64787
       9.99000       2.67273
       9.99500       2.69628
