    0.0000   29.7626   29.7626    2.9498   -0.0000    0.0000   -0.0000
    0.0378   29.8412   29.8412    2.9501   -0.0000    0.0000   -0.0000
    0.0756   30.0847   30.0847    2.9510   -0.0000    0.0000   -0.0000
    0.1133   30.5158   30.5158    2.9526   -0.0000    0.0000   -0.0000
    0.1511   31.1670   31.1670    2.9548   -0.0000    0.0000   -0.0000
    0.1889   32.0704   32.0704    2.9577   -0.0000    0.0000   -0.0000
    0.2267   33.2390   33.2390    2.9612   -0.0000    0.0000   -0.0000
    0.2645   34.6373   34.6373    2.9655   -0.0000    0.0000   -0.0000
    0.3022   36.1496   36.1496    2.9705   -0.0000    0.0000   -0.0000
    0.3400   37.5566   37.5566    2.9763   -0.0000    0.0000   -0.0000
    0.3778   38.5362   38.5362    2.9829   -0.0000    0.0000   -0.0000
    0.4156   38.7070   38.7070    2.9905   -0.0000    0.0000   -0.0000
    0.4534   37.7133   37.7133    2.9990   -0.0000    0.0000   -0.0000
    0.4911   35.3364   35.3364    3.0086   -0.0000    0.0000   -0.0000
    0.5289   31.5921   31.5921    3.0194   -0.0000    0.0000    0.0000
    0.5667   26.7712   26.7712    3.0316   -0.0000    0.0000    0.0000
    0.6045   21.3929   21.3929    3.0453   -0.0000    0.0000    0.0000
    0.6423   16.0776   16.0776    3.0609   -0.0000    0.0000    0.0000
    0.6800   11.3829   11.3829    3.0790    0.0000    0.0000    0.0000
    0.7178    7.6672    7.6672    3.1001    0.0000    0.0000    0.0000
    0.7556    5.0341    5.0341    3.1254    0.0000    0.0000    0.0000
    0.7934    3.3731    3.3731    3.1560    0.0000    0.0000    0.0000
    0.8311    2.4644    2.4644    3.1934    0.0000    0.0000    0.0000
    0.8689    2.0933    2.0933    3.2384    0.0000    0.0000    0.0000
    0.9067    2.1196    2.1196    3.2905    0.0000    0.0000    0.0000
    0.9445    2.4811    2.4811    3.3469    0.0000    0.0000    0.0000
    0.9823    3.1466    3.1466    3.4013    0.0000    0.0000    0.0000
    1.0200    4.0574    4.0574    3.4440    0.0000    0.0000    0.0000
    1.0578    5.0930    5.0930    3.4627    0.0000    0.0000    0.0000
    1.0956    6.0799    6.0799    3.4453    0.0000    0.0000    0.0000
    1.1334    6.8380    6.8380    3.3835    0.0000    0.0000   -0.0000
    1.1712    7.2384    7.2384    3.2762    0.0000    0.0000   -0.0000
    1.2089    7.2474    7.2474    3.1316    0.0000    0.0000   -0.0000
    1.2467    6.9381    6.9381    2.9664    0.0000    0.0000   -0.0000
    1.2845    6.4649    6.4649    2.8021    0.0000    0.0000   -0.0000
    1.3223    6.0157    6.0157    2.6602    0.0000    0.0000    0.0000
    1.3601    5.7590    5.7590    2.5567    0.0000   -0.0000    0.0000
    1.3978    5.8054    5.8054    2.5001    0.0000   -0.0000    0.0000
    1.4356    6.1901    6.1901    2.4902    0.0000   -0.0000    0.0000
    1.4734    6.8770    6.8770    2.5210    0.0000   -0.0000   -0.0000
    1.5112    7.7731    7.7731    2.5829    0.0000   -0.0000   -0.0000
    1.5490    8.7475    8.7475    2.6660    0.0000   -0.0000   -0.0000
    1.5867    9.6508    9.6508    2.7608    0.0000   -0.0000   -0.0000
    1.6245   10.3354   10.3354    2.8586    0.0000   -0.0000   -0.0000
    1.6623   10.6785   10.6785    2.9504    0.0000   -0.0000   -0.0000
    1.7001   10.6051   10.6051    3.0261    0.0000   -0.0000   -0.0000
    1.7379   10.1062   10.1062    3.0749   -0.0000   -0.0000   -0.0000
    1.7756    9.2432    9.2432    3.0865   -0.0000   -0.0000   -0.0000
    1.8134    8.1356    8.1356    3.0542   -0.0000   -0.0000   -0.0000
    1.8512    6.9340    6.9340    2.9772   -0.0000   -0.0000   -0.0000
    1.8890    5.7877    5.7877    2.8628   -0.0000   -0.0000   -0.0000
    1.9268    4.8170    4.8170    2.7252   -0.0000   -0.0000   -0.0000
    1.9645    4.0966    4.0966    2.5830    0.0000   -0.0000   -0.0000
    2.0023    3.6531    3.6531    2.4545    0.0000   -0.0000   -0.0000
    2.0401    3.4719    3.4719    2.3534    0.0000   -0.0000   -0.0000
    2.0779    3.5094    3.5094    2.2866    0.0000   -0.0000   -0.0000
    2.1157    3.7079    3.7079    2.2537    0.0000   -0.0000   -0.0000
    2.1534    4.0094    4.0094    2.2493    0.0000   -0.0000   -0.0000
    2.1912    4.3664    4.3664    2.2655    0.0000   -0.0000   -0.0000
    2.2290    4.7460    4.7460    2.2950    0.0000   -0.0000   -0.0000
    2.2668    5.1258    5.1258    2.3324    0.0000   -0.0000   -0.0000
    2.3045    5.4853    5.4853    2.3744    0.0000   -0.0000   -0.0000
    2.3423    5.7968    5.7968    2.4192    0.0000   -0.0000   -0.0000
    2.3801    6.0262    6.0262    2.4660    0.0000   -0.0000   -0.0000
    2.4179    6.1420    6.1420    2.5142    0.0000   -0.0000   -0.0000
    2.4557    6.1315    6.1315    2.5639    0.0000   -0.0000   -0.0000
    2.4934    6.0117    6.0117    2.6149    0.0000   -0.0000    0.0000
    2.5312    5.8283    5.8283    2.6674    0.0000   -0.0000    0.0000
    2.5690    5.6396    5.6396    2.7213    0.0000   -0.0000    0.0000
    2.6068    5.4918    5.4918    2.7757    0.0000   -0.0000    0.0000
    2.6446    5.3986    5.3986    2.8287    0.0000   -0.0000    0.0000
    2.6823    5.3351    5.3351    2.8775    0.0000   -0.0000    0.0000
    2.7201    5.2502    5.2502    2.9183    0.0000   -0.0000    0.0000
    2.7579    5.0924    5.0924    2.9475    0.0000   -0.0000    0.0000
    2.7957    4.8357    4.8357    2.9621    0.0000   -0.0000    0.0000
    2.8335    4.4957    4.4957    2.9609    0.0000   -0.0000    0.0000
    2.8712    4.1289    4.1289    2.9453    0.0000   -0.0000    0.0000
    2.9090    3.8170    3.8170    2.9188    0.0000    0.0000   -0.0000
    2.9468    3.6437    3.6437    2.8874    0.0000    0.0000   -0.0000
    2.9846    3.6717    3.6717    2.8579    0.0000    0.0000   -0.0000
    3.0224    3.9260    3.9260    2.8359    0.0000    0.0000   -0.0000
    3.0601    4.3863    4.3863    2.8240    0.0000    0.0000   -0.0000
    3.0979    4.9899    4.9899    2.8201    0.0000    0.0000   -0.0000
    3.1357    5.6459    5.6459    2.8178    0.0000    0.0000   -0.0000
    3.1735    6.2568    6.2568    2.8083    0.0000    0.0000   -0.0000
    3.2113    6.7454    6.7454    2.7837    0.0000    0.0000   -0.0000
    3.2490    7.0747    7.0747    2.7405    0.0000    0.0000   -0.0000
    3.2868    7.2551    7.2551    2.6814   -0.0000    0.0000    0.0000
    3.3246    7.3325    7.3325    2.6149   -0.0000    0.0000    0.0000
    3.3624    7.3607    7.3607    2.5520   -0.0000    0.0000    0.0000
    3.4002    7.3710    7.3710    2.5023   -0.0000    0.0000    0.0000
    3.4379    7.3503    7.3503    2.4705   -0.0000    0.0000    0.0000
    3.4757    7.2413    7.2413    2.4553   -0.0000    0.0000    0.0000
    3.5135    6.9650    6.9650    2.4502   -0.0000    0.0000    0.0000
    3.5513    6.4553    6.4553    2.4472   -0.0000    0.0000    0.0000
    3.5891    5.6906    5.6906    2.4388   -0.0000    0.0000    0.0000
    3.6268    4.7091    4.7091    2.4208   -0.0000    0.0000    0.0000
    3.6646    3.6005    3.6005    2.3918   -0.0000    0.0000    0.0000
    3.7024    2.4810    2.4810    2.3530   -0.0000    0.0000   -0.0000
    3.7402    1.4615    1.4615    2.3065   -0.0000    0.0000   -0.0000
    3.7779    0.6239    0.6239    2.2548   -0.0000    0.0000   -0.0000
    3.8157    0.0111    0.0111    2.2010   -0.0000    0.0000   -0.0000
    3.8535   -0.3691   -0.3691    2.1488   -0.0000    0.0000   -0.0000
    3.8913   -0.5341   -0.5341    2.1029   -0.0000   -0.0000    0.0000
    3.9291   -0.5161   -0.5161    2.0678   -0.0000   -0.0000    0.0000
    3.9668   -0.3596   -0.3596    2.0476   -0.0000   -0.0000    0.0000
    4.0046   -0.1233   -0.1233    2.0434   -0.0000   -0.0000    0.0000
    4.0424    0.1157    0.1157    2.0529   -0.0000   -0.0000    0.0000
    4.0802    0.2628    0.2628    2.0701   -0.0000   -0.0000    0.0000
    4.1180    0.2168    0.2168    2.0863   -0.0000   -0.0000    0.0000
    4.1557   -0.1088   -0.1088    2.0927   -0.0000   -0.0000    0.0000
    4.1935   -0.7604   -0.7604    2.0832    0.0000   -0.0000    0.0000
    4.2313   -1.7240   -1.7240    2.0564    0.0000   -0.0000    0.0000
    4.2691   -2.9190   -2.9190    2.0166    0.0000   -0.0000    0.0000
    4.3069   -4.2117   -4.2117    1.9723    0.0000   -0.0000   -0.0000
    4.3446   -5.4449   -5.4449    1.9341    0.0000   -0.0000   -0.0000
    4.3824   -6.4727   -6.4727    1.9111    0.0000   -0.0000   -0.0000
    4.4202   -7.1914   -7.1914    1.9088    0.0000   -0.0000   -0.0000
    4.4580   -7.5558   -7.5558    1.9280    0.0000    0.0000   -0.0000
    4.4958   -7.5809   -7.5809    1.9643   -0.0000    0.0000   -0.0000
    4.5335   -7.3302   -7.3302    2.0101   -0.0000    0.0000    0.0000
    4.5713   -6.8973   -6.8973    2.0560   -0.0000    0.0000    0.0000
    4.6091   -6.3838   -6.3838    2.0931   -0.0000    0.0000    0.0000
    4.6469   -5.8806   -5.8806    2.1145   -0.0000    0.0000    0.0000
    4.6847   -5.4515   -5.4515    2.1173   -0.0000    0.0000    0.0000
    4.7224   -5.1260   -5.1260    2.1026   -0.0000    0.0000    0.0000
    4.7602   -4.8988   -4.8988    2.0754   -0.0000    0.0000    0.0000
    4.7980   -4.7379   -4.7379    2.0433   -0.0000    0.0000    0.0000
    4.8358   -4.5990   -4.5990    2.0149   -0.0000    0.0000    0.0000
    4.8736   -4.4407   -4.4407    1.9972   -0.0000    0.0000    0.0000
    4.9113   -4.2376   -4.2376    1.9948   -0.0000    0.0000    0.0000
    4.9491   -3.9871   -3.9871    2.0086   -0.0000    0.0000    0.0000
    4.9869   -3.7085   -3.7085    2.0360   -0.0000    0.0000    0.0000
    5.0247   -3.4361   -3.4361    2.0720   -0.0000    0.0000    0.0000
    5.0625   -3.2083   -3.2083    2.1103   -0.0000    0.0000    0.0000
    5.1002   -3.0571   -3.0571    2.1451   -0.0000    0.0000    0.0000
    5.1380   -2.9996   -2.9996    2.1718   -0.0000    0.0000    0.0000
    5.1758   -3.0350   -3.0350    2.1882   -0.0000    0.0000    0.0000
    5.2136   -3.1461   -3.1461    2.1943   -0.0000    0.0000    0.0000
    5.2514   -3.3039   -3.3039    2.1919   -0.0000    0.0000    0.0000
    5.2891   -3.4739   -3.4739    2.1842   -0.0000    0.0000    0.0000
    5.3269   -3.6222   -3.6222    2.1749   -0.0000    0.0000    0.0000
    5.3647   -3.7207   -3.7207    2.1677   -0.0000    0.0000    0.0000
    5.4025   -3.7503   -3.7503    2.1654   -0.0000   -0.0000    0.0000
    5.4402   -3.7026   -3.7026    2.1697   -0.0000   -0.0000    0.0000
    5.4780   -3.5809   -3.5809    2.1809   -0.0000   -0.0000    0.0000
    5.5158   -3.3993   -3.3993    2.1976   -0.0000   -0.0000    0.0000
    5.5536   -3.1799   -3.1799    2.2174   -0.0000   -0.0000    0.0000
    5.5914   -2.9485   -2.9485    2.2372   -0.0000   -0.0000    0.0000
    5.6291   -2.7296   -2.7296    2.2541    0.0000    0.0000    0.0000
    5.6669   -2.5410   -2.5410    2.2662    0.0000    0.0000    0.0000
    5.7047   -2.3912   -2.3912    2.2731    0.0000    0.0000    0.0000
    5.7425   -2.2785   -2.2785    2.2757    0.0000    0.0000    0.0000
    5.7803   -2.1930   -2.1930    2.2760    0.0000    0.0000    0.0000
    5.8180   -2.1212   -2.1212    2.2765    0.0000    0.0000    0.0000
    5.8558   -2.0491   -2.0491    2.2795    0.0000    0.0000    0.0000
    5.8936   -1.9667   -1.9667    2.2866    0.0000    0.0000    0.0000
    5.9314   -1.8684   -1.8684    2.2985   -0.0000    0.0000    0.0000
    5.9692   -1.7547   -1.7547    2.3151   -0.0000    0.0000    0.0000
    6.0069   -1.6303   -1.6303    2.3355   -0.0000    0.0000    0.0000
    6.0447   -1.5038   -1.5038    2.3584   -0.0000    0.0000    0.0000
    6.0825   -1.3857   -1.3857    2.3819   -0.0000    0.0000    0.0000
    6.1203   -1.2868   -1.2868    2.4040   -0.0000    0.0000    0.0000
    6.1581   -1.2162   -1.2162    2.4231   -0.0000    0.0000    0.0000
    6.1958   -1.1787   -1.1787    2.4378   -0.0000    0.0000    0.0000
    6.2336   -1.1742   -1.1742    2.4475    0.0000    0.0000    0.0000
    6.2714   -1.1968   -1.1968    2.4528    0.0000    0.0000    0.0000
    6.3092   -1.2360   -1.2360    2.4552    0.0000    0.0000    0.0000
    6.3470   -1.2796   -1.2796    2.4567    0.0000    0.0000    0.0000
    6.3847   -1.3167   -1.3167    2.4595   -0.0000    0.0000    0.0000
    6.4225   -1.3395   -1.3395    2.4654   -0.0000    0.0000    0.0000
    6.4603   -1.3455   -1.3455    2.4750   -0.0000    0.0000    0.0000
    6.4981   -1.3360   -1.3360    2.4880   -0.0000    0.0000    0.0000
    6.5359   -1.3151   -1.3151    2.5030   -0.0000    0.0000    0.0000
    6.5736   -1.2866   -1.2866    2.5188   -0.0000    0.0000    0.0000
    6.6114   -1.2530   -1.2530    2.5340   -0.0000    0.0000    0.0000
    6.6492   -1.2141   -1.2141    2.5480   -0.0000    0.0000    0.0000
    6.6870   -1.1682   -1.1682    2.5610   -0.0000    0.0000    0.0000
    6.7248   -1.1130   -1.1130    2.5734   -0.0000    0.0000    0.0000
    6.7625   -1.0482   -1.0482    2.5861   -0.0000   -0.0000    0.0000
    6.8003   -0.9755   -0.9755    2.5994   -0.0000   -0.0000    0.0000
    6.8381   -0.8988   -0.8988    2.6133   -0.0000   -0.0000    0.0000
    6.8759   -0.8229   -0.8229    2.6274   -0.0000   -0.0000    0.0000
    6.9136   -0.7516   -0.7516    2.6412   -0.0000   -0.0000    0.0000
    6.9514   -0.6867   -0.6867    2.6543   -0.0000   -0.0000    0.0000
    6.9892   -0.6270   -0.6270    2.6665   -0.0000   -0.0000    0.0000
    7.0270   -0.5698   -0.5698    2.6780   -0.0000   -0.0000    0.0000
    7.0648   -0.5118   -0.5118    2.6894   -0.0000   -0.0000    0.0000
    7.1025   -0.4506   -0.4506    2.7009   -0.0000   -0.0000    0.0000
    7.1403   -0.3859   -0.3859    2.7130   -0.0000   -0.0000    0.0000
    7.1781   -0.3197   -0.3197    2.7256   -0.0000   -0.0000    0.0000
    7.2159   -0.2555   -0.2555    2.7386   -0.0000   -0.0000    0.0000
    7.2537   -0.1970   -0.1970    2.7517   -0.0000   -0.0000    0.0000
    7.2914   -0.1471   -0.1471    2.7648   -0.0000   -0.0000    0.0000
    7.3292   -0.1069   -0.1069    2.7778   -0.0000   -0.0000    0.0000
    7.3670   -0.0753   -0.0753    2.7912   -0.0000   -0.0000    0.0000
    7.4048   -0.0497   -0.0497    2.8053   -0.0000   -0.0000    0.0000
    7.4426   -0.0268   -0.0268    2.8206   -0.0000   -0.0000    0.0000
    7.4803   -0.0034   -0.0034    2.8374   -0.0000   -0.0000    0.0000
    7.5181    0.0223    0.0223    2.8559   -0.0000   -0.0000    0.0000
    7.5559    0.0511    0.0511    2.8757   -0.0000   -0.0000    0.0000
    7.5937    0.0824    0.0824    2.8964    0.0000   -0.0000    0.0000
    7.6315    0.1147    0.1147    2.9174    0.0000   -0.0000    0.0000
    7.6692    0.1466    0.1466    2.9379    0.0000   -0.0000    0.0000
    7.7070    0.1761    0.1761    2.9574    0.0000   -0.0000    0.0000
    7.7448    0.2017    0.2017    2.9754    0.0000   -0.0000    0.0000
    7.7826    0.2221    0.2221    2.9919    0.0000   -0.0000    0.0000
    7.8204    0.2364    0.2364    3.0069    0.0000   -0.0000    0.0000
    7.8581    0.2453    0.2453    3.0210   -0.0000   -0.0000    0.0000
    7.8959    0.2505    0.2505    3.0348   -0.0000   -0.0000    0.0000
    7.9337    0.2554    0.2554    3.0494   -0.0000   -0.0000    0.0000
    7.9715    0.2644    0.2644    3.0656   -0.0000   -0.0000    0.0000
    8.0093    0.2819    0.2819    3.0840   -0.0000   -0.0000    0.0000
    8.0470    0.3110    0.3110    3.1049   -0.0000   -0.0000    0.0000
    8.0848    0.3530    0.3530    3.1284   -0.0000   -0.0000    0.0000
    8.1226    0.4064    0.4064    3.1540   -0.0000   -0.0000    0.0000
    8.1604    0.4679    0.4679    3.1808   -0.0000   -0.0000    0.0000
    8.1982    0.5324    0.5324    3.2080   -0.0000   -0.0000    0.0000
    8.2359    0.5945    0.5945    3.2346   -0.0000   -0.0000    0.0000
    8.2737    0.6490    0.6490    3.2598   -0.0000   -0.0000    0.0000
    8.3115    0.6923    0.6923    3.2833   -0.0000   -0.0000    0.0000
    8.3493    0.7230    0.7230    3.3050   -0.0000   -0.0000    0.0000
    8.3870    0.7423    0.7423    3.3255    0.0000   -0.0000    0.0000
    8.4248    0.7533    0.7533    3.3459    0.0000   -0.0000    0.0000
    8.4626    0.7610    0.7610    3.3670   -0.0000   -0.0000    0.0000
    8.5004    0.7703    0.7703    3.3902   -0.0000   -0.0000    0.0000
    8.5382    0.7852    0.7852    3.4160   -0.0000   -0.0000    0.0000
    8.5759    0.8081    0.8081    3.4448   -0.0000   -0.0000    0.0000
    8.6137    0.8394    0.8394    3.4765   -0.0000   -0.0000    0.0000
    8.6515    0.8775    0.8775    3.5107   -0.0000   -0.0000    0.0000
    8.6893    0.9200    0.9200    3.5468   -0.0000   -0.0000    0.0000
    8.7271    0.9637    0.9637    3.5841   -0.0000   -0.0000    0.0000
    8.7648    1.0057    1.0057    3.6221   -0.0000   -0.0000    0.0000
    8.8026    1.0436    1.0436    3.6602   -0.0000   -0.0000    0.0000
    8.8404    1.0761    1.0761    3.6980   -0.0000   -0.0000    0.0000
    8.8782    1.1026    1.1026    3.7352   -0.0000   -0.0000    0.0000
    8.9160    1.1238    1.1238    3.7718   -0.0000   -0.0000    0.0000
    8.9537    1.1411    1.1411    3.8080   -0.0000   -0.0000    0.0000
    8.9915    1.1564    1.1564    3.8443   -0.0000   -0.0000    0.0000
    9.0293    1.1717    1.1717    3.8814   -0.0000   -0.0000    0.0000
    9.0671    1.1886    1.1886    3.9201   -0.0000   -0.0000    0.0000
    9.1049    1.2085    1.2085    3.9611   -0.0000   -0.0000    0.0000
    9.1426    1.2315    1.2315    4.0047   -0.0000   -0.0000    0.0000
    9.1804    1.2575    1.2575    4.0511   -0.0000   -0.0000    0.0000
    9.2182    1.2854    1.2854    4.0997   -0.0000   -0.0000    0.0000
    9.2560    1.3138    1.3138    4.1501   -0.0000   -0.0000    0.0000
    9.2938    1.3417    1.3417    4.2017   -0.0000   -0.0000    0.0000
    9.3315    1.3685    1.3685    4.2543   -0.0000   -0.0000    0.0000
    9.3693    1.3943    1.3943    4.3082   -0.0000   -0.0000    0.0000
    9.4071    1.4202    1.4202    4.3642   -0.0000   -0.0000    0.0000
    9.4449    1.4476    1.4476    4.4233   -0.0000   -0.0000    0.0000
    9.4827    1.4779    1.4779    4.4867   -0.0000   -0.0000    0.0000
    9.5204    1.5119    1.5119    4.5553   -0.0000   -0.0000    0.0000
    9.5582    1.5495    1.5495    4.6296   -0.0000   -0.0000    0.0000
    9.5960    1.5898    1.5898    4.7098   -0.0000   -0.0000    0.0000
    9.6338    1.6312    1.6312    4.7956   -0.0000   -0.0000    0.0000
    9.6716    1.6726    1.6726    4.8869   -0.0000   -0.0000    0.0000
    9.7093    1.7130    1.7130    4.9831   -0.0000   -0.0000    0.0000
    9.7471    1.7521    1.7521    5.0842   -0.0000   -0.0000    0.0000
    9.7849    1.7903    1.7903    5.1901   -0.0000   -0.0000    0.0000
    9.8227    1.8283    1.8283    5.3009   -0.0000   -0.0000    0.0000
    9.8604    1.8669    1.8669    5.4169   -0.0000   -0.0000    0.0000
    9.8982    1.9065    1.9065    5.5391    0.0000   -0.0000    0.0000
    9.9360    1.9475    1.9475    5.6691    0.0000   -0.0000    0.0000
    9.9738    1.9903    1.9903    5.8097    0.0000   -0.0000    0.0000
   10.0116    2.0350    2.0350    5.9647    0.0000   -0.0000    0.0000
   10.0493    2.0820    2.0820    6.1394    0.0000   -0.0000    0.0000
   10.0871    2.1316    2.1316    6.3398    0.0000   -0.0000    0.0000
   10.1249    2.1838    2.1838    6.5721    0.0000   -0.0000    0.0000
   10.1627    2.2383    2.2383    6.8404    0.0000   -0.0000    0.0000
   10.2005    2.2942    2.2942    7.1450    0.0000   -0.0000    0.0000
   10.2382    2.3496    2.3496    7.4786    0.0000   -0.0000    0.0000
   10.2760    2.4020    2.4020    7.8238    0.0000   -0.0000    0.0000
   10.3138    2.4484    2.4484    8.1525    0.0000   -0.0000    0.0000
   10.3516    2.4862    2.4862    8.4279    0.0000   -0.0000    0.0000
   10.3894    2.5138    2.5138    8.6109    0.0000   -0.0000    0.0000
   10.4271    2.5314    2.5314    8.6688    0.0000   -0.0000    0.0000
   10.4649    2.5410    2.5410    8.5848   -0.0000   -0.0000    0.0000
   10.5027    2.5464    2.5464    8.3651   -0.0000   -0.0000    0.0000
   10.5405    2.5519    2.5519    8.0406   -0.0000   -0.0000    0.0000
   10.5783    2.5618    2.5618    7.6617   -0.0000   -0.0000    0.0000
   10.6160    2.5795    2.5795    7.2888   -0.0000   -0.0000    0.0000
   10.6538    2.6070    2.6070    6.9805   -0.0000    0.0000    0.0000
   10.6916    2.6452    2.6452    6.7808   -0.0000    0.0000    0.0000
   10.7294    2.6944    2.6944    6.7100   -0.0000    0.0000    0.0000
   10.7672    2.7541    2.7541    6.7575   -0.0000    0.0000    0.0000
   10.8049    2.8233    2.8233    6.8801   -0.0000    0.0000    0.0000
   10.8427    2.9001    2.9001    7.0059   -0.0000   -0.0000    0.0000
   10.8805    2.9820    2.9820    7.0465    0.0000   -0.0000    0.0000
   10.9183    3.0657    3.0657    6.9152    0.0000   -0.0000    0.0000
   10.9561    3.1483    3.1483    6.5487    0.0000   -0.0000    0.0000
   10.9938    3.2275    3.2275    5.9246    0.0000   -0.0000    0.0000
   11.0316    3.3034    3.3034    5.0686    0.0000   -0.0000    0.0000
   11.0694    3.3778    3.3778    4.0477    0.0000   -0.0000    0.0000
   11.1072    3.4546    3.4546    2.9525   -0.0000    0.0000    0.0000
   11.1450    3.5386    3.5386    1.8753   -0.0000    0.0000    0.0000
   11.1827    3.6333    3.6333    0.8918   -0.0000    0.0000    0.0000
   11.2205    3.7396    3.7396    0.0523    0.0000   -0.0000    0.0000
   11.2583    3.8545    3.8545   -0.6203    0.0000   -0.0000    0.0000
   11.2961    3.9711    3.9711   -1.1257    0.0000   -0.0000    0.0000
   11.3338    4.0802    4.0802   -1.4808    0.0000   -0.0000    0.0000
   11.3716    4.1729    4.1729   -1.7143    0.0000   -0.0000    0.0000
   11.4094    4.2422    4.2422   -1.8607    0.0000   -0.0000    0.0000
   11.4472    4.2838    4.2838   -1.9538    0.0000    0.0000    0.0000
   11.4850    4.2947    4.2947   -2.0187    0.0000    0.0000    0.0000
   11.5227    4.2727    4.2727   -2.0658    0.0000    0.0000    0.0000
   11.5605    4.2148    4.2148   -2.0885    0.0000    0.0000    0.0000
   11.5983    4.1188    4.1188   -2.0671    0.0000    0.0000   -0.0000
   11.6361    3.9853    3.9853   -1.9767    0.0000    0.0000   -0.0000
   11.6739    3.8200    3.8200   -1.7975    0.0000   -0.0000   -0.0000
   11.7116    3.6352    3.6352   -1.5224    0.0000   -0.0000   -0.0000
   11.7494    3.4481    3.4481   -1.1592    0.0000   -0.0000   -0.0000
   11.7872    3.2785    3.2785   -0.7279    0.0000   -0.0000   -0.0000
   11.8250    3.1454    3.1454   -0.2539    0.0000   -0.0000   -0.0000
   11.8628    3.0640    3.0640    0.2394    0.0000   -0.0000   -0.0000
   11.9005    3.0429    3.0429    0.7348    0.0000   -0.0000   -0.0000
   11.9383    3.0817    3.0817    1.2226    0.0000   -0.0000   -0.0000
   11.9761    3.1681    3.1681    1.6974    0.0000   -0.0000   -0.0000
   12.0139    3.2774    3.2774    2.1535    0.0000   -0.0000   -0.0000
   12.0517    3.3744    3.3744    2.5793    0.0000   -0.0000   -0.0000
   12.0894    3.4196    3.4196    2.9517    0.0000   -0.0000   -0.0000
   12.1272    3.3794    3.3794    3.2331    0.0000   -0.0000   -0.0000
   12.1650    3.2368    3.2368    3.3721    0.0000   -0.0000   -0.0000
   12.2028    3.0004    3.0004    3.3103    0.0000   -0.0000   -0.0000
   12.2406    2.7055    2.7055    2.9963    0.0000   -0.0000   -0.0000
   12.2783    2.4070    2.4070    2.4049    0.0000    0.0000   -0.0000
   12.3161    2.1652    2.1652    1.5553    0.0000    0.0000   -0.0000
   12.3539    2.0293    2.0293    0.5196    0.0000    0.0000   -0.0000
   12.3917    2.0240    2.0240   -0.5846    0.0000    0.0000   -0.0000
   12.4295    2.1438    2.1438   -1.6174    0.0000    0.0000   -0.0000
   12.4672    2.3566    2.3566   -2.4501    0.0000    0.0000   -0.0000
   12.5050    2.6135    2.6135   -2.9955    0.0000    0.0000   -0.0000
   12.5428    2.8631    2.8631   -3.2253    0.0000    0.0000   -0.0000
   12.5806    3.0638    3.0638   -3.1688    0.0000    0.0000   -0.0000
   12.6184    3.1911    3.1911   -2.8965   -0.0000    0.0000   -0.0000
   12.6561    3.2404    3.2404   -2.4950   -0.0000    0.0000   -0.0000
   12.6939    3.2225    3.2225   -2.0450    0.0000    0.0000   -0.0000
   12.7317    3.1559    3.1559   -1.6072    0.0000    0.0000   -0.0000
   12.7695    3.0588    3.0588   -1.2173    0.0000    0.0000   -0.0000
   12.8072    2.9423    2.9423   -0.8892    0.0000    0.0000   -0.0000
   12.8450    2.8078    2.8078   -0.6219    0.0000    0.0000   -0.0000
   12.8828    2.6488    2.6488   -0.4067    0.0000    0.0000   -0.0000
   12.9206    2.4552    2.4552   -0.2314    0.0000    0.0000   -0.0000
   12.9584    2.2195    2.2195   -0.0840    0.0000    0.0000   -0.0000
   12.9961    1.9423    1.9423    0.0469    0.0000    0.0000   -0.0000
   13.0339    1.6354    1.6354    0.1708    0.0000    0.0000   -0.0000
   13.0717    1.3222    1.3222    0.2948    0.0000    0.0000   -0.0000
   13.1095    1.0352    1.0352    0.4220    0.0000    0.0000   -0.0000
   13.1473    0.8108    0.8108    0.5509    0.0000    0.0000   -0.0000
   13.1850    0.6825    0.6825    0.6757    0.0000    0.0000   -0.0000
   13.2228    0.6743    0.6743    0.7886    0.0000    0.0000   -0.0000
   13.2606    0.7956    0.7956    0.8836    0.0000    0.0000   -0.0000
   13.2984    1.0369    1.0369    0.9591    0.0000    0.0000   -0.0000
   13.3362    1.3700    1.3700    1.0198    0.0000    0.0000   -0.0000
   13.3739    1.7504    1.7504    1.0752    0.0000    0.0000   -0.0000
   13.4117    2.1251    2.1251    1.1362    0.0000   -0.0000   -0.0000
   13.4495    2.4419    2.4419    1.2110    0.0000   -0.0000   -0.0000
   13.4873    2.6618    2.6618    1.3012    0.0000   -0.0000   -0.0000
   13.5251    2.7682    2.7682    1.4012    0.0000   -0.0000   -0.0000
   13.5628    2.7704    2.7704    1.4995    0.0000   -0.0000   -0.0000
   13.6006    2.6993    2.6993    1.5823    0.0000   -0.0000   -0.0000
   13.6384    2.5961    2.5961    1.6376   -0.0000   -0.0000   -0.0000
   13.6762    2.4962    2.4962    1.6577   -0.0000   -0.0000   -0.0000
   13.7140    2.4162    2.4162    1.6394   -0.0000   -0.0000   -0.0000
   13.7517    2.3480    2.3480    1.5837   -0.0000   -0.0000   -0.0000
   13.7895    2.2622    2.2622    1.4934   -0.0000   -0.0000   -0.0000
   13.8273    2.1207    2.1207    1.3716   -0.0000   -0.0000   -0.0000
   13.8651    1.8918    1.8918    1.2208   -0.0000   -0.0000   -0.0000
   13.9029    1.5631    1.5631    1.0420   -0.0000   -0.0000   -0.0000
   13.9406    1.1477    1.1477    0.8343   -0.0000    0.0000   -0.0000
   13.9784    0.6814    0.6814    0.5961   -0.0000    0.0000   -0.0000
   14.0162    0.2144    0.2144    0.3259   -0.0000    0.0000   -0.0000
   14.0540   -0.2019   -0.2019    0.0245   -0.0000    0.0000   -0.0000
   14.0918   -0.5270   -0.5270   -0.3034   -0.0000    0.0000   -0.0000
   14.1295   -0.7395   -0.7395   -0.6485   -0.0000    0.0000   -0.0000
   14.1673   -0.8407   -0.8407   -0.9977   -0.0000    0.0000   -0.0000
   14.2051   -0.8524   -0.8524   -1.3366   -0.0000    0.0000   -0.0000
   14.2429   -0.8092   -0.8092   -1.6514   -0.0000    0.0000   -0.0000
   14.2807   -0.7493   -0.7493   -1.9314   -0.0000    0.0000   -0.0000
   14.3184   -0.7051   -0.7051   -2.1698   -0.0000    0.0000   -0.0000
   14.3562   -0.6976   -0.6976   -2.3639   -0.0000    0.0000   -0.0000
   14.3940   -0.7351   -0.7351   -2.5154   -0.0000    0.0000   -0.0000
   14.4318   -0.8166   -0.8166   -2.6296   -0.0000    0.0000   -0.0000
   14.4695   -0.9371   -0.9371   -2.7141   -0.0000    0.0000   -0.0000
   14.5073   -1.0931   -1.0931   -2.7775   -0.0000    0.0000   -0.0000
   14.5451   -1.2847   -1.2847   -2.8276   -0.0000    0.0000   -0.0000
   14.5829   -1.5146   -1.5146   -2.8696   -0.0000    0.0000   -0.0000
   14.6207   -1.7850   -1.7850   -2.9059   -0.0000    0.0000   -0.0000
   14.6584   -2.0935   -2.0935   -2.9363   -0.0000    0.0000   -0.0000
   14.6962   -2.4315   -2.4315   -2.9593   -0.0000    0.0000   -0.0000
   14.7340   -2.7827   -2.7827   -2.9734   -0.0000    0.0000   -0.0000
   14.7718   -3.1260   -3.1260   -2.9786   -0.0000    0.0000   -0.0000
   14.8096   -3.4374   -3.4374   -2.9764   -0.0000    0.0000   -0.0000
   14.8473   -3.6943   -3.6943   -2.9691   -0.0000    0.0000   -0.0000
   14.8851   -3.8783   -3.8783   -2.9585   -0.0000    0.0000   -0.0000
   14.9229   -3.9777   -3.9777   -2.9448   -0.0000    0.0000   -0.0000
   14.9607   -3.9884   -3.9884   -2.9265   -0.0000    0.0000   -0.0000
   14.9985   -3.9146   -3.9146   -2.9007   -0.0000    0.0000   -0.0000
   15.0362   -3.7673   -3.7673   -2.8637   -0.0000    0.0000   -0.0000
   15.0740   -3.5630   -3.5630   -2.8125   -0.0000    0.0000    0.0000
   15.1118   -3.3211   -3.3211   -2.7454   -0.0000    0.0000    0.0000
   15.1496   -3.0619   -3.0619   -2.6626   -0.0000    0.0000   -0.0000
   15.1874   -2.8044   -2.8044   -2.5665   -0.0000    0.0000   -0.0000
   15.2251   -2.5658   -2.5658   -2.4613   -0.0000    0.0000   -0.0000
   15.2629   -2.3595   -2.3595   -2.3527   -0.0000    0.0000   -0.0000
   15.3007   -2.1951   -2.1951   -2.2464   -0.0000    0.0000   -0.0000
   15.3385   -2.0762   -2.0762   -2.1473   -0.0000    0.0000   -0.0000
   15.3763   -1.9999   -1.9999   -2.0583   -0.0000    0.0000   -0.0000
   15.4140   -1.9564   -1.9564   -1.9799   -0.0000    0.0000   -0.0000
   15.4518   -1.9306   -1.9306   -1.9105   -0.0000    0.0000   -0.0000
   15.4896   -1.9050   -1.9050   -1.8466   -0.0000    0.0000   -0.0000
   15.5274   -1.8638   -1.8638   -1.7842   -0.0000    0.0000   -0.0000
   15.5652   -1.7961   -1.7961   -1.7198   -0.0000    0.0000   -0.0000
   15.6029   -1.6975   -1.6975   -1.6511   -0.0000    0.0000   -0.0000
   15.6407   -1.5702   -1.5702   -1.5777   -0.0000    0.0000   -0.0000
   15.6785   -1.4205   -1.4205   -1.5007   -0.0000    0.0000   -0.0000
   15.7163   -1.2567   -1.2567   -1.4225   -0.0000    0.0000   -0.0000
   15.7541   -1.0877   -1.0877   -1.3464   -0.0000    0.0000   -0.0000
   15.7918   -0.9220   -0.9220   -1.2759   -0.0000    0.0000   -0.0000
   15.8296   -0.7678   -0.7678   -1.2141   -0.0000    0.0000   -0.0000
   15.8674   -0.6334   -0.6334   -1.1633   -0.0000    0.0000   -0.0000
   15.9052   -0.5258   -0.5258   -1.1243   -0.0000    0.0000   -0.0000
   15.9429   -0.4485   -0.4485   -1.0966   -0.0000    0.0000   -0.0000
   15.9807   -0.3996   -0.3996   -1.0783   -0.0000    0.0000   -0.0000
   16.0185   -0.3704   -0.3704   -1.0667   -0.0000    0.0000   -0.0000
   16.0563   -0.3474   -0.3474   -1.0586   -0.0000    0.0000   -0.0000
   16.0941   -0.3164   -0.3164   -1.0514   -0.0000    0.0000   -0.0000
   16.1318   -0.2679   -0.2679   -1.0429   -0.0000    0.0000   -0.0000
   16.1696   -0.2017   -0.2017   -1.0319   -0.0000    0.0000   -0.0000
   16.2074   -0.1282   -0.1282   -1.0182   -0.0000    0.0000   -0.0000
   16.2452   -0.0661   -0.0661   -1.0018   -0.0000    0.0000   -0.0000
   16.2830   -0.0371   -0.0371   -0.9833   -0.0000    0.0000   -0.0000
   16.3207   -0.0596   -0.0596   -0.9634   -0.0000    0.0000   -0.0000
   16.3585   -0.1433   -0.1433   -0.9427   -0.0000    0.0000   -0.0000
   16.3963   -0.2868   -0.2868   -0.9216   -0.0000    0.0000   -0.0000
   16.4341   -0.4780   -0.4780   -0.9002   -0.0000    0.0000   -0.0000
   16.4719   -0.6979   -0.6979   -0.8783   -0.0000    0.0000   -0.0000
   16.5096   -0.9256   -0.9256   -0.8555   -0.0000    0.0000   -0.0000
   16.5474   -1.1434   -1.1434   -0.8316   -0.0000    0.0000   -0.0000
   16.5852   -1.3408   -1.3408   -0.8064   -0.0000    0.0000   -0.0000
   16.6230   -1.5157   -1.5157   -0.7803   -0.0000    0.0000   -0.0000
   16.6608   -1.6725   -1.6725   -0.7538   -0.0000    0.0000   -0.0000
   16.6985   -1.8188   -1.8188   -0.7275   -0.0000    0.0000   -0.0000
   16.7363   -1.9604   -1.9604   -0.7021   -0.0000    0.0000   -0.0000
   16.7741   -2.0983   -2.0983   -0.6777   -0.0000    0.0000   -0.0000
   16.8119   -2.2269   -2.2269   -0.6543   -0.0000    0.0000    0.0000
   16.8497   -2.3355   -2.3355   -0.6315   -0.0000    0.0000    0.0000
   16.8874   -2.4118   -2.4118   -0.6090    0.0000    0.0000    0.0000
   16.9252   -2.4459   -2.4459   -0.5865    0.0000    0.0000    0.0000
   16.9630   -2.4332   -2.4332   -0.5638   -0.0000    0.0000    0.0000
   17.0008   -2.3760   -2.3760   -0.5411   -0.0000    0.0000    0.0000
   17.0386   -2.2825   -2.2825   -0.5185   -0.0000    0.0000    0.0000
   17.0763   -2.1644   -2.1644   -0.4962   -0.0000    0.0000    0.0000
   17.1141   -2.0342   -2.0342   -0.4746   -0.0000    0.0000    0.0000
   17.1519   -1.9025   -1.9025   -0.4538   -0.0000    0.0000    0.0000
   17.1897   -1.7769   -1.7769   -0.4337   -0.0000    0.0000    0.0000
   17.2275   -1.6615   -1.6615   -0.4143   -0.0000    0.0000    0.0000
   17.2652   -1.5576   -1.5576   -0.3954   -0.0000   -0.0000   -0.0000
   17.3030   -1.4649   -1.4649   -0.3769   -0.0000   -0.0000   -0.0000
   17.3408   -1.3824   -1.3824   -0.3586   -0.0000    0.0000   -0.0000
   17.3786   -1.3089   -1.3089   -0.3404   -0.0000    0.0000   -0.0000
   17.4163   -1.2437   -1.2437   -0.3222   -0.0000    0.0000   -0.0000
   17.4541   -1.1862   -1.1862   -0.3040   -0.0000    0.0000   -0.0000
   17.4919   -1.1354   -1.1354   -0.2862   -0.0000    0.0000   -0.0000
   17.5297   -1.0902   -1.0902   -0.2689   -0.0000    0.0000   -0.0000
   17.5675   -1.0486   -1.0486   -0.2525   -0.0000    0.0000   -0.0000
   17.6052   -1.0088   -1.0088   -0.2371   -0.0000    0.0000   -0.0000
   17.6430   -0.9690   -0.9690   -0.2229   -0.0000    0.0000   -0.0000
   17.6808   -0.9280   -0.9280   -0.2097   -0.0000    0.0000   -0.0000
   17.7186   -0.8853   -0.8853   -0.1974   -0.0000    0.0000   -0.0000
   17.7564   -0.8412   -0.8412   -0.1855   -0.0000    0.0000   -0.0000
   17.7941   -0.7966   -0.7966   -0.1734   -0.0000    0.0000   -0.0000
   17.8319   -0.7523   -0.7523   -0.1608   -0.0000    0.0000   -0.0000
   17.8697   -0.7093   -0.7093   -0.1474   -0.0000    0.0000   -0.0000
   17.9075   -0.6681   -0.6681   -0.1329   -0.0000    0.0000   -0.0000
   17.9453   -0.6289   -0.6289   -0.1174   -0.0000    0.0000   -0.0000
   17.9830   -0.5917   -0.5917   -0.1012   -0.0000    0.0000   -0.0000
   18.0208   -0.5562   -0.5562   -0.0845   -0.0000    0.0000   -0.0000
   18.0586   -0.5223   -0.5223   -0.0680   -0.0000    0.0000   -0.0000
   18.0964   -0.4896   -0.4896   -0.0521   -0.0000    0.0000   -0.0000
   18.1342   -0.4578   -0.4578   -0.0375   -0.0000    0.0000   -0.0000
   18.1719   -0.4268   -0.4268   -0.0245   -0.0000    0.0000   -0.0000
   18.2097   -0.3962   -0.3962   -0.0132   -0.0000    0.0000   -0.0000
   18.2475   -0.3659   -0.3659   -0.0036   -0.0000    0.0000   -0.0000
   18.2853   -0.3360   -0.3360    0.0049   -0.0000    0.0000   -0.0000
   18.3231   -0.3070   -0.3070    0.0128   -0.0000    0.0000   -0.0000
   18.3608   -0.2802   -0.2802    0.0210   -0.0000    0.0000   -0.0000
   18.3986   -0.2569   -0.2569    0.0300   -0.0000   -0.0000   -0.0000
   18.4364   -0.2388   -0.2388    0.0402   -0.0000   -0.0000   -0.0000
   18.4742   -0.2264   -0.2264    0.0515   -0.0000   -0.0000    0.0000
   18.5120   -0.2193   -0.2193    0.0638   -0.0000   -0.0000    0.0000
   18.5497   -0.2149   -0.2149    0.0763   -0.0000   -0.0000    0.0000
   18.5875   -0.2097   -0.2097    0.0886   -0.0000   -0.0000    0.0000
   18.6253   -0.1998   -0.1998    0.1000   -0.0000    0.0000    0.0000
   18.6631   -0.1831   -0.1831    0.1104   -0.0000    0.0000    0.0000
   18.7009   -0.1605   -0.1605    0.1200   -0.0000    0.0000    0.0000
   18.7386   -0.1372   -0.1372    0.1291   -0.0000    0.0000    0.0000
   18.7764   -0.1216   -0.1216    0.1381   -0.0000    0.0000    0.0000
   18.8142   -0.1242   -0.1242    0.1471   -0.0000    0.0000    0.0000
   18.8520   -0.1541   -0.1541    0.1557   -0.0000    0.0000   -0.0000
   18.8897   -0.2165   -0.2165    0.1633    0.0000    0.0000   -0.0000
   18.9275   -0.3105   -0.3105    0.1690    0.0000    0.0000   -0.0000
   18.9653   -0.4289   -0.4289    0.1723    0.0000    0.0000   -0.0000
   19.0031   -0.5589   -0.5589    0.1729    0.0000    0.0000   -0.0000
   19.0409   -0.6850   -0.6850    0.1714    0.0000    0.0000   -0.0000
   19.0786   -0.7927   -0.7927    0.1686    0.0000    0.0000   -0.0000
   19.1164   -0.8712   -0.8712    0.1658   -0.0000    0.0000   -0.0000
   19.1542   -0.9155   -0.9155    0.1642   -0.0000    0.0000   -0.0000
   19.1920   -0.9267   -0.9267    0.1646   -0.0000   -0.0000   -0.0000
   19.2298   -0.9106   -0.9106    0.1679   -0.0000   -0.0000   -0.0000
   19.2675   -0.8754   -0.8754    0.1745   -0.0000   -0.0000   -0.0000
   19.3053   -0.8293   -0.8293    0.1847   -0.0000   -0.0000   -0.0000
   19.3431   -0.7791   -0.7791    0.1988   -0.0000   -0.0000   -0.0000
   19.3809   -0.7294   -0.7294    0.2167   -0.0000   -0.0000   -0.0000
   19.4187   -0.6827   -0.6827    0.2383   -0.0000   -0.0000   -0.0000
   19.4564   -0.6401   -0.6401    0.2629   -0.0000   -0.0000   -0.0000
   19.4942   -0.6020   -0.6020    0.2896   -0.0000   -0.0000   -0.0000
   19.5320   -0.5682   -0.5682    0.3171   -0.0000   -0.0000   -0.0000
   19.5698   -0.5386   -0.5386    0.3436   -0.0000   -0.0000   -0.0000
   19.6076   -0.5127   -0.5127    0.3667   -0.0000   -0.0000   -0.0000
   19.6453   -0.4900   -0.4900    0.3842   -0.0000   -0.0000   -0.0000
   19.6831   -0.4697   -0.4697    0.3939   -0.0000   -0.0000   -0.0000
   19.7209   -0.4508   -0.4508    0.3947   -0.0000   -0.0000   -0.0000
   19.7587   -0.4324   -0.4324    0.3866   -0.0000    0.0000   -0.0000
   19.7965   -0.4136   -0.4136    0.3708   -0.0000    0.0000   -0.0000
   19.8342   -0.3938   -0.3938    0.3498   -0.0000    0.0000   -0.0000
   19.8720   -0.3729   -0.3729    0.3266   -0.0000    0.0000   -0.0000
   19.9098   -0.3512   -0.3512    0.3038   -0.0000    0.0000   -0.0000
   19.9476   -0.3296   -0.3296    0.2837   -0.0000    0.0000   -0.0000
   19.9854   -0.3093   -0.3093    0.2673   -0.0000    0.0000   -0.0000
   20.0231   -0.2917   -0.2917    0.2549   -0.0000   -0.0000   -0.0000
   20.0609   -0.2778   -0.2778    0.2461   -0.0000   -0.0000   -0.0000
   20.0987   -0.2683   -0.2683    0.2405   -0.0000    0.0000   -0.0000
   20.1365   -0.2631   -0.2631    0.2378   -0.0000    0.0000   -0.0000
   20.1743   -0.2616   -0.2616    0.2379   -0.0000    0.0000   -0.0000
   20.2120   -0.2625   -0.2625    0.2407   -0.0000    0.0000   -0.0000
   20.2498   -0.2640   -0.2640    0.2461   -0.0000    0.0000   -0.0000
   20.2876   -0.2643   -0.2643    0.2531   -0.0000    0.0000    0.0000
   20.3254   -0.2622   -0.2622    0.2601   -0.0000    0.0000    0.0000
   20.3631   -0.2567   -0.2567    0.2652   -0.0000    0.0000    0.0000
   20.4009   -0.2477   -0.2477    0.2662   -0.0000    0.0000    0.0000
   20.4387   -0.2358   -0.2358    0.2616   -0.0000    0.0000    0.0000
   20.4765   -0.2219   -0.2219    0.2507   -0.0000   -0.0000    0.0000
   20.5143   -0.2069   -0.2069    0.2337   -0.0000   -0.0000    0.0000
   20.5520   -0.1920   -0.1920    0.2124   -0.0000   -0.0000    0.0000
   20.5898   -0.1776   -0.1776    0.1893   -0.0000   -0.0000    0.0000
   20.6276   -0.1641   -0.1641    0.1682   -0.0000    0.0000   -0.0000
   20.6654   -0.1515   -0.1515    0.1524   -0.0000    0.0000   -0.0000
   20.7032   -0.1397   -0.1397    0.1448   -0.0000    0.0000   -0.0000
   20.7409   -0.1285   -0.1285    0.1466   -0.0000    0.0000   -0.0000
   20.7787   -0.1179   -0.1179    0.1570   -0.0000    0.0000   -0.0000
   20.8165   -0.1080   -0.1080    0.1736   -0.0000    0.0000   -0.0000
   20.8543   -0.0987   -0.0987    0.1925   -0.0000    0.0000   -0.0000
   20.8921   -0.0902   -0.0902    0.2097   -0.0000    0.0000    0.0000
   20.9298   -0.0822   -0.0822    0.2218   -0.0000    0.0000    0.0000
   20.9676   -0.0745   -0.0745    0.2268   -0.0000    0.0000    0.0000
   21.0054   -0.0671   -0.0671    0.2246   -0.0000    0.0000    0.0000
   21.0432   -0.0597   -0.0597    0.2166   -0.0000    0.0000    0.0000
   21.0810   -0.0520   -0.0520    0.2056   -0.0000    0.0000   -0.0000
   21.1187   -0.0440   -0.0440    0.1947   -0.0000    0.0000   -0.0000
   21.1565   -0.0355   -0.0355    0.1867   -0.0000    0.0000   -0.0000
   21.1943   -0.0266   -0.0266    0.1832   -0.0000    0.0000   -0.0000
   21.2321   -0.0175   -0.0175    0.1844   -0.0000    0.0000   -0.0000
   21.2699   -0.0085   -0.0085    0.1891   -0.0000    0.0000   -0.0000
   21.3076   -0.0002   -0.0002    0.1954   -0.0000    0.0000   -0.0000
   21.3454    0.0071    0.0071    0.2014   -0.0000    0.0000   -0.0000
   21.3832    0.0126    0.0126    0.2059   -0.0000    0.0000   -0.0000
   21.4210    0.0163    0.0163    0.2086   -0.0000    0.0000   -0.0000
   21.4588    0.0180    0.0180    0.2103   -0.0000    0.0000   -0.0000
   21.4965    0.0181    0.0181    0.2120   -0.0000    0.0000   -0.0000
   21.5343    0.0173    0.0173    0.2149   -0.0000    0.0000   -0.0000
   21.5721    0.0163    0.0163    0.2195   -0.0000    0.0000   -0.0000
   21.6099    0.0163    0.0163    0.2260   -0.0000    0.0000   -0.0000
   21.6477    0.0178    0.0178    0.2342   -0.0000    0.0000   -0.0000
   21.6854    0.0213    0.0213    0.2435   -0.0000    0.0000   -0.0000
   21.7232    0.0269    0.0269    0.2533   -0.0000    0.0000   -0.0000
   21.7610    0.0342    0.0342    0.2633   -0.0000    0.0000   -0.0000
   21.7988    0.0429    0.0429    0.2730   -0.0000    0.0000   -0.0000
   21.8365    0.0521    0.0521    0.2822   -0.0000    0.0000   -0.0000
   21.8743    0.0616    0.0616    0.2909   -0.0000    0.0000   -0.0000
   21.9121    0.0708    0.0708    0.2990   -0.0000    0.0000   -0.0000
   21.9499    0.0797    0.0797    0.3067   -0.0000    0.0000   -0.0000
   21.9877    0.0882    0.0882    0.3141   -0.0000    0.0000   -0.0000
   22.0254    0.0962    0.0962    0.3213   -0.0000    0.0000   -0.0000
   22.0632    0.1037    0.1037    0.3287   -0.0000    0.0000   -0.0000
   22.1010    0.1107    0.1107    0.3363   -0.0000    0.0000   -0.0000
   22.1388    0.1169    0.1169    0.3440   -0.0000    0.0000   -0.0000
   22.1766    0.1221    0.1221    0.3520   -0.0000    0.0000   -0.0000
   22.2143    0.1264    0.1264    0.3600   -0.0000    0.0000   -0.0000
   22.2521    0.1299    0.1299    0.3679   -0.0000    0.0000   -0.0000
   22.2899    0.1329    0.1329    0.3755   -0.0000    0.0000   -0.0000
   22.3277    0.1358    0.1358    0.3826   -0.0000    0.0000   -0.0000
   22.3655    0.1390    0.1390    0.3891   -0.0000    0.0000   -0.0000
   22.4032    0.1427    0.1427    0.3947   -0.0000    0.0000   -0.0000
   22.4410    0.1470    0.1470    0.3994   -0.0000    0.0000   -0.0000
   22.4788    0.1518    0.1518    0.4032   -0.0000    0.0000   -0.0000
   22.5166    0.1568    0.1568    0.4061   -0.0000    0.0000   -0.0000
   22.5544    0.1619    0.1619    0.4081   -0.0000    0.0000   -0.0000
   22.5921    0.1666    0.1666    0.4094   -0.0000    0.0000   -0.0000
   22.6299    0.1708    0.1708    0.4100   -0.0000    0.0000   -0.0000
   22.6677    0.1744    0.1744    0.4100   -0.0000    0.0000   -0.0000
   22.7055    0.1775    0.1775    0.4098   -0.0000    0.0000   -0.0000
   22.7433    0.1802    0.1802    0.4096   -0.0000    0.0000   -0.0000
   22.7810    0.1828    0.1828    0.4096   -0.0000    0.0000   -0.0000
   22.8188    0.1857    0.1857    0.4102   -0.0000    0.0000   -0.0000
   22.8566    0.1890    0.1890    0.4113   -0.0000    0.0000   -0.0000
   22.8944    0.1928    0.1928    0.4130   -0.0000    0.0000   -0.0000
   22.9322    0.1971    0.1971    0.4149   -0.0000    0.0000   -0.0000
   22.9699    0.2018    0.2018    0.4168   -0.0000    0.0000   -0.0000
   23.0077    0.2068    0.2068    0.4185   -0.0000    0.0000   -0.0000
   23.0455    0.2120    0.2120    0.4197   -0.0000    0.0000   -0.0000
   23.0833    0.2171    0.2171    0.4207   -0.0000    0.0000   -0.0000
   23.1211    0.2222    0.2222    0.4215   -0.0000    0.0000   -0.0000
   23.1588    0.2273    0.2273    0.4227   -0.0000    0.0000   -0.0000
   23.1966    0.2322    0.2322    0.4246   -0.0000    0.0000   -0.0000
   23.2344    0.2370    0.2370    0.4274   -0.0000    0.0000   -0.0000
   23.2722    0.2418    0.2418    0.4312   -0.0000    0.0000   -0.0000
   23.3100    0.2465    0.2465    0.4359   -0.0000    0.0000   -0.0000
   23.3477    0.2513    0.2513    0.4410   -0.0000    0.0000   -0.0000
   23.3855    0.2560    0.2560    0.4463   -0.0000    0.0000   -0.0000
   23.4233    0.2606    0.2606    0.4513   -0.0000    0.0000   -0.0000
   23.4611    0.2653    0.2653    0.4557   -0.0000    0.0000   -0.0000
   23.4988    0.2699    0.2699    0.4594   -0.0000    0.0000   -0.0000
   23.5366    0.2744    0.2744    0.4625   -0.0000    0.0000   -0.0000
   23.5744    0.2789    0.2789    0.4653   -0.0000    0.0000   -0.0000
   23.6122    0.2833    0.2833    0.4678   -0.0000    0.0000   -0.0000
   23.6500    0.2877    0.2877    0.4704   -0.0000    0.0000   -0.0000
   23.6877    0.2920    0.2920    0.4733   -0.0000    0.0000   -0.0000
   23.7255    0.2963    0.2963    0.4765   -0.0000    0.0000   -0.0000
   23.7633    0.3004    0.3004    0.4800   -0.0000    0.0000   -0.0000
   23.8011    0.3044    0.3044    0.4838   -0.0000    0.0000   -0.0000
   23.8389    0.3083    0.3083    0.4879   -0.0000    0.0000   -0.0000
   23.8766    0.3121    0.3121    0.4922   -0.0000    0.0000   -0.0000
   23.9144    0.3157    0.3157    0.4966   -0.0000    0.0000   -0.0000
   23.9522    0.3191    0.3191    0.5011   -0.0000    0.0000   -0.0000
   23.9900    0.3225    0.3225    0.5056   -0.0000    0.0000   -0.0000
   24.0278    0.3257    0.3257    0.5100   -0.0000    0.0000   -0.0000
   24.0655    0.3287    0.3287    0.5141   -0.0000    0.0000   -0.0000
   24.1033    0.3316    0.3316    0.5178   -0.0000    0.0000   -0.0000
   24.1411    0.3342    0.3342    0.5208   -0.0000    0.0000   -0.0000
   24.1789    0.3366    0.3366    0.5230   -0.0000    0.0000   -0.0000
   24.2167    0.3388    0.3388    0.5243   -0.0000    0.0000   -0.0000
   24.2544    0.3408    0.3408    0.5250   -0.0000    0.0000   -0.0000
   24.2922    0.3425    0.3425    0.5251   -0.0000    0.0000   -0.0000
   24.3300    0.3442    0.3442    0.5249   -0.0000    0.0000   -0.0000
   24.3678    0.3456    0.3456    0.5246   -0.0000    0.0000   -0.0000
   24.4056    0.3468    0.3468    0.5244   -0.0000    0.0000    0.0000
   24.4433    0.3478    0.3478    0.5244   -0.0000    0.0000    0.0000
   24.4811    0.3486    0.3486    0.5247   -0.0000    0.0000    0.0000
   24.5189    0.3492    0.3492    0.5256   -0.0000    0.0000   -0.0000
   24.5567    0.3497    0.3497    0.5272   -0.0000    0.0000   -0.0000
   24.5945    0.3503    0.3503    0.5294   -0.0000    0.0000   -0.0000
   24.6322    0.3511    0.3511    0.5323   -0.0000    0.0000   -0.0000
   24.6700    0.3522    0.3522    0.5356   -0.0000   -0.0000   -0.0000
   24.7078    0.3538    0.3538    0.5391   -0.0000   -0.0000   -0.0000
   24.7456    0.3559    0.3559    0.5423   -0.0000   -0.0000   -0.0000
   24.7834    0.3583    0.3583    0.5450   -0.0000   -0.0000   -0.0000
   24.8211    0.3611    0.3611    0.5470   -0.0000   -0.0000   -0.0000
   24.8589    0.3638    0.3638    0.5482   -0.0000   -0.0000   -0.0000
   24.8967    0.3665    0.3665    0.5487   -0.0000   -0.0000   -0.0000
   24.9345    0.3689    0.3689    0.5488   -0.0000   -0.0000   -0.0000
   24.9722    0.3710    0.3710    0.5488   -0.0000   -0.0000   -0.0000
   25.0100    0.3728    0.3728    0.5492   -0.0000    0.0000   -0.0000
   25.0478    0.3745    0.3745    0.5502   -0.0000    0.0000   -0.0000
   25.0856    0.3764    0.3764    0.5518   -0.0000    0.0000   -0.0000
   25.1234    0.3785    0.3785    0.5541   -0.0000    0.0000   -0.0000
   25.1611    0.3810    0.3810    0.5568   -0.0000    0.0000   -0.0000
   25.1989    0.3839    0.3839    0.5595   -0.0000    0.0000   -0.0000
   25.2367    0.3870    0.3870    0.5619   -0.0000    0.0000   -0.0000
   25.2745    0.3903    0.3903    0.5639   -0.0000    0.0000   -0.0000
   25.3123    0.3937    0.3937    0.5652   -0.0000    0.0000   -0.0000
   25.3500    0.3971    0.3971    0.5661   -0.0000    0.0000   -0.0000
   25.3878    0.4004    0.4004    0.5668   -0.0000    0.0000   -0.0000
   25.4256    0.4036    0.4036    0.5676   -0.0000    0.0000   -0.0000
   25.4634    0.4068    0.4068    0.5689   -0.0000    0.0000   -0.0000
   25.5012    0.4100    0.4100    0.5707   -0.0000    0.0000   -0.0000
   25.5389    0.4132    0.4132    0.5732   -0.0000    0.0000   -0.0000
   25.5767    0.4164    0.4164    0.5762   -0.0000    0.0000   -0.0000
   25.6145    0.4195    0.4195    0.5795   -0.0000    0.0000   -0.0000
   25.6523    0.4227    0.4227    0.5830   -0.0000    0.0000   -0.0000
   25.6901    0.4257    0.4257    0.5862   -0.0000    0.0000   -0.0000
   25.7278    0.4286    0.4286    0.5889   -0.0000    0.0000   -0.0000
   25.7656    0.4314    0.4314    0.5911   -0.0000    0.0000   -0.0000
   25.8034    0.4339    0.4339    0.5926   -0.0000    0.0000   -0.0000
   25.8412    0.4362    0.4362    0.5934   -0.0000    0.0000   -0.0000
   25.8790    0.4382    0.4382    0.5937   -0.0000    0.0000   -0.0000
   25.9167    0.4400    0.4400    0.5934   -0.0000    0.0000   -0.0000
   25.9545    0.4417    0.4417    0.5930   -0.0000    0.0000   -0.0000
   25.9923    0.4433    0.4433    0.5926   -0.0000    0.0000   -0.0000
   26.0301    0.4449    0.4449    0.5923   -0.0000    0.0000   -0.0000
   26.0679    0.4467    0.4467    0.5925   -0.0000    0.0000   -0.0000
   26.1056    0.4486    0.4486    0.5930   -0.0000    0.0000   -0.0000
   26.1434    0.4508    0.4508    0.5940   -0.0000    0.0000   -0.0000
   26.1812    0.4531    0.4531    0.5952   -0.0000    0.0000   -0.0000
   26.2190    0.4556    0.4556    0.5968   -0.0000    0.0000   -0.0000
   26.2568    0.4581    0.4581    0.5984   -0.0000    0.0000   -0.0000
   26.2945    0.4607    0.4607    0.6003   -0.0000    0.0000   -0.0000
   26.3323    0.4632    0.4632    0.6022   -0.0000    0.0000   -0.0000
   26.3701    0.4658    0.4658    0.6041   -0.0000    0.0000   -0.0000
   26.4079    0.4682    0.4682    0.6061   -0.0000    0.0000   -0.0000
   26.4456    0.4707    0.4707    0.6080   -0.0000    0.0000   -0.0000
   26.4834    0.4730    0.4730    0.6099   -0.0000    0.0000   -0.0000
   26.5212    0.4754    0.4754    0.6117   -0.0000    0.0000   -0.0000
   26.5590    0.4776    0.4776    0.6135   -0.0000    0.0000   -0.0000
   26.5968    0.4799    0.4799    0.6154   -0.0000    0.0000   -0.0000
   26.6345    0.4821    0.4821    0.6173   -0.0000    0.0000   -0.0000
   26.6723    0.4842    0.4842    0.6193   -0.0000    0.0000   -0.0000
   26.7101    0.4863    0.4863    0.6214   -0.0000    0.0000   -0.0000
   26.7479    0.4884    0.4884    0.6236   -0.0000    0.0000   -0.0000
   26.7857    0.4904    0.4904    0.6258   -0.0000    0.0000   -0.0000
   26.8234    0.4924    0.4924    0.6280   -0.0000    0.0000   -0.0000
   26.8612    0.4944    0.4944    0.6301   -0.0000    0.0000   -0.0000
   26.8990    0.4965    0.4965    0.6320   -0.0000    0.0000   -0.0000
   26.9368    0.4985    0.4985    0.6339   -0.0000    0.0000   -0.0000
   26.9746    0.5005    0.5005    0.6356   -0.0000    0.0000   -0.0000
   27.0123    0.5026    0.5026    0.6371   -0.0000    0.0000   -0.0000
   27.0501    0.5046    0.5046    0.6386   -0.0000    0.0000   -0.0000
   27.0879    0.5067    0.5067    0.6399   -0.0000    0.0000   -0.0000
   27.1257    0.5086    0.5086    0.6412   -0.0000    0.0000   -0.0000
   27.1635    0.5105    0.5105    0.6423   -0.0000    0.0000   -0.0000
   27.2012    0.5124    0.5124    0.6433   -0.0000    0.0000   -0.0000
   27.2390    0.5141    0.5141    0.6440   -0.0000    0.0000   -0.0000
   27.2768    0.5158    0.5158    0.6447   -0.0000    0.0000   -0.0000
   27.3146    0.5175    0.5175    0.6453   -0.0000    0.0000   -0.0000
   27.3524    0.5192    0.5192    0.6460   -0.0000    0.0000   -0.0000
   27.3901    0.5209    0.5209    0.6467   -0.0000    0.0000   -0.0000
   27.4279    0.5227    0.5227    0.6476   -0.0000    0.0000   -0.0000
   27.4657    0.5244    0.5244    0.6488   -0.0000    0.0000   -0.0000
   27.5035    0.5262    0.5262    0.6500   -0.0000    0.0000   -0.0000
   27.5413    0.5280    0.5280    0.6513   -0.0000    0.0000   -0.0000
   27.5790    0.5296    0.5296    0.6526   -0.0000    0.0000   -0.0000
   27.6168    0.5311    0.5311    0.6538   -0.0000    0.0000   -0.0000
   27.6546    0.5326    0.5326    0.6549   -0.0000    0.0000   -0.0000
   27.6924    0.5339    0.5339    0.6559   -0.0000    0.0000   -0.0000
   27.7302    0.5351    0.5351    0.6569   -0.0000    0.0000   -0.0000
   27.7679    0.5363    0.5363    0.6580   -0.0000    0.0000   -0.0000
   27.8057    0.5374    0.5374    0.6592   -0.0000    0.0000   -0.0000
   27.8435    0.5386    0.5386    0.6605   -0.0000    0.0000   -0.0000
   27.8813    0.5398    0.5398    0.6619   -0.0000    0.0000   -0.0000
   27.9190    0.5409    0.5409    0.6634   -0.0000    0.0000   -0.0000
   27.9568    0.5422    0.5422    0.6649   -0.0000    0.0000   -0.0000
   27.9946    0.5434    0.5434    0.6664   -0.0000    0.0000   -0.0000
   28.0324    0.5448    0.5448    0.6679   -0.0000    0.0000   -0.0000
   28.0702    0.5462    0.5462    0.6694   -0.0000    0.0000   -0.0000
   28.1079    0.5478    0.5478    0.6709   -0.0000    0.0000   -0.0000
   28.1457    0.5494    0.5494    0.6723   -0.0000    0.0000   -0.0000
   28.1835    0.5512    0.5512    0.6737   -0.0000    0.0000   -0.0000
   28.2213    0.5530    0.5530    0.6750   -0.0000    0.0000   -0.0000
   28.2591    0.5548    0.5548    0.6763   -0.0000    0.0000   -0.0000
   28.2968    0.5566    0.5566    0.6776   -0.0000    0.0000   -0.0000
   28.3346    0.5584    0.5584    0.6789   -0.0000    0.0000   -0.0000
   28.3724    0.5600    0.5600    0.6802   -0.0000    0.0000   -0.0000
   28.4102    0.5617    0.5617    0.6814   -0.0000    0.0000   -0.0000
   28.4480    0.5633    0.5633    0.6827   -0.0000    0.0000   -0.0000
   28.4857    0.5648    0.5648    0.6839   -0.0000    0.0000   -0.0000
   28.5235    0.5663    0.5663    0.6851   -0.0000    0.0000   -0.0000
   28.5613    0.5678    0.5678    0.6863   -0.0000    0.0000   -0.0000
   28.5991    0.5694    0.5694    0.6875   -0.0000    0.0000   -0.0000
   28.6369    0.5709    0.5709    0.6887   -0.0000    0.0000   -0.0000
   28.6746    0.5724    0.5724    0.6898   -0.0000    0.0000   -0.0000
   28.7124    0.5739    0.5739    0.6910   -0.0000    0.0000   -0.0000
   28.7502    0.5754    0.5754    0.6921   -0.0000    0.0000   -0.0000
   28.7880    0.5768    0.5768    0.6933   -0.0000    0.0000   -0.0000
   28.8258    0.5782    0.5782    0.6944   -0.0000    0.0000   -0.0000
   28.8635    0.5796    0.5796    0.6955   -0.0000    0.0000   -0.0000
   28.9013    0.5809    0.5809    0.6966   -0.0000    0.0000   -0.0000
   28.9391    0.5822    0.5822    0.6977   -0.0000    0.0000   -0.0000
   28.9769    0.5836    0.5836    0.6988   -0.0000    0.0000   -0.0000
   29.0147    0.5849    0.5849    0.6998   -0.0000    0.0000   -0.0000
   29.0524    0.5863    0.5863    0.7009   -0.0000    0.0000   -0.0000
   29.0902    0.5877    0.5877    0.7020   -0.0000    0.0000   -0.0000
   29.1280    0.5891    0.5891    0.7030   -0.0000    0.0000   -0.0000
   29.1658    0.5906    0.5906    0.7041   -0.0000    0.0000   -0.0000
   29.2036    0.5920    0.5920    0.7051   -0.0000    0.0000   -0.0000
   29.2413    0.5934    0.5934    0.7061   -0.0000    0.0000   -0.0000
   29.2791    0.5948    0.5948    0.7072   -0.0000    0.0000   -0.0000
   29.3169    0.5961    0.5961    0.7082   -0.0000    0.0000   -0.0000
   29.3547    0.5975    0.5975    0.7092   -0.0000    0.0000   -0.0000
   29.3924    0.5988    0.5988    0.7102   -0.0000    0.0000   -0.0000
   29.4302    0.6002    0.6002    0.7112   -0.0000    0.0000   -0.0000
   29.4680    0.6015    0.6015    0.7122   -0.0000    0.0000   -0.0000
   29.5058    0.6028    0.6028    0.7132   -0.0000    0.0000   -0.0000
   29.5436    0.6042    0.6042    0.7141   -0.0000    0.0000   -0.0000
   29.5813    0.6055    0.6055    0.7151   -0.0000    0.0000   -0.0000
   29.6191    0.6068    0.6068    0.7161   -0.0000    0.0000   -0.0000
   29.6569    0.6080    0.6080    0.7170   -0.0000    0.0000   -0.0000
   29.6947    0.6093    0.6093    0.7180   -0.0000    0.0000   -0.0000
   29.7325    0.6106    0.6106    0.7189   -0.0000    0.0000   -0.0000
   29.7702    0.6118    0.6118    0.7199   -0.0000    0.0000   -0.0000
   29.8080    0.6131    0.6131    0.7208   -0.0000    0.0000   -0.0000
   29.8458    0.6143    0.6143    0.7217   -0.0000    0.0000   -0.0000
   29.8836    0.6156    0.6156    0.7226   -0.0000    0.0000   -0.0000
   29.9214    0.6168    0.6168    0.7236   -0.0000    0.0000   -0.0000
   29.9591    0.6180    0.6180    0.7245   -0.0000    0.0000   -0.0000
   29.9969    0.6193    0.6193    0.7254   -0.0000    0.0000   -0.0000
   30.0347    0.6205    0.6205    0.7263   -0.0000    0.0000   -0.0000
   30.0725    0.6217    0.6217    0.7272   -0.0000    0.0000   -0.0000
   30.1103    0.6229    0.6229    0.7281   -0.0000    0.0000   -0.0000
   30.1480    0.6240    0.6240    0.7290   -0.0000    0.0000   -0.0000
   30.1858    0.6252    0.6252    0.7298   -0.0000    0.0000   -0.0000
   30.2236    0.6264    0.6264    0.7307   -0.0000    0.0000   -0.0000
   30.2614    0.6276    0.6276    0.7316   -0.0000    0.0000   -0.0000
   30.2992    0.6287    0.6287    0.7324   -0.0000    0.0000   -0.0000
   30.3369    0.6299    0.6299    0.7333   -0.0000    0.0000   -0.0000
   30.3747    0.6310    0.6310    0.7342   -0.0000    0.0000   -0.0000
   30.4125    0.6322    0.6322    0.7350   -0.0000    0.0000   -0.0000
   30.4503    0.6333    0.6333    0.7359   -0.0000    0.0000   -0.0000
   30.4881    0.6345    0.6345    0.7367   -0.0000    0.0000   -0.0000
   30.5258    0.6356    0.6356    0.7375   -0.0000    0.0000   -0.0000
   30.5636    0.6367    0.6367    0.7384   -0.0000    0.0000   -0.0000
   30.6014    0.6378    0.6378    0.7392   -0.0000    0.0000   -0.0000
   30.6392    0.6389    0.6389    0.7400   -0.0000    0.0000   -0.0000
   30.6770    0.6400    0.6400    0.7408   -0.0000    0.0000   -0.0000
   30.7147    0.6411    0.6411    0.7416   -0.0000    0.0000   -0.0000
   30.7525    0.6422    0.6422    0.7424   -0.0000    0.0000   -0.0000
   30.7903    0.6433    0.6433    0.7433   -0.0000    0.0000   -0.0000
   30.8281    0.6444    0.6444    0.7441   -0.0000    0.0000   -0.0000
   30.8659    0.6454    0.6454    0.7448   -0.0000    0.0000   -0.0000
   30.9036    0.6465    0.6465    0.7456   -0.0000    0.0000   -0.0000
   30.9414    0.6476    0.6476    0.7464   -0.0000    0.0000   -0.0000
   30.9792    0.6486    0.6486    0.7472   -0.0000    0.0000   -0.0000
   31.0170    0.6497    0.6497    0.7480   -0.0000    0.0000   -0.0000
   31.0547    0.6507    0.6507    0.7488   -0.0000    0.0000   -0.0000
   31.0925    0.6518    0.6518    0.7495   -0.0000    0.0000   -0.0000
   31.1303    0.6528    0.6528    0.7503   -0.0000    0.0000   -0.0000
   31.1681    0.6538    0.6538    0.7511   -0.0000    0.0000   -0.0000
   31.2059    0.6549    0.6549    0.7518   -0.0000    0.0000   -0.0000
   31.2436    0.6559    0.6559    0.7526   -0.0000    0.0000   -0.0000
   31.2814    0.6569    0.6569    0.7533   -0.0000    0.0000   -0.0000
   31.3192    0.6579    0.6579    0.7541   -0.0000    0.0000   -0.0000
   31.3570    0.6589    0.6589    0.7548   -0.0000    0.0000   -0.0000
   31.3948    0.6599    0.6599    0.7556   -0.0000    0.0000   -0.0000
   31.4325    0.6609    0.6609    0.7563   -0.0000    0.0000   -0.0000
   31.4703    0.6619    0.6619    0.7570   -0.0000    0.0000   -0.0000
   31.5081    0.6629    0.6629    0.7578   -0.0000    0.0000   -0.0000
   31.5459    0.6639    0.6639    0.7585   -0.0000    0.0000   -0.0000
   31.5837    0.6648    0.6648    0.7592   -0.0000    0.0000   -0.0000
   31.6214    0.6658    0.6658    0.7599   -0.0000    0.0000   -0.0000
   31.6592    0.6668    0.6668    0.7606   -0.0000    0.0000   -0.0000
   31.6970    0.6677    0.6677    0.7613   -0.0000    0.0000   -0.0000
   31.7348    0.6687    0.6687    0.7621   -0.0000    0.0000   -0.0000
   31.7726    0.6696    0.6696    0.7628   -0.0000    0.0000   -0.0000
   31.8103    0.6706    0.6706    0.7635   -0.0000    0.0000   -0.0000
   31.8481    0.6715    0.6715    0.7642   -0.0000    0.0000   -0.0000
   31.8859    0.6725    0.6725    0.7648   -0.0000    0.0000   -0.0000
   31.9237    0.6734    0.6734    0.7655   -0.0000    0.0000   -0.0000
   31.9615    0.6743    0.6743    0.7662   -0.0000    0.0000   -0.0000
   31.9992    0.6753    0.6753    0.7669   -0.0000    0.0000   -0.0000
   32.0370    0.6762    0.6762    0.7676   -0.0000    0.0000   -0.0000
   32.0748    0.6771    0.6771    0.7683   -0.0000    0.0000   -0.0000
   32.1126    0.6780    0.6780    0.7689   -0.0000    0.0000   -0.0000
   32.1504    0.6789    0.6789    0.7696   -0.0000    0.0000   -0.0000
   32.1881    0.6798    0.6798    0.7703   -0.0000    0.0000   -0.0000
   32.2259    0.6807    0.6807    0.7709   -0.0000    0.0000   -0.0000
   32.2637    0.6816    0.6816    0.7716   -0.0000    0.0000   -0.0000
   32.3015    0.6825    0.6825    0.7723   -0.0000    0.0000   -0.0000
   32.3393    0.6834    0.6834    0.7729   -0.0000    0.0000   -0.0000
   32.3770    0.6843    0.6843    0.7736   -0.0000    0.0000   -0.0000
   32.4148    0.6852    0.6852    0.7742   -0.0000    0.0000   -0.0000
   32.4526    0.6861    0.6861    0.7748   -0.0000    0.0000   -0.0000
   32.4904    0.6869    0.6869    0.7755   -0.0000    0.0000   -0.0000
   32.5281    0.6878    0.6878    0.7761   -0.0000    0.0000   -0.0000
   32.5659    0.6887    0.6887    0.7768   -0.0000    0.0000   -0.0000
   32.6037    0.6895    0.6895    0.7774   -0.0000    0.0000   -0.0000
   32.6415    0.6904    0.6904    0.7780   -0.0000    0.0000   -0.0000
   32.6793    0.6912    0.6912    0.7787   -0.0000    0.0000   -0.0000
   32.7170    0.6921    0.6921    0.7793   -0.0000    0.0000   -0.0000
   32.7548    0.6929    0.6929    0.7799   -0.0000    0.0000   -0.0000
   32.7926    0.6938    0.6938    0.7805   -0.0000    0.0000   -0.0000
   32.8304    0.6946    0.6946    0.7811   -0.0000    0.0000   -0.0000
   32.8682    0.6954    0.6954    0.7817   -0.0000    0.0000   -0.0000
   32.9059    0.6963    0.6963    0.7824   -0.0000    0.0000   -0.0000
   32.9437    0.6971    0.6971    0.7830   -0.0000    0.0000   -0.0000
   32.9815    0.6979    0.6979    0.7836   -0.0000    0.0000   -0.0000
   33.0193    0.6987    0.6987    0.7842   -0.0000    0.0000   -0.0000
   33.0571    0.6996    0.6996    0.7848   -0.0000    0.0000   -0.0000
   33.0948    0.7004    0.7004    0.7854   -0.0000    0.0000   -0.0000
   33.1326    0.7012    0.7012    0.7860   -0.0000    0.0000   -0.0000
   33.1704    0.7020    0.7020    0.7865   -0.0000    0.0000   -0.0000
   33.2082    0.7028    0.7028    0.7871   -0.0000    0.0000   -0.0000
   33.2460    0.7036    0.7036    0.7877   -0.0000    0.0000   -0.0000
   33.2837    0.7044    0.7044    0.7883   -0.0000    0.0000   -0.0000
   33.3215    0.7052    0.7052    0.7889   -0.0000    0.0000   -0.0000
   33.3593    0.7060    0.7060    0.7895   -0.0000    0.0000   -0.0000
   33.3971    0.7067    0.7067    0.7900   -0.0000    0.0000   -0.0000
   33.4349    0.7075    0.7075    0.7906   -0.0000    0.0000   -0.0000
   33.4726    0.7083    0.7083    0.7912   -0.0000    0.0000   -0.0000
   33.5104    0.7091    0.7091    0.7917   -0.0000    0.0000   -0.0000
   33.5482    0.7099    0.7099    0.7923   -0.0000    0.0000   -0.0000
   33.5860    0.7106    0.7106    0.7929   -0.0000    0.0000   -0.0000
   33.6238    0.7114    0.7114    0.7934   -0.0000    0.0000   -0.0000
   33.6615    0.7121    0.7121    0.7940   -0.0000    0.0000   -0.0000
   33.6993    0.7129    0.7129    0.7945   -0.0000    0.0000   -0.0000
   33.7371    0.7137    0.7137    0.7951   -0.0000    0.0000   -0.0000
   33.7749    0.7144    0.7144    0.7956   -0.0000    0.0000   -0.0000
   33.8127    0.7152    0.7152    0.7962   -0.0000    0.0000   -0.0000
   33.8504    0.7159    0.7159    0.7967   -0.0000    0.0000   -0.0000
   33.8882    0.7166    0.7166    0.7973   -0.0000    0.0000   -0.0000
   33.9260    0.7174    0.7174    0.7978   -0.0000    0.0000   -0.0000
   33.9638    0.7181    0.7181    0.7984   -0.0000    0.0000   -0.0000
   34.0015    0.7189    0.7189    0.7989   -0.0000    0.0000   -0.0000
   34.0393    0.7196    0.7196    0.7994   -0.0000    0.0000   -0.0000
   34.0771    0.7203    0.7203    0.8000   -0.0000    0.0000   -0.0000
   34.1149    0.7210    0.7210    0.8005   -0.0000    0.0000   -0.0000
   34.1527    0.7218    0.7218    0.8010   -0.0000    0.0000   -0.0000
   34.1904    0.7225    0.7225    0.8015   -0.0000    0.0000   -0.0000
   34.2282    0.7232    0.7232    0.8021   -0.0000    0.0000   -0.0000
   34.2660    0.7239    0.7239    0.8026   -0.0000    0.0000   -0.0000
   34.3038    0.7246    0.7246    0.8031   -0.0000    0.0000   -0.0000
   34.3416    0.7253    0.7253    0.8036   -0.0000    0.0000   -0.0000
   34.3793    0.7260    0.7260    0.8041   -0.0000    0.0000   -0.0000
   34.4171    0.7267    0.7267    0.8046   -0.0000    0.0000   -0.0000
   34.4549    0.7274    0.7274    0.8052   -0.0000    0.0000   -0.0000
   34.4927    0.7281    0.7281    0.8057   -0.0000    0.0000   -0.0000
   34.5305    0.7288    0.7288    0.8062   -0.0000    0.0000   -0.0000
   34.5682    0.7295    0.7295    0.8067   -0.0000    0.0000   -0.0000
   34.6060    0.7302    0.7302    0.8072   -0.0000    0.0000   -0.0000
   34.6438    0.7309    0.7309    0.8077   -0.0000    0.0000   -0.0000
   34.6816    0.7315    0.7315    0.8082   -0.0000    0.0000   -0.0000
   34.7194    0.7322    0.7322    0.8087   -0.0000    0.0000   -0.0000
   34.7571    0.7329    0.7329    0.8091   -0.0000    0.0000   -0.0000
   34.7949    0.7336    0.7336    0.8096   -0.0000    0.0000   -0.0000
   34.8327    0.7342    0.7342    0.8101   -0.0000    0.0000   -0.0000
   34.8705    0.7349    0.7349    0.8106   -0.0000    0.0000   -0.0000
   34.9083    0.7356    0.7356    0.8111   -0.0000    0.0000   -0.0000
   34.9460    0.7362    0.7362    0.8116   -0.0000    0.0000   -0.0000
   34.9838    0.7369    0.7369    0.8121   -0.0000    0.0000   -0.0000
   35.0216    0.7375    0.7375    0.8125   -0.0000    0.0000   -0.0000
   35.0594    0.7382    0.7382    0.8130   -0.0000    0.0000   -0.0000
   35.0972    0.7388    0.7388    0.8135   -0.0000    0.0000   -0.0000
   35.1349    0.7395    0.7395    0.8140   -0.0000    0.0000   -0.0000
   35.1727    0.7401    0.7401    0.8144   -0.0000    0.0000   -0.0000
   35.2105    0.7408    0.7408    0.8149   -0.0000    0.0000   -0.0000
   35.2483    0.7414    0.7414    0.8154   -0.0000    0.0000   -0.0000
   35.2861    0.7421    0.7421    0.8158   -0.0000    0.0000   -0.0000
   35.3238    0.7427    0.7427    0.8163   -0.0000    0.0000   -0.0000
   35.3616    0.7433    0.7433    0.8168   -0.0000    0.0000   -0.0000
   35.3994    0.7440    0.7440    0.8172   -0.0000    0.0000   -0.0000
   35.4372    0.7446    0.7446    0.8177   -0.0000    0.0000   -0.0000
   35.4749    0.7452    0.7452    0.8181   -0.0000    0.0000   -0.0000
   35.5127    0.7458    0.7458    0.8186   -0.0000    0.0000   -0.0000
   35.5505    0.7465    0.7465    0.8190   -0.0000    0.0000   -0.0000
   35.5883    0.7471    0.7471    0.8195   -0.0000    0.0000   -0.0000
   35.6261    0.7477    0.7477    0.8199   -0.0000    0.0000   -0.0000
   35.6638    0.7483    0.7483    0.8204   -0.0000    0.0000   -0.0000
   35.7016    0.7489    0.7489    0.8208   -0.0000    0.0000   -0.0000
   35.7394    0.7495    0.7495    0.8213   -0.0000    0.0000   -0.0000
   35.7772    0.7501    0.7501    0.8217   -0.0000    0.0000   -0.0000
   35.8150    0.7507    0.7507    0.8222   -0.0000    0.0000   -0.0000
   35.8527    0.7514    0.7514    0.8226   -0.0000    0.0000   -0.0000
   35.8905    0.7520    0.7520    0.8230   -0.0000    0.0000   -0.0000
   35.9283    0.7525    0.7525    0.8235   -0.0000    0.0000   -0.0000
   35.9661    0.7531    0.7531    0.8239   -0.0000    0.0000   -0.0000
   36.0039    0.7537    0.7537    0.8243   -0.0000    0.0000   -0.0000
   36.0416    0.7543    0.7543    0.8248   -0.0000    0.0000   -0.0000
   36.0794    0.7549    0.7549    0.8252   -0.0000    0.0000   -0.0000
   36.1172    0.7555    0.7555    0.8256   -0.0000    0.0000   -0.0000
   36.1550    0.7561    0.7561    0.8260   -0.0000    0.0000   -0.0000
   36.1928    0.7567    0.7567    0.8265   -0.0000    0.0000   -0.0000
   36.2305    0.7572    0.7572    0.8269   -0.0000    0.0000   -0.0000
   36.2683    0.7578    0.7578    0.8273   -0.0000    0.0000   -0.0000
   36.3061    0.7584    0.7584    0.8277   -0.0000    0.0000   -0.0000
   36.3439    0.7590    0.7590    0.8281   -0.0000    0.0000   -0.0000
   36.3817    0.7595    0.7595    0.8286   -0.0000    0.0000   -0.0000
   36.4194    0.7601    0.7601    0.8290   -0.0000    0.0000   -0.0000
   36.4572    0.7607    0.7607    0.8294   -0.0000    0.0000   -0.0000
   36.4950    0.7612    0.7612    0.8298   -0.0000    0.0000   -0.0000
   36.5328    0.7618    0.7618    0.8302   -0.0000    0.0000   -0.0000
   36.5706    0.7624    0.7624    0.8306   -0.0000    0.0000   -0.0000
   36.6083    0.7629    0.7629    0.8310   -0.0000    0.0000   -0.0000
   36.6461    0.7635    0.7635    0.8314   -0.0000    0.0000   -0.0000
   36.6839    0.7640    0.7640    0.8318   -0.0000    0.0000   -0.0000
   36.7217    0.7646    0.7646    0.8322   -0.0000    0.0000   -0.0000
   36.7595    0.7651    0.7651    0.8326   -0.0000    0.0000   -0.0000
   36.7972    0.7657    0.7657    0.8330   -0.0000    0.0000   -0.0000
   36.8350    0.7662    0.7662    0.8334   -0.0000    0.0000   -0.0000
   36.8728    0.7668    0.7668    0.8338   -0.0000    0.0000   -0.0000
   36.9106    0.7673    0.7673    0.8342   -0.0000    0.0000   -0.0000
   36.9483    0.7679    0.7679    0.8346   -0.0000    0.0000   -0.0000
   36.9861    0.7684    0.7684    0.8350   -0.0000    0.0000   -0.0000
   37.0239    0.7689    0.7689    0.8354   -0.0000    0.0000   -0.0000
   37.0617    0.7695    0.7695    0.8358   -0.0000    0.0000   -0.0000
   37.0995    0.7700    0.7700    0.8361   -0.0000    0.0000   -0.0000
   37.1372    0.7705    0.7705    0.8365   -0.0000    0.0000   -0.0000
   37.1750    0.7711    0.7711    0.8369   -0.0000    0.0000   -0.0000
   37.2128    0.7716    0.7716    0.8373   -0.0000    0.0000   -0.0000
   37.2506    0.7721    0.7721    0.8377   -0.0000    0.0000   -0.0000
   37.2884    0.7726    0.7726    0.8380   -0.0000    0.0000   -0.0000
   37.3261    0.7732    0.7732    0.8384   -0.0000    0.0000   -0.0000
   37.3639    0.7737    0.7737    0.8388   -0.0000    0.0000   -0.0000
   37.4017    0.7742    0.7742    0.8392   -0.0000    0.0000   -0.0000
   37.4395    0.7747    0.7747    0.8396   -0.0000    0.0000   -0.0000
   37.4773    0.7752    0.7752    0.8399   -0.0000    0.0000   -0.0000
   37.5150    0.7757    0.7757    0.8403   -0.0000    0.0000   -0.0000
   37.5528    0.7762    0.7762    0.8407   -0.0000    0.0000   -0.0000
   37.5906    0.7767    0.7767    0.8410   -0.0000    0.0000   -0.0000
   37.6284    0.7773    0.7773    0.8414   -0.0000    0.0000   -0.0000
   37.6662    0.7778    0.7778    0.8418   -0.0000    0.0000   -0.0000
   37.7039    0.7783    0.7783    0.8421   -0.0000    0.0000   -0.0000
   37.7417    0.7788    0.7788    0.8425   -0.0000    0.0000   -0.0000
