  #energy          xx             yy              zz              xy              yz              zx
  0.00000000E+00  0.47635836E+00  0.47635836E+00  0.69711284E-01  0.10000000E+01  0.10000000E+01  0.10000000E+01
  0.37800000E-01  0.47684594E+00  0.47684594E+00  0.69723815E-01  0.10000000E+01  0.10000000E+01  0.10000000E+01
  0.75600000E-01  0.47834766E+00  0.47834766E+00  0.69761407E-01  0.10000000E+01  0.10000000E+01  0.10000000E+01
  0.11330000E+00  0.48097639E+00  0.48097639E+00  0.69828214E-01  0.10000000E+01  0.10000000E+01  0.10000000E+01
  0.15110000E+00  0.48488515E+00  0.48488515E+00  0.69920064E-01  0.10000000E+01  0.10000000E+01  0.10000000E+01
  0.18890000E+00  0.49021151E+00  0.49021151E+00  0.70041151E-01  0.10000000E+01  0.10000000E+01  0.10000000E+01
  0.22670000E+00  0.49700060E+00  0.49700060E+00  0.70187235E-01  0.10000000E+01  0.10000000E+01  0.10000000E+01
  0.26450000E+00  0.50512573E+00  0.50512573E+00  0.70366697E-01  0.10000000E+01  0.10000000E+01  0.10000000E+01
  0.30220000E+00  0.51426745E+00  0.51426745E+00  0.70575334E-01  0.10000000E+01  0.10000000E+01  0.10000000E+01
  0.34000000E+00  0.52396325E+00  0.52396325E+00  0.70817278E-01  0.10000000E+01  0.10000000E+01  0.10000000E+01
  0.37780000E+00  0.53369714E+00  0.53369714E+00  0.71092545E-01  0.10000000E+01  0.10000000E+01  0.10000000E+01
  0.41560000E+00  0.54299351E+00  0.54299351E+00  0.71409350E-01  0.10000000E+01  0.10000000E+01  0.10000000E+01
  0.45340000E+00  0.55145729E+00  0.55145729E+00  0.71763614E-01  0.10000000E+01  0.10000000E+01  0.10000000E+01
  0.49110000E+00  0.55877092E+00  0.55877092E+00  0.72163519E-01  0.10000000E+01  0.10000000E+01  0.10000000E+01
  0.52890000E+00  0.56465606E+00  0.56465606E+00  0.72613121E-01  0.10000000E+01  0.10000000E+01  0.10000000E+01
  0.56670000E+00  0.56882340E+00  0.56882340E+00  0.73120763E-01  0.10000000E+01  0.10000000E+01  0.10000000E+01
  0.60450000E+00  0.57092910E+00  0.57092910E+00  0.73690264E-01  0.10000000E+01  0.10000000E+01  0.10000000E+01
  0.64230000E+00  0.57054965E+00  0.57054965E+00  0.74338133E-01  0.10000000E+01  0.10000000E+01  0.10000000E+01
  0.68000000E+00  0.56719745E+00  0.56719745E+00  0.75088674E-01  0.10000000E+01  0.10000000E+01  0.10000000E+01
  0.71780000E+00  0.56040020E+00  0.56040020E+00  0.75962477E-01  0.10000000E+01  0.10000000E+01  0.10000000E+01
  0.75560000E+00  0.54983971E+00  0.54983971E+00  0.77008709E-01  0.10000000E+01  0.10000000E+01  0.10000000E+01
  0.79340000E+00  0.53546770E+00  0.53546770E+00  0.78273362E-01  0.10000000E+01  0.10000000E+01  0.10000000E+01
  0.83110000E+00  0.51745005E+00  0.51745005E+00  0.79820258E-01  0.10000000E+01  0.10000000E+01  0.10000000E+01
  0.86890000E+00  0.49585076E+00  0.49585076E+00  0.81689776E-01  0.10000000E+01  0.10000000E+01  0.10000000E+01
  0.90670000E+00  0.47036807E+00  0.47036807E+00  0.83880934E-01  0.10000000E+01  0.10000000E+01  0.10000000E+01
  0.94450000E+00  0.44077322E+00  0.44077322E+00  0.86323622E-01  0.10000000E+01  0.10000000E+01  0.10000000E+01
  0.98230000E+00  0.40853475E+00  0.40853475E+00  0.88845664E-01  0.10000000E+01  0.10000000E+01  0.10000000E+01
  0.10200000E+01  0.37866560E+00  0.37866560E+00  0.91189014E-01  0.10000000E+01  0.10000000E+01  0.10000000E+01
  0.10578000E+01  0.35825256E+00  0.35825256E+00  0.93022017E-01  0.10000000E+01  0.10000000E+01  0.10000000E+01
  0.10956000E+01  0.35062781E+00  0.35062781E+00  0.93986981E-01  0.10000000E+01  0.10000000E+01  0.10000000E+01
  0.11334000E+01  0.35279760E+00  0.35279760E+00  0.93751147E-01  0.10000000E+01  0.10000000E+01  0.10000000E+01
  0.11712000E+01  0.35920726E+00  0.35920726E+00  0.92041737E-01  0.10000000E+01  0.10000000E+01  0.10000000E+01
  0.12089000E+01  0.36532554E+00  0.36532554E+00  0.88706532E-01  0.10000000E+01  0.10000000E+01  0.10000000E+01
  0.12467000E+01  0.36829556E+00  0.36829556E+00  0.83781958E-01  0.10000000E+01  0.10000000E+01  0.10000000E+01
  0.12845000E+01  0.36642763E+00  0.36642763E+00  0.77567737E-01  0.10000000E+01  0.10000000E+01  0.10000000E+01
  0.13223000E+01  0.35883815E+00  0.35883815E+00  0.70709828E-01  0.10000000E+01  0.10000000E+01  0.10000000E+01
  0.13601000E+01  0.34568277E+00  0.34568277E+00  0.64146732E-01  0.10000000E+01  0.10000000E+01  0.10000000E+01
  0.13978000E+01  0.32896671E+00  0.32896671E+00  0.58930485E-01  0.10000000E+01  0.10000000E+01  0.10000000E+01
  0.14356000E+01  0.31322328E+00  0.31322328E+00  0.55836332E-01  0.10000000E+01  0.10000000E+01  0.10000000E+01
  0.14734000E+01  0.30420930E+00  0.30420930E+00  0.55102885E-01  0.10000000E+01  0.10000000E+01  0.10000000E+01
  0.15112000E+01  0.30525220E+00  0.30525220E+00  0.56428013E-01  0.10000000E+01  0.10000000E+01  0.10000000E+01
  0.15490000E+01  0.31520497E+00  0.31520497E+00  0.59246802E-01  0.10000000E+01  0.10000000E+01  0.10000000E+01
  0.15867000E+01  0.33041194E+00  0.33041194E+00  0.62966254E-01  0.10000000E+01  0.10000000E+01  0.10000000E+01
  0.16245000E+01  0.34741822E+00  0.34741822E+00  0.67099448E-01  0.10000000E+01  0.10000000E+01  0.10000000E+01
  0.16623000E+01  0.36396295E+00  0.36396295E+00  0.71254136E-01  0.10000000E+01  0.10000000E+01  0.10000000E+01
  0.17001000E+01  0.37878580E+00  0.37878580E+00  0.75086280E-01  0.10000000E+01  0.10000000E+01  0.10000000E+01
  0.17379000E+01  0.39121227E+00  0.39121227E+00  0.78281157E-01  0.10000000E+01  0.10000000E+01  0.10000000E+01
  0.17756000E+01  0.40084731E+00  0.40084731E+00  0.80528077E-01  0.10000000E+01  0.10000000E+01  0.10000000E+01
  0.18134000E+01  0.40738989E+00  0.40738989E+00  0.81554075E-01  0.10000000E+01  0.10000000E+01  0.10000000E+01
  0.18512000E+01  0.41055761E+00  0.41055761E+00  0.81125702E-01  0.10000000E+01  0.10000000E+01  0.10000000E+01
  0.18890000E+01  0.41006667E+00  0.41006667E+00  0.79116363E-01  0.10000000E+01  0.10000000E+01  0.10000000E+01
  0.19268000E+01  0.40566892E+00  0.40566892E+00  0.75542042E-01  0.10000000E+01  0.10000000E+01  0.10000000E+01
  0.19645000E+01  0.39727911E+00  0.39727911E+00  0.70622394E-01  0.10000000E+01  0.10000000E+01  0.10000000E+01
  0.20023000E+01  0.38515557E+00  0.38515557E+00  0.64831687E-01  0.10000000E+01  0.10000000E+01  0.10000000E+01
  0.20401000E+01  0.37013261E+00  0.37013261E+00  0.58876385E-01  0.10000000E+01  0.10000000E+01  0.10000000E+01
  0.20779000E+01  0.35373613E+00  0.35373613E+00  0.53539819E-01  0.10000000E+01  0.10000000E+01  0.10000000E+01
  0.21157000E+01  0.33793056E+00  0.33793056E+00  0.49442387E-01  0.10000000E+01  0.10000000E+01  0.10000000E+01
  0.21534000E+01  0.32453890E+00  0.32453890E+00  0.46847738E-01  0.10000000E+01  0.10000000E+01  0.10000000E+01
  0.21912000E+01  0.31466908E+00  0.31466908E+00  0.45644682E-01  0.10000000E+01  0.10000000E+01  0.10000000E+01
  0.22290000E+01  0.30863554E+00  0.30863554E+00  0.45523995E-01  0.10000000E+01  0.10000000E+01  0.10000000E+01
  0.22668000E+01  0.30626269E+00  0.30626269E+00  0.46153551E-01  0.10000000E+01  0.10000000E+01  0.10000000E+01
  0.23045000E+01  0.30716699E+00  0.30716699E+00  0.47281536E-01  0.10000000E+01  0.10000000E+01  0.10000000E+01
  0.23423000E+01  0.31078383E+00  0.31078383E+00  0.48738666E-01  0.10000000E+01  0.10000000E+01  0.10000000E+01
  0.23801000E+01  0.31629149E+00  0.31629149E+00  0.50426363E-01  0.10000000E+01  0.10000000E+01  0.10000000E+01
  0.24179000E+01  0.32263246E+00  0.32263246E+00  0.52277859E-01  0.10000000E+01  0.10000000E+01  0.10000000E+01
  0.24557000E+01  0.32870780E+00  0.32870780E+00  0.54267081E-01  0.10000000E+01  0.10000000E+01  0.10000000E+01
  0.24934000E+01  0.33358831E+00  0.33358831E+00  0.56368469E-01  0.10000000E+01  0.10000000E+01  0.10000000E+01
  0.25312000E+01  0.33673797E+00  0.33673797E+00  0.58582662E-01  0.10000000E+01  0.10000000E+01  0.10000000E+01
  0.25690000E+01  0.33814847E+00  0.33814847E+00  0.60906166E-01  0.10000000E+01  0.10000000E+01  0.10000000E+01
  0.26068000E+01  0.33840868E+00  0.33840868E+00  0.63311647E-01  0.10000000E+01  0.10000000E+01  0.10000000E+01
  0.26446000E+01  0.33851178E+00  0.33851178E+00  0.65739507E-01  0.10000000E+01  0.10000000E+01  0.10000000E+01
  0.26823000E+01  0.33941889E+00  0.33941889E+00  0.68103133E-01  0.10000000E+01  0.10000000E+01  0.10000000E+01
  0.27201000E+01  0.34152445E+00  0.34152445E+00  0.70273623E-01  0.10000000E+01  0.10000000E+01  0.10000000E+01
  0.27579000E+01  0.34443009E+00  0.34443009E+00  0.72129896E-01  0.10000000E+01  0.10000000E+01  0.10000000E+01
  0.27957000E+01  0.34711301E+00  0.34711301E+00  0.73548275E-01  0.10000000E+01  0.10000000E+01  0.10000000E+01
  0.28335000E+01  0.34827569E+00  0.34827569E+00  0.74446034E-01  0.10000000E+01  0.10000000E+01  0.10000000E+01
  0.28712000E+01  0.34662401E+00  0.34662401E+00  0.74804467E-01  0.10000000E+01  0.10000000E+01  0.10000000E+01
  0.29090000E+01  0.34110722E+00  0.34110722E+00  0.74662797E-01  0.10000000E+01  0.10000000E+01  0.10000000E+01
  0.29468000E+01  0.33123776E+00  0.33123776E+00  0.74165121E-01  0.10000000E+01  0.10000000E+01  0.10000000E+01
  0.29846000E+01  0.31769691E+00  0.31769691E+00  0.73538768E-01  0.10000000E+01  0.10000000E+01  0.10000000E+01
  0.30224000E+01  0.30301777E+00  0.30301777E+00  0.73049948E-01  0.10000000E+01  0.10000000E+01  0.10000000E+01
  0.30601000E+01  0.29140496E+00  0.29140496E+00  0.72927249E-01  0.10000000E+01  0.10000000E+01  0.10000000E+01
  0.30979000E+01  0.28669025E+00  0.28669025E+00  0.73251428E-01  0.10000000E+01  0.10000000E+01  0.10000000E+01
  0.31357000E+01  0.28986812E+00  0.28986812E+00  0.73911357E-01  0.10000000E+01  0.10000000E+01  0.10000000E+01
  0.31735000E+01  0.29896491E+00  0.29896491E+00  0.74627254E-01  0.10000000E+01  0.10000000E+01  0.10000000E+01
  0.32113000E+01  0.31099270E+00  0.31099270E+00  0.75035034E-01  0.10000000E+01  0.10000000E+01  0.10000000E+01
  0.32490000E+01  0.32353846E+00  0.32353846E+00  0.74824234E-01  0.10000000E+01  0.10000000E+01  0.10000000E+01
  0.32868000E+01  0.33525044E+00  0.33525044E+00  0.73814293E-01  0.10000000E+01  0.10000000E+01  0.10000000E+01
  0.33246000E+01  0.34576016E+00  0.34576016E+00  0.72055897E-01  0.10000000E+01  0.10000000E+01  0.10000000E+01
  0.33624000E+01  0.35544829E+00  0.35544829E+00  0.69812656E-01  0.10000000E+01  0.10000000E+01  0.10000000E+01
  0.34002000E+01  0.36514321E+00  0.36514321E+00  0.67523182E-01  0.10000000E+01  0.10000000E+01  0.10000000E+01
  0.34379000E+01  0.37569708E+00  0.37569708E+00  0.65627461E-01  0.10000000E+01  0.10000000E+01  0.10000000E+01
  0.34757000E+01  0.38756763E+00  0.38756763E+00  0.64415892E-01  0.10000000E+01  0.10000000E+01  0.10000000E+01
  0.35135000E+01  0.40063384E+00  0.40063384E+00  0.63896836E-01  0.10000000E+01  0.10000000E+01  0.10000000E+01
  0.35513000E+01  0.41431903E+00  0.41431903E+00  0.63867836E-01  0.10000000E+01  0.10000000E+01  0.10000000E+01
  0.35891000E+01  0.42784695E+00  0.42784695E+00  0.64006694E-01  0.10000000E+01  0.10000000E+01  0.10000000E+01
  0.36268000E+01  0.44045408E+00  0.44045408E+00  0.64039744E-01  0.10000000E+01  0.10000000E+01  0.10000000E+01
  0.36646000E+01  0.45148106E+00  0.45148106E+00  0.63762684E-01  0.10000000E+01  0.10000000E+01  0.10000000E+01
  0.37024000E+01  0.46039771E+00  0.46039771E+00  0.63083277E-01  0.10000000E+01  0.10000000E+01  0.10000000E+01
  0.37402000E+01  0.46679197E+00  0.46679197E+00  0.61949416E-01  0.10000000E+01  0.10000000E+01  0.10000000E+01
  0.37779000E+01  0.47038167E+00  0.47038167E+00  0.60348959E-01  0.10000000E+01  0.10000000E+01  0.10000000E+01
  0.38157000E+01  0.47102275E+00  0.47102275E+00  0.58293194E-01  0.10000000E+01  0.10000000E+01  0.10000000E+01
  0.38535000E+01  0.46874408E+00  0.46874408E+00  0.55823798E-01  0.10000000E+01  0.10000000E+01  0.10000000E+01
  0.38913000E+01  0.46382629E+00  0.46382629E+00  0.53083049E-01  0.10000000E+01  0.10000000E+01  0.10000000E+01
  0.39291000E+01  0.45692969E+00  0.45692969E+00  0.50290453E-01  0.10000000E+01  0.10000000E+01  0.10000000E+01
  0.39668000E+01  0.44930678E+00  0.44930678E+00  0.47795874E-01  0.10000000E+01  0.10000000E+01  0.10000000E+01
  0.40046000E+01  0.44286453E+00  0.44286453E+00  0.45919183E-01  0.10000000E+01  0.10000000E+01  0.10000000E+01
  0.40424000E+01  0.43985867E+00  0.43985867E+00  0.44878275E-01  0.10000000E+01  0.10000000E+01  0.10000000E+01
  0.40802000E+01  0.44210970E+00  0.44210970E+00  0.44644342E-01  0.10000000E+01  0.10000000E+01  0.10000000E+01
  0.41180000E+01  0.45028617E+00  0.45028617E+00  0.44941981E-01  0.10000000E+01  0.10000000E+01  0.10000000E+01
  0.41557000E+01  0.46382674E+00  0.46382674E+00  0.45340811E-01  0.10000000E+01  0.10000000E+01  0.10000000E+01
  0.41935000E+01  0.48146017E+00  0.48146017E+00  0.45396357E-01  0.10000000E+01  0.10000000E+01  0.10000000E+01
  0.42313000E+01  0.50178391E+00  0.50178391E+00  0.44760993E-01  0.10000000E+01  0.10000000E+01  0.10000000E+01
  0.42691000E+01  0.52358752E+00  0.52358752E+00  0.43273911E-01  0.10000000E+01  0.10000000E+01  0.10000000E+01
  0.43069000E+01  0.54591033E+00  0.54591033E+00  0.41007159E-01  0.10000000E+01  0.10000000E+01  0.10000000E+01
  0.43446000E+01  0.56797063E+00  0.56797063E+00  0.38290206E-01  0.10000000E+01  0.10000000E+01  0.10000000E+01
  0.43824000E+01  0.58903433E+00  0.58903433E+00  0.35649800E-01  0.10000000E+01  0.10000000E+01  0.10000000E+01
  0.44202000E+01  0.60830349E+00  0.60830349E+00  0.33653732E-01  0.10000000E+01  0.10000000E+01  0.10000000E+01
  0.44580000E+01  0.62480020E+00  0.62480020E+00  0.32727722E-01  0.10000000E+01  0.10000000E+01  0.10000000E+01
  0.44958000E+01  0.63733552E+00  0.63733552E+00  0.32953268E-01  0.10000000E+01  0.10000000E+01  0.10000000E+01
  0.45335000E+01  0.64459658E+00  0.64459658E+00  0.34100693E-01  0.10000000E+01  0.10000000E+01  0.10000000E+01
  0.45713000E+01  0.64553566E+00  0.64553566E+00  0.35739945E-01  0.10000000E+01  0.10000000E+01  0.10000000E+01
  0.46091000E+01  0.64000479E+00  0.64000479E+00  0.37403605E-01  0.10000000E+01  0.10000000E+01  0.10000000E+01
  0.46469000E+01  0.62947414E+00  0.62947414E+00  0.38685473E-01  0.10000000E+01  0.10000000E+01  0.10000000E+01
  0.46847000E+01  0.61694617E+00  0.61694617E+00  0.39323923E-01  0.10000000E+01  0.10000000E+01  0.10000000E+01
  0.47224000E+01  0.60580877E+00  0.60580877E+00  0.39186519E-01  0.10000000E+01  0.10000000E+01  0.10000000E+01
  0.47602000E+01  0.59824907E+00  0.59824907E+00  0.38305487E-01  0.10000000E+01  0.10000000E+01  0.10000000E+01
  0.47980000E+01  0.59448184E+00  0.59448184E+00  0.36857994E-01  0.10000000E+01  0.10000000E+01  0.10000000E+01
  0.48358000E+01  0.59309671E+00  0.59309671E+00  0.35172967E-01  0.10000000E+01  0.10000000E+01  0.10000000E+01
  0.48736000E+01  0.59173278E+00  0.59173278E+00  0.33639944E-01  0.10000000E+01  0.10000000E+01  0.10000000E+01
  0.49113000E+01  0.58778754E+00  0.58778754E+00  0.32636841E-01  0.10000000E+01  0.10000000E+01  0.10000000E+01
  0.49491000E+01  0.57909966E+00  0.57909966E+00  0.32392640E-01  0.10000000E+01  0.10000000E+01  0.10000000E+01
  0.49869000E+01  0.56480773E+00  0.56480773E+00  0.32920275E-01  0.10000000E+01  0.10000000E+01  0.10000000E+01
  0.50247000E+01  0.54629834E+00  0.54629834E+00  0.34044414E-01  0.10000000E+01  0.10000000E+01  0.10000000E+01
  0.50625000E+01  0.52722776E+00  0.52722776E+00  0.35476780E-01  0.10000000E+01  0.10000000E+01  0.10000000E+01
  0.51002000E+01  0.51211751E+00  0.51211751E+00  0.36924273E-01  0.10000000E+01  0.10000000E+01  0.10000000E+01
  0.51380000E+01  0.50414073E+00  0.50414073E+00  0.38145957E-01  0.10000000E+01  0.10000000E+01  0.10000000E+01
  0.51758000E+01  0.50417140E+00  0.50417140E+00  0.38998891E-01  0.10000000E+01  0.10000000E+01  0.10000000E+01
  0.52136000E+01  0.51130229E+00  0.51130229E+00  0.39428978E-01  0.10000000E+01  0.10000000E+01  0.10000000E+01
  0.52514000E+01  0.52386453E+00  0.52386453E+00  0.39459908E-01  0.10000000E+01  0.10000000E+01  0.10000000E+01
  0.52891000E+01  0.54014119E+00  0.54014119E+00  0.39182431E-01  0.10000000E+01  0.10000000E+01  0.10000000E+01
  0.53269000E+01  0.55858871E+00  0.55858871E+00  0.38733612E-01  0.10000000E+01  0.10000000E+01  0.10000000E+01
  0.53647000E+01  0.57784798E+00  0.57784798E+00  0.38275578E-01  0.10000000E+01  0.10000000E+01  0.10000000E+01
  0.54025000E+01  0.59656594E+00  0.59656594E+00  0.37959455E-01  0.10000000E+01  0.10000000E+01  0.10000000E+01
  0.54402000E+01  0.61323954E+00  0.61323954E+00  0.37903578E-01  0.10000000E+01  0.10000000E+01  0.10000000E+01
  0.54780000E+01  0.62616179E+00  0.62616179E+00  0.38161741E-01  0.10000000E+01  0.10000000E+01  0.10000000E+01
  0.55158000E+01  0.63349603E+00  0.63349603E+00  0.38706069E-01  0.10000000E+01  0.10000000E+01  0.10000000E+01
  0.55536000E+01  0.63369874E+00  0.63369874E+00  0.39443019E-01  0.10000000E+01  0.10000000E+01  0.10000000E+01
  0.55914000E+01  0.62623342E+00  0.62623342E+00  0.40238933E-01  0.10000000E+01  0.10000000E+01  0.10000000E+01
  0.56291000E+01  0.61235518E+00  0.61235518E+00  0.40955844E-01  0.10000000E+01  0.10000000E+01  0.10000000E+01
  0.56669000E+01  0.59509081E+00  0.59509081E+00  0.41493902E-01  0.10000000E+01  0.10000000E+01  0.10000000E+01
  0.57047000E+01  0.57820479E+00  0.57820479E+00  0.41812257E-01  0.10000000E+01  0.10000000E+01  0.10000000E+01
  0.57425000E+01  0.56463320E+00  0.56463320E+00  0.41927727E-01  0.10000000E+01  0.10000000E+01  0.10000000E+01
  0.57803000E+01  0.55545459E+00  0.55545459E+00  0.41909604E-01  0.10000000E+01  0.10000000E+01  0.10000000E+01
  0.58180000E+01  0.55004176E+00  0.55004176E+00  0.41861420E-01  0.10000000E+01  0.10000000E+01  0.10000000E+01
  0.58558000E+01  0.54664950E+00  0.54664950E+00  0.41891686E-01  0.10000000E+01  0.10000000E+01  0.10000000E+01
  0.58936000E+01  0.54308546E+00  0.54308546E+00  0.42085387E-01  0.10000000E+01  0.10000000E+01  0.10000000E+01
  0.59314000E+01  0.53706405E+00  0.53706405E+00  0.42490196E-01  0.10000000E+01  0.10000000E+01  0.10000000E+01
  0.59692000E+01  0.52666400E+00  0.52666400E+00  0.43114544E-01  0.10000000E+01  0.10000000E+01  0.10000000E+01
  0.60069000E+01  0.51066655E+00  0.51066655E+00  0.43925506E-01  0.10000000E+01  0.10000000E+01  0.10000000E+01
  0.60447000E+01  0.48924216E+00  0.48924216E+00  0.44868736E-01  0.10000000E+01  0.10000000E+01  0.10000000E+01
  0.60825000E+01  0.46437555E+00  0.46437555E+00  0.45861054E-01  0.10000000E+01  0.10000000E+01  0.10000000E+01
  0.61203000E+01  0.43960153E+00  0.43960153E+00  0.46814678E-01  0.10000000E+01  0.10000000E+01  0.10000000E+01
  0.61581000E+01  0.41890708E+00  0.41890708E+00  0.47657417E-01  0.10000000E+01  0.10000000E+01  0.10000000E+01
  0.61958000E+01  0.40505038E+00  0.40505038E+00  0.48324841E-01  0.10000000E+01  0.10000000E+01  0.10000000E+01
  0.62336000E+01  0.39899771E+00  0.39899771E+00  0.48782095E-01  0.10000000E+01  0.10000000E+01  0.10000000E+01
  0.62714000E+01  0.40001712E+00  0.40001712E+00  0.49044494E-01  0.10000000E+01  0.10000000E+01  0.10000000E+01
  0.63092000E+01  0.40642744E+00  0.40642744E+00  0.49164862E-01  0.10000000E+01  0.10000000E+01  0.10000000E+01
  0.63470000E+01  0.41629657E+00  0.41629657E+00  0.49223255E-01  0.10000000E+01  0.10000000E+01  0.10000000E+01
  0.63847000E+01  0.42780145E+00  0.42780145E+00  0.49314891E-01  0.10000000E+01  0.10000000E+01  0.10000000E+01
  0.64225000E+01  0.43935527E+00  0.43935527E+00  0.49525834E-01  0.10000000E+01  0.10000000E+01  0.10000000E+01
  0.64603000E+01  0.44991434E+00  0.44991434E+00  0.49892996E-01  0.10000000E+01  0.10000000E+01  0.10000000E+01
  0.64981000E+01  0.45891101E+00  0.45891101E+00  0.50412595E-01  0.10000000E+01  0.10000000E+01  0.10000000E+01
  0.65359000E+01  0.46646015E+00  0.46646015E+00  0.51028704E-01  0.10000000E+01  0.10000000E+01  0.10000000E+01
  0.65736000E+01  0.47303739E+00  0.47303739E+00  0.51689247E-01  0.10000000E+01  0.10000000E+01  0.10000000E+01
  0.66114000E+01  0.47922975E+00  0.47922975E+00  0.52332274E-01  0.10000000E+01  0.10000000E+01  0.10000000E+01
  0.66492000E+01  0.48531652E+00  0.48531652E+00  0.52927702E-01  0.10000000E+01  0.10000000E+01  0.10000000E+01
  0.66870000E+01  0.49098923E+00  0.49098923E+00  0.53480334E-01  0.10000000E+01  0.10000000E+01  0.10000000E+01
  0.67248000E+01  0.49521554E+00  0.49521554E+00  0.54005790E-01  0.10000000E+01  0.10000000E+01  0.10000000E+01
  0.67625000E+01  0.49668990E+00  0.49668990E+00  0.54542065E-01  0.10000000E+01  0.10000000E+01  0.10000000E+01
  0.68003000E+01  0.49409255E+00  0.49409255E+00  0.55103345E-01  0.10000000E+01  0.10000000E+01  0.10000000E+01
  0.68381000E+01  0.48687623E+00  0.48687623E+00  0.55691613E-01  0.10000000E+01  0.10000000E+01  0.10000000E+01
  0.68759000E+01  0.47552786E+00  0.47552786E+00  0.56290750E-01  0.10000000E+01  0.10000000E+01  0.10000000E+01
  0.69136000E+01  0.46169156E+00  0.46169156E+00  0.56879782E-01  0.10000000E+01  0.10000000E+01  0.10000000E+01
  0.69514000E+01  0.44721514E+00  0.44721514E+00  0.57440421E-01  0.10000000E+01  0.10000000E+01  0.10000000E+01
  0.69892000E+01  0.43324287E+00  0.43324287E+00  0.57962571E-01  0.10000000E+01  0.10000000E+01  0.10000000E+01
  0.70270000E+01  0.41971331E+00  0.41971331E+00  0.58453054E-01  0.10000000E+01  0.10000000E+01  0.10000000E+01
  0.70648000E+01  0.40527885E+00  0.40527885E+00  0.58936611E-01  0.10000000E+01  0.10000000E+01  0.10000000E+01
  0.71025000E+01  0.38789185E+00  0.38789185E+00  0.59421391E-01  0.10000000E+01  0.10000000E+01  0.10000000E+01
  0.71403000E+01  0.36584378E+00  0.36584378E+00  0.59929590E-01  0.10000000E+01  0.10000000E+01  0.10000000E+01
  0.71781000E+01  0.33889012E+00  0.33889012E+00  0.60458632E-01  0.10000000E+01  0.10000000E+01  0.10000000E+01
  0.72159000E+01  0.30891593E+00  0.30891593E+00  0.61004558E-01  0.10000000E+01  0.10000000E+01  0.10000000E+01
  0.72537000E+01  0.27922158E+00  0.27922158E+00  0.61554337E-01  0.10000000E+01  0.10000000E+01  0.10000000E+01
  0.72914000E+01  0.25322689E+00  0.25322689E+00  0.62103732E-01  0.10000000E+01  0.10000000E+01  0.10000000E+01
  0.73292000E+01  0.23264924E+00  0.23264924E+00  0.62647004E-01  0.10000000E+01  0.10000000E+01  0.10000000E+01
  0.73670000E+01  0.21733076E+00  0.21733076E+00  0.63204699E-01  0.10000000E+01  0.10000000E+01  0.10000000E+01
  0.74048000E+01  0.20593828E+00  0.20593828E+00  0.63789271E-01  0.10000000E+01  0.10000000E+01  0.10000000E+01
  0.74426000E+01  0.19671170E+00  0.19671170E+00  0.64422697E-01  0.10000000E+01  0.10000000E+01  0.10000000E+01
  0.74803000E+01  0.18798969E+00  0.18798969E+00  0.65118605E-01  0.10000000E+01  0.10000000E+01  0.10000000E+01
  0.75181000E+01  0.17871720E+00  0.17871720E+00  0.65886879E-01  0.10000000E+01  0.10000000E+01  0.10000000E+01
  0.75559000E+01  0.16833874E+00  0.16833874E+00  0.66711212E-01  0.10000000E+01  0.10000000E+01  0.10000000E+01
  0.75937000E+01  0.15703952E+00  0.15703952E+00  0.67575999E-01  0.10000000E+01  0.10000000E+01  0.10000000E+01
  0.76315000E+01  0.14549490E+00  0.14549490E+00  0.68455836E-01  0.10000000E+01  0.10000000E+01  0.10000000E+01
  0.76692000E+01  0.13439339E+00  0.13439339E+00  0.69317410E-01  0.10000000E+01  0.10000000E+01  0.10000000E+01
  0.77070000E+01  0.12455222E+00  0.12455222E+00  0.70139093E-01  0.10000000E+01  0.10000000E+01  0.10000000E+01
  0.77448000E+01  0.11643870E+00  0.11643870E+00  0.70899370E-01  0.10000000E+01  0.10000000E+01  0.10000000E+01
  0.77826000E+01  0.11029368E+00  0.11029368E+00  0.71596843E-01  0.10000000E+01  0.10000000E+01  0.10000000E+01
  0.78204000E+01  0.10613632E+00  0.10613632E+00  0.72229220E-01  0.10000000E+01  0.10000000E+01  0.10000000E+01
  0.78581000E+01  0.10352867E+00  0.10352867E+00  0.72819829E-01  0.10000000E+01  0.10000000E+01  0.10000000E+01
  0.78959000E+01  0.10184499E+00  0.10184499E+00  0.73391583E-01  0.10000000E+01  0.10000000E+01  0.10000000E+01
  0.79337000E+01  0.10008424E+00  0.10008424E+00  0.73989826E-01  0.10000000E+01  0.10000000E+01  0.10000000E+01
  0.79715000E+01  0.96982326E-01  0.96982326E-01  0.74648472E-01  0.10000000E+01  0.10000000E+01  0.10000000E+01
  0.80093000E+01  0.91220958E-01  0.91220958E-01  0.75393940E-01  0.10000000E+01  0.10000000E+01  0.10000000E+01
  0.80470000E+01  0.81957739E-01  0.81957739E-01  0.76240953E-01  0.10000000E+01  0.10000000E+01  0.10000000E+01
  0.80848000E+01  0.69405361E-01  0.69405361E-01  0.77194902E-01  0.10000000E+01  0.10000000E+01  0.10000000E+01
  0.81226000E+01  0.55316932E-01  0.55316932E-01  0.78236437E-01  0.10000000E+01  0.10000000E+01  0.10000000E+01
  0.81604000E+01  0.42042447E-01  0.42042447E-01  0.79329013E-01  0.10000000E+01  0.10000000E+01  0.10000000E+01
  0.81982000E+01  0.31361592E-01  0.31361592E-01  0.80440271E-01  0.10000000E+01  0.10000000E+01  0.10000000E+01
  0.82359000E+01  0.23852237E-01  0.23852237E-01  0.81528879E-01  0.10000000E+01  0.10000000E+01  0.10000000E+01
  0.82737000E+01  0.19242359E-01  0.19242359E-01  0.82561980E-01  0.10000000E+01  0.10000000E+01  0.10000000E+01
  0.83115000E+01  0.16836799E-01  0.16836799E-01  0.83525836E-01  0.10000000E+01  0.10000000E+01  0.10000000E+01
  0.83493000E+01  0.15874359E-01  0.15874359E-01  0.84413845E-01  0.10000000E+01  0.10000000E+01  0.10000000E+01
  0.83870000E+01  0.15636271E-01  0.15636271E-01  0.85248332E-01  0.10000000E+01  0.10000000E+01  0.10000000E+01
  0.84248000E+01  0.15538603E-01  0.15538603E-01  0.86070675E-01  0.10000000E+01  0.10000000E+01  0.10000000E+01
  0.84626000E+01  0.15119093E-01  0.15119093E-01  0.86912886E-01  0.10000000E+01  0.10000000E+01  0.10000000E+01
  0.85004000E+01  0.14129796E-01  0.14129796E-01  0.87831151E-01  0.10000000E+01  0.10000000E+01  0.10000000E+01
  0.85382000E+01  0.12563896E-01  0.12563896E-01  0.88847192E-01  0.10000000E+01  0.10000000E+01  0.10000000E+01
  0.85759000E+01  0.10603189E-01  0.10603189E-01  0.89978558E-01  0.10000000E+01  0.10000000E+01  0.10000000E+01
  0.86137000E+01  0.85892240E-02  0.85892240E-02  0.91222907E-01  0.10000000E+01  0.10000000E+01  0.10000000E+01
  0.86515000E+01  0.68477581E-02  0.68477581E-02  0.92564717E-01  0.10000000E+01  0.10000000E+01  0.10000000E+01
  0.86893000E+01  0.55956164E-02  0.55956164E-02  0.93979784E-01  0.10000000E+01  0.10000000E+01  0.10000000E+01
  0.87271000E+01  0.49058255E-02  0.49058255E-02  0.95440476E-01  0.10000000E+01  0.10000000E+01  0.10000000E+01
  0.87648000E+01  0.47249149E-02  0.47249149E-02  0.96926406E-01  0.10000000E+01  0.10000000E+01  0.10000000E+01
  0.88026000E+01  0.49258630E-02  0.49258630E-02  0.98414337E-01  0.10000000E+01  0.10000000E+01  0.10000000E+01
  0.88404000E+01  0.53515536E-02  0.53515536E-02  0.99887765E-01  0.10000000E+01  0.10000000E+01  0.10000000E+01
  0.88782000E+01  0.58598273E-02  0.58598273E-02  0.10133468E+00  0.10000000E+01  0.10000000E+01  0.10000000E+01
  0.89160000E+01  0.63286412E-02  0.63286412E-02  0.10275398E+00  0.10000000E+01  0.10000000E+01  0.10000000E+01
  0.89537000E+01  0.66855361E-02  0.66855361E-02  0.10415123E+00  0.10000000E+01  0.10000000E+01  0.10000000E+01
  0.89915000E+01  0.68957165E-02  0.68957165E-02  0.10554403E+00  0.10000000E+01  0.10000000E+01  0.10000000E+01
  0.90293000E+01  0.69748720E-02  0.69748720E-02  0.10695735E+00  0.10000000E+01  0.10000000E+01  0.10000000E+01
  0.90671000E+01  0.69811104E-02  0.69811104E-02  0.10842032E+00  0.10000000E+01  0.10000000E+01  0.10000000E+01
  0.91049000E+01  0.69891345E-02  0.69891345E-02  0.10995916E+00  0.10000000E+01  0.10000000E+01  0.10000000E+01
  0.91426000E+01  0.70668411E-02  0.70668411E-02  0.11158577E+00  0.10000000E+01  0.10000000E+01  0.10000000E+01
  0.91804000E+01  0.72744053E-02  0.72744053E-02  0.11330847E+00  0.10000000E+01  0.10000000E+01  0.10000000E+01
  0.92182000E+01  0.76255130E-02  0.76255130E-02  0.11510459E+00  0.10000000E+01  0.10000000E+01  0.10000000E+01
  0.92560000E+01  0.80935570E-02  0.80935570E-02  0.11695958E+00  0.10000000E+01  0.10000000E+01  0.10000000E+01
  0.92938000E+01  0.86350031E-02  0.86350031E-02  0.11884948E+00  0.10000000E+01  0.10000000E+01  0.10000000E+01
  0.93315000E+01  0.91976090E-02  0.91976090E-02  0.12076409E+00  0.10000000E+01  0.10000000E+01  0.10000000E+01
  0.93693000E+01  0.97523543E-02  0.97523543E-02  0.12271095E+00  0.10000000E+01  0.10000000E+01  0.10000000E+01
  0.94071000E+01  0.10303961E-01  0.10303961E-01  0.12471514E+00  0.10000000E+01  0.10000000E+01  0.10000000E+01
  0.94449000E+01  0.10896335E-01  0.10896335E-01  0.12680891E+00  0.10000000E+01  0.10000000E+01  0.10000000E+01
  0.94827000E+01  0.11594127E-01  0.11594127E-01  0.12903353E+00  0.10000000E+01  0.10000000E+01  0.10000000E+01
  0.95204000E+01  0.12463468E-01  0.12463468E-01  0.13141848E+00  0.10000000E+01  0.10000000E+01  0.10000000E+01
  0.95582000E+01  0.13533766E-01  0.13533766E-01  0.13397968E+00  0.10000000E+01  0.10000000E+01  0.10000000E+01
  0.95960000E+01  0.14793862E-01  0.14793862E-01  0.13672190E+00  0.10000000E+01  0.10000000E+01  0.10000000E+01
  0.96338000E+01  0.16192068E-01  0.16192068E-01  0.13963271E+00  0.10000000E+01  0.10000000E+01  0.10000000E+01
  0.96716000E+01  0.17673710E-01  0.17673710E-01  0.14270456E+00  0.10000000E+01  0.10000000E+01  0.10000000E+01
  0.97093000E+01  0.19182255E-01  0.19182255E-01  0.14591347E+00  0.10000000E+01  0.10000000E+01  0.10000000E+01
  0.97471000E+01  0.20683082E-01  0.20683082E-01  0.14925506E+00  0.10000000E+01  0.10000000E+01  0.10000000E+01
  0.97849000E+01  0.22175503E-01  0.22175503E-01  0.15272191E+00  0.10000000E+01  0.10000000E+01  0.10000000E+01
  0.98227000E+01  0.23676665E-01  0.23676665E-01  0.15631069E+00  0.10000000E+01  0.10000000E+01  0.10000000E+01
  0.98604000E+01  0.25214709E-01  0.25214709E-01  0.16002451E+00  0.10000000E+01  0.10000000E+01  0.10000000E+01
  0.98982000E+01  0.26806984E-01  0.26806984E-01  0.16388506E+00  0.10000000E+01  0.10000000E+01  0.10000000E+01
  0.99360000E+01  0.28472388E-01  0.28472388E-01  0.16792930E+00  0.10000000E+01  0.10000000E+01  0.10000000E+01
  0.99738000E+01  0.30232203E-01  0.30232203E-01  0.17222614E+00  0.10000000E+01  0.10000000E+01  0.10000000E+01
  0.10011600E+02  0.32092008E-01  0.32092008E-01  0.17687106E+00  0.10000000E+01  0.10000000E+01  0.10000000E+01
  0.10049300E+02  0.34071652E-01  0.34071652E-01  0.18199827E+00  0.10000000E+01  0.10000000E+01  0.10000000E+01
  0.10087100E+02  0.36192118E-01  0.36192118E-01  0.18775959E+00  0.10000000E+01  0.10000000E+01  0.10000000E+01
  0.10124900E+02  0.38461781E-01  0.38461781E-01  0.19431115E+00  0.10000000E+01  0.10000000E+01  0.10000000E+01
  0.10162700E+02  0.40881213E-01  0.40881213E-01  0.20175890E+00  0.10000000E+01  0.10000000E+01  0.10000000E+01
  0.10200500E+02  0.43428877E-01  0.43428877E-01  0.21013277E+00  0.10000000E+01  0.10000000E+01  0.10000000E+01
  0.10238200E+02  0.46044640E-01  0.46044640E-01  0.21932853E+00  0.10000000E+01  0.10000000E+01  0.10000000E+01
  0.10276000E+02  0.48635750E-01  0.48635750E-01  0.22909936E+00  0.10000000E+01  0.10000000E+01  0.10000000E+01
  0.10313800E+02  0.51087469E-01  0.51087469E-01  0.23908859E+00  0.10000000E+01  0.10000000E+01  0.10000000E+01
  0.10351600E+02  0.53275987E-01  0.53275987E-01  0.24887345E+00  0.10000000E+01  0.10000000E+01  0.10000000E+01
  0.10389400E+02  0.55100048E-01  0.55100048E-01  0.25802860E+00  0.10000000E+01  0.10000000E+01  0.10000000E+01
  0.10427100E+02  0.56502713E-01  0.56502713E-01  0.26616385E+00  0.10000000E+01  0.10000000E+01  0.10000000E+01
  0.10464900E+02  0.57485402E-01  0.57485402E-01  0.27294836E+00  0.10000000E+01  0.10000000E+01  0.10000000E+01
  0.10502700E+02  0.58130465E-01  0.58130465E-01  0.27813101E+00  0.10000000E+01  0.10000000E+01  0.10000000E+01
  0.10540500E+02  0.58569107E-01  0.58569107E-01  0.28156811E+00  0.10000000E+01  0.10000000E+01  0.10000000E+01
  0.10578300E+02  0.58979273E-01  0.58979273E-01  0.28324949E+00  0.10000000E+01  0.10000000E+01  0.10000000E+01
  0.10616000E+02  0.59540936E-01  0.59540936E-01  0.28339595E+00  0.10000000E+01  0.10000000E+01  0.10000000E+01
  0.10653800E+02  0.60398439E-01  0.60398439E-01  0.28255462E+00  0.10000000E+01  0.10000000E+01  0.10000000E+01
  0.10691600E+02  0.61657793E-01  0.61657793E-01  0.28166394E+00  0.10000000E+01  0.10000000E+01  0.10000000E+01
  0.10729400E+02  0.63384541E-01  0.63384541E-01  0.28199850E+00  0.10000000E+01  0.10000000E+01  0.10000000E+01
  0.10767200E+02  0.65604608E-01  0.65604608E-01  0.28483134E+00  0.10000000E+01  0.10000000E+01  0.10000000E+01
  0.10804900E+02  0.68307365E-01  0.68307365E-01  0.29097444E+00  0.10000000E+01  0.10000000E+01  0.10000000E+01
  0.10842700E+02  0.71433980E-01  0.71433980E-01  0.30046343E+00  0.10000000E+01  0.10000000E+01  0.10000000E+01
  0.10880500E+02  0.74891821E-01  0.74891821E-01  0.31264379E+00  0.10000000E+01  0.10000000E+01  0.10000000E+01
  0.10918300E+02  0.78544221E-01  0.78544221E-01  0.32652954E+00  0.10000000E+01  0.10000000E+01  0.10000000E+01
  0.10956100E+02  0.82258092E-01  0.82258092E-01  0.34114848E+00  0.10000000E+01  0.10000000E+01  0.10000000E+01
  0.10993800E+02  0.85916848E-01  0.85916848E-01  0.35571781E+00  0.10000000E+01  0.10000000E+01  0.10000000E+01
  0.11031600E+02  0.89482290E-01  0.89482290E-01  0.36967007E+00  0.10000000E+01  0.10000000E+01  0.10000000E+01
  0.11069400E+02  0.92982668E-01  0.92982668E-01  0.38260925E+00  0.10000000E+01  0.10000000E+01  0.10000000E+01
  0.11107200E+02  0.96542214E-01  0.96542214E-01  0.39427130E+00  0.10000000E+01  0.10000000E+01  0.10000000E+01
  0.11145000E+02  0.10035365E+00  0.10035365E+00  0.40446206E+00  0.10000000E+01  0.10000000E+01  0.10000000E+01
  0.11182700E+02  0.10460232E+00  0.10460232E+00  0.41305086E+00  0.10000000E+01  0.10000000E+01  0.10000000E+01
  0.11220500E+02  0.10942408E+00  0.10942408E+00  0.41992365E+00  0.10000000E+01  0.10000000E+01  0.10000000E+01
  0.11258300E+02  0.11482703E+00  0.11482703E+00  0.42500821E+00  0.10000000E+01  0.10000000E+01  0.10000000E+01
  0.11296100E+02  0.12068816E+00  0.12068816E+00  0.42827580E+00  0.10000000E+01  0.10000000E+01  0.10000000E+01
  0.11333800E+02  0.12679593E+00  0.12679593E+00  0.42980687E+00  0.10000000E+01  0.10000000E+01  0.10000000E+01
