        235.03218438  ! VOL(au)
          4.62980460  ! ALAT(au)
.FALSE.
    4.62980460    0.00000000    0.00000000  ! A1(au)
   -2.31490230    4.00952840    0.00000000  ! A2(au)
    0.00000000    0.00000000   12.66109831  ! A3(au)
   24 (R-matrices in reciprocal space)
 1 0 0
 0 1 0
 0 0 1
   1
 0 1 0
-1-1 0
 0 0-1
   2
-1-1 0
 1 0 0
 0 0 1
   3
 1 0 0
 0 1 0
 0 0-1
   4
 0 1 0
-1-1 0
 0 0 1
   5
-1-1 0
 1 0 0
 0 0-1
   6
-1 0 0
 1 1 0
 0 0 1
   7
 0-1 0
-1 0 0
 0 0-1
   8
 1 1 0
 0-1 0
 0 0 1
   9
-1 0 0
 1 1 0
 0 0-1
  10
 0-1 0
-1 0 0
 0 0 1
  11
 1 1 0
 0-1 0
 0 0-1
  12
-1 0 0
 0-1 0
 0 0-1
  13
 0-1 0
 1 1 0
 0 0 1
  14
 1 1 0
-1 0 0
 0 0-1
  15
-1 0 0
 0-1 0
 0 0 1
  16
 0-1 0
 1 1 0
 0 0-1
  17
 1 1 0
-1 0 0
 0 0 1
  18
 1 0 0
-1-1 0
 0 0-1
  19
 0 1 0
 1 0 0
 0 0 1
  20
-1-1 0
 0 1 0
 0 0-1
  21
 1 0 0
-1-1 0
 0 0 1
  22
 0 1 0
 1 0 0
 0 0-1
  23
-1-1 0
 0 1 0
 0 0 1
  24
   24 (R-matrices in direct space)
 1 0 0 0.000000
 0 1 0 0.000000
 0 0 1 0.000000
   1
-1 1 0 0.000000
-1 0 0 0.000000
 0 0-1 0.000000
   2
 0-1 0 0.000000
 1-1 0 0.000000
 0 0 1 0.000000
   3
 1 0 0 0.000000
 0 1 0 0.000000
 0 0-1 0.000000
   4
-1 1 0 0.000000
-1 0 0 0.000000
 0 0 1 0.000000
   5
 0-1 0 0.000000
 1-1 0 0.000000
 0 0-1 0.000000
   6
-1 1 0 0.000000
 0 1 0 0.000000
 0 0 1 0.000000
   7
 0-1 0 0.000000
-1 0 0 0.000000
 0 0-1 0.000000
   8
 1 0 0 0.000000
 1-1 0 0.000000
 0 0 1 0.000000
   9
-1 1 0 0.000000
 0 1 0 0.000000
 0 0-1 0.000000
  10
 0-1 0 0.000000
-1 0 0 0.000000
 0 0 1 0.000000
  11
 1 0 0 0.000000
 1-1 0 0.000000
 0 0-1 0.000000
  12
-1 0 0 0.000000
 0-1 0 0.000000
 0 0-1 0.500000
  13
 1-1 0 0.000000
 1 0 0 0.000000
 0 0 1 0.500000
  14
 0 1 0 0.000000
-1 1 0 0.000000
 0 0-1 0.500000
  15
-1 0 0 0.000000
 0-1 0 0.000000
 0 0 1 0.500000
  16
 1-1 0 0.000000
 1 0 0 0.000000
 0 0-1 0.500000
  17
 0 1 0 0.000000
-1 1 0 0.000000
 0 0 1 0.500000
  18
 1-1 0 0.000000
 0-1 0 0.000000
 0 0-1 0.500000
  19
 0 1 0 0.000000
 1 0 0 0.000000
 0 0 1 0.500000
  20
-1 0 0 0.000000
-1 1 0 0.000000
 0 0-1 0.500000
  21
 1-1 0 0.000000
 0-1 0 0.000000
 0 0 1 0.500000
  22
 0 1 0 0.000000
 1 0 0 0.000000
 0 0-1 0.500000
  23
-1 0 0 0.000000
-1 1 0 0.000000
 0 0 1 0.500000
  24
