#K-Path     Band-1    Band-2    Band-3    Band-4      ...     Band-n
  0.0000  -18.4242  -18.4060   -6.6948   -6.2968   -5.9408   -5.5359   -4.9758   -4.7693   -1.7270   -1.5516   -1.5208   -0.8000   -0.5595   -0.5144   -0.3170   -0.1755    1.1417    1.1784    9.0754    9.2640
  0.0376  -18.4143  -18.4118   -6.5854   -6.4022   -5.8769   -5.5663   -4.9869   -4.8125   -1.6931   -1.5531   -1.5126   -0.7975   -0.5706   -0.5386   -0.3118   -0.2069    1.0859    1.2474    9.2691    9.5145
  0.0751  -18.4214  -18.4068   -6.5093   -6.4653   -5.8100   -5.5953   -5.0056   -4.8525   -1.6734   -1.5468   -1.5031   -0.7977   -0.5854   -0.5620   -0.3073   -0.2404    1.0317    1.3206    9.3986    9.5322
  0.1127  -18.4360  -18.3991   -6.5873   -6.3635   -5.7448   -5.6174   -5.0299   -4.8862   -1.6662   -1.5327   -1.4925   -0.8010   -0.6034   -0.5842   -0.3022   -0.2723    0.9805    1.3938    9.3254    9.3698
  0.1503  -18.4542  -18.3922   -6.6575   -6.2554   -5.6951   -5.6189   -5.0605   -4.9155   -1.6674   -1.5154   -1.4810   -0.8071   -0.6245   -0.6049   -0.3014   -0.2962    0.9329    1.4630    9.0924    9.3143
  0.1878  -18.4757  -18.3856   -6.7142   -6.1484   -5.6904   -5.5689   -5.0973   -4.9376   -1.6729   -1.4982   -1.4691   -0.8158   -0.6469   -0.6241   -0.3268   -0.2892    0.8899    1.5292    8.8592    9.2667
  0.2254  -18.5015  -18.3806   -6.7574   -6.0456   -5.7035   -5.4959   -5.1408   -4.9536   -1.6808   -1.4835   -1.4574   -0.8270   -0.6694   -0.6421   -0.3490   -0.2820    0.8511    1.5889    8.6232    9.2148
  0.2629  -18.5311  -18.3766   -6.7855   -5.9489   -5.7172   -5.4164   -5.1885   -4.9632   -1.6904   -1.4711   -1.4469   -0.8398   -0.6898   -0.6590   -0.3682   -0.2740    0.8177    1.6405    8.3896    9.1751
  0.3005  -18.5648  -18.3729   -6.7989   -5.8612   -5.7273   -5.3334   -5.2376   -4.9664   -1.7014   -1.4612   -1.4374   -0.8535   -0.7065   -0.6749   -0.3848   -0.2659    0.7900    1.6829    8.1572    9.1457
  0.3381  -18.6025  -18.3706   -6.7974   -5.7891   -5.7350   -5.2832   -5.2476   -4.9630   -1.7139   -1.4534   -1.4307   -0.8678   -0.7179   -0.6900   -0.3997   -0.2584    0.7681    1.7151    7.9260    9.1254
  0.3756  -18.6427  -18.3694   -6.7788   -5.7428   -5.7389   -5.3152   -5.1578   -4.9523   -1.7279   -1.4472   -1.4269   -0.8817   -0.7226   -0.7043   -0.4130   -0.2516    0.7526    1.7381    7.7001    9.1147
  0.4132  -18.6881  -18.3693   -6.7478   -5.7390   -5.7355   -5.3208   -5.0675   -4.9354   -1.7435   -1.4426   -1.4266   -0.8962   -0.7209   -0.7177   -0.4249   -0.2465    0.7435    1.7479    7.4707    9.1138
  0.4508  -18.7375  -18.3702   -6.7028   -5.7698   -5.7351   -5.2972   -4.9755   -4.9130   -1.7603   -1.4396   -1.4298   -0.9108   -0.7301   -0.7132   -0.4349   -0.2432    0.7411    1.7453    7.2384    9.1227
  0.4883  -18.7895  -18.3723   -6.6429   -5.8346   -5.7273   -5.2554   -4.8892   -4.8750   -1.7781   -1.4380   -1.4361   -0.9255   -0.7411   -0.7009   -0.4413   -0.2420    0.7459    1.7315    7.0104    9.1413
  0.5259  -18.8442  -18.3757   -6.5691   -5.9178   -5.7164   -5.2071   -4.8476   -4.7838   -1.7965   -1.4453   -1.4384   -0.9406   -0.7507   -0.6871   -0.4421   -0.2433    0.7579    1.7061    6.7830    9.1693
  0.5635  -18.9001  -18.3795   -6.4804   -6.0115   -5.7007   -5.1589   -4.8008   -4.6858   -1.8150   -1.4553   -1.4410   -0.9557   -0.7584   -0.6752   -0.4331   -0.2470    0.7774    1.6711    6.5570    9.2077
  0.6010  -18.9592  -18.3845   -6.3815   -6.1109   -5.6819   -5.1147   -4.7508   -4.5873   -1.8335   -1.4676   -1.4462   -0.9718   -0.7644   -0.6700   -0.4140   -0.2536    0.8041    1.6240    6.3297    9.2539
  0.6386  -19.0199  -18.3906   -6.2834   -6.2018   -5.6600   -5.0752   -4.6944   -4.4877   -1.8517   -1.4806   -1.4543   -0.9888   -0.7681   -0.6726   -0.3827   -0.2629    0.8377    1.5674    6.1023    9.3071
  0.6761  -19.0820  -18.3974   -6.3364   -6.1323   -5.6348   -5.0424   -4.6319   -4.3870   -1.8694   -1.4941   -1.4657   -1.0065   -0.7697   -0.6823   -0.3417   -0.2750    0.8778    1.5024    5.8721    9.3693
  0.7137  -19.1444  -18.4049   -6.4425   -5.9992   -5.6069   -5.0156   -4.5630   -4.2857   -1.8866   -1.5079   -1.4802   -1.0251   -0.7691   -0.6972   -0.2941   -0.2893    0.9237    1.4309    5.6437    9.4387
  0.7513  -19.2070  -18.4122   -6.5506   -5.8533   -5.5754   -4.9942   -4.4880   -4.1838   -1.9031   -1.5218   -1.4977   -1.0446   -0.7660   -0.7154   -0.3052   -0.2426    0.9746    1.3550    5.4147    9.5419
  0.7888  -19.2694  -18.4220   -6.6610   -5.6975   -5.5435   -4.9797   -4.4072   -4.0815   -1.9192   -1.5363   -1.5185   -1.0651   -0.7612   -0.7358   -0.3229   -0.1919    1.0286    1.2776    5.1853    9.3190
  0.8264  -19.3304  -18.4311   -6.7677   -5.5321   -5.5098   -4.9677   -4.3191   -3.9791   -1.9346   -1.5513   -1.5419   -1.0862   -0.7571   -0.7544   -0.3415   -0.1452    1.0862    1.2027    4.9563    9.0650
  0.8640  -19.3906  -18.4400   -6.8717   -5.4743   -5.3618   -4.9570   -4.2272   -3.8769   -1.9495   -1.5681   -1.5672   -1.1077   -0.7787   -0.7461   -0.3609   -0.1076    1.1350    1.1456    4.7272    8.8130
  0.9015  -19.4495  -18.4506   -6.9741   -5.4405   -5.1959   -4.9402   -4.1301   -3.7749   -1.9640   -1.5966   -1.5854   -1.1300   -0.8000   -0.7372   -0.3807   -0.0860    1.0808    1.2056    4.4973    8.5593
  0.9391  -19.5078  -18.4602   -7.0715   -5.4049   -5.0688   -4.8820   -4.0306   -3.6754   -1.9780   -1.6269   -1.6065   -1.1529   -0.8212   -0.7278   -0.3999   -0.0864    1.0461    1.2656    4.2647    8.3113
  0.9767  -19.5622  -18.4693   -7.1644   -5.3687   -5.0244   -4.7359   -3.9240   -3.5748   -1.9914   -1.6581   -1.6294   -1.1761   -0.8400   -0.7185   -0.4180   -0.1111    1.0379    1.3247    4.0382    8.0679
  1.0142  -19.6142  -18.4783   -7.2519   -5.3337   -5.0181   -4.5505   -3.8133   -3.4753   -2.0041   -1.6908   -1.6556   -1.1998   -0.8576   -0.7101   -0.4346   -0.1629    1.0554    1.3820    3.8136    7.8281
  1.0518  -19.6640  -18.4874   -7.3345   -5.3004   -5.0221   -4.3549   -3.6987   -3.3779   -2.0163   -1.7240   -1.6857   -1.2243   -0.8746   -0.7038   -0.4494   -0.2372    1.0959    1.4365    3.5900    7.5963
  1.0893  -19.7097  -18.4965   -7.4120   -5.2687   -5.0298   -4.1531   -3.5807   -3.2812   -2.0279   -1.7576   -1.7197   -1.2492   -0.8920   -0.7001   -0.4616   -0.3275    1.1542    1.4878    3.3750    7.3728
  1.1269  -19.7519  -18.5044   -7.4824   -5.2380   -5.0392   -3.9497   -3.4599   -3.1864   -2.0386   -1.7912   -1.7577   -1.2750   -0.9123   -0.6995   -0.4705   -0.4259    1.2260    1.5355    3.1675    7.1597
  1.1645  -19.7904  -18.5120   -7.5464   -5.2103   -5.0493   -3.7471   -3.3372   -3.0938   -2.0486   -1.8248   -1.7995   -1.3018   -0.9403   -0.7024   -0.5239   -0.4764    1.3044    1.5790    2.9695    6.9583
  1.2020  -19.8254  -18.5185   -7.6031   -5.1851   -5.0594   -3.5494   -3.2142   -3.0041   -2.0578   -1.8593   -1.8453   -1.3297   -0.9832   -0.7086   -0.6104   -0.4788    1.3861    1.6181    2.7813    6.7710
  1.2396  -19.8553  -18.5250   -7.6533   -5.1634   -5.0694   -3.3541   -3.0910   -2.9166   -2.0662   -1.8937   -1.8936   -1.3584   -1.0478   -0.7174   -0.6754   -0.4795    1.4668    1.6521    2.6107    6.5996
  1.2772  -19.8812  -18.5310   -7.6961   -5.1460   -5.0786   -3.1690   -2.9702   -2.8343   -2.0740   -1.9442   -1.9290   -1.3881   -1.1335   -0.7277   -0.7167   -0.4786    1.5420    1.6811    2.4582    6.4468
  1.3147  -19.9025  -18.5355   -7.7313   -5.1300   -5.0861   -2.9962   -2.8549   -2.7575   -2.0815   -1.9954   -1.9658   -1.4173   -1.2304   -0.7400   -0.7384   -0.4768    1.6105    1.7052    2.3273    6.3173
  1.3523  -19.9192  -18.5390   -7.7589   -5.1174   -5.0921   -2.8408   -2.7498   -2.6887   -2.0900   -2.0450   -2.0034   -1.4445   -1.3263   -0.7526   -0.7483   -0.4748    1.6679    1.7240    2.2212    6.2127
  1.3899  -19.9312  -18.5415   -7.7786   -5.1083   -5.0966   -2.7102   -2.6621   -2.6315   -2.1029   -2.0892   -2.0367   -1.4671   -1.4093   -0.7593   -0.7563   -0.4731    1.7113    1.7375    2.1429    6.1356
  1.4274  -19.9385  -18.5427   -7.7904   -5.1016   -5.0989   -2.6174   -2.6023   -2.5916   -2.1226   -2.1216   -2.0563   -1.4822   -1.4667   -0.7624   -0.7615   -0.4719    1.7392    1.7457    2.0950    6.0884
  1.4650  -19.9409  -18.5432   -7.7944   -5.0998   -5.0998   -2.5822   -2.5822   -2.5754   -2.1339   -2.1339   -2.0617   -1.4875   -1.4875   -0.7633   -0.7633   -0.4715    1.7484    1.7484    2.0788    6.0725
  1.4650  -19.9409  -18.5432   -7.7944   -5.0998   -5.0998   -2.5822   -2.5822   -2.5754   -2.1339   -2.1339   -2.0617   -1.4875   -1.4875   -0.7633   -0.7633   -0.4715    1.7484    1.7484    2.0788    6.0725
  1.4817  -19.9404  -18.5439   -7.7928   -5.0993   -5.0993   -2.5858   -2.5858   -2.5817   -2.1335   -2.1335   -2.0586   -1.4841   -1.4841   -0.7635   -0.7635   -0.4719    1.7477    1.7477    2.0820    6.0723
  1.4984  -19.9390  -18.5460   -7.7880   -5.0977   -5.0977   -2.6001   -2.5964   -2.5964   -2.1323   -2.1323   -2.0498   -1.4740   -1.4740   -0.7639   -0.7639   -0.4732    1.7454    1.7454    2.0916    6.0716
  1.5152  -19.9366  -18.5494   -7.7801   -5.0950   -5.0950   -2.6293   -2.6136   -2.6136   -2.1304   -2.1304   -2.0363   -1.4575   -1.4575   -0.7647   -0.7647   -0.4753    1.7418    1.7418    2.1076    6.0705
  1.5319  -19.9332  -18.5547   -7.7696   -5.0913   -5.0913   -2.6680   -2.6367   -2.6367   -2.1280   -2.1280   -2.0197   -1.4353   -1.4353   -0.7658   -0.7658   -0.4796    1.7365    1.7365    2.1297    6.0687
  1.5486  -19.9289  -18.5608   -7.7554   -5.0865   -5.0865   -2.7145   -2.6649   -2.6649   -2.1252   -2.1252   -2.0011   -1.4079   -1.4079   -0.7671   -0.7671   -0.4834    1.7299    1.7299    2.1579    6.0663
  1.5654  -19.9237  -18.5683   -7.7381   -5.0806   -5.0806   -2.7677   -2.6975   -2.6975   -2.1220   -2.1220   -1.9815   -1.3760   -1.3760   -0.7686   -0.7686   -0.4881    1.7219    1.7219    2.1918    6.0633
  1.5821  -19.9175  -18.5770   -7.7177   -5.0737   -5.0737   -2.8266   -2.7337   -2.7337   -2.1187   -2.1187   -1.9616   -1.3403   -1.3403   -0.7703   -0.7703   -0.4936    1.7124    1.7124    2.2313    6.0594
  1.5988  -19.9104  -18.5871   -7.6942   -5.0657   -5.0657   -2.8904   -2.7729   -2.7729   -2.1152   -2.1152   -1.9421   -1.3015   -1.3015   -0.7721   -0.7721   -0.4998    1.7015    1.7015    2.2761    6.0546
  1.6155  -19.9024  -18.5984   -7.6677   -5.0567   -5.0567   -2.9586   -2.8146   -2.8146   -2.1115   -2.1115   -1.9231   -1.2602   -1.2602   -0.7741   -0.7741   -0.5067    1.6892    1.6892    2.3259    6.0487
  1.6323  -19.8934  -18.6109   -7.6382   -5.0466   -5.0466   -3.0305   -2.8582   -2.8582   -2.1077   -2.1077   -1.9048   -1.2170   -1.2170   -0.7759   -0.7759   -0.5144    1.6756    1.6756    2.3804    6.0415
  1.6490  -19.8835  -18.6235   -7.6030   -5.0354   -5.0354   -3.1059   -2.9034   -2.9034   -2.1038   -2.1038   -1.8874   -1.1724   -1.1724   -0.7776   -0.7776   -0.5225    1.6613    1.6613    2.4391    6.0336
  1.6657  -19.8729  -18.6389   -7.5678   -5.0244   -5.0244   -3.1857   -2.9498   -2.9498   -2.0998   -2.0998   -1.8709   -1.1271   -1.1271   -0.7788   -0.7788   -0.5315    1.6443    1.6443    2.5019    6.0231
  1.6825  -19.8612  -18.6549   -7.5295   -5.0113   -5.0113   -3.2669   -2.9972   -2.9972   -2.0957   -2.0957   -1.8553   -1.0817   -1.0817   -0.7792   -0.7792   -0.5410    1.6268    1.6268    2.5684    6.0113
  1.6992  -19.8487  -18.6720   -7.4885   -4.9972   -4.9972   -3.3506   -3.0452   -3.0452   -2.0915   -2.0915   -1.8406   -1.0370   -1.0370   -0.7782   -0.7782   -0.5510    1.6081    1.6081    2.6383    5.9977
  1.7159  -19.8353  -18.6901   -7.4446   -4.9821   -4.9821   -3.4364   -3.0937   -3.0937   -2.0872   -2.0872   -1.8267   -0.9943   -0.9943   -0.7746   -0.7746   -0.5614    1.5882    1.5882    2.7113    5.9819
  1.7326  -19.8210  -18.7092   -7.3981   -4.9660   -4.9660   -3.5243   -3.1425   -3.1425   -2.0828   -2.0828   -1.8136   -0.9556   -0.9556   -0.7668   -0.7668   -0.5722    1.5673    1.5673    2.7871    5.9640
  1.7494  -19.8059  -18.7293   -7.3488   -4.9489   -4.9489   -3.6138   -3.1915   -3.1915   -2.0783   -2.0783   -1.8012   -0.9237   -0.9237   -0.7521   -0.7521   -0.5834    1.5453    1.5453    2.8654    5.9436
  1.7661  -19.7895  -18.7502   -7.2970   -4.9310   -4.9310   -3.7039   -3.2402   -3.2402   -2.0737   -2.0737   -1.7886   -0.9007   -0.9007   -0.7284   -0.7284   -0.5946    1.5223    1.5223    2.9477    5.9208
  1.7828  -19.7728  -18.7720   -7.2426   -4.9121   -4.9121   -3.7964   -3.2891   -3.2891   -2.0692   -2.0692   -1.7776   -0.8868   -0.8868   -0.6959   -0.6959   -0.6061    1.4985    1.4985    3.0302    5.8953
  1.7996  -19.7553  -18.7945   -7.1857   -4.8923   -4.8923   -3.8902   -3.3378   -3.3378   -2.0646   -2.0646   -1.7673   -0.8797   -0.8797   -0.6568   -0.6568   -0.6178    1.4738    1.4738    3.1144    5.8670
  1.8163  -19.7370  -18.8169   -7.1255   -4.8698   -4.8698   -3.9849   -3.3861   -3.3861   -2.0601   -2.0601   -1.7574   -0.8769   -0.8769   -0.6293   -0.6136   -0.6136    1.4492    1.4492    3.2001    5.8360
  1.8330  -19.7179  -18.8418   -7.0646   -4.8493   -4.8493   -4.0806   -3.4341   -3.4341   -2.0556   -2.0556   -1.7483   -0.8769   -0.8769   -0.6417   -0.5687   -0.5687    1.4225    1.4225    3.2870    5.7988
  1.8498  -19.6977  -18.8665   -7.0006   -4.8272   -4.8272   -4.1751   -3.4815   -3.4815   -2.0511   -2.0511   -1.7394   -0.8783   -0.8783   -0.6532   -0.5227   -0.5227    1.3959    1.3959    3.3772    5.7617
  1.8665  -19.6772  -18.8917   -6.9344   -4.8043   -4.8043   -4.2720   -3.5282   -3.5282   -2.0467   -2.0467   -1.7312   -0.8807   -0.8807   -0.6645   -0.4766   -0.4766    1.3689    1.3689    3.4659    5.7215
  1.8832  -19.6561  -18.9174   -6.8661   -4.7808   -4.7808   -4.3694   -3.5743   -3.5743   -2.0424   -2.0424   -1.7234   -0.8836   -0.8836   -0.6755   -0.4308   -0.4308    1.3417    1.3417    3.5553    5.6783
  1.8999  -19.6343  -18.9437   -6.7956   -4.7567   -4.7567   -4.4671   -3.6195   -3.6195   -2.0383   -2.0383   -1.7161   -0.8869   -0.8869   -0.6861   -0.3858   -0.3858    1.3144    1.3144    3.6451    5.6322
  1.9167  -19.6118  -18.9703   -6.7232   -4.7322   -4.7322   -4.5650   -3.6637   -3.6637   -2.0343   -2.0343   -1.7094   -0.8903   -0.8903   -0.6963   -0.3419   -0.3419    1.2872    1.2872    3.7352    5.5830
  1.9334  -19.5879  -18.9973   -6.6488   -4.7072   -4.7072   -4.6622   -3.7053   -3.7053   -2.0304   -2.0304   -1.7029   -0.8935   -0.8935   -0.7060   -0.2986   -0.2986    1.2604    1.2604    3.8280    5.5310
  1.9501  -19.5642  -19.0246   -6.5725   -4.7601   -4.6820   -4.6820   -3.7471   -3.7471   -2.0268   -2.0268   -1.6971   -0.8969   -0.8969   -0.7151   -0.2579   -0.2579    1.2341    1.2341    3.9180    5.4760
  1.9669  -19.5401  -19.0522   -6.4944   -4.8578   -4.6568   -4.6568   -3.7875   -3.7875   -2.0235   -2.0235   -1.6918   -0.9002   -0.9002   -0.7236   -0.2193   -0.2193    1.2086    1.2086    4.0077    5.4182
  1.9836  -19.5154  -19.0790   -6.4121   -4.9553   -4.6314   -4.6314   -3.8259   -3.8259   -2.0204   -2.0204   -1.6868   -0.9032   -0.9032   -0.7312   -0.1829   -0.1829    1.1852    1.1852    4.0969    5.3591
  2.0003  -19.4902  -19.1080   -6.3310   -5.0524   -4.6080   -4.6080   -3.8627   -3.8627   -2.0177   -2.0177   -1.6826   -0.9060   -0.9060   -0.7383   -0.1501   -0.1501    1.1610    1.1610    4.1855    5.2937
  2.0170  -19.4646  -19.1361   -6.2480   -5.1489   -4.5846   -4.5846   -3.8966   -3.8966   -2.0153   -2.0153   -1.6789   -0.9085   -0.9085   -0.7445   -0.1200   -0.1200    1.1400    1.1400    4.2733    5.2281
  2.0338  -19.4385  -19.1643   -6.1636   -5.2449   -4.5626   -4.5626   -3.9275   -3.9275   -2.0132   -2.0132   -1.6757   -0.9107   -0.9107   -0.7498   -0.0936   -0.0936    1.1213    1.1213    4.3599    5.1603
  2.0505  -19.4125  -19.1916   -6.0761   -5.3415   -4.5418   -4.5418   -3.9545   -3.9545   -2.0115   -2.0115   -1.6732   -0.9124   -0.9124   -0.7541   -0.0710   -0.0710    1.1056    1.1056    4.4444    5.0912
  2.0672  -19.3857  -19.2198   -5.9892   -5.4358   -4.5250   -4.5250   -3.9770   -3.9770   -2.0101   -2.0101   -1.6711   -0.9139   -0.9139   -0.7576   -0.0531   -0.0531    1.0926    1.0926    4.5279    5.0197
  2.0840  -19.3586  -19.2478   -5.9015   -5.5288   -4.5120   -4.5120   -3.9941   -3.9941   -2.0091   -2.0091   -1.6696   -0.9149   -0.9149   -0.7602   -0.0400   -0.0400    1.0831    1.0831    4.6086    4.9476
  2.1007  -19.3318  -19.2757   -5.8145   -5.6191   -4.5042   -4.5042   -4.0055   -4.0055   -2.0086   -2.0086   -1.6689   -0.9156   -0.9156   -0.7618   -0.0325   -0.0325    1.0769    1.0769    4.6827    4.8787
  2.1174  -19.3080  -19.2998   -5.7513   -5.6834   -4.5014   -4.5014   -4.0091   -4.0091   -2.0084   -2.0084   -1.6686   -0.9158   -0.9158   -0.7623   -0.0299   -0.0299    1.0750    1.0750    4.7249    4.8382
  2.1174  -19.3080  -19.2998   -5.7513   -5.6834   -4.5014   -4.5014   -4.0091   -4.0091   -2.0084   -2.0084   -1.6686   -0.9158   -0.9158   -0.7623   -0.0299   -0.0299    1.0750    1.0750    4.7249    4.8382
  2.1470  -19.3067  -19.2985   -5.7523   -5.6865   -4.5016   -4.4994   -4.0103   -4.0085   -2.0087   -2.0075   -1.6667   -0.9159   -0.9156   -0.7612   -0.0361   -0.0323    1.0736    1.0782    4.7327    4.8452
  2.1766  -19.3036  -19.2954   -5.7555   -5.6960   -4.5040   -4.4951   -4.0157   -4.0081   -2.0098   -2.0050   -1.6613   -0.9165   -0.9152   -0.7584   -0.0557   -0.0409    1.0685    1.0866    4.7557    4.8660
  2.2061  -19.2984  -19.2903   -5.7613   -5.7118   -4.5080   -4.4881   -4.0245   -4.0075   -2.0120   -2.0008   -1.6520   -0.9177   -0.9146   -0.7539   -0.0864   -0.0546    1.0596    1.1003    4.7939    4.9005
  2.2357  -19.2910  -19.2831   -5.7691   -5.7329   -4.5135   -4.4783   -4.0371   -4.0061   -2.0157   -1.9949   -1.6384   -0.9197   -0.9140   -0.7476   -0.1267   -0.0727    1.0469    1.1188    4.8460    4.9482
  2.2653  -19.2822  -19.2745   -5.7803   -5.7597   -4.5218   -4.4665   -4.0542   -4.0056   -2.0215   -1.9875   -1.6205   -0.9233   -0.9136   -0.7404   -0.1744   -0.0956    1.0291    1.1407    4.9093    5.0071
  2.2949  -19.2712  -19.2637   -5.7958   -5.7894   -4.5309   -4.4523   -4.0747   -4.0037   -2.0296   -1.9784   -1.5976   -0.9286   -0.9133   -0.7322   -0.2253   -0.1209    1.0074    1.1663    4.9831    5.0782
  2.3244  -19.2583  -19.2509   -5.8284   -5.8087   -4.5417   -4.4365   -4.0989   -4.0013   -2.0403   -1.9676   -1.5700   -0.9367   -0.9136   -0.7236   -0.2762   -0.1484    0.9815    1.1946    5.0659    5.1605
  2.3540  -19.2437  -19.2361   -5.8675   -5.8282   -4.5542   -4.4184   -4.1266   -3.9983   -2.0538   -1.9553   -1.5381   -0.9482   -0.9146   -0.7150   -0.3239   -0.1773    0.9519    1.2250    5.1551    5.2527
  2.3836  -19.2269  -19.2188   -5.9087   -5.8500   -4.5671   -4.3984   -4.1574   -3.9934   -2.0699   -1.9414   -1.5019   -0.9640   -0.9166   -0.7067   -0.3649   -0.2057    0.9196    1.2577    5.2508    5.3559
  2.4132  -19.2091  -19.2004   -5.9532   -5.8763   -4.5836   -4.3773   -4.1917   -3.9890   -2.0889   -1.9260   -1.4636   -0.9842   -0.9202   -0.6997   -0.3974   -0.2347    0.8849    1.2903    5.3492    5.4653
  2.4427  -19.1896  -19.1799   -5.9992   -5.9057   -4.6010   -4.3545   -4.2294   -3.9836   -2.1104   -1.9092   -1.4242   -1.0080   -0.9255   -0.6936   -0.4197   -0.2625    0.8490    1.3235    5.4503    5.5807
  2.4723  -19.1689  -19.1576   -6.0468   -5.9388   -4.6197   -4.3307   -4.2694   -3.9776   -2.1343   -1.8912   -1.3857   -1.0329   -0.9329   -0.6879   -0.4315   -0.2886    0.8127    1.3569    5.5540    5.6999
  2.5019  -19.1467  -19.1338   -6.0952   -5.9752   -4.6398   -4.3180   -4.2997   -3.9707   -2.1607   -1.8718   -1.3521   -1.0547   -0.9425   -0.6822   -0.4351   -0.3123    0.7769    1.3900    5.6589    5.8237
  2.5315  -19.1234  -19.1084   -6.1453   -6.0156   -4.6610   -4.3596   -4.2761   -3.9633   -2.1893   -1.8514   -1.3284   -1.0675   -0.9545   -0.6759   -0.4316   -0.3334    0.7429    1.4225    5.7643    5.9457
  2.5610  -19.0993  -19.0817   -6.1966   -6.0591   -4.6832   -4.4061   -4.2485   -3.9553   -2.2201   -1.8301   -1.3190   -1.0662   -0.9688   -0.6684   -0.4228   -0.3515    0.7113    1.4543    5.8695    6.0656
  2.5906  -19.0745  -19.0534   -6.2492   -6.1049   -4.7059   -4.4539   -4.2201   -3.9469   -2.2531   -1.8079   -1.3240   -1.0506   -0.9852   -0.6589   -0.4101   -0.3665    0.6828    1.4852    5.9760    6.1827
  2.6202  -19.0486  -19.0243   -6.3040   -6.1527   -4.7296   -4.5022   -4.1903   -3.9381   -2.2879   -1.7852   -1.3382   -1.0255   -1.0035   -0.6480   -0.3945   -0.3785    0.6593    1.5148    6.0782    6.2955
  2.6498  -19.0218  -18.9946   -6.3616   -6.2004   -4.7539   -4.5510   -4.1595   -3.9291   -2.3246   -1.7621   -1.3564   -1.0230   -0.9971   -0.6354   -0.3876   -0.3772    0.6415    1.5428    6.1772    6.4054
  2.6793  -18.9944  -18.9639   -6.4226   -6.2474   -4.7782   -4.5990   -4.1282   -3.9188   -2.3628   -1.7389   -1.3742   -1.0433   -0.9694   -0.6210   -0.3942   -0.3582    0.6302    1.5694    6.2728    6.5071
  2.7089  -18.9672  -18.9325   -6.4878   -6.2927   -4.8026   -4.6463   -4.0972   -3.9103   -2.4025   -1.7158   -1.3902   -1.0638   -0.9449   -0.6054   -0.3986   -0.3385    0.6259    1.5944    6.3638    6.5991
  2.7385  -18.9397  -18.9011   -6.5574   -6.3352   -4.8280   -4.6924   -4.0659   -3.9021   -2.4432   -1.6933   -1.4032   -1.0838   -0.9245   -0.5891   -0.4017   -0.3187    0.6300    1.6170    6.4491    6.6830
  2.7680  -18.9121  -18.8692   -6.6303   -6.3742   -4.8519   -4.7371   -4.0353   -3.8941   -2.4847   -1.6717   -1.4130   -1.1025   -0.9086   -0.5727   -0.4028   -0.2996    0.6428    1.6383    6.5283    6.7578
  2.7976  -18.8837  -18.8377   -6.7068   -6.4092   -4.8755   -4.7804   -4.0046   -3.8856   -2.5263   -1.6511   -1.4197   -1.1191   -0.8963   -0.5567   -0.4019   -0.2818    0.6646    1.6569    6.6000    6.8238
  2.8272  -18.8553  -18.8058   -6.7846   -6.4404   -4.8976   -4.8216   -3.9740   -3.8787   -2.5676   -1.6321   -1.4234   -1.1330   -0.8875   -0.5413   -0.4006   -0.2659    0.6950    1.6747    6.6656    6.8800
  2.8568  -18.8275  -18.7748   -6.8640   -6.4682   -4.9196   -4.8610   -3.9464   -3.8728   -2.6085   -1.6153   -1.4247   -1.1436   -0.8820   -0.5271   -0.3986   -0.2528    0.7332    1.6901    6.7204    6.9251
  2.8863  -18.7997  -18.7441   -6.9440   -6.4923   -4.9402   -4.8974   -3.9201   -3.8678   -2.6478   -1.6007   -1.4237   -1.1503   -0.8786   -0.5137   -0.3958   -0.2416    0.7790    1.7044    6.7671    6.9608
  2.9159  -18.7727  -18.7150   -7.0233   -6.5131   -4.9613   -4.9324   -3.8981   -3.8642   -2.6851   -1.5887   -1.4210   -1.1531   -0.8775   -0.5016   -0.3928   -0.2331    0.8305    1.7147    6.8036    6.9864
  2.9455  -18.7461  -18.6871   -7.1019   -6.5306   -4.9798   -4.9649   -3.8802   -3.8620   -2.7192   -1.5793   -1.4170   -1.1516   -0.8780   -0.4906   -0.3895   -0.2270    0.8868    1.7235    6.8294    7.0033
  2.9751  -18.7203  -18.6608   -7.1777   -6.5447   -4.9971   -4.9954   -3.8673   -3.8614   -2.7495   -1.5722   -1.4122   -1.1460   -0.8798   -0.4806   -0.3862   -0.2229    0.9466    1.7299    6.8468    7.0123
  3.0046  -18.6952  -18.6357   -7.2497   -6.5557   -5.0230   -5.0127   -3.8623   -3.8602   -2.7750   -1.5670   -1.4068   -1.1365   -0.8825   -0.4717   -0.3827   -0.2204    1.0090    1.7344    6.8549    7.0147
  3.0342  -18.6709  -18.6128   -7.3180   -6.5635   -5.0485   -5.0266   -3.8649   -3.8599   -2.7948   -1.5634   -1.4015   -1.1236   -0.8859   -0.4641   -0.3794   -0.2192    1.0727    1.7368    6.8540    7.0119
  3.0638  -18.6476  -18.5918   -7.3816   -6.5684   -5.0709   -5.0388   -3.8694   -3.8671   -2.8083   -1.5609   -1.3961   -1.1079   -0.8898   -0.4579   -0.3762   -0.2188    1.1368    1.7369    6.8449    7.0053
  3.0934  -18.6257  -18.5734   -7.4407   -6.5706   -5.0904   -5.0487   -3.8829   -3.8764   -2.8153   -1.5589   -1.3911   -1.0898   -0.8941   -0.4534   -0.3733   -0.2187    1.2008    1.7350    6.8281    6.9966
  3.1229  -18.6045  -18.5571   -7.4930   -6.5698   -5.1068   -5.0571   -3.9060   -3.8846   -2.8156   -1.5571   -1.3864   -1.0698   -0.8988   -0.4507   -0.3706   -0.2184    1.2632    1.7308    6.8051    6.9873
  3.1525  -18.5844  -18.5443   -7.5389   -6.5661   -5.1212   -5.0643   -3.9367   -3.8945   -2.8095   -1.5553   -1.3824   -1.0483   -0.9037   -0.4497   -0.3682   -0.2185    1.3230    1.7236    6.7762    6.9791
  3.1821  -18.5657  -18.5342   -7.5782   -6.5604   -5.1325   -5.0686   -3.9748   -3.9064   -2.7977   -1.5532   -1.3792   -1.0255   -0.9090   -0.4508   -0.3662   -0.2183    1.3801    1.7151    6.7429    6.9726
  3.2117  -18.5487  -18.5277   -7.6109   -6.5532   -5.1410   -5.0707   -4.0202   -3.9200   -2.7808   -1.5509   -1.3767   -1.0018   -0.9145   -0.4539   -0.3646   -0.2181    1.4334    1.7044    6.7060    6.9690
  3.2412  -18.5334  -18.5233   -7.6347   -6.5440   -5.1463   -5.0705   -4.0707   -3.9362   -2.7596   -1.5483   -1.3746   -0.9771   -0.9199   -0.4585   -0.3633   -0.2173    1.4830    1.6919    6.6664    6.9697
  3.2708  -18.5253  -18.5165   -7.6509   -6.5326   -5.1486   -5.0682   -4.1262   -3.9531   -2.7349   -1.5455   -1.3734   -0.9518   -0.9256   -0.4642   -0.3624   -0.2171    1.5279    1.6772    6.6247    6.9757
  3.2708  -18.5253  -18.5165   -7.6509   -6.5326   -5.1486   -5.0682   -4.1262   -3.9531   -2.7349   -1.5455   -1.3734   -0.9518   -0.9256   -0.4642   -0.3624   -0.2171    1.5279    1.6772    6.6247    6.9757
  3.2934  -18.5238  -18.5171   -7.6244   -6.5307   -5.1628   -5.0598   -4.1921   -3.9741   -2.6933   -1.5443   -1.3691   -0.9356   -0.9188   -0.4594   -0.3628   -0.2150    1.4945    1.6504    6.7128    7.0213
  3.3161  -18.5235  -18.5162   -7.5943   -6.5286   -5.1771   -5.0495   -4.2616   -3.9974   -2.6510   -1.5429   -1.3646   -0.9466   -0.8823   -0.4536   -0.3633   -0.2128    1.4609    1.6207    6.8054    7.0714
  3.3388  -18.5242  -18.5147   -7.5612   -6.5265   -5.1926   -5.0388   -4.3335   -4.0226   -2.6086   -1.5415   -1.3598   -0.9588   -0.8428   -0.4472   -0.3637   -0.2106    1.4268    1.5881    6.9006    7.1256
  3.3614  -18.5251  -18.5135   -7.5252   -6.5247   -5.2093   -5.0268   -4.4071   -4.0494   -2.5665   -1.5400   -1.3549   -0.9723   -0.8006   -0.4402   -0.3643   -0.2087    1.3921    1.5529    6.9980    7.1836
  3.3841  -18.5258  -18.5119   -7.4854   -6.5232   -5.2255   -5.0137   -4.4815   -4.0777   -2.5253   -1.5384   -1.3498   -0.9868   -0.7560   -0.4321   -0.3648   -0.2068    1.3587    1.5156    7.0970    7.2451
  3.4067  -18.5268  -18.5108   -7.4437   -6.5226   -5.2423   -4.9995   -4.5570   -4.1072   -2.4854   -1.5369   -1.3447   -1.0023   -0.7097   -0.4233   -0.3653   -0.2053    1.3257    1.4763    7.1960    7.3099
  3.4294  -18.5273  -18.5097   -7.3995   -6.5228   -5.2589   -4.9834   -4.6305   -4.1373   -2.4468   -1.5354   -1.3393   -1.0187   -0.6618   -0.4138   -0.3658   -0.2038    1.2937    1.4361    7.2940    7.3787
  3.4520  -18.5273  -18.5091   -7.3530   -6.5239   -5.2761   -4.9673   -4.7024   -4.1673   -2.4098   -1.5339   -1.3337   -1.0358   -0.6129   -0.4036   -0.3662   -0.2027    1.2628    1.3940    7.3866    7.4530
  3.4747  -18.5277  -18.5087   -7.3044   -6.5272   -5.2929   -4.9504   -4.7727   -4.1982   -2.3752   -1.5326   -1.3279   -1.0535   -0.5637   -0.3931   -0.3666   -0.2018    1.2337    1.3513    7.4713    7.5342
  3.4973  -18.5277  -18.5087   -7.2543   -6.5325   -5.3101   -4.9332   -4.8388   -4.2290   -2.3424   -1.5313   -1.3220   -1.0717   -0.5149   -0.3825   -0.3669   -0.2013    1.2057    1.3082    7.5469    7.6204
  3.5200  -18.5275  -18.5085   -7.2025   -6.5403   -5.3270   -4.9143   -4.9008   -4.2592   -2.3119   -1.5301   -1.3158   -1.0899   -0.4670   -0.3717   -0.3669   -0.2011    1.1798    1.2660    7.6170    7.7065
  3.5426  -18.5272  -18.5088   -7.1498   -6.5511   -5.3432   -4.9576   -4.8962   -4.2887   -2.2840   -1.5291   -1.3094   -1.1083   -0.4216   -0.3662   -0.3609   -0.2016    1.1562    1.2246    7.6828    7.7881
  3.5653  -18.5269  -18.5092   -7.0967   -6.5655   -5.3595   -5.0087   -4.8781   -4.3168   -2.2589   -1.5281   -1.3027   -1.1261   -0.3840   -0.3600   -0.3506   -0.2021    1.1347    1.1850    7.7445    7.8632
  3.5879  -18.5265  -18.5097   -7.0434   -6.5833   -5.3751   -5.0535   -4.8606   -4.3432   -2.2371   -1.5273   -1.2957   -1.1434   -0.3730   -0.3410   -0.3306   -0.2029    1.1158    1.1482    7.8018    7.9299
  3.6106  -18.5256  -18.5102   -6.9907   -6.6045   -5.3893   -5.0900   -4.8442   -4.3672   -2.2183   -1.5266   -1.2880   -1.1599   -0.3717   -0.3320   -0.2960   -0.2036    1.0997    1.1152    7.8542    7.9868
  3.6332  -18.5251  -18.5107   -6.9384   -6.6300   -5.4023   -5.1199   -4.8296   -4.3880   -2.2029   -1.5260   -1.2803   -1.1752   -0.3714   -0.3248   -0.2655   -0.2049    1.0860    1.0871    7.8986    8.0324
  3.6559  -18.5247  -18.5115   -6.8895   -6.6589   -5.4131   -5.1424   -4.8177   -4.4049   -2.1914   -1.5256   -1.2726   -1.1891   -0.3714   -0.3190   -0.2414   -0.2059    1.0646    1.0758    7.9342    8.0663
  3.6785  -18.5242  -18.5119   -6.8449   -6.6898   -5.4202   -5.1568   -4.8089   -4.4169   -2.1833   -1.5253   -1.2656   -1.2000   -0.3714   -0.3146   -0.2246   -0.2067    1.0491    1.0692    7.9592    8.0886
  3.7012  -18.5240  -18.5121   -6.8118   -6.7160   -5.4240   -5.1642   -4.8042   -4.4231   -2.1793   -1.5252   -1.2611   -1.2065   -0.3714   -0.3124   -0.2159   -0.2072    1.0411    1.0658    7.9722    8.0995
  3.7238  -18.5240  -18.5121   -6.8118   -6.7160   -5.4240   -5.1642   -4.8042   -4.4231   -2.1793   -1.5252   -1.2611   -1.2065   -0.3714   -0.3124   -0.2159   -0.2072    1.0411    1.0658    7.9722    8.0995
  3.7465  -18.5242  -18.5119   -6.8449   -6.6898   -5.4202   -5.1568   -4.8089   -4.4169   -2.1833   -1.5253   -1.2656   -1.2000   -0.3714   -0.3146   -0.2246   -0.2067    1.0491    1.0692    7.9592    8.0886
  3.7691  -18.5247  -18.5115   -6.8895   -6.6589   -5.4131   -5.1424   -4.8177   -4.4049   -2.1914   -1.5256   -1.2726   -1.1891   -0.3714   -0.3190   -0.2414   -0.2059    1.0646    1.0758    7.9342    8.0663
  3.7918  -18.5251  -18.5107   -6.9384   -6.6300   -5.4023   -5.1199   -4.8296   -4.3880   -2.2029   -1.5260   -1.2803   -1.1752   -0.3714   -0.3248   -0.2655   -0.2049    1.0860    1.0871    7.8986    8.0324
  3.8144  -18.5256  -18.5102   -6.9907   -6.6045   -5.3893   -5.0900   -4.8442   -4.3672   -2.2183   -1.5266   -1.2880   -1.1599   -0.3717   -0.3320   -0.2960   -0.2036    1.0997    1.1152    7.8542    7.9868
  3.8371  -18.5265  -18.5097   -7.0434   -6.5833   -5.3751   -5.0535   -4.8606   -4.3432   -2.2371   -1.5273   -1.2957   -1.1434   -0.3730   -0.3410   -0.3306   -0.2029    1.1158    1.1482    7.8018    7.9299
  3.8597  -18.5269  -18.5092   -7.0967   -6.5655   -5.3595   -5.0087   -4.8781   -4.3168   -2.2589   -1.5281   -1.3027   -1.1261   -0.3840   -0.3600   -0.3506   -0.2021    1.1347    1.1850    7.7445    7.8632
  3.8824  -18.5272  -18.5088   -7.1498   -6.5511   -5.3432   -4.9576   -4.8962   -4.2887   -2.2840   -1.5291   -1.3094   -1.1083   -0.4216   -0.3662   -0.3609   -0.2016    1.1562    1.2246    7.6828    7.7881
  3.9050  -18.5275  -18.5085   -7.2025   -6.5403   -5.3270   -4.9143   -4.9008   -4.2592   -2.3119   -1.5301   -1.3158   -1.0899   -0.4670   -0.3717   -0.3669   -0.2011    1.1798    1.2660    7.6170    7.7065
  3.9277  -18.5277  -18.5087   -7.2543   -6.5325   -5.3101   -4.9332   -4.8388   -4.2290   -2.3424   -1.5313   -1.3220   -1.0717   -0.5149   -0.3825   -0.3669   -0.2013    1.2057    1.3082    7.5469    7.6204
  3.9503  -18.5277  -18.5087   -7.3044   -6.5272   -5.2929   -4.9504   -4.7727   -4.1982   -2.3752   -1.5326   -1.3279   -1.0535   -0.5637   -0.3931   -0.3666   -0.2018    1.2337    1.3513    7.4713    7.5342
  3.9730  -18.5273  -18.5091   -7.3530   -6.5239   -5.2761   -4.9673   -4.7024   -4.1673   -2.4098   -1.5339   -1.3337   -1.0358   -0.6129   -0.4036   -0.3662   -0.2027    1.2628    1.3940    7.3866    7.4530
  3.9957  -18.5273  -18.5097   -7.3995   -6.5228   -5.2589   -4.9834   -4.6305   -4.1373   -2.4468   -1.5354   -1.3393   -1.0187   -0.6618   -0.4138   -0.3658   -0.2038    1.2937    1.4361    7.2940    7.3787
  4.0183  -18.5268  -18.5108   -7.4437   -6.5226   -5.2423   -4.9995   -4.5570   -4.1072   -2.4854   -1.5369   -1.3447   -1.0023   -0.7097   -0.4233   -0.3653   -0.2053    1.3257    1.4763    7.1960    7.3099
  4.0410  -18.5258  -18.5119   -7.4854   -6.5232   -5.2255   -5.0137   -4.4815   -4.0777   -2.5253   -1.5384   -1.3498   -0.9868   -0.7560   -0.4321   -0.3648   -0.2068    1.3587    1.5156    7.0970    7.2451
  4.0636  -18.5251  -18.5135   -7.5252   -6.5247   -5.2093   -5.0268   -4.4071   -4.0494   -2.5665   -1.5400   -1.3549   -0.9723   -0.8006   -0.4402   -0.3643   -0.2087    1.3921    1.5529    6.9980    7.1836
  4.0863  -18.5242  -18.5147   -7.5612   -6.5265   -5.1926   -5.0388   -4.3335   -4.0226   -2.6086   -1.5415   -1.3598   -0.9588   -0.8428   -0.4472   -0.3637   -0.2106    1.4268    1.5881    6.9006    7.1256
  4.1089  -18.5235  -18.5162   -7.5943   -6.5286   -5.1771   -5.0495   -4.2616   -3.9974   -2.6510   -1.5429   -1.3646   -0.9466   -0.8823   -0.4536   -0.3633   -0.2128    1.4609    1.6207    6.8054    7.0714
  4.1316  -18.5238  -18.5171   -7.6244   -6.5307   -5.1628   -5.0598   -4.1921   -3.9741   -2.6933   -1.5443   -1.3691   -0.9356   -0.9188   -0.4594   -0.3628   -0.2150    1.4945    1.6504    6.7128    7.0213
  4.1542  -18.5253  -18.5165   -7.6509   -6.5326   -5.1486   -5.0682   -4.1262   -3.9531   -2.7349   -1.5455   -1.3734   -0.9518   -0.9256   -0.4642   -0.3624   -0.2171    1.5279    1.6772    6.6247    6.9757
  4.1542  -18.5253  -18.5165   -7.6509   -6.5326   -5.1486   -5.0682   -4.1262   -3.9531   -2.7349   -1.5455   -1.3734   -0.9518   -0.9256   -0.4642   -0.3624   -0.2171    1.5279    1.6772    6.6247    6.9757
  4.1660  -18.5266  -18.5134   -7.6655   -6.5311   -5.1421   -5.0712   -4.1061   -3.9469   -2.7500   -1.5455   -1.3753   -0.9621   -0.9223   -0.4677   -0.3620   -0.2182    1.5527    1.6865    6.5741    6.9560
  4.1779  -18.5281  -18.5101   -7.6793   -6.5297   -5.1359   -5.0741   -4.0864   -3.9410   -2.7648   -1.5454   -1.3771   -0.9720   -0.9192   -0.4710   -0.3616   -0.2192    1.5769    1.6954    6.5254    6.9371
  4.1897  -18.5296  -18.5068   -7.6924   -6.5284   -5.1301   -5.0769   -4.0671   -3.9353   -2.7794   -1.5454   -1.3787   -0.9814   -0.9163   -0.4743   -0.3612   -0.2202    1.6005    1.7039    6.4787    6.9188
  4.2015  -18.5314  -18.5044   -7.7049   -6.5277   -5.1258   -5.0795   -4.0493   -3.9315   -2.7936   -1.5454   -1.3803   -0.9903   -0.9137   -0.4778   -0.3609   -0.2211    1.6229    1.7118    6.4335    6.9012
  4.2134  -18.5328  -18.5015   -7.7165   -6.5265   -5.1207   -5.0819   -4.0312   -3.9264   -2.8074   -1.5454   -1.3818   -0.9988   -0.9112   -0.4808   -0.3606   -0.2218    1.6448    1.7194    6.3911    6.8845
  4.2252  -18.5343  -18.4988   -7.7274   -6.5253   -5.1167   -5.0842   -4.0138   -3.9216   -2.8207   -1.5454   -1.3831   -1.0067   -0.9090   -0.4837   -0.3602   -0.2225    1.6654    1.7265    6.3507    6.8687
  4.2370  -18.5355  -18.4962   -7.7375   -6.5243   -5.1123   -5.0864   -3.9971   -3.9171   -2.8335   -1.5454   -1.3844   -1.0141   -0.9069   -0.4863   -0.3598   -0.2231    1.6853    1.7331    6.3130    6.8538
  4.2488  -18.5367  -18.4941   -7.7468   -6.5237   -5.1083   -5.0883   -3.9820   -3.9130   -2.8458   -1.5454   -1.3855   -1.0211   -0.9052   -0.4890   -0.3595   -0.2237    1.7042    1.7393    6.2778    6.8398
  4.2607  -18.5378  -18.4919   -7.7554   -6.5228   -5.1046   -5.0901   -3.9671   -3.9091   -2.8573   -1.5453   -1.3866   -1.0274   -0.9035   -0.4912   -0.3592   -0.2242    1.7218    1.7449    6.2451    6.8269
  4.2725  -18.5384  -18.4899   -7.7631   -6.5219   -5.1009   -5.0906   -3.9531   -3.9056   -2.8681   -1.5453   -1.3875   -1.0332   -0.9020   -0.4933   -0.3589   -0.2246    1.7384    1.7508    6.2151    6.8151
  4.2843  -18.5393  -18.4881   -7.7702   -6.5212   -5.0980   -5.0921   -3.9403   -3.9024   -2.8781   -1.5453   -1.3884   -1.0384   -0.9007   -0.4952   -0.3587   -0.2250    1.7533    1.7555    6.1879    6.8043
  4.2962  -18.5401  -18.4865   -7.7764   -6.5205   -5.0953   -5.0934   -3.9286   -3.8995   -2.8872   -1.5453   -1.3891   -1.0432   -0.8995   -0.4969   -0.3584   -0.2253    1.7597    1.7669    6.1634    6.7947
  4.3080  -18.5408  -18.4850   -7.7819   -6.5199   -5.0946   -5.0930   -3.9182   -3.8970   -2.8954   -1.5453   -1.3898   -1.0473   -0.8985   -0.4984   -0.3582   -0.2256    1.7633    1.7789    6.1418    6.7862
  4.3198  -18.5414  -18.4838   -7.7866   -6.5193   -5.0956   -5.0910   -3.9091   -3.8948   -2.9025   -1.5453   -1.3904   -1.0509   -0.8977   -0.4996   -0.3580   -0.2259    1.7665    1.7893    6.1232    6.7788
  4.3317  -18.5417  -18.4832   -7.7905   -6.5197   -5.0964   -5.0886   -3.9016   -3.8930   -2.9086   -1.5453   -1.3909   -1.0539   -0.8970   -0.5006   -0.3579   -0.2261    1.7691    1.7986    6.1076    6.7726
  4.3435  -18.5421  -18.4828   -7.7937   -6.5202   -5.0971   -5.0873   -3.8954   -3.8919   -2.9136   -1.5453   -1.3913   -1.0562   -0.8964   -0.5015   -0.3578   -0.2263    1.7712    1.8056    6.0950    6.7677
  4.3553  -18.5424  -18.4826   -7.7960   -6.5208   -5.0976   -5.0863   -3.8911   -3.8908   -2.9173   -1.5453   -1.3916   -1.0581   -0.8960   -0.5021   -0.3578   -0.2264    1.7727    1.8110    6.0856    6.7639
  4.3671  -18.5426  -18.4826   -7.7976   -6.5216   -5.0980   -5.0857   -3.8904   -3.8879   -2.9198   -1.5453   -1.3918   -1.0593   -0.8958   -0.5025   -0.3577   -0.2265    1.7738    1.8145    6.0793    6.7614
  4.3790  -18.5427  -18.4824   -7.7984   -6.5215   -5.0981   -5.0853   -3.8901   -3.8863   -2.9211   -1.5453   -1.3919   -1.0599   -0.8956   -0.5027   -0.3577   -0.2266    1.7743    1.8163    6.0761    6.7602
  4.3908  -18.5427  -18.4824   -7.7984   -6.5215   -5.0981   -5.0853   -3.8901   -3.8863   -2.9211   -1.5453   -1.3919   -1.0599   -0.8956   -0.5027   -0.3577   -0.2266    1.7743    1.8163    6.0761    6.7602
  4.4026  -18.5426  -18.4826   -7.7976   -6.5216   -5.0980   -5.0857   -3.8904   -3.8879   -2.9198   -1.5453   -1.3918   -1.0593   -0.8958   -0.5025   -0.3577   -0.2265    1.7738    1.8145    6.0793    6.7614
  4.4145  -18.5424  -18.4826   -7.7960   -6.5208   -5.0976   -5.0863   -3.8911   -3.8908   -2.9173   -1.5453   -1.3916   -1.0581   -0.8960   -0.5021   -0.3578   -0.2264    1.7727    1.8110    6.0856    6.7639
  4.4263  -18.5421  -18.4828   -7.7937   -6.5202   -5.0971   -5.0873   -3.8954   -3.8919   -2.9136   -1.5453   -1.3913   -1.0562   -0.8964   -0.5015   -0.3578   -0.2263    1.7712    1.8056    6.0950    6.7676
  4.4381  -18.5417  -18.4832   -7.7905   -6.5197   -5.0964   -5.0886   -3.9016   -3.8930   -2.9086   -1.5453   -1.3909   -1.0539   -0.8970   -0.5006   -0.3579   -0.2261    1.7691    1.7986    6.1076    6.7726
  4.4499  -18.5414  -18.4838   -7.7866   -6.5193   -5.0956   -5.0910   -3.9091   -3.8948   -2.9025   -1.5453   -1.3904   -1.0509   -0.8977   -0.4996   -0.3580   -0.2259    1.7665    1.7893    6.1232    6.7788
  4.4618  -18.5408  -18.4850   -7.7819   -6.5199   -5.0946   -5.0930   -3.9182   -3.8970   -2.8954   -1.5453   -1.3898   -1.0473   -0.8985   -0.4984   -0.3582   -0.2256    1.7633    1.7789    6.1418    6.7862
  4.4736  -18.5401  -18.4865   -7.7764   -6.5205   -5.0953   -5.0934   -3.9286   -3.8995   -2.8872   -1.5453   -1.3891   -1.0432   -0.8995   -0.4969   -0.3584   -0.2253    1.7597    1.7669    6.1634    6.7947
  4.4854  -18.5393  -18.4881   -7.7702   -6.5212   -5.0980   -5.0921   -3.9403   -3.9024   -2.8781   -1.5453   -1.3884   -1.0384   -0.9007   -0.4952   -0.3587   -0.2250    1.7533    1.7555    6.1879    6.8043
  4.4973  -18.5384  -18.4899   -7.7631   -6.5219   -5.1009   -5.0906   -3.9531   -3.9056   -2.8681   -1.5453   -1.3875   -1.0332   -0.9020   -0.4933   -0.3589   -0.2246    1.7384    1.7508    6.2151    6.8151
  4.5091  -18.5378  -18.4919   -7.7554   -6.5228   -5.1046   -5.0901   -3.9671   -3.9091   -2.8573   -1.5453   -1.3866   -1.0274   -0.9035   -0.4912   -0.3592   -0.2242    1.7218    1.7449    6.2451    6.8269
  4.5209  -18.5367  -18.4941   -7.7468   -6.5237   -5.1083   -5.0883   -3.9820   -3.9130   -2.8458   -1.5454   -1.3855   -1.0211   -0.9052   -0.4890   -0.3595   -0.2237    1.7042    1.7393    6.2778    6.8398
  4.5328  -18.5355  -18.4962   -7.7375   -6.5243   -5.1123   -5.0864   -3.9971   -3.9171   -2.8335   -1.5454   -1.3844   -1.0141   -0.9069   -0.4863   -0.3598   -0.2231    1.6853    1.7331    6.3130    6.8538
  4.5446  -18.5343  -18.4988   -7.7274   -6.5253   -5.1167   -5.0842   -4.0138   -3.9216   -2.8207   -1.5454   -1.3831   -1.0067   -0.9090   -0.4837   -0.3602   -0.2225    1.6654    1.7265    6.3507    6.8687
  4.5564  -18.5328  -18.5015   -7.7165   -6.5265   -5.1207   -5.0819   -4.0312   -3.9264   -2.8074   -1.5454   -1.3818   -0.9988   -0.9112   -0.4808   -0.3606   -0.2218    1.6448    1.7194    6.3911    6.8845
  4.5682  -18.5314  -18.5044   -7.7049   -6.5277   -5.1258   -5.0795   -4.0493   -3.9315   -2.7936   -1.5454   -1.3803   -0.9903   -0.9137   -0.4778   -0.3609   -0.2211    1.6229    1.7118    6.4335    6.9012
  4.5801  -18.5296  -18.5068   -7.6924   -6.5284   -5.1301   -5.0769   -4.0671   -3.9353   -2.7794   -1.5454   -1.3787   -0.9814   -0.9163   -0.4743   -0.3612   -0.2202    1.6005    1.7039    6.4787    6.9188
  4.5919  -18.5281  -18.5101   -7.6793   -6.5297   -5.1359   -5.0741   -4.0864   -3.9410   -2.7648   -1.5454   -1.3771   -0.9720   -0.9192   -0.4710   -0.3616   -0.2192    1.5769    1.6954    6.5254    6.9371
  4.6037  -18.5266  -18.5134   -7.6655   -6.5311   -5.1421   -5.0712   -4.1061   -3.9469   -2.7500   -1.5455   -1.3753   -0.9621   -0.9223   -0.4677   -0.3620   -0.2182    1.5527    1.6865    6.5741    6.9560
  4.6156  -18.5253  -18.5165   -7.6509   -6.5326   -5.1486   -5.0682   -4.1262   -3.9531   -2.7349   -1.5455   -1.3734   -0.9518   -0.9256   -0.4642   -0.3624   -0.2171    1.5279    1.6772    6.6247    6.9757
