        270.10289035  ! VOL(au)
         10.26115877  ! ALAT(au)
.FALSE.
    5.13057939    5.13057939    0.00000000  ! A1(au)
    0.00000000    5.13057939    5.13057939  ! A2(au)
    5.13057939    0.00000000    5.13057939  ! A3(au)
   48 (R-matrices in reciprocal space)
 1 0 0
 0 1 0
 0 0 1
   1
 0 0 1
 1 0 0
 0 1 0
   2
 0 1 0
 0 0 1
 1 0 0
   3
 0-1 0
 0-1 1
 1-1 0
   4
-1 0 0
-1 1 0
-1 0 1
   5
 0 0-1
 1 0-1
 0 1-1
   6
 0 1-1
 1 0-1
 0 0-1
   7
 1-1 0
 0-1 1
 0-1 0
   8
-1 0 1
-1 1 0
-1 0 0
   9
-1 0 1
-1 0 0
-1 1 0
  10
 0 1-1
 0 0-1
 1 0-1
  11
 1-1 0
 0-1 0
 0-1 1
  12
 0 0-1
 0 1-1
 1 0-1
  13
 0-1 0
 1-1 0
 0-1 1
  14
-1 0 0
-1 0 1
-1 1 0
  15
-1 1 0
-1 0 1
-1 0 0
  16
 1 0-1
 0 1-1
 0 0-1
  17
 0-1 1
 1-1 0
 0-1 0
  18
 1 0-1
 0 0-1
 0 1-1
  19
 0-1 1
 0-1 0
 1-1 0
  20
-1 1 0
-1 0 0
-1 0 1
  21
 1 0 0
 0 0 1
 0 1 0
  22
 0 1 0
 1 0 0
 0 0 1
  23
 0 0 1
 0 1 0
 1 0 0
  24
-1 0 0
 0-1 0
 0 0-1
  25
 0 0-1
-1 0 0
 0-1 0
  26
 0-1 0
 0 0-1
-1 0 0
  27
 0 1 0
 0 1-1
-1 1 0
  28
 1 0 0
 1-1 0
 1 0-1
  29
 0 0 1
-1 0 1
 0-1 1
  30
 0-1 1
-1 0 1
 0 0 1
  31
-1 1 0
 0 1-1
 0 1 0
  32
 1 0-1
 1-1 0
 1 0 0
  33
 1 0-1
 1 0 0
 1-1 0
  34
 0-1 1
 0 0 1
-1 0 1
  35
-1 1 0
 0 1 0
 0 1-1
  36
 0 0 1
 0-1 1
-1 0 1
  37
 0 1 0
-1 1 0
 0 1-1
  38
 1 0 0
 1 0-1
 1-1 0
  39
 1-1 0
 1 0-1
 1 0 0
  40
-1 0 1
 0-1 1
 0 0 1
  41
 0 1-1
-1 1 0
 0 1 0
  42
-1 0 1
 0 0 1
 0-1 1
  43
 0 1-1
 0 1 0
-1 1 0
  44
 1-1 0
 1 0 0
 1 0-1
  45
-1 0 0
 0 0-1
 0-1 0
  46
 0-1 0
-1 0 0
 0 0-1
  47
 0 0-1
 0-1 0
-1 0 0
  48
   48 (R-matrices in direct space)
 1 0 0 0.000000
 0 1 0 0.000000
 0 0 1 0.000000
   1
 0 0 1 0.000000
 1 0 0 0.000000
 0 1 0 0.000000
   2
 0 1 0 0.000000
 0 0 1 0.000000
 1 0 0 0.000000
   3
-1-1-1 0.000000
 0 0 1 0.000000
 1 0 0 0.000000
   4
-1-1-1 0.000000
 0 1 0 0.000000
 0 0 1 0.000000
   5
-1-1-1 0.000000
 1 0 0 0.000000
 0 1 0 0.000000
   6
 0 1 0 0.000000
 1 0 0 0.000000
-1-1-1 0.000000
   7
 1 0 0 0.000000
 0 0 1 0.000000
-1-1-1 0.000000
   8
 0 0 1 0.000000
 0 1 0 0.000000
-1-1-1 0.000000
   9
 0 0 1 0.000000
-1-1-1 0.000000
 0 1 0 0.000000
  10
 0 1 0 0.000000
-1-1-1 0.000000
 1 0 0 0.000000
  11
 1 0 0 0.000000
-1-1-1 0.000000
 0 0 1 0.000000
  12
-1-1-1 0.000000
 0 1 0 0.000000
 1 0 0 0.000000
  13
-1-1-1 0.000000
 1 0 0 0.000000
 0 0 1 0.000000
  14
-1-1-1 0.000000
 0 0 1 0.000000
 0 1 0 0.000000
  15
 0 1 0 0.000000
 0 0 1 0.000000
-1-1-1 0.000000
  16
 1 0 0 0.000000
 0 1 0 0.000000
-1-1-1 0.000000
  17
 0 0 1 0.000000
 1 0 0 0.000000
-1-1-1 0.000000
  18
 1 0 0 0.000000
-1-1-1 0.000000
 0 1 0 0.000000
  19
 0 0 1 0.000000
-1-1-1 0.000000
 1 0 0 0.000000
  20
 0 1 0 0.000000
-1-1-1 0.000000
 0 0 1 0.000000
  21
 1 0 0 0.000000
 0 0 1 0.000000
 0 1 0 0.000000
  22
 0 1 0 0.000000
 1 0 0 0.000000
 0 0 1 0.000000
  23
 0 0 1 0.000000
 0 1 0 0.000000
 1 0 0 0.000000
  24
-1 0 0 0.250000
 0-1 0 0.250000
 0 0-1 0.250000
  25
 0 0-1 0.250000
-1 0 0 0.250000
 0-1 0 0.250000
  26
 0-1 0 0.250000
 0 0-1 0.250000
-1 0 0 0.250000
  27
 1 1 1 0.250000
 0 0-1 0.250000
-1 0 0 0.250000
  28
 1 1 1 0.250000
 0-1 0 0.250000
 0 0-1 0.250000
  29
 1 1 1 0.250000
-1 0 0 0.250000
 0-1 0 0.250000
  30
 0-1 0 0.250000
-1 0 0 0.250000
 1 1 1 0.250000
  31
-1 0 0 0.250000
 0 0-1 0.250000
 1 1 1 0.250000
  32
 0 0-1 0.250000
 0-1 0 0.250000
 1 1 1 0.250000
  33
 0 0-1 0.250000
 1 1 1 0.250000
 0-1 0 0.250000
  34
 0-1 0 0.250000
 1 1 1 0.250000
-1 0 0 0.250000
  35
-1 0 0 0.250000
 1 1 1 0.250000
 0 0-1 0.250000
  36
 1 1 1 0.250000
 0-1 0 0.250000
-1 0 0 0.250000
  37
 1 1 1 0.250000
-1 0 0 0.250000
 0 0-1 0.250000
  38
 1 1 1 0.250000
 0 0-1 0.250000
 0-1 0 0.250000
  39
 0-1 0 0.250000
 0 0-1 0.250000
 1 1 1 0.250000
  40
-1 0 0 0.250000
 0-1 0 0.250000
 1 1 1 0.250000
  41
 0 0-1 0.250000
-1 0 0 0.250000
 1 1 1 0.250000
  42
-1 0 0 0.250000
 1 1 1 0.250000
 0-1 0 0.250000
  43
 0 0-1 0.250000
 1 1 1 0.250000
-1 0 0 0.250000
  44
 0-1 0 0.250000
 1 1 1 0.250000
 0 0-1 0.250000
  45
-1 0 0 0.250000
 0 0-1 0.250000
 0-1 0 0.250000
  46
 0-1 0 0.250000
-1 0 0 0.250000
 0 0-1 0.250000
  47
 0 0-1 0.250000
 0-1 0 0.250000
-1 0 0 0.250000
  48
