  #energy          xx             yy              zz              xy              yz              zx
  0.00000000E+00  0.00000000E+00  0.00000000E+00  0.00000000E+00             NaN             NaN             NaN
  0.26000000E-01  0.25584572E-04  0.25584572E-04  0.25584572E-04             NaN             NaN             NaN
  0.52100000E-01  0.50532339E-04  0.50532339E-04  0.50532339E-04             NaN             NaN             NaN
  0.78100000E-01  0.76077946E-04  0.76077946E-04  0.76077946E-04             NaN             NaN             NaN
  0.10410000E+00  0.10158728E-03  0.10158728E-03  0.10158728E-03             NaN             NaN             NaN
  0.13010000E+00  0.12642073E-03  0.12642073E-03  0.12642073E-03             NaN             NaN             NaN
  0.15620000E+00  0.15181481E-03  0.15181481E-03  0.15181481E-03             NaN             NaN             NaN
  0.18220000E+00  0.17775307E-03  0.17775307E-03  0.17775307E-03             NaN             NaN             NaN
  0.20820000E+00  0.20298193E-03  0.20298193E-03  0.20298193E-03             NaN             NaN             NaN
  0.23420000E+00  0.22810825E-03  0.22810825E-03  0.22810825E-03             NaN             NaN             NaN
  0.26030000E+00  0.25373813E-03  0.25373813E-03  0.25373813E-03             NaN             NaN             NaN
  0.28630000E+00  0.27923791E-03  0.27923791E-03  0.27923791E-03             NaN             NaN             NaN
  0.31230000E+00  0.30459482E-03  0.30459482E-03  0.30459482E-03             NaN             NaN             NaN
  0.33840000E+00  0.33041155E-03  0.33041155E-03  0.33041155E-03             NaN             NaN             NaN
  0.36440000E+00  0.35605763E-03  0.35605763E-03  0.35605763E-03             NaN             NaN             NaN
  0.39040000E+00  0.38152058E-03  0.38152058E-03  0.38152058E-03             NaN             NaN             NaN
  0.41640000E+00  0.40739892E-03  0.40739892E-03  0.40739892E-03             NaN             NaN             NaN
  0.44250000E+00  0.43305973E-03  0.43305973E-03  0.43305973E-03             NaN             NaN             NaN
  0.46850000E+00  0.45910418E-03  0.45910418E-03  0.45910418E-03             NaN             NaN             NaN
  0.49450000E+00  0.48490196E-03  0.48490196E-03  0.48490196E-03             NaN             NaN             NaN
  0.52050000E+00  0.51104347E-03  0.51104347E-03  0.51104347E-03             NaN             NaN             NaN
  0.54660000E+00  0.53691695E-03  0.53691695E-03  0.53691695E-03             NaN             NaN             NaN
  0.57260000E+00  0.56309262E-03  0.56309262E-03  0.56309262E-03             NaN             NaN             NaN
  0.59860000E+00  0.58896271E-03  0.58896271E-03  0.58896271E-03             NaN             NaN             NaN
  0.62470000E+00  0.61510944E-03  0.61510944E-03  0.61510944E-03             NaN             NaN             NaN
  0.65070000E+00  0.64150381E-03  0.64150381E-03  0.64150381E-03             NaN             NaN             NaN
  0.67670000E+00  0.66813566E-03  0.66813566E-03  0.66813566E-03             NaN             NaN             NaN
  0.70270000E+00  0.69437796E-03  0.69437796E-03  0.69437796E-03             NaN             NaN             NaN
  0.72880000E+00  0.72081198E-03  0.72081198E-03  0.72081198E-03             NaN             NaN             NaN
  0.75480000E+00  0.74741736E-03  0.74741736E-03  0.74741736E-03             NaN             NaN             NaN
  0.78080000E+00  0.77416195E-03  0.77416195E-03  0.77416195E-03             NaN             NaN             NaN
  0.80680000E+00  0.80161090E-03  0.80161090E-03  0.80161090E-03             NaN             NaN             NaN
  0.83290000E+00  0.82856665E-03  0.82856665E-03  0.82856665E-03             NaN             NaN             NaN
  0.85890000E+00  0.85559725E-03  0.85559725E-03  0.85559725E-03             NaN             NaN             NaN
  0.88490000E+00  0.88266822E-03  0.88266822E-03  0.88266822E-03             NaN             NaN             NaN
  0.91100000E+00  0.91031850E-03  0.91031850E-03  0.91031850E-03             NaN             NaN             NaN
  0.93700000E+00  0.93795789E-03  0.93795789E-03  0.93795789E-03             NaN             NaN             NaN
  0.96300000E+00  0.96555009E-03  0.96555009E-03  0.96555009E-03             NaN             NaN             NaN
  0.98900000E+00  0.99307239E-03  0.99307239E-03  0.99307239E-03             NaN             NaN             NaN
  0.10151000E+01  0.10210485E-02  0.10210485E-02  0.10210485E-02             NaN             NaN             NaN
  0.10411000E+01  0.10494292E-02  0.10494292E-02  0.10494292E-02             NaN             NaN             NaN
  0.10671000E+01  0.10776414E-02  0.10776414E-02  0.10776414E-02             NaN             NaN             NaN
  0.10931000E+01  0.11061802E-02  0.11061802E-02  0.11061802E-02             NaN             NaN             NaN
  0.11192000E+01  0.11350098E-02  0.11350098E-02  0.11350098E-02             NaN             NaN             NaN
  0.11452000E+01  0.11635695E-02  0.11635695E-02  0.11635695E-02             NaN             NaN             NaN
  0.11712000E+01  0.11928615E-02  0.11928615E-02  0.11928615E-02             NaN             NaN             NaN
  0.11973000E+01  0.12223024E-02  0.12223024E-02  0.12223024E-02             NaN             NaN             NaN
  0.12233000E+01  0.12518554E-02  0.12518554E-02  0.12518554E-02             NaN             NaN             NaN
  0.12493000E+01  0.12814658E-02  0.12814658E-02  0.12814658E-02             NaN             NaN             NaN
  0.12753000E+01  0.13115989E-02  0.13115989E-02  0.13115989E-02             NaN             NaN             NaN
  0.13014000E+01  0.13416877E-02  0.13416877E-02  0.13416877E-02             NaN             NaN             NaN
  0.13274000E+01  0.13721686E-02  0.13721686E-02  0.13721686E-02             NaN             NaN             NaN
  0.13534000E+01  0.14034767E-02  0.14034767E-02  0.14034767E-02             NaN             NaN             NaN
  0.13794000E+01  0.14345611E-02  0.14345611E-02  0.14345611E-02             NaN             NaN             NaN
  0.14055000E+01  0.14658421E-02  0.14658421E-02  0.14658421E-02             NaN             NaN             NaN
  0.14315000E+01  0.14977185E-02  0.14977185E-02  0.14977185E-02             NaN             NaN             NaN
  0.14575000E+01  0.15296352E-02  0.15296352E-02  0.15296352E-02             NaN             NaN             NaN
  0.14836000E+01  0.15624615E-02  0.15624615E-02  0.15624615E-02             NaN             NaN             NaN
  0.15096000E+01  0.15951598E-02  0.15951598E-02  0.15951598E-02             NaN             NaN             NaN
  0.15356000E+01  0.16285557E-02  0.16285557E-02  0.16285557E-02             NaN             NaN             NaN
  0.15616000E+01  0.16621203E-02  0.16621203E-02  0.16621203E-02             NaN             NaN             NaN
  0.15877000E+01  0.16961574E-02  0.16961574E-02  0.16961574E-02             NaN             NaN             NaN
  0.16137000E+01  0.17310137E-02  0.17310137E-02  0.17310137E-02             NaN             NaN             NaN
  0.16397000E+01  0.17661382E-02  0.17661382E-02  0.17661382E-02             NaN             NaN             NaN
  0.16657000E+01  0.18017979E-02  0.18017979E-02  0.18017979E-02             NaN             NaN             NaN
  0.16918000E+01  0.18378671E-02  0.18378671E-02  0.18378671E-02             NaN             NaN             NaN
  0.17178000E+01  0.18746291E-02  0.18746291E-02  0.18746291E-02             NaN             NaN             NaN
  0.17438000E+01  0.19123190E-02  0.19123190E-02  0.19123190E-02             NaN             NaN             NaN
  0.17699000E+01  0.19503567E-02  0.19503567E-02  0.19503567E-02             NaN             NaN             NaN
  0.17959000E+01  0.19889405E-02  0.19889405E-02  0.19889405E-02             NaN             NaN             NaN
  0.18219000E+01  0.20287007E-02  0.20287007E-02  0.20287007E-02             NaN             NaN             NaN
  0.18479000E+01  0.20693404E-02  0.20693404E-02  0.20693404E-02             NaN             NaN             NaN
  0.18740000E+01  0.21106892E-02  0.21106892E-02  0.21106892E-02             NaN             NaN             NaN
  0.19000000E+01  0.21528137E-02  0.21528137E-02  0.21528137E-02             NaN             NaN             NaN
  0.19260000E+01  0.21962134E-02  0.21962134E-02  0.21962134E-02             NaN             NaN             NaN
  0.19521000E+01  0.22408833E-02  0.22408833E-02  0.22408833E-02             NaN             NaN             NaN
  0.19781000E+01  0.22865296E-02  0.22865296E-02  0.22865296E-02             NaN             NaN             NaN
  0.20041000E+01  0.23334789E-02  0.23334789E-02  0.23334789E-02             NaN             NaN             NaN
  0.20301000E+01  0.23819779E-02  0.23819779E-02  0.23819779E-02             NaN             NaN             NaN
  0.20562000E+01  0.24318994E-02  0.24318994E-02  0.24318994E-02             NaN             NaN             NaN
  0.20822000E+01  0.24837747E-02  0.24837747E-02  0.24837747E-02             NaN             NaN             NaN
  0.21082000E+01  0.25373598E-02  0.25373598E-02  0.25373598E-02             NaN             NaN             NaN
  0.21342000E+01  0.25932559E-02  0.25932559E-02  0.25932559E-02             NaN             NaN             NaN
  0.21603000E+01  0.26513712E-02  0.26513712E-02  0.26513712E-02             NaN             NaN             NaN
  0.21863000E+01  0.27121890E-02  0.27121890E-02  0.27121890E-02             NaN             NaN             NaN
  0.22123000E+01  0.27756647E-02  0.27756647E-02  0.27756647E-02             NaN             NaN             NaN
  0.22384000E+01  0.28427785E-02  0.28427785E-02  0.28427785E-02             NaN             NaN             NaN
  0.22644000E+01  0.29135004E-02  0.29135004E-02  0.29135004E-02             NaN             NaN             NaN
  0.22904000E+01  0.29884256E-02  0.29884256E-02  0.29884256E-02             NaN             NaN             NaN
  0.23164000E+01  0.30683540E-02  0.30683540E-02  0.30683540E-02             NaN             NaN             NaN
  0.23425000E+01  0.31540656E-02  0.31540656E-02  0.31540656E-02             NaN             NaN             NaN
  0.23685000E+01  0.32464527E-02  0.32464527E-02  0.32464527E-02             NaN             NaN             NaN
  0.23945000E+01  0.33466001E-02  0.33466001E-02  0.33466001E-02             NaN             NaN             NaN
  0.24205000E+01  0.34563661E-02  0.34563661E-02  0.34563661E-02             NaN             NaN             NaN
  0.24466000E+01  0.35777636E-02  0.35777636E-02  0.35777636E-02             NaN             NaN             NaN
  0.24726000E+01  0.37130294E-02  0.37130294E-02  0.37130294E-02             NaN             NaN             NaN
  0.24986000E+01  0.38660395E-02  0.38660395E-02  0.38660395E-02             NaN             NaN             NaN
  0.25247000E+01  0.40412986E-02  0.40412986E-02  0.40412986E-02             NaN             NaN             NaN
  0.25507000E+01  0.42451385E-02  0.42451385E-02  0.42451385E-02             NaN             NaN             NaN
  0.25767000E+01  0.44865564E-02  0.44865564E-02  0.44865564E-02             NaN             NaN             NaN
  0.26027000E+01  0.47774156E-02  0.47774156E-02  0.47774156E-02             NaN             NaN             NaN
  0.26288000E+01  0.51322957E-02  0.51322957E-02  0.51322957E-02             NaN             NaN             NaN
  0.26548000E+01  0.55669034E-02  0.55669034E-02  0.55669034E-02             NaN             NaN             NaN
  0.26808000E+01  0.60902015E-02  0.60902015E-02  0.60902015E-02             NaN             NaN             NaN
  0.27068000E+01  0.66952347E-02  0.66952347E-02  0.66952347E-02             NaN             NaN             NaN
  0.27329000E+01  0.73614758E-02  0.73614758E-02  0.73614758E-02             NaN             NaN             NaN
  0.27589000E+01  0.80718923E-02  0.80718923E-02  0.80718923E-02             NaN             NaN             NaN
  0.27849000E+01  0.88220383E-02  0.88220383E-02  0.88220383E-02             NaN             NaN             NaN
  0.28110000E+01  0.96146722E-02  0.96146722E-02  0.96146722E-02             NaN             NaN             NaN
  0.28370000E+01  0.10447234E-01  0.10447234E-01  0.10447234E-01             NaN             NaN             NaN
  0.28630000E+01  0.11303853E-01  0.11303853E-01  0.11303853E-01             NaN             NaN             NaN
  0.28890000E+01  0.12158039E-01  0.12158039E-01  0.12158039E-01             NaN             NaN             NaN
  0.29151000E+01  0.12983834E-01  0.12983834E-01  0.12983834E-01             NaN             NaN             NaN
  0.29411000E+01  0.13764984E-01  0.13764984E-01  0.13764984E-01             NaN             NaN             NaN
  0.29671000E+01  0.14495444E-01  0.14495444E-01  0.14495444E-01             NaN             NaN             NaN
  0.29931000E+01  0.15176625E-01  0.15176625E-01  0.15176625E-01             NaN             NaN             NaN
  0.30192000E+01  0.15813457E-01  0.15813457E-01  0.15813457E-01             NaN             NaN             NaN
  0.30452000E+01  0.16411204E-01  0.16411204E-01  0.16411204E-01             NaN             NaN             NaN
  0.30712000E+01  0.16973698E-01  0.16973698E-01  0.16973698E-01             NaN             NaN             NaN
  0.30973000E+01  0.17502661E-01  0.17502661E-01  0.17502661E-01             NaN             NaN             NaN
  0.31233000E+01  0.17998643E-01  0.17998643E-01  0.17998643E-01             NaN             NaN             NaN
  0.31493000E+01  0.18463142E-01  0.18463142E-01  0.18463142E-01             NaN             NaN             NaN
  0.31753000E+01  0.18901313E-01  0.18901313E-01  0.18901313E-01             NaN             NaN             NaN
  0.32014000E+01  0.19319305E-01  0.19319305E-01  0.19319305E-01             NaN             NaN             NaN
  0.32274000E+01  0.19720396E-01  0.19720396E-01  0.19720396E-01             NaN             NaN             NaN
  0.32534000E+01  0.20102199E-01  0.20102199E-01  0.20102199E-01             NaN             NaN             NaN
  0.32794000E+01  0.20457449E-01  0.20457449E-01  0.20457449E-01             NaN             NaN             NaN
  0.33055000E+01  0.20777630E-01  0.20777630E-01  0.20777630E-01             NaN             NaN             NaN
  0.33315000E+01  0.21057054E-01  0.21057054E-01  0.21057054E-01             NaN             NaN             NaN
  0.33575000E+01  0.21294245E-01  0.21294245E-01  0.21294245E-01             NaN             NaN             NaN
  0.33836000E+01  0.21489537E-01  0.21489537E-01  0.21489537E-01             NaN             NaN             NaN
  0.34096000E+01  0.21645555E-01  0.21645555E-01  0.21645555E-01             NaN             NaN             NaN
  0.34356000E+01  0.21767056E-01  0.21767056E-01  0.21767056E-01             NaN             NaN             NaN
  0.34616000E+01  0.21861187E-01  0.21861187E-01  0.21861187E-01             NaN             NaN             NaN
  0.34877000E+01  0.21935260E-01  0.21935260E-01  0.21935260E-01             NaN             NaN             NaN
  0.35137000E+01  0.21992812E-01  0.21992812E-01  0.21992812E-01             NaN             NaN             NaN
  0.35397000E+01  0.22031719E-01  0.22031719E-01  0.22031719E-01             NaN             NaN             NaN
  0.35657000E+01  0.22047360E-01  0.22047360E-01  0.22047360E-01             NaN             NaN             NaN
  0.35918000E+01  0.22039305E-01  0.22039305E-01  0.22039305E-01             NaN             NaN             NaN
  0.36178000E+01  0.22015516E-01  0.22015516E-01  0.22015516E-01             NaN             NaN             NaN
  0.36438000E+01  0.21991053E-01  0.21991053E-01  0.21991053E-01             NaN             NaN             NaN
  0.36699000E+01  0.21981662E-01  0.21981662E-01  0.21981662E-01             NaN             NaN             NaN
  0.36959000E+01  0.21996709E-01  0.21996709E-01  0.21996709E-01             NaN             NaN             NaN
  0.37219000E+01  0.22039177E-01  0.22039177E-01  0.22039177E-01             NaN             NaN             NaN
  0.37479000E+01  0.22113298E-01  0.22113298E-01  0.22113298E-01             NaN             NaN             NaN
  0.37740000E+01  0.22227951E-01  0.22227951E-01  0.22227951E-01             NaN             NaN             NaN
  0.38000000E+01  0.22393067E-01  0.22393067E-01  0.22393067E-01             NaN             NaN             NaN
  0.38260000E+01  0.22614258E-01  0.22614258E-01  0.22614258E-01             NaN             NaN             NaN
  0.38520000E+01  0.22892676E-01  0.22892676E-01  0.22892676E-01             NaN             NaN             NaN
  0.38781000E+01  0.23228958E-01  0.23228958E-01  0.23228958E-01             NaN             NaN             NaN
  0.39041000E+01  0.23626737E-01  0.23626737E-01  0.23626737E-01             NaN             NaN             NaN
  0.39301000E+01  0.24091846E-01  0.24091846E-01  0.24091846E-01             NaN             NaN             NaN
  0.39562000E+01  0.24631198E-01  0.24631198E-01  0.24631198E-01             NaN             NaN             NaN
  0.39822000E+01  0.25251986E-01  0.25251986E-01  0.25251986E-01             NaN             NaN             NaN
  0.40082000E+01  0.25962598E-01  0.25962598E-01  0.25962598E-01             NaN             NaN             NaN
  0.40342000E+01  0.26774270E-01  0.26774270E-01  0.26774270E-01             NaN             NaN             NaN
  0.40603000E+01  0.27700028E-01  0.27700028E-01  0.27700028E-01             NaN             NaN             NaN
  0.40863000E+01  0.28747198E-01  0.28747198E-01  0.28747198E-01             NaN             NaN             NaN
  0.41123000E+01  0.29903729E-01  0.29903729E-01  0.29903729E-01             NaN             NaN             NaN
  0.41383000E+01  0.31131931E-01  0.31131931E-01  0.31131931E-01             NaN             NaN             NaN
  0.41644000E+01  0.32380792E-01  0.32380792E-01  0.32380792E-01             NaN             NaN             NaN
  0.41904000E+01  0.33606634E-01  0.33606634E-01  0.33606634E-01             NaN             NaN             NaN
  0.42164000E+01  0.34782320E-01  0.34782320E-01  0.34782320E-01             NaN             NaN             NaN
  0.42425000E+01  0.35894308E-01  0.35894308E-01  0.35894308E-01             NaN             NaN             NaN
  0.42685000E+01  0.36937456E-01  0.36937456E-01  0.36937456E-01             NaN             NaN             NaN
  0.42945000E+01  0.37914514E-01  0.37914514E-01  0.37914514E-01             NaN             NaN             NaN
  0.43205000E+01  0.38831556E-01  0.38831556E-01  0.38831556E-01             NaN             NaN             NaN
  0.43466000E+01  0.39688551E-01  0.39688551E-01  0.39688551E-01             NaN             NaN             NaN
  0.43726000E+01  0.40474270E-01  0.40474270E-01  0.40474270E-01             NaN             NaN             NaN
  0.43986000E+01  0.41168921E-01  0.41168921E-01  0.41168921E-01             NaN             NaN             NaN
  0.44246000E+01  0.41741196E-01  0.41741196E-01  0.41741196E-01             NaN             NaN             NaN
  0.44507000E+01  0.42137069E-01  0.42137069E-01  0.42137069E-01             NaN             NaN             NaN
  0.44767000E+01  0.42266533E-01  0.42266533E-01  0.42266533E-01             NaN             NaN             NaN
  0.45027000E+01  0.42016434E-01  0.42016434E-01  0.42016434E-01             NaN             NaN             NaN
  0.45288000E+01  0.41316469E-01  0.41316469E-01  0.41316469E-01             NaN             NaN             NaN
  0.45548000E+01  0.40272606E-01  0.40272606E-01  0.40272606E-01             NaN             NaN             NaN
  0.45808000E+01  0.39234233E-01  0.39234233E-01  0.39234233E-01             NaN             NaN             NaN
  0.46068000E+01  0.38590305E-01  0.38590305E-01  0.38590305E-01             NaN             NaN             NaN
  0.46329000E+01  0.38463620E-01  0.38463620E-01  0.38463620E-01             NaN             NaN             NaN
  0.46589000E+01  0.38716989E-01  0.38716989E-01  0.38716989E-01             NaN             NaN             NaN
  0.46849000E+01  0.39162991E-01  0.39162991E-01  0.39162991E-01             NaN             NaN             NaN
  0.47109000E+01  0.39678973E-01  0.39678973E-01  0.39678973E-01             NaN             NaN             NaN
  0.47370000E+01  0.40206972E-01  0.40206972E-01  0.40206972E-01             NaN             NaN             NaN
  0.47630000E+01  0.40727580E-01  0.40727580E-01  0.40727580E-01             NaN             NaN             NaN
  0.47890000E+01  0.41237971E-01  0.41237971E-01  0.41237971E-01             NaN             NaN             NaN
  0.48151000E+01  0.41739204E-01  0.41739204E-01  0.41739204E-01             NaN             NaN             NaN
  0.48411000E+01  0.42232328E-01  0.42232328E-01  0.42232328E-01             NaN             NaN             NaN
  0.48671000E+01  0.42715007E-01  0.42715007E-01  0.42715007E-01             NaN             NaN             NaN
  0.48931000E+01  0.43179652E-01  0.43179652E-01  0.43179652E-01             NaN             NaN             NaN
  0.49192000E+01  0.43616961E-01  0.43616961E-01  0.43616961E-01             NaN             NaN             NaN
  0.49452000E+01  0.44029164E-01  0.44029164E-01  0.44029164E-01             NaN             NaN             NaN
  0.49712000E+01  0.44435564E-01  0.44435564E-01  0.44435564E-01             NaN             NaN             NaN
  0.49972000E+01  0.44850243E-01  0.44850243E-01  0.44850243E-01             NaN             NaN             NaN
  0.50233000E+01  0.45268101E-01  0.45268101E-01  0.45268101E-01             NaN             NaN             NaN
  0.50493000E+01  0.45676559E-01  0.45676559E-01  0.45676559E-01             NaN             NaN             NaN
  0.50753000E+01  0.46067548E-01  0.46067548E-01  0.46067548E-01             NaN             NaN             NaN
  0.51014000E+01  0.46438371E-01  0.46438371E-01  0.46438371E-01             NaN             NaN             NaN
  0.51274000E+01  0.46786640E-01  0.46786640E-01  0.46786640E-01             NaN             NaN             NaN
  0.51534000E+01  0.47107541E-01  0.47107541E-01  0.47107541E-01             NaN             NaN             NaN
  0.51794000E+01  0.47392853E-01  0.47392853E-01  0.47392853E-01             NaN             NaN             NaN
  0.52055000E+01  0.47631617E-01  0.47631617E-01  0.47631617E-01             NaN             NaN             NaN
  0.52315000E+01  0.47816918E-01  0.47816918E-01  0.47816918E-01             NaN             NaN             NaN
  0.52575000E+01  0.47950814E-01  0.47950814E-01  0.47950814E-01             NaN             NaN             NaN
  0.52836000E+01  0.48053931E-01  0.48053931E-01  0.48053931E-01             NaN             NaN             NaN
  0.53096000E+01  0.48165191E-01  0.48165191E-01  0.48165191E-01             NaN             NaN             NaN
  0.53356000E+01  0.48315790E-01  0.48315790E-01  0.48315790E-01             NaN             NaN             NaN
  0.53616000E+01  0.48519437E-01  0.48519437E-01  0.48519437E-01             NaN             NaN             NaN
  0.53877000E+01  0.48772129E-01  0.48772129E-01  0.48772129E-01             NaN             NaN             NaN
  0.54137000E+01  0.49057000E-01  0.49057000E-01  0.49057000E-01             NaN             NaN             NaN
  0.54397000E+01  0.49357237E-01  0.49357237E-01  0.49357237E-01             NaN             NaN             NaN
  0.54657000E+01  0.49662545E-01  0.49662545E-01  0.49662545E-01             NaN             NaN             NaN
  0.54918000E+01  0.49969738E-01  0.49969738E-01  0.49969738E-01             NaN             NaN             NaN
  0.55178000E+01  0.50283377E-01  0.50283377E-01  0.50283377E-01             NaN             NaN             NaN
  0.55438000E+01  0.50608080E-01  0.50608080E-01  0.50608080E-01             NaN             NaN             NaN
  0.55699000E+01  0.50942911E-01  0.50942911E-01  0.50942911E-01             NaN             NaN             NaN
  0.55959000E+01  0.51277698E-01  0.51277698E-01  0.51277698E-01             NaN             NaN             NaN
  0.56219000E+01  0.51600562E-01  0.51600562E-01  0.51600562E-01             NaN             NaN             NaN
  0.56479000E+01  0.51903503E-01  0.51903503E-01  0.51903503E-01             NaN             NaN             NaN
  0.56740000E+01  0.52183736E-01  0.52183736E-01  0.52183736E-01             NaN             NaN             NaN
  0.57000000E+01  0.52444196E-01  0.52444196E-01  0.52444196E-01             NaN             NaN             NaN
  0.57260000E+01  0.52691430E-01  0.52691430E-01  0.52691430E-01             NaN             NaN             NaN
  0.57520000E+01  0.52932105E-01  0.52932105E-01  0.52932105E-01             NaN             NaN             NaN
  0.57781000E+01  0.53173713E-01  0.53173713E-01  0.53173713E-01             NaN             NaN             NaN
  0.58041000E+01  0.53419693E-01  0.53419693E-01  0.53419693E-01             NaN             NaN             NaN
  0.58301000E+01  0.53676195E-01  0.53676195E-01  0.53676195E-01             NaN             NaN             NaN
  0.58562000E+01  0.53942120E-01  0.53942120E-01  0.53942120E-01             NaN             NaN             NaN
  0.58822000E+01  0.54217051E-01  0.54217051E-01  0.54217051E-01             NaN             NaN             NaN
  0.59082000E+01  0.54496722E-01  0.54496722E-01  0.54496722E-01             NaN             NaN             NaN
  0.59342000E+01  0.54777470E-01  0.54777470E-01  0.54777470E-01             NaN             NaN             NaN
  0.59603000E+01  0.55055935E-01  0.55055935E-01  0.55055935E-01             NaN             NaN             NaN
  0.59863000E+01  0.55330132E-01  0.55330132E-01  0.55330132E-01             NaN             NaN             NaN
  0.60123000E+01  0.55606440E-01  0.55606440E-01  0.55606440E-01             NaN             NaN             NaN
  0.60383000E+01  0.55897783E-01  0.55897783E-01  0.55897783E-01             NaN             NaN             NaN
  0.60644000E+01  0.56223565E-01  0.56223565E-01  0.56223565E-01             NaN             NaN             NaN
  0.60904000E+01  0.56593438E-01  0.56593438E-01  0.56593438E-01             NaN             NaN             NaN
  0.61164000E+01  0.57002702E-01  0.57002702E-01  0.57002702E-01             NaN             NaN             NaN
  0.61425000E+01  0.57432175E-01  0.57432175E-01  0.57432175E-01             NaN             NaN             NaN
  0.61685000E+01  0.57862858E-01  0.57862858E-01  0.57862858E-01             NaN             NaN             NaN
  0.61945000E+01  0.58283026E-01  0.58283026E-01  0.58283026E-01             NaN             NaN             NaN
  0.62205000E+01  0.58686270E-01  0.58686270E-01  0.58686270E-01             NaN             NaN             NaN
  0.62466000E+01  0.59073886E-01  0.59073886E-01  0.59073886E-01             NaN             NaN             NaN
  0.62726000E+01  0.59445231E-01  0.59445231E-01  0.59445231E-01             NaN             NaN             NaN
  0.62986000E+01  0.59806452E-01  0.59806452E-01  0.59806452E-01             NaN             NaN             NaN
  0.63246000E+01  0.60161213E-01  0.60161213E-01  0.60161213E-01             NaN             NaN             NaN
  0.63507000E+01  0.60515468E-01  0.60515468E-01  0.60515468E-01             NaN             NaN             NaN
  0.63767000E+01  0.60867787E-01  0.60867787E-01  0.60867787E-01             NaN             NaN             NaN
  0.64027000E+01  0.61215425E-01  0.61215425E-01  0.61215425E-01             NaN             NaN             NaN
  0.64288000E+01  0.61552663E-01  0.61552663E-01  0.61552663E-01             NaN             NaN             NaN
  0.64548000E+01  0.61873768E-01  0.61873768E-01  0.61873768E-01             NaN             NaN             NaN
  0.64808000E+01  0.62177730E-01  0.62177730E-01  0.62177730E-01             NaN             NaN             NaN
  0.65068000E+01  0.62464089E-01  0.62464089E-01  0.62464089E-01             NaN             NaN             NaN
  0.65329000E+01  0.62731679E-01  0.62731679E-01  0.62731679E-01             NaN             NaN             NaN
  0.65589000E+01  0.62981142E-01  0.62981142E-01  0.62981142E-01             NaN             NaN             NaN
  0.65849000E+01  0.63213358E-01  0.63213358E-01  0.63213358E-01             NaN             NaN             NaN
  0.66109000E+01  0.63431236E-01  0.63431236E-01  0.63431236E-01             NaN             NaN             NaN
  0.66370000E+01  0.63641582E-01  0.63641582E-01  0.63641582E-01             NaN             NaN             NaN
  0.66630000E+01  0.63850867E-01  0.63850867E-01  0.63850867E-01             NaN             NaN             NaN
  0.66890000E+01  0.64062528E-01  0.64062528E-01  0.64062528E-01             NaN             NaN             NaN
  0.67151000E+01  0.64284109E-01  0.64284109E-01  0.64284109E-01             NaN             NaN             NaN
  0.67411000E+01  0.64520856E-01  0.64520856E-01  0.64520856E-01             NaN             NaN             NaN
  0.67671000E+01  0.64773191E-01  0.64773191E-01  0.64773191E-01             NaN             NaN             NaN
  0.67931000E+01  0.65040530E-01  0.65040530E-01  0.65040530E-01             NaN             NaN             NaN
  0.68192000E+01  0.65323538E-01  0.65323538E-01  0.65323538E-01             NaN             NaN             NaN
  0.68452000E+01  0.65620081E-01  0.65620081E-01  0.65620081E-01             NaN             NaN             NaN
  0.68712000E+01  0.65927439E-01  0.65927439E-01  0.65927439E-01             NaN             NaN             NaN
  0.68972000E+01  0.66240298E-01  0.66240298E-01  0.66240298E-01             NaN             NaN             NaN
  0.69233000E+01  0.66556463E-01  0.66556463E-01  0.66556463E-01             NaN             NaN             NaN
  0.69493000E+01  0.66871637E-01  0.66871637E-01  0.66871637E-01             NaN             NaN             NaN
  0.69753000E+01  0.67183375E-01  0.67183375E-01  0.67183375E-01             NaN             NaN             NaN
  0.70014000E+01  0.67481960E-01  0.67481960E-01  0.67481960E-01             NaN             NaN             NaN
  0.70274000E+01  0.67762493E-01  0.67762493E-01  0.67762493E-01             NaN             NaN             NaN
  0.70534000E+01  0.68025028E-01  0.68025028E-01  0.68025028E-01             NaN             NaN             NaN
  0.70794000E+01  0.68275110E-01  0.68275110E-01  0.68275110E-01             NaN             NaN             NaN
  0.71055000E+01  0.68522020E-01  0.68522020E-01  0.68522020E-01             NaN             NaN             NaN
  0.71315000E+01  0.68785330E-01  0.68785330E-01  0.68785330E-01             NaN             NaN             NaN
  0.71575000E+01  0.69089403E-01  0.69089403E-01  0.69089403E-01             NaN             NaN             NaN
  0.71835000E+01  0.69448096E-01  0.69448096E-01  0.69448096E-01             NaN             NaN             NaN
  0.72096000E+01  0.69862372E-01  0.69862372E-01  0.69862372E-01             NaN             NaN             NaN
  0.72356000E+01  0.70319031E-01  0.70319031E-01  0.70319031E-01             NaN             NaN             NaN
  0.72616000E+01  0.70804094E-01  0.70804094E-01  0.70804094E-01             NaN             NaN             NaN
  0.72877000E+01  0.71311086E-01  0.71311086E-01  0.71311086E-01             NaN             NaN             NaN
  0.73137000E+01  0.71819135E-01  0.71819135E-01  0.71819135E-01             NaN             NaN             NaN
  0.73397000E+01  0.72319447E-01  0.72319447E-01  0.72319447E-01             NaN             NaN             NaN
  0.73657000E+01  0.72800075E-01  0.72800075E-01  0.72800075E-01             NaN             NaN             NaN
  0.73918000E+01  0.73260233E-01  0.73260233E-01  0.73260233E-01             NaN             NaN             NaN
  0.74178000E+01  0.73696516E-01  0.73696516E-01  0.73696516E-01             NaN             NaN             NaN
  0.74438000E+01  0.74105068E-01  0.74105068E-01  0.74105068E-01             NaN             NaN             NaN
  0.74698000E+01  0.74484341E-01  0.74484341E-01  0.74484341E-01             NaN             NaN             NaN
  0.74959000E+01  0.74848771E-01  0.74848771E-01  0.74848771E-01             NaN             NaN             NaN
  0.75219000E+01  0.75200171E-01  0.75200171E-01  0.75200171E-01             NaN             NaN             NaN
  0.75479000E+01  0.75543352E-01  0.75543352E-01  0.75543352E-01             NaN             NaN             NaN
  0.75740000E+01  0.75883695E-01  0.75883695E-01  0.75883695E-01             NaN             NaN             NaN
  0.76000000E+01  0.76227068E-01  0.76227068E-01  0.76227068E-01             NaN             NaN             NaN
  0.76260000E+01  0.76556018E-01  0.76556018E-01  0.76556018E-01             NaN             NaN             NaN
  0.76520000E+01  0.76869587E-01  0.76869587E-01  0.76869587E-01             NaN             NaN             NaN
  0.76781000E+01  0.77176001E-01  0.77176001E-01  0.77176001E-01             NaN             NaN             NaN
  0.77041000E+01  0.77474586E-01  0.77474586E-01  0.77474586E-01             NaN             NaN             NaN
  0.77301000E+01  0.77791362E-01  0.77791362E-01  0.77791362E-01             NaN             NaN             NaN
  0.77561000E+01  0.78128248E-01  0.78128248E-01  0.78128248E-01             NaN             NaN             NaN
  0.77822000E+01  0.78471124E-01  0.78471124E-01  0.78471124E-01             NaN             NaN             NaN
  0.78082000E+01  0.78803502E-01  0.78803502E-01  0.78803502E-01             NaN             NaN             NaN
