  #energy          xx             yy              zz              xy              yz              zx
  0.00000000E+00  0.00000000E+00  0.00000000E+00  0.00000000E+00  0.00000000E+00  0.00000000E+00  0.00000000E+00
  0.26000000E-01  0.57617239E-03  0.57617239E-03  0.57617239E-03  0.00000000E+00  0.00000000E+00  0.00000000E+00
  0.52100000E-01  0.11382198E-02  0.11382198E-02  0.11382198E-02  0.00000000E+00  0.00000000E+00  0.00000000E+00
  0.78100000E-01  0.17141729E-02  0.17141729E-02  0.17141729E-02  0.00000000E+00  0.00000000E+00  0.00000000E+00
  0.10410000E+00  0.22899217E-02  0.22899217E-02  0.22899217E-02  0.00000000E+00  0.00000000E+00  0.00000000E+00
  0.13010000E+00  0.28513252E-02  0.28513252E-02  0.28513252E-02  0.00000000E+00  0.00000000E+00  0.00000000E+00
  0.15620000E+00  0.34264240E-02  0.34264240E-02  0.34264240E-02  0.00000000E+00  0.00000000E+00  0.00000000E+00
  0.18220000E+00  0.40151251E-02  0.40151251E-02  0.40151251E-02  0.00000000E+00  0.00000000E+00  0.00000000E+00
  0.20820000E+00  0.45892902E-02  0.45892902E-02  0.45892902E-02  0.00000000E+00  0.00000000E+00  0.00000000E+00
  0.23420000E+00  0.51628745E-02  0.51628745E-02  0.51628745E-02  0.00000000E+00  0.00000000E+00  0.00000000E+00
  0.26030000E+00  0.57498286E-02  0.57498286E-02  0.57498286E-02  0.00000000E+00  0.00000000E+00  0.00000000E+00
  0.28630000E+00  0.63360429E-02  0.63360429E-02  0.63360429E-02  0.00000000E+00  0.00000000E+00  0.00000000E+00
  0.31230000E+00  0.69214432E-02  0.69214432E-02  0.69214432E-02  0.00000000E+00  0.00000000E+00  0.00000000E+00
  0.33840000E+00  0.75199592E-02  0.75199592E-02  0.75199592E-02  0.00000000E+00  0.00000000E+00  0.00000000E+00
  0.36440000E+00  0.81174981E-02  0.81174981E-02  0.81174981E-02  0.00000000E+00  0.00000000E+00  0.00000000E+00
  0.39040000E+00  0.87139853E-02  0.87139853E-02  0.87139853E-02  0.00000000E+00  0.00000000E+00  0.00000000E+00
  0.41640000E+00  0.93233250E-02  0.93233250E-02  0.93233250E-02  0.00000000E+00  0.00000000E+00  0.00000000E+00
  0.44250000E+00  0.99314080E-02  0.99314080E-02  0.99314080E-02  0.00000000E+00  0.00000000E+00  0.00000000E+00
  0.46850000E+00  0.10552152E-01  0.10552152E-01  0.10552152E-01  0.00000000E+00  0.00000000E+00  0.00000000E+00
  0.49450000E+00  0.11171461E-01  0.11171461E-01  0.11171461E-01  0.00000000E+00  0.00000000E+00  0.00000000E+00
  0.52050000E+00  0.11803189E-01  0.11803189E-01  0.11803189E-01  0.00000000E+00  0.00000000E+00  0.00000000E+00
  0.54660000E+00  0.12433345E-01  0.12433345E-01  0.12433345E-01  0.00000000E+00  0.00000000E+00  0.00000000E+00
  0.57260000E+00  0.13075663E-01  0.13075663E-01  0.13075663E-01  0.00000000E+00  0.00000000E+00  0.00000000E+00
  0.59860000E+00  0.13716174E-01  0.13716174E-01  0.13716174E-01  0.00000000E+00  0.00000000E+00  0.00000000E+00
  0.62470000E+00  0.14368678E-01  0.14368678E-01  0.14368678E-01  0.00000000E+00  0.00000000E+00  0.00000000E+00
  0.65070000E+00  0.15032996E-01  0.15032996E-01  0.15032996E-01  0.00000000E+00  0.00000000E+00  0.00000000E+00
  0.67670000E+00  0.15709055E-01  0.15709055E-01  0.15709055E-01  0.00000000E+00  0.00000000E+00  0.00000000E+00
  0.70270000E+00  0.16382766E-01  0.16382766E-01  0.16382766E-01  0.00000000E+00  0.00000000E+00  0.00000000E+00
  0.72880000E+00  0.17067918E-01  0.17067918E-01  0.17067918E-01  0.00000000E+00  0.00000000E+00  0.00000000E+00
  0.75480000E+00  0.17764375E-01  0.17764375E-01  0.17764375E-01  0.00000000E+00  0.00000000E+00  0.00000000E+00
  0.78080000E+00  0.18471926E-01  0.18471926E-01  0.18471926E-01  0.00000000E+00  0.00000000E+00  0.00000000E+00
  0.80680000E+00  0.19204263E-01  0.19204263E-01  0.19204263E-01  0.00000000E+00  0.00000000E+00  0.00000000E+00
  0.83290000E+00  0.19933538E-01  0.19933538E-01  0.19933538E-01  0.00000000E+00  0.00000000E+00  0.00000000E+00
  0.85890000E+00  0.20673455E-01  0.20673455E-01  0.20673455E-01  0.00000000E+00  0.00000000E+00  0.00000000E+00
  0.88490000E+00  0.21423780E-01  0.21423780E-01  0.21423780E-01  0.00000000E+00  0.00000000E+00  0.00000000E+00
  0.91100000E+00  0.22198033E-01  0.22198033E-01  0.22198033E-01  0.00000000E+00  0.00000000E+00  0.00000000E+00
  0.93700000E+00  0.22982322E-01  0.22982322E-01  0.22982322E-01  0.00000000E+00  0.00000000E+00  0.00000000E+00
  0.96300000E+00  0.23776388E-01  0.23776388E-01  0.23776388E-01  0.00000000E+00  0.00000000E+00  0.00000000E+00
  0.98900000E+00  0.24580056E-01  0.24580056E-01  0.24580056E-01  0.00000000E+00  0.00000000E+00  0.00000000E+00
  0.10151000E+01  0.25406740E-01  0.25406740E-01  0.25406740E-01  0.00000000E+00  0.00000000E+00  0.00000000E+00
  0.10411000E+01  0.26256089E-01  0.26256089E-01  0.26256089E-01  0.00000000E+00  0.00000000E+00  0.00000000E+00
  0.10671000E+01  0.27114296E-01  0.27114296E-01  0.27114296E-01  0.00000000E+00  0.00000000E+00  0.00000000E+00
  0.10931000E+01  0.27994582E-01  0.27994582E-01  0.27994582E-01  0.00000000E+00  0.00000000E+00  0.00000000E+00
  0.11192000E+01  0.28896664E-01  0.28896664E-01  0.28896664E-01  0.00000000E+00  0.00000000E+00  0.00000000E+00
  0.11452000E+01  0.29806795E-01  0.29806795E-01  0.29806795E-01  0.00000000E+00  0.00000000E+00  0.00000000E+00
  0.11712000E+01  0.30751526E-01  0.30751526E-01  0.30751526E-01  0.00000000E+00  0.00000000E+00  0.00000000E+00
  0.11973000E+01  0.31716951E-01  0.31716951E-01  0.31716951E-01  0.00000000E+00  0.00000000E+00  0.00000000E+00
  0.12233000E+01  0.32702753E-01  0.32702753E-01  0.32702753E-01  0.00000000E+00  0.00000000E+00  0.00000000E+00
  0.12493000E+01  0.33708493E-01  0.33708493E-01  0.33708493E-01  0.00000000E+00  0.00000000E+00  0.00000000E+00
  0.12753000E+01  0.34747154E-01  0.34747154E-01  0.34747154E-01  0.00000000E+00  0.00000000E+00  0.00000000E+00
  0.13014000E+01  0.35804896E-01  0.35804896E-01  0.35804896E-01  0.00000000E+00  0.00000000E+00  0.00000000E+00
  0.13274000E+01  0.36894491E-01  0.36894491E-01  0.36894491E-01  0.00000000E+00  0.00000000E+00  0.00000000E+00
  0.13534000E+01  0.38028687E-01  0.38028687E-01  0.38028687E-01  0.00000000E+00  0.00000000E+00  0.00000000E+00
  0.13794000E+01  0.39180422E-01  0.39180422E-01  0.39180422E-01  0.00000000E+00  0.00000000E+00  0.00000000E+00
  0.14055000E+01  0.40362318E-01  0.40362318E-01  0.40362318E-01  0.00000000E+00  0.00000000E+00  0.00000000E+00
  0.14315000E+01  0.41586839E-01  0.41586839E-01  0.41586839E-01  0.00000000E+00  0.00000000E+00  0.00000000E+00
  0.14575000E+01  0.42840143E-01  0.42840143E-01  0.42840143E-01  0.00000000E+00  0.00000000E+00  0.00000000E+00
  0.14836000E+01  0.44147755E-01  0.44147755E-01  0.44147755E-01  0.00000000E+00  0.00000000E+00  0.00000000E+00
  0.15096000E+01  0.45482619E-01  0.45482619E-01  0.45482619E-01  0.00000000E+00  0.00000000E+00  0.00000000E+00
  0.15356000E+01  0.46869908E-01  0.46869908E-01  0.46869908E-01  0.00000000E+00  0.00000000E+00  0.00000000E+00
  0.15616000E+01  0.48295889E-01  0.48295889E-01  0.48295889E-01  0.00000000E+00  0.00000000E+00  0.00000000E+00
  0.15877000E+01  0.49772221E-01  0.49772221E-01  0.49772221E-01  0.00000000E+00  0.00000000E+00  0.00000000E+00
  0.16137000E+01  0.51310843E-01  0.51310843E-01  0.51310843E-01  0.00000000E+00  0.00000000E+00  0.00000000E+00
  0.16397000E+01  0.52897779E-01  0.52897779E-01  0.52897779E-01  0.00000000E+00  0.00000000E+00  0.00000000E+00
  0.16657000E+01  0.54544314E-01  0.54544314E-01  0.54544314E-01  0.00000000E+00  0.00000000E+00  0.00000000E+00
  0.16918000E+01  0.56249164E-01  0.56249164E-01  0.56249164E-01  0.00000000E+00  0.00000000E+00  0.00000000E+00
  0.17178000E+01  0.58023655E-01  0.58023655E-01  0.58023655E-01  0.00000000E+00  0.00000000E+00  0.00000000E+00
  0.17438000E+01  0.59878700E-01  0.59878700E-01  0.59878700E-01  0.00000000E+00  0.00000000E+00  0.00000000E+00
  0.17699000E+01  0.61799879E-01  0.61799879E-01  0.61799879E-01  0.00000000E+00  0.00000000E+00  0.00000000E+00
  0.17959000E+01  0.63797698E-01  0.63797698E-01  0.63797698E-01  0.00000000E+00  0.00000000E+00  0.00000000E+00
  0.18219000E+01  0.65895436E-01  0.65895436E-01  0.65895436E-01  0.00000000E+00  0.00000000E+00  0.00000000E+00
  0.18479000E+01  0.68090115E-01  0.68090115E-01  0.68090115E-01  0.00000000E+00  0.00000000E+00  0.00000000E+00
  0.18740000E+01  0.70379698E-01  0.70379698E-01  0.70379698E-01  0.00000000E+00  0.00000000E+00  0.00000000E+00
  0.19000000E+01  0.72773301E-01  0.72773301E-01  0.72773301E-01  0.00000000E+00  0.00000000E+00  0.00000000E+00
  0.19260000E+01  0.75292794E-01  0.75292794E-01  0.75292794E-01  0.00000000E+00  0.00000000E+00  0.00000000E+00
  0.19521000E+01  0.77946453E-01  0.77946453E-01  0.77946453E-01  0.00000000E+00  0.00000000E+00  0.00000000E+00
  0.19781000E+01  0.80730772E-01  0.80730772E-01  0.80730772E-01  0.00000000E+00  0.00000000E+00  0.00000000E+00
  0.20041000E+01  0.83665743E-01  0.83665743E-01  0.83665743E-01  0.00000000E+00  0.00000000E+00  0.00000000E+00
  0.20301000E+01  0.86770468E-01  0.86770468E-01  0.86770468E-01  0.00000000E+00  0.00000000E+00  0.00000000E+00
  0.20562000E+01  0.90051453E-01  0.90051453E-01  0.90051453E-01  0.00000000E+00  0.00000000E+00  0.00000000E+00
  0.20822000E+01  0.93538946E-01  0.93538946E-01  0.93538946E-01  0.00000000E+00  0.00000000E+00  0.00000000E+00
  0.21082000E+01  0.97237888E-01  0.97237888E-01  0.97237888E-01  0.00000000E+00  0.00000000E+00  0.00000000E+00
  0.21342000E+01  0.10118751E+00  0.10118751E+00  0.10118751E+00  0.00000000E+00  0.00000000E+00  0.00000000E+00
  0.21603000E+01  0.10540234E+00  0.10540234E+00  0.10540234E+00  0.00000000E+00  0.00000000E+00  0.00000000E+00
  0.21863000E+01  0.10991970E+00  0.10991970E+00  0.10991970E+00  0.00000000E+00  0.00000000E+00  0.00000000E+00
  0.22123000E+01  0.11476240E+00  0.11476240E+00  0.11476240E+00  0.00000000E+00  0.00000000E+00  0.00000000E+00
  0.22384000E+01  0.11999773E+00  0.11999773E+00  0.11999773E+00  0.00000000E+00  0.00000000E+00  0.00000000E+00
  0.22644000E+01  0.12565595E+00  0.12565595E+00  0.12565595E+00  0.00000000E+00  0.00000000E+00  0.00000000E+00
  0.22904000E+01  0.13179876E+00  0.13179876E+00  0.13179876E+00  0.00000000E+00  0.00000000E+00  0.00000000E+00
  0.23164000E+01  0.13850597E+00  0.13850597E+00  0.13850597E+00  0.00000000E+00  0.00000000E+00  0.00000000E+00
  0.23425000E+01  0.14586435E+00  0.14586435E+00  0.14586435E+00  0.00000000E+00  0.00000000E+00  0.00000000E+00
  0.23685000E+01  0.15397710E+00  0.15397710E+00  0.15397710E+00  0.00000000E+00  0.00000000E+00  0.00000000E+00
  0.23945000E+01  0.16297257E+00  0.16297257E+00  0.16297257E+00  0.00000000E+00  0.00000000E+00  0.00000000E+00
  0.24205000E+01  0.17303524E+00  0.17303524E+00  0.17303524E+00  0.00000000E+00  0.00000000E+00  0.00000000E+00
  0.24466000E+01  0.18438099E+00  0.18438099E+00  0.18438099E+00  0.00000000E+00  0.00000000E+00  0.00000000E+00
  0.24726000E+01  0.19727306E+00  0.19727306E+00  0.19727306E+00  0.00000000E+00  0.00000000E+00  0.00000000E+00
  0.24986000E+01  0.21210289E+00  0.21210289E+00  0.21210289E+00  0.00000000E+00  0.00000000E+00  0.00000000E+00
  0.25247000E+01  0.22935886E+00  0.22935886E+00  0.22935886E+00  0.00000000E+00  0.00000000E+00  0.00000000E+00
  0.25507000E+01  0.24971085E+00  0.24971085E+00  0.24971085E+00  0.00000000E+00  0.00000000E+00  0.00000000E+00
  0.25767000E+01  0.27409676E+00  0.27409676E+00  0.27409676E+00  0.00000000E+00  0.00000000E+00  0.00000000E+00
  0.26027000E+01  0.30376063E+00  0.30376063E+00  0.30376063E+00  0.00000000E+00  0.00000000E+00  0.00000000E+00
  0.26288000E+01  0.34026404E+00  0.34026404E+00  0.34026404E+00  0.00000000E+00  0.00000000E+00  0.00000000E+00
  0.26548000E+01  0.38533709E+00  0.38533709E+00  0.38533709E+00  0.00000000E+00  0.00000000E+00  0.00000000E+00
  0.26808000E+01  0.44019791E+00  0.44019791E+00  0.44019791E+00  0.00000000E+00  0.00000000E+00  0.00000000E+00
  0.27068000E+01  0.50472318E+00  0.50472318E+00  0.50472318E+00  0.00000000E+00  0.00000000E+00  0.00000000E+00
  0.27329000E+01  0.57758984E+00  0.57758984E+00  0.57758984E+00  0.00000000E+00  0.00000000E+00  0.00000000E+00
  0.27589000E+01  0.65765754E+00  0.65765754E+00  0.65765754E+00  0.00000000E+00  0.00000000E+00  0.00000000E+00
  0.27849000E+01  0.74456123E+00  0.74456123E+00  0.74456123E+00  0.00000000E+00  0.00000000E+00  0.00000000E+00
  0.28110000E+01  0.83800555E+00  0.83800555E+00  0.83800555E+00  0.00000000E+00  0.00000000E+00  0.00000000E+00
  0.28370000E+01  0.93651329E+00  0.93651329E+00  0.93651329E+00  0.00000000E+00  0.00000000E+00  0.00000000E+00
  0.28630000E+01  0.10369587E+01  0.10369587E+01  0.10369587E+01  0.00000000E+00  0.00000000E+00  0.00000000E+00
  0.28890000E+01  0.11354944E+01  0.11354944E+01  0.11354944E+01  0.00000000E+00  0.00000000E+00  0.00000000E+00
  0.29151000E+01  0.12291610E+01  0.12291610E+01  0.12291610E+01  0.00000000E+00  0.00000000E+00  0.00000000E+00
  0.29411000E+01  0.13166943E+01  0.13166943E+01  0.13166943E+01  0.00000000E+00  0.00000000E+00  0.00000000E+00
  0.29671000E+01  0.13981927E+01  0.13981927E+01  0.13981927E+01  0.00000000E+00  0.00000000E+00  0.00000000E+00
  0.29931000E+01  0.14744539E+01  0.14744539E+01  0.14744539E+01  0.00000000E+00  0.00000000E+00  0.00000000E+00
  0.30192000E+01  0.15464321E+01  0.15464321E+01  0.15464321E+01  0.00000000E+00  0.00000000E+00  0.00000000E+00
  0.30452000E+01  0.16148814E+01  0.16148814E+01  0.16148814E+01  0.00000000E+00  0.00000000E+00  0.00000000E+00
  0.30712000E+01  0.16802981E+01  0.16802981E+01  0.16802981E+01  0.00000000E+00  0.00000000E+00  0.00000000E+00
  0.30973000E+01  0.17430207E+01  0.17430207E+01  0.17430207E+01  0.00000000E+00  0.00000000E+00  0.00000000E+00
  0.31233000E+01  0.18033902E+01  0.18033902E+01  0.18033902E+01  0.00000000E+00  0.00000000E+00  0.00000000E+00
  0.31493000E+01  0.18619962E+01  0.18619962E+01  0.18619962E+01  0.00000000E+00  0.00000000E+00  0.00000000E+00
  0.31753000E+01  0.19195287E+01  0.19195287E+01  0.19195287E+01  0.00000000E+00  0.00000000E+00  0.00000000E+00
  0.32014000E+01  0.19763680E+01  0.19763680E+01  0.19763680E+01  0.00000000E+00  0.00000000E+00  0.00000000E+00
  0.32274000E+01  0.20323195E+01  0.20323195E+01  0.20323195E+01  0.00000000E+00  0.00000000E+00  0.00000000E+00
  0.32534000E+01  0.20867934E+01  0.20867934E+01  0.20867934E+01  0.00000000E+00  0.00000000E+00  0.00000000E+00
  0.32794000E+01  0.21392768E+01  0.21392768E+01  0.21392768E+01  0.00000000E+00  0.00000000E+00  0.00000000E+00
  0.33055000E+01  0.21897896E+01  0.21897896E+01  0.21897896E+01  0.00000000E+00  0.00000000E+00  0.00000000E+00
  0.33315000E+01  0.22389710E+01  0.22389710E+01  0.22389710E+01  0.00000000E+00  0.00000000E+00  0.00000000E+00
  0.33575000E+01  0.22877626E+01  0.22877626E+01  0.22877626E+01  0.00000000E+00  0.00000000E+00  0.00000000E+00
  0.33836000E+01  0.23371787E+01  0.23371787E+01  0.23371787E+01  0.00000000E+00  0.00000000E+00  0.00000000E+00
  0.34096000E+01  0.23883557E+01  0.23883557E+01  0.23883557E+01  0.00000000E+00  0.00000000E+00  0.00000000E+00
  0.34356000E+01  0.24424502E+01  0.24424502E+01  0.24424502E+01  0.00000000E+00  0.00000000E+00  0.00000000E+00
  0.34616000E+01  0.25005008E+01  0.25005008E+01  0.25005008E+01  0.00000000E+00  0.00000000E+00  0.00000000E+00
  0.34877000E+01  0.25631066E+01  0.25631066E+01  0.25631066E+01  0.00000000E+00  0.00000000E+00  0.00000000E+00
  0.35137000E+01  0.26304232E+01  0.26304232E+01  0.26304232E+01  0.00000000E+00  0.00000000E+00  0.00000000E+00
  0.35397000E+01  0.27026061E+01  0.27026061E+01  0.27026061E+01  0.00000000E+00  0.00000000E+00  0.00000000E+00
  0.35657000E+01  0.27804884E+01  0.27804884E+01  0.27804884E+01  0.00000000E+00  0.00000000E+00  0.00000000E+00
  0.35918000E+01  0.28658627E+01  0.28658627E+01  0.28658627E+01  0.00000000E+00  0.00000000E+00  0.00000000E+00
  0.36178000E+01  0.29609739E+01  0.29609739E+01  0.29609739E+01  0.00000000E+00  0.00000000E+00  0.00000000E+00
  0.36438000E+01  0.30674790E+01  0.30674790E+01  0.30674790E+01  0.00000000E+00  0.00000000E+00  0.00000000E+00
  0.36699000E+01  0.31856837E+01  0.31856837E+01  0.31856837E+01  0.00000000E+00  0.00000000E+00  0.00000000E+00
  0.36959000E+01  0.33146712E+01  0.33146712E+01  0.33146712E+01  0.00000000E+00  0.00000000E+00  0.00000000E+00
  0.37219000E+01  0.34532745E+01  0.34532745E+01  0.34532745E+01  0.00000000E+00  0.00000000E+00  0.00000000E+00
  0.37479000E+01  0.36003369E+01  0.36003369E+01  0.36003369E+01  0.00000000E+00  0.00000000E+00  0.00000000E+00
  0.37740000E+01  0.37537020E+01  0.37537020E+01  0.37537020E+01  0.00000000E+00  0.00000000E+00  0.00000000E+00
  0.38000000E+01  0.39094298E+01  0.39094298E+01  0.39094298E+01  0.00000000E+00  0.00000000E+00  0.00000000E+00
  0.38260000E+01  0.40623374E+01  0.40623374E+01  0.40623374E+01  0.00000000E+00  0.00000000E+00  0.00000000E+00
  0.38520000E+01  0.42072378E+01  0.42072378E+01  0.42072378E+01  0.00000000E+00  0.00000000E+00  0.00000000E+00
  0.38781000E+01  0.43395752E+01  0.43395752E+01  0.43395752E+01  0.00000000E+00  0.00000000E+00  0.00000000E+00
  0.39041000E+01  0.44551905E+01  0.44551905E+01  0.44551905E+01  0.00000000E+00  0.00000000E+00  0.00000000E+00
  0.39301000E+01  0.45503961E+01  0.45503961E+01  0.45503961E+01  0.00000000E+00  0.00000000E+00  0.00000000E+00
  0.39562000E+01  0.46223217E+01  0.46223217E+01  0.46223217E+01  0.00000000E+00  0.00000000E+00  0.00000000E+00
  0.39822000E+01  0.46693820E+01  0.46693820E+01  0.46693820E+01  0.00000000E+00  0.00000000E+00  0.00000000E+00
  0.40082000E+01  0.46912499E+01  0.46912499E+01  0.46912499E+01  0.00000000E+00  0.00000000E+00  0.00000000E+00
  0.40342000E+01  0.46885170E+01  0.46885170E+01  0.46885170E+01  0.00000000E+00  0.00000000E+00  0.00000000E+00
  0.40603000E+01  0.46624185E+01  0.46624185E+01  0.46624185E+01  0.00000000E+00  0.00000000E+00  0.00000000E+00
  0.40863000E+01  0.46152966E+01  0.46152966E+01  0.46152966E+01  0.00000000E+00  0.00000000E+00  0.00000000E+00
  0.41123000E+01  0.45516040E+01  0.45516040E+01  0.45516040E+01  0.00000000E+00  0.00000000E+00  0.00000000E+00
  0.41383000E+01  0.44779064E+01  0.44779064E+01  0.44779064E+01  0.00000000E+00  0.00000000E+00  0.00000000E+00
  0.41644000E+01  0.44010579E+01  0.44010579E+01  0.44010579E+01  0.00000000E+00  0.00000000E+00  0.00000000E+00
  0.41904000E+01  0.43260862E+01  0.43260862E+01  0.43260862E+01  0.00000000E+00  0.00000000E+00  0.00000000E+00
  0.42164000E+01  0.42556900E+01  0.42556900E+01  0.42556900E+01  0.00000000E+00  0.00000000E+00  0.00000000E+00
  0.42425000E+01  0.41909103E+01  0.41909103E+01  0.41909103E+01  0.00000000E+00  0.00000000E+00  0.00000000E+00
  0.42685000E+01  0.41319040E+01  0.41319040E+01  0.41319040E+01  0.00000000E+00  0.00000000E+00  0.00000000E+00
  0.42945000E+01  0.40781921E+01  0.40781921E+01  0.40781921E+01  0.00000000E+00  0.00000000E+00  0.00000000E+00
  0.43205000E+01  0.40289884E+01  0.40289884E+01  0.40289884E+01  0.00000000E+00  0.00000000E+00  0.00000000E+00
  0.43466000E+01  0.39837869E+01  0.39837869E+01  0.39837869E+01  0.00000000E+00  0.00000000E+00  0.00000000E+00
  0.43726000E+01  0.39426755E+01  0.39426755E+01  0.39426755E+01  0.00000000E+00  0.00000000E+00  0.00000000E+00
  0.43986000E+01  0.39061890E+01  0.39061890E+01  0.39061890E+01  0.00000000E+00  0.00000000E+00  0.00000000E+00
  0.44246000E+01  0.38753722E+01  0.38753722E+01  0.38753722E+01  0.00000000E+00  0.00000000E+00  0.00000000E+00
  0.44507000E+01  0.38524035E+01  0.38524035E+01  0.38524035E+01  0.00000000E+00  0.00000000E+00  0.00000000E+00
  0.44767000E+01  0.38416698E+01  0.38416698E+01  0.38416698E+01  0.00000000E+00  0.00000000E+00  0.00000000E+00
  0.45027000E+01  0.38501665E+01  0.38501665E+01  0.38501665E+01  0.00000000E+00  0.00000000E+00  0.00000000E+00
  0.45288000E+01  0.38856186E+01  0.38856186E+01  0.38856186E+01  0.00000000E+00  0.00000000E+00  0.00000000E+00
  0.45548000E+01  0.39487225E+01  0.39487225E+01  0.39487225E+01  0.00000000E+00  0.00000000E+00  0.00000000E+00
  0.45808000E+01  0.40224583E+01  0.40224583E+01  0.40224583E+01  0.00000000E+00  0.00000000E+00  0.00000000E+00
  0.46068000E+01  0.40775819E+01  0.40775819E+01  0.40775819E+01  0.00000000E+00  0.00000000E+00  0.00000000E+00
  0.46329000E+01  0.40987153E+01  0.40987153E+01  0.40987153E+01  0.00000000E+00  0.00000000E+00  0.00000000E+00
  0.46589000E+01  0.40924803E+01  0.40924803E+01  0.40924803E+01  0.00000000E+00  0.00000000E+00  0.00000000E+00
  0.46849000E+01  0.40719243E+01  0.40719243E+01  0.40719243E+01  0.00000000E+00  0.00000000E+00  0.00000000E+00
  0.47109000E+01  0.40458878E+01  0.40458878E+01  0.40458878E+01  0.00000000E+00  0.00000000E+00  0.00000000E+00
  0.47370000E+01  0.40185064E+01  0.40185064E+01  0.40185064E+01  0.00000000E+00  0.00000000E+00  0.00000000E+00
  0.47630000E+01  0.39912151E+01  0.39912151E+01  0.39912151E+01  0.00000000E+00  0.00000000E+00  0.00000000E+00
  0.47890000E+01  0.39643409E+01  0.39643409E+01  0.39643409E+01  0.00000000E+00  0.00000000E+00  0.00000000E+00
  0.48151000E+01  0.39379290E+01  0.39379290E+01  0.39379290E+01  0.00000000E+00  0.00000000E+00  0.00000000E+00
  0.48411000E+01  0.39119992E+01  0.39119992E+01  0.39119992E+01  0.00000000E+00  0.00000000E+00  0.00000000E+00
  0.48671000E+01  0.38867049E+01  0.38867049E+01  0.38867049E+01  0.00000000E+00  0.00000000E+00  0.00000000E+00
  0.48931000E+01  0.38623792E+01  0.38623792E+01  0.38623792E+01  0.00000000E+00  0.00000000E+00  0.00000000E+00
  0.49192000E+01  0.38393264E+01  0.38393264E+01  0.38393264E+01  0.00000000E+00  0.00000000E+00  0.00000000E+00
  0.49452000E+01  0.38172880E+01  0.38172880E+01  0.38172880E+01  0.00000000E+00  0.00000000E+00  0.00000000E+00
  0.49712000E+01  0.37954238E+01  0.37954238E+01  0.37954238E+01  0.00000000E+00  0.00000000E+00  0.00000000E+00
  0.49972000E+01  0.37732970E+01  0.37732970E+01  0.37732970E+01  0.00000000E+00  0.00000000E+00  0.00000000E+00
  0.50233000E+01  0.37512559E+01  0.37512559E+01  0.37512559E+01  0.00000000E+00  0.00000000E+00  0.00000000E+00
  0.50493000E+01  0.37298002E+01  0.37298002E+01  0.37298002E+01  0.00000000E+00  0.00000000E+00  0.00000000E+00
  0.50753000E+01  0.37091693E+01  0.37091693E+01  0.37091693E+01  0.00000000E+00  0.00000000E+00  0.00000000E+00
  0.51014000E+01  0.36893945E+01  0.36893945E+01  0.36893945E+01  0.00000000E+00  0.00000000E+00  0.00000000E+00
  0.51274000E+01  0.36705037E+01  0.36705037E+01  0.36705037E+01  0.00000000E+00  0.00000000E+00  0.00000000E+00
  0.51534000E+01  0.36526144E+01  0.36526144E+01  0.36526144E+01  0.00000000E+00  0.00000000E+00  0.00000000E+00
  0.51794000E+01  0.36359035E+01  0.36359035E+01  0.36359035E+01  0.00000000E+00  0.00000000E+00  0.00000000E+00
  0.52055000E+01  0.36205616E+01  0.36205616E+01  0.36205616E+01  0.00000000E+00  0.00000000E+00  0.00000000E+00
  0.52315000E+01  0.36065438E+01  0.36065438E+01  0.36065438E+01  0.00000000E+00  0.00000000E+00  0.00000000E+00
  0.52575000E+01  0.35934375E+01  0.35934375E+01  0.35934375E+01  0.00000000E+00  0.00000000E+00  0.00000000E+00
  0.52836000E+01  0.35802890E+01  0.35802890E+01  0.35802890E+01  0.00000000E+00  0.00000000E+00  0.00000000E+00
  0.53096000E+01  0.35658552E+01  0.35658552E+01  0.35658552E+01  0.00000000E+00  0.00000000E+00  0.00000000E+00
  0.53356000E+01  0.35494725E+01  0.35494725E+01  0.35494725E+01  0.00000000E+00  0.00000000E+00  0.00000000E+00
  0.53616000E+01  0.35311674E+01  0.35311674E+01  0.35311674E+01  0.00000000E+00  0.00000000E+00  0.00000000E+00
  0.53877000E+01  0.35114690E+01  0.35114690E+01  0.35114690E+01  0.00000000E+00  0.00000000E+00  0.00000000E+00
  0.54137000E+01  0.34910948E+01  0.34910948E+01  0.34910948E+01  0.00000000E+00  0.00000000E+00  0.00000000E+00
  0.54397000E+01  0.34705634E+01  0.34705634E+01  0.34705634E+01  0.00000000E+00  0.00000000E+00  0.00000000E+00
  0.54657000E+01  0.34500997E+01  0.34500997E+01  0.34500997E+01  0.00000000E+00  0.00000000E+00  0.00000000E+00
  0.54918000E+01  0.34297165E+01  0.34297165E+01  0.34297165E+01  0.00000000E+00  0.00000000E+00  0.00000000E+00
  0.55178000E+01  0.34092847E+01  0.34092847E+01  0.34092847E+01  0.00000000E+00  0.00000000E+00  0.00000000E+00
  0.55438000E+01  0.33887772E+01  0.33887772E+01  0.33887772E+01  0.00000000E+00  0.00000000E+00  0.00000000E+00
  0.55699000E+01  0.33683221E+01  0.33683221E+01  0.33683221E+01  0.00000000E+00  0.00000000E+00  0.00000000E+00
  0.55959000E+01  0.33482325E+01  0.33482325E+01  0.33482325E+01  0.00000000E+00  0.00000000E+00  0.00000000E+00
  0.56219000E+01  0.33287069E+01  0.33287069E+01  0.33287069E+01  0.00000000E+00  0.00000000E+00  0.00000000E+00
  0.56479000E+01  0.33097858E+01  0.33097858E+01  0.33097858E+01  0.00000000E+00  0.00000000E+00  0.00000000E+00
  0.56740000E+01  0.32913851E+01  0.32913851E+01  0.32913851E+01  0.00000000E+00  0.00000000E+00  0.00000000E+00
  0.57000000E+01  0.32733191E+01  0.32733191E+01  0.32733191E+01  0.00000000E+00  0.00000000E+00  0.00000000E+00
  0.57260000E+01  0.32553781E+01  0.32553781E+01  0.32553781E+01  0.00000000E+00  0.00000000E+00  0.00000000E+00
  0.57520000E+01  0.32374084E+01  0.32374084E+01  0.32374084E+01  0.00000000E+00  0.00000000E+00  0.00000000E+00
  0.57781000E+01  0.32192893E+01  0.32192893E+01  0.32192893E+01  0.00000000E+00  0.00000000E+00  0.00000000E+00
  0.58041000E+01  0.32009981E+01  0.32009981E+01  0.32009981E+01  0.00000000E+00  0.00000000E+00  0.00000000E+00
  0.58301000E+01  0.31824960E+01  0.31824960E+01  0.31824960E+01  0.00000000E+00  0.00000000E+00  0.00000000E+00
  0.58562000E+01  0.31638742E+01  0.31638742E+01  0.31638742E+01  0.00000000E+00  0.00000000E+00  0.00000000E+00
  0.58822000E+01  0.31452066E+01  0.31452066E+01  0.31452066E+01  0.00000000E+00  0.00000000E+00  0.00000000E+00
  0.59082000E+01  0.31265836E+01  0.31265836E+01  0.31265836E+01  0.00000000E+00  0.00000000E+00  0.00000000E+00
  0.59342000E+01  0.31080602E+01  0.31080602E+01  0.31080602E+01  0.00000000E+00  0.00000000E+00  0.00000000E+00
  0.59603000E+01  0.30896507E+01  0.30896507E+01  0.30896507E+01  0.00000000E+00  0.00000000E+00  0.00000000E+00
  0.59863000E+01  0.30713171E+01  0.30713171E+01  0.30713171E+01  0.00000000E+00  0.00000000E+00  0.00000000E+00
  0.60123000E+01  0.30528725E+01  0.30528725E+01  0.30528725E+01  0.00000000E+00  0.00000000E+00  0.00000000E+00
  0.60383000E+01  0.30341269E+01  0.30341269E+01  0.30341269E+01  0.00000000E+00  0.00000000E+00  0.00000000E+00
  0.60644000E+01  0.30149197E+01  0.30149197E+01  0.30149197E+01  0.00000000E+00  0.00000000E+00  0.00000000E+00
  0.60904000E+01  0.29953886E+01  0.29953886E+01  0.29953886E+01  0.00000000E+00  0.00000000E+00  0.00000000E+00
  0.61164000E+01  0.29758601E+01  0.29758601E+01  0.29758601E+01  0.00000000E+00  0.00000000E+00  0.00000000E+00
  0.61425000E+01  0.29566747E+01  0.29566747E+01  0.29566747E+01  0.00000000E+00  0.00000000E+00  0.00000000E+00
  0.61685000E+01  0.29380536E+01  0.29380536E+01  0.29380536E+01  0.00000000E+00  0.00000000E+00  0.00000000E+00
  0.61945000E+01  0.29200340E+01  0.29200340E+01  0.29200340E+01  0.00000000E+00  0.00000000E+00  0.00000000E+00
  0.62205000E+01  0.29025653E+01  0.29025653E+01  0.29025653E+01  0.00000000E+00  0.00000000E+00  0.00000000E+00
  0.62466000E+01  0.28855192E+01  0.28855192E+01  0.28855192E+01  0.00000000E+00  0.00000000E+00  0.00000000E+00
  0.62726000E+01  0.28688522E+01  0.28688522E+01  0.28688522E+01  0.00000000E+00  0.00000000E+00  0.00000000E+00
  0.62986000E+01  0.28524228E+01  0.28524228E+01  0.28524228E+01  0.00000000E+00  0.00000000E+00  0.00000000E+00
  0.63246000E+01  0.28361903E+01  0.28361903E+01  0.28361903E+01  0.00000000E+00  0.00000000E+00  0.00000000E+00
  0.63507000E+01  0.28201270E+01  0.28201270E+01  0.28201270E+01  0.00000000E+00  0.00000000E+00  0.00000000E+00
  0.63767000E+01  0.28042721E+01  0.28042721E+01  0.28042721E+01  0.00000000E+00  0.00000000E+00  0.00000000E+00
  0.64027000E+01  0.27886830E+01  0.27886830E+01  0.27886830E+01  0.00000000E+00  0.00000000E+00  0.00000000E+00
  0.64288000E+01  0.27733996E+01  0.27733996E+01  0.27733996E+01  0.00000000E+00  0.00000000E+00  0.00000000E+00
  0.64548000E+01  0.27584418E+01  0.27584418E+01  0.27584418E+01  0.00000000E+00  0.00000000E+00  0.00000000E+00
  0.64808000E+01  0.27437627E+01  0.27437627E+01  0.27437627E+01  0.00000000E+00  0.00000000E+00  0.00000000E+00
  0.65068000E+01  0.27293188E+01  0.27293188E+01  0.27293188E+01  0.00000000E+00  0.00000000E+00  0.00000000E+00
  0.65329000E+01  0.27150880E+01  0.27150880E+01  0.27150880E+01  0.00000000E+00  0.00000000E+00  0.00000000E+00
  0.65589000E+01  0.27010085E+01  0.27010085E+01  0.27010085E+01  0.00000000E+00  0.00000000E+00  0.00000000E+00
  0.65849000E+01  0.26870438E+01  0.26870438E+01  0.26870438E+01  0.00000000E+00  0.00000000E+00  0.00000000E+00
  0.66109000E+01  0.26731171E+01  0.26731171E+01  0.26731171E+01  0.00000000E+00  0.00000000E+00  0.00000000E+00
  0.66370000E+01  0.26591681E+01  0.26591681E+01  0.26591681E+01  0.00000000E+00  0.00000000E+00  0.00000000E+00
  0.66630000E+01  0.26451299E+01  0.26451299E+01  0.26451299E+01  0.00000000E+00  0.00000000E+00  0.00000000E+00
  0.66890000E+01  0.26309920E+01  0.26309920E+01  0.26309920E+01  0.00000000E+00  0.00000000E+00  0.00000000E+00
  0.67151000E+01  0.26167340E+01  0.26167340E+01  0.26167340E+01  0.00000000E+00  0.00000000E+00  0.00000000E+00
  0.67411000E+01  0.26023706E+01  0.26023706E+01  0.26023706E+01  0.00000000E+00  0.00000000E+00  0.00000000E+00
  0.67671000E+01  0.25879440E+01  0.25879440E+01  0.25879440E+01  0.00000000E+00  0.00000000E+00  0.00000000E+00
  0.67931000E+01  0.25734925E+01  0.25734925E+01  0.25734925E+01  0.00000000E+00  0.00000000E+00  0.00000000E+00
  0.68192000E+01  0.25590600E+01  0.25590600E+01  0.25590600E+01  0.00000000E+00  0.00000000E+00  0.00000000E+00
  0.68452000E+01  0.25447051E+01  0.25447051E+01  0.25447051E+01  0.00000000E+00  0.00000000E+00  0.00000000E+00
  0.68712000E+01  0.25304376E+01  0.25304376E+01  0.25304376E+01  0.00000000E+00  0.00000000E+00  0.00000000E+00
  0.68972000E+01  0.25163098E+01  0.25163098E+01  0.25163098E+01  0.00000000E+00  0.00000000E+00  0.00000000E+00
  0.69233000E+01  0.25023374E+01  0.25023374E+01  0.25023374E+01  0.00000000E+00  0.00000000E+00  0.00000000E+00
  0.69493000E+01  0.24885560E+01  0.24885560E+01  0.24885560E+01  0.00000000E+00  0.00000000E+00  0.00000000E+00
  0.69753000E+01  0.24749592E+01  0.24749592E+01  0.24749592E+01  0.00000000E+00  0.00000000E+00  0.00000000E+00
  0.70014000E+01  0.24615708E+01  0.24615708E+01  0.24615708E+01  0.00000000E+00  0.00000000E+00  0.00000000E+00
  0.70274000E+01  0.24483570E+01  0.24483570E+01  0.24483570E+01  0.00000000E+00  0.00000000E+00  0.00000000E+00
  0.70534000E+01  0.24352492E+01  0.24352492E+01  0.24352492E+01  0.00000000E+00  0.00000000E+00  0.00000000E+00
  0.70794000E+01  0.24221425E+01  0.24221425E+01  0.24221425E+01  0.00000000E+00  0.00000000E+00  0.00000000E+00
  0.71055000E+01  0.24089380E+01  0.24089380E+01  0.24089380E+01  0.00000000E+00  0.00000000E+00  0.00000000E+00
  0.71315000E+01  0.23955077E+01  0.23955077E+01  0.23955077E+01  0.00000000E+00  0.00000000E+00  0.00000000E+00
  0.71575000E+01  0.23818013E+01  0.23818013E+01  0.23818013E+01  0.00000000E+00  0.00000000E+00  0.00000000E+00
  0.71835000E+01  0.23679118E+01  0.23679118E+01  0.23679118E+01  0.00000000E+00  0.00000000E+00  0.00000000E+00
  0.72096000E+01  0.23540019E+01  0.23540019E+01  0.23540019E+01  0.00000000E+00  0.00000000E+00  0.00000000E+00
  0.72356000E+01  0.23402327E+01  0.23402327E+01  0.23402327E+01  0.00000000E+00  0.00000000E+00  0.00000000E+00
  0.72616000E+01  0.23266951E+01  0.23266951E+01  0.23266951E+01  0.00000000E+00  0.00000000E+00  0.00000000E+00
  0.72877000E+01  0.23134499E+01  0.23134499E+01  0.23134499E+01  0.00000000E+00  0.00000000E+00  0.00000000E+00
  0.73137000E+01  0.23005586E+01  0.23005586E+01  0.23005586E+01  0.00000000E+00  0.00000000E+00  0.00000000E+00
  0.73397000E+01  0.22880347E+01  0.22880347E+01  0.22880347E+01  0.00000000E+00  0.00000000E+00  0.00000000E+00
  0.73657000E+01  0.22758626E+01  0.22758626E+01  0.22758626E+01  0.00000000E+00  0.00000000E+00  0.00000000E+00
  0.73918000E+01  0.22639967E+01  0.22639967E+01  0.22639967E+01  0.00000000E+00  0.00000000E+00  0.00000000E+00
  0.74178000E+01  0.22523864E+01  0.22523864E+01  0.22523864E+01  0.00000000E+00  0.00000000E+00  0.00000000E+00
  0.74438000E+01  0.22410058E+01  0.22410058E+01  0.22410058E+01  0.00000000E+00  0.00000000E+00  0.00000000E+00
  0.74698000E+01  0.22298069E+01  0.22298069E+01  0.22298069E+01  0.00000000E+00  0.00000000E+00  0.00000000E+00
  0.74959000E+01  0.22186889E+01  0.22186889E+01  0.22186889E+01  0.00000000E+00  0.00000000E+00  0.00000000E+00
  0.75219000E+01  0.22076575E+01  0.22076575E+01  0.22076575E+01  0.00000000E+00  0.00000000E+00  0.00000000E+00
  0.75479000E+01  0.21966703E+01  0.21966703E+01  0.21966703E+01  0.00000000E+00  0.00000000E+00  0.00000000E+00
  0.75740000E+01  0.21857630E+01  0.21857630E+01  0.21857630E+01  0.00000000E+00  0.00000000E+00  0.00000000E+00
  0.76000000E+01  0.21749188E+01  0.21749188E+01  0.21749188E+01  0.00000000E+00  0.00000000E+00  0.00000000E+00
  0.76260000E+01  0.21642190E+01  0.21642190E+01  0.21642190E+01  0.00000000E+00  0.00000000E+00  0.00000000E+00
  0.76520000E+01  0.21536124E+01  0.21536124E+01  0.21536124E+01  0.00000000E+00  0.00000000E+00  0.00000000E+00
  0.76781000E+01  0.21430329E+01  0.21430329E+01  0.21430329E+01  0.00000000E+00  0.00000000E+00  0.00000000E+00
  0.77041000E+01  0.21324540E+01  0.21324540E+01  0.21324540E+01  0.00000000E+00  0.00000000E+00  0.00000000E+00
  0.77301000E+01  0.21218561E+01  0.21218561E+01  0.21218561E+01  0.00000000E+00  0.00000000E+00  0.00000000E+00
  0.77561000E+01  0.21112926E+01  0.21112926E+01  0.21112926E+01  0.00000000E+00  0.00000000E+00  0.00000000E+00
  0.77822000E+01  0.21009058E+01  0.21009058E+01  0.21009058E+01  0.00000000E+00  0.00000000E+00  0.00000000E+00
  0.78082000E+01  0.20907315E+01  0.20907315E+01  0.20907315E+01  0.00000000E+00  0.00000000E+00  0.00000000E+00
