    0.000000    0.000000    0.000000    0.000000
    0.026000    0.004100    0.004100    0.004100
    0.052100    0.008100    0.008100    0.008100
    0.078100    0.012200    0.012200    0.012200
    0.104100    0.016300    0.016300    0.016300
    0.130100    0.020300    0.020300    0.020300
    0.156200    0.024400    0.024400    0.024400
    0.182200    0.028600    0.028600    0.028600
    0.208200    0.032700    0.032700    0.032700
    0.234200    0.036800    0.036800    0.036800
    0.260300    0.041000    0.041000    0.041000
    0.286300    0.045200    0.045200    0.045200
    0.312300    0.049400    0.049400    0.049400
    0.338400    0.053700    0.053700    0.053700
    0.364400    0.058000    0.058000    0.058000
    0.390400    0.062300    0.062300    0.062300
    0.416400    0.066700    0.066700    0.066700
    0.442500    0.071100    0.071100    0.071100
    0.468500    0.075600    0.075600    0.075600
    0.494500    0.080100    0.080100    0.080100
    0.520500    0.084700    0.084700    0.084700
    0.546600    0.089300    0.089300    0.089300
    0.572600    0.094000    0.094000    0.094000
    0.598600    0.098700    0.098700    0.098700
    0.624700    0.103500    0.103500    0.103500
    0.650700    0.108400    0.108400    0.108400
    0.676700    0.113400    0.113400    0.113400
    0.702700    0.118400    0.118400    0.118400
    0.728800    0.123500    0.123500    0.123500
    0.754800    0.128700    0.128700    0.128700
    0.780800    0.134000    0.134000    0.134000
    0.806800    0.139500    0.139500    0.139500
    0.832900    0.145000    0.145000    0.145000
    0.858900    0.150600    0.150600    0.150600
    0.884900    0.156300    0.156300    0.156300
    0.911000    0.162200    0.162200    0.162200
    0.937000    0.168200    0.168200    0.168200
    0.963000    0.174300    0.174300    0.174300
    0.989000    0.180500    0.180500    0.180500
    1.015100    0.186900    0.186900    0.186900
    1.041100    0.193500    0.193500    0.193500
    1.067100    0.200200    0.200200    0.200200
    1.093100    0.207100    0.207100    0.207100
    1.119200    0.214200    0.214200    0.214200
    1.145200    0.221400    0.221400    0.221400
    1.171200    0.228900    0.228900    0.228900
    1.197300    0.236600    0.236600    0.236600
    1.223300    0.244500    0.244500    0.244500
    1.249300    0.252600    0.252600    0.252600
    1.275300    0.261000    0.261000    0.261000
    1.301400    0.269600    0.269600    0.269600
    1.327400    0.278500    0.278500    0.278500
    1.353400    0.287800    0.287800    0.287800
    1.379400    0.297300    0.297300    0.297300
    1.405500    0.307100    0.307100    0.307100
    1.431500    0.317300    0.317300    0.317300
    1.457500    0.327800    0.327800    0.327800
    1.483600    0.338800    0.338800    0.338800
    1.509600    0.350100    0.350100    0.350100
    1.535600    0.361900    0.361900    0.361900
    1.561600    0.374100    0.374100    0.374100
    1.587700    0.386800    0.386800    0.386800
    1.613700    0.400100    0.400100    0.400100
    1.639700    0.413900    0.413900    0.413900
    1.665700    0.428300    0.428300    0.428300
    1.691800    0.443300    0.443300    0.443300
    1.717800    0.459000    0.459000    0.459000
    1.743800    0.475500    0.475500    0.475500
    1.769900    0.492700    0.492700    0.492700
    1.795900    0.510700    0.510700    0.510700
    1.821900    0.529700    0.529700    0.529700
    1.847900    0.549700    0.549700    0.549700
    1.874000    0.570700    0.570700    0.570700
    1.900000    0.592800    0.592800    0.592800
    1.926000    0.616200    0.616200    0.616200
    1.952100    0.641000    0.641000    0.641000
    1.978100    0.667200    0.667200    0.667200
    2.004100    0.695000    0.695000    0.695000
    2.030100    0.724600    0.724600    0.724600
    2.056200    0.756100    0.756100    0.756100
    2.082200    0.789800    0.789800    0.789800
    2.108200    0.825800    0.825800    0.825800
    2.134200    0.864500    0.864500    0.864500
    2.160300    0.906100    0.906100    0.906100
    2.186300    0.951000    0.951000    0.951000
    2.212300    0.999500    0.999500    0.999500
    2.238400    1.052300    1.052300    1.052300
    2.264400    1.109800    1.109800    1.109800
    2.290400    1.172700    1.172700    1.172700
    2.316400    1.241900    1.241900    1.241900
    2.342500    1.318400    1.318400    1.318400
    2.368500    1.403400    1.403400    1.403400
    2.394500    1.498400    1.498400    1.498400
    2.420500    1.605500    1.605500    1.605500
    2.446600    1.727200    1.727200    1.727200
    2.472600    1.866600    1.866600    1.866600
    2.498600    2.028200    2.028200    2.028200
    2.524700    2.217700    2.217700    2.217700
    2.550700    2.442900    2.442900    2.442900
    2.576700    2.714700    2.714700    2.714700
    2.602700    3.047600    3.047600    3.047600
    2.628800    3.459900    3.459900    3.459900
    2.654800    3.972000    3.972000    3.972000
    2.680800    4.598800    4.598800    4.598800
    2.706800    5.340300    5.340300    5.340300
    2.732900    6.182900    6.182900    6.182900
    2.758900    7.114300    7.114300    7.114300
    2.784900    8.129200    8.129200    8.129200
    2.811000    9.220400    9.220400    9.220400
    2.837000   10.364500   10.364500   10.364500
    2.863000   11.518400   11.518400   11.518400
    2.889000   12.633200   12.633200   12.633200
    2.915100   13.674600   13.674600   13.674600
    2.941100   14.631000   14.631000   14.631000
    2.967100   15.507500   15.507500   15.507500
    2.993100   16.316500   16.316500   16.316500
    3.019200   17.071000   17.071000   17.071000
    3.045200   17.780700   17.780700   17.780700
    3.071200   18.452000   18.452000   18.452000
    3.097300   19.089800   19.089800   19.089800
    3.123300   19.699400   19.699400   19.699400
    3.149300   20.288900   20.288900   20.288900
    3.175300   20.865900   20.865900   20.865900
    3.201400   21.433100   21.433100   21.433100
    3.227400   21.986700   21.986700   21.986700
    3.253400   22.520400   22.520400   22.520400
    3.279400   23.031500   23.031500   23.031500
    3.305500   23.525100   23.525100   23.525100
    3.331500   24.013000   24.013000   24.013000
    3.357500   24.508700   24.508700   24.508700
    3.383600   25.025500   25.025500   25.025500
    3.409600   25.576800   25.576800   25.576800
    3.435600   26.174800   26.174800   26.174800
    3.461600   26.828500   26.828500   26.828500
    3.487700   27.540800   27.540800   27.540800
    3.513700   28.310700   28.310700   28.310700
    3.539700   29.140100   29.140100   29.140100
    3.565700   30.040300   30.040300   30.040300
    3.591800   31.030700   31.030700   31.030700
    3.617800   32.128500   32.128500   32.128500
    3.643800   33.335200   33.335200   33.335200
    3.669900   34.630700   34.630700   34.630700
    3.695900   35.980200   35.980200   35.980200
    3.721900   37.346300   37.346300   37.346300
    3.747900   38.685600   38.685600   38.685600
    3.774000   39.935000   39.935000   39.935000
    3.800000   41.010900   41.010900   41.010900
    3.826000   41.828100   41.828100   41.828100
    3.852000   42.319500   42.319500   42.319500
    3.878100   42.441500   42.441500   42.441500
    3.904100   42.170700   42.170700   42.170700
    3.930100   41.507600   41.507600   41.507600
    3.956200   40.480200   40.480200   40.480200
    3.982200   39.142600   39.142600   39.142600
    4.008200   37.565900   37.565900   37.565900
    4.034200   35.827500   35.827500   35.827500
    4.060300   34.007600   34.007600   34.007600
    4.086300   32.192100   32.192100   32.192100
    4.112300   30.470600   30.470600   30.470600
    4.138300   28.916800   28.916800   28.916800
    4.164400   27.566100   27.566100   27.566100
    4.190400   26.415100   26.415100   26.415100
    4.216400   25.439200   25.439200   25.439200
    4.242500   24.609500   24.609500   24.609500
    4.268500   23.899600   23.899600   23.899600
    4.294500   23.286800   23.286800   23.286800
    4.320500   22.755400   22.755400   22.755400
    4.346600   22.298900   22.298900   22.298900
    4.372600   21.918000   21.918000   21.918000
    4.398600   21.616600   21.616600   21.616600
    4.424600   21.404000   21.404000   21.404000
    4.450700   21.298200   21.298200   21.298200
    4.476700   21.325700   21.325700   21.325700
    4.502700   21.506800   21.506800   21.506800
    4.528800   21.815500   21.815500   21.815500
    4.554800   22.113000   22.113000   22.113000
    4.580800   22.147600   22.147600   22.147600
    4.606800   21.757900   21.757900   21.757900
    4.632900   21.054900   21.054900   21.054900
    4.658900   20.261200   20.261200   20.261200
    4.684900   19.510200   19.510200   19.510200
    4.710900   18.837000   18.837000   18.837000
    4.737000   18.234800   18.234800   18.234800
    4.763000   17.687700   17.687700   17.687700
    4.789000   17.183300   17.183300   17.183300
    4.815100   16.713500   16.713500   16.713500
    4.841100   16.273800   16.273800   16.273800
    4.867100   15.861900   15.861900   15.861900
    4.893100   15.475900   15.475900   15.475900
    4.919200   15.111400   15.111400   15.111400
    4.945200   14.760200   14.760200   14.760200
    4.971200   14.417100   14.417100   14.417100
    4.997200   14.084400   14.084400   14.084400
    5.023300   13.767100   13.767100   13.767100
    5.049300   13.466200   13.466200   13.466200
    5.075300   13.179900   13.179900   13.179900
    5.101400   12.906200   12.906200   12.906200
    5.127400   12.643800   12.643800   12.643800
    5.153400   12.392200   12.392200   12.392200
    5.179400   12.150000   12.150000   12.150000
    5.205500   11.914600   11.914600   11.914600
    5.231500   11.681100   11.681100   11.681100
    5.257500   11.442700   11.442700   11.442700
    5.283600   11.192900   11.192900   11.192900
    5.309600   10.930200   10.930200   10.930200
    5.335600   10.659900   10.659900   10.659900
    5.361600   10.389900   10.389900   10.389900
    5.387700   10.127200   10.127200   10.127200
    5.413700    9.875400    9.875400    9.875400
    5.439700    9.634700    9.634700    9.634700
    5.465700    9.403500    9.403500    9.403500
    5.491800    9.180000    9.180000    9.180000
    5.517800    8.963300    8.963300    8.963300
    5.543800    8.754100    8.754100    8.754100
    5.569900    8.553400    8.553400    8.553400
    5.595900    8.361900    8.361900    8.361900
    5.621900    8.178300    8.178300    8.178300
    5.647900    8.000600    8.000600    8.000600
    5.674000    7.826900    7.826900    7.826900
    5.700000    7.655700    7.655700    7.655700
    5.726000    7.486200    7.486200    7.486200
    5.752000    7.318300    7.318300    7.318300
    5.778100    7.152400    7.152400    7.152400
    5.804100    6.989000    6.989000    6.989000
    5.830100    6.828900    6.828900    6.828900
    5.856200    6.672700    6.672700    6.672700
    5.882200    6.520900    6.520900    6.520900
    5.908200    6.373400    6.373400    6.373400
    5.934200    6.229900    6.229900    6.229900
    5.960300    6.089800    6.089800    6.089800
    5.986300    5.952300    5.952300    5.952300
    6.012300    5.816600    5.816600    5.816600
    6.038300    5.682900    5.682900    5.682900
    6.064400    5.552500    5.552500    5.552500
    6.090400    5.427700    5.427700    5.427700
    6.116400    5.310200    5.310200    5.310200
    6.142500    5.199800    5.199800    5.199800
    6.168500    5.095500    5.095500    5.095500
    6.194500    4.995900    4.995900    4.995900
    6.220500    4.899700    4.899700    4.899700
    6.246600    4.806000    4.806000    4.806000
    6.272600    4.714400    4.714400    4.714400
    6.298600    4.624500    4.624500    4.624500
    6.324600    4.536400    4.536400    4.536400
    6.350700    4.450500    4.450500    4.450500
    6.376700    4.366900    4.366900    4.366900
    6.402700    4.285700    4.285700    4.285700
    6.428800    4.206600    4.206600    4.206600
    6.454800    4.129200    4.129200    4.129200
    6.480800    4.053100    4.053100    4.053100
    6.506800    3.978000    3.978000    3.978000
    6.532900    3.903700    3.903700    3.903700
    6.558900    3.829900    3.829900    3.829900
    6.584900    3.756500    3.756500    3.756500
    6.610900    3.683300    3.683300    3.683300
    6.637000    3.610500    3.610500    3.610500
    6.663000    3.538200    3.538200    3.538200
    6.689000    3.466600    3.466600    3.466600
    6.715100    3.396100    3.396100    3.396100
    6.741100    3.327100    3.327100    3.327100
    6.767100    3.259800    3.259800    3.259800
    6.793100    3.194300    3.194300    3.194300
    6.819200    3.130800    3.130800    3.130800
    6.845200    3.069400    3.069400    3.069400
    6.871200    3.009900    3.009900    3.009900
    6.897200    2.952200    2.952200    2.952200
    6.923300    2.896200    2.896200    2.896200
    6.949300    2.841800    2.841800    2.841800
    6.975300    2.788800    2.788800    2.788800
    7.001400    2.736800    2.736800    2.736800
    7.027400    2.685400    2.685400    2.685400
    7.053400    2.634300    2.634300    2.634300
    7.079400    2.583300    2.583300    2.583300
    7.105500    2.532400    2.532400    2.532400
    7.131500    2.481900    2.481900    2.481900
    7.157500    2.432600    2.432600    2.432600
    7.183500    2.385400    2.385400    2.385400
    7.209600    2.340900    2.340900    2.340900
    7.235600    2.299100    2.299100    2.299100
    7.261600    2.259700    2.259700    2.259700
    7.287700    2.222600    2.222600    2.222600
    7.313700    2.187200    2.187200    2.187200
    7.339700    2.153200    2.153200    2.153200
    7.365700    2.120100    2.120100    2.120100
    7.391800    2.087700    2.087700    2.087700
    7.417800    2.055700    2.055700    2.055700
    7.443800    2.023900    2.023900    2.023900
    7.469800    1.992100    1.992100    1.992100
    7.495900    1.960400    1.960400    1.960400
    7.521900    1.928900    1.928900    1.928900
    7.547900    1.897600    1.897600    1.897600
    7.574000    1.866800    1.866800    1.866800
    7.600000    1.836600    1.836600    1.836600
    7.626000    1.806800    1.806800    1.806800
    7.652000    1.777200    1.777200    1.777200
    7.678100    1.747800    1.747800    1.747800
    7.704100    1.718500    1.718500    1.718500
    7.730100    1.689900    1.689900    1.689900
    7.756100    1.662200    1.662200    1.662200
    7.782200    1.635500    1.635500    1.635500
    7.808200    1.609500    1.609500    1.609500
