       #Energy       JDOS
       0.00000       0.00000
       0.00500       0.00000
       0.01000       0.00000
       0.01500       0.00000
       0.02000       0.00000
       0.02500       0.00000
       0.03000       0.00000
       0.03500       0.00000
       0.04000       0.00000
       0.04500       0.00000
       0.05000       0.00000
       0.05500       0.00000
       0.06000       0.00000
       0.06500       0.00000
       0.07000       0.00000
       0.07500       0.00000
       0.08000       0.00000
       0.08500       0.00000
       0.09000       0.00000
       0.09500       0.00000
       0.10000       0.00000
       0.10500       0.00000
       0.11000       0.00000
       0.11500       0.00000
       0.12000       0.00000
       0.12500       0.00000
       0.13000       0.00000
       0.13500       0.00000
       0.14000       0.00000
       0.14500       0.00000
       0.15000       0.00000
       0.15500       0.00000
       0.16000       0.00000
       0.16500       0.00000
       0.17000       0.00000
       0.17500       0.00000
       0.18000       0.00000
       0.18500       0.00000
       0.19000       0.00000
       0.19500       0.00000
       0.20000       0.00000
       0.20500       0.00000
       0.21000       0.00000
       0.21500       0.00000
       0.22000       0.00000
       0.22500       0.00000
       0.23000       0.00000
       0.23500       0.00000
       0.24000       0.00000
       0.24500       0.00000
       0.25000       0.00000
       0.25500       0.00000
       0.26000       0.00000
       0.26500       0.00000
       0.27000       0.00000
       0.27500       0.00000
       0.28000       0.00000
       0.28500       0.00000
       0.29000       0.00000
       0.29500       0.00000
       0.30000       0.00000
       0.30500       0.00000
       0.31000       0.00000
       0.31500       0.00000
       0.32000       0.00000
       0.32500       0.00000
       0.33000       0.00000
       0.33500       0.00000
       0.34000       0.00000
       0.34500       0.00000
       0.35000       0.00000
       0.35500       0.00000
       0.36000       0.00000
       0.36500       0.00000
       0.37000       0.00000
       0.37500       0.00000
       0.38000       0.00000
       0.38500       0.00000
       0.39000       0.00000
       0.39500       0.00000
       0.40000       0.00000
       0.40500       0.00000
       0.41000       0.00000
       0.41500       0.00000
       0.42000       0.00000
       0.42500       0.00000
       0.43000       0.00000
       0.43500       0.00000
       0.44000       0.00000
       0.44500       0.00000
       0.45000       0.00000
       0.45500       0.00000
       0.46000       0.00000
       0.46500       0.00000
       0.47000       0.00000
       0.47500       0.00000
       0.48000       0.00000
       0.48500       0.00000
       0.49000       0.00000
       0.49500       0.00000
       0.50000       0.00000
       0.50500       0.00000
       0.51000       0.00000
       0.51500       0.00000
       0.52000       0.00000
       0.52500       0.00000
       0.53000       0.00000
       0.53500       0.00000
       0.54000       0.00000
       0.54500       0.00000
       0.55000       0.00000
       0.55500       0.00000
       0.56000       0.00000
       0.56500       0.00000
       0.57000       0.00000
       0.57500       0.00000
       0.58000       0.00000
       0.58500       0.00000
       0.59000       0.00000
       0.59500       0.00000
       0.60000       0.00000
       0.60500       0.00000
       0.61000       0.00000
       0.61500       0.00000
       0.62000       0.00000
       0.62500       0.00000
       0.63000       0.00000
       0.63500       0.00000
       0.64000       0.00000
       0.64500       0.00000
       0.65000       0.00000
       0.65500       0.00000
       0.66000       0.00000
       0.66500       0.00000
       0.67000       0.00000
       0.67500       0.00000
       0.68000       0.00000
       0.68500       0.00000
       0.69000       0.00000
       0.69500       0.00000
       0.70000       0.00000
       0.70500       0.00000
       0.71000       0.00000
       0.71500       0.00000
       0.72000       0.00000
       0.72500       0.00000
       0.73000       0.00000
       0.73500       0.00000
       0.74000       0.00000
       0.74500       0.00000
       0.75000       0.00000
       0.75500       0.00000
       0.76000       0.00000
       0.76500       0.00000
       0.77000       0.00000
       0.77500       0.00000
       0.78000       0.00000
       0.78500       0.00000
       0.79000       0.00000
       0.79500       0.00000
       0.80000       0.00000
       0.80500       0.00000
       0.81000       0.00000
       0.81500       0.00000
       0.82000       0.00000
       0.82500       0.00000
       0.83000       0.00000
       0.83500       0.00000
       0.84000       0.00000
       0.84500       0.00000
       0.85000       0.00000
       0.85500       0.00000
       0.86000       0.00000
       0.86500       0.00000
       0.87000       0.00000
       0.87500       0.00000
       0.88000       0.00000
       0.88500       0.00000
       0.89000       0.00000
       0.89500       0.00000
       0.90000       0.00000
       0.90500       0.00000
       0.91000       0.00000
       0.91500       0.00000
       0.92000       0.00000
       0.92500       0.00000
       0.93000       0.00000
       0.93500       0.00000
       0.94000       0.00000
       0.94500       0.00000
       0.95000       0.00000
       0.95500       0.00000
       0.96000       0.00000
       0.96500       0.00000
       0.97000       0.00000
       0.97500       0.00000
       0.98000       0.00000
       0.98500       0.00000
       0.99000       0.00000
       0.99500       0.00000
       1.00000       0.00000
       1.00500       0.00000
       1.01000       0.00000
       1.01500       0.00000
       1.02000       0.00000
       1.02500       0.00000
       1.03000       0.00000
       1.03500       0.00000
       1.04000       0.00000
       1.04500       0.00000
       1.05000       0.00000
       1.05500       0.00000
       1.06000       0.00000
       1.06500       0.00000
       1.07000       0.00000
       1.07500       0.00000
       1.08000       0.00000
       1.08500       0.00000
       1.09000       0.00000
       1.09500       0.00000
       1.10000       0.00000
       1.10500       0.00000
       1.11000       0.00000
       1.11500       0.00000
       1.12000       0.00000
       1.12500       0.00000
       1.13000       0.00000
       1.13500       0.00000
       1.14000       0.00000
       1.14500       0.00000
       1.15000       0.00000
       1.15500       0.00000
       1.16000       0.00000
       1.16500       0.00000
       1.17000       0.00000
       1.17500       0.00000
       1.18000       0.00000
       1.18500       0.00000
       1.19000       0.00000
       1.19500       0.00000
       1.20000       0.00000
       1.20500       0.00000
       1.21000       0.00000
       1.21500       0.00000
       1.22000       0.00000
       1.22500       0.00000
       1.23000       0.00000
       1.23500       0.00000
       1.24000       0.00000
       1.24500       0.00000
       1.25000       0.00000
       1.25500       0.00000
       1.26000       0.00000
       1.26500       0.00000
       1.27000       0.00000
       1.27500       0.00000
       1.28000       0.00000
       1.28500       0.00000
       1.29000       0.00000
       1.29500       0.00000
       1.30000       0.00000
       1.30500       0.00000
       1.31000       0.00000
       1.31500       0.00000
       1.32000       0.00000
       1.32500       0.00000
       1.33000       0.00000
       1.33500       0.00000
       1.34000       0.00000
       1.34500       0.00000
       1.35000       0.00000
       1.35500       0.00000
       1.36000       0.00000
       1.36500       0.00000
       1.37000       0.00000
       1.37500       0.00000
       1.38000       0.00000
       1.38500       0.00000
       1.39000       0.00000
       1.39500       0.00000
       1.40000       0.00000
       1.40500       0.00000
       1.41000       0.00000
       1.41500       0.00000
       1.42000       0.00000
       1.42500       0.00000
       1.43000       0.00000
       1.43500       0.00000
       1.44000       0.00000
       1.44500       0.00000
       1.45000       0.00000
       1.45500       0.00000
       1.46000       0.00000
       1.46500       0.00000
       1.47000       0.00000
       1.47500       0.00000
       1.48000       0.00000
       1.48500       0.00000
       1.49000       0.00000
       1.49500       0.00000
       1.50000       0.00000
       1.50500       0.00000
       1.51000       0.00000
       1.51500       0.00000
       1.52000       0.00000
       1.52500       0.00000
       1.53000       0.00000
       1.53500       0.00000
       1.54000       0.00000
       1.54500       0.00000
       1.55000       0.00000
       1.55500       0.00000
       1.56000       0.00000
       1.56500       0.00000
       1.57000       0.00000
       1.57500       0.00000
       1.58000       0.00000
       1.58500       0.00000
       1.59000       0.00000
       1.59500       0.00000
       1.60000       0.00000
       1.60500       0.00000
       1.61000       0.00000
       1.61500       0.00000
       1.62000       0.00000
       1.62500       0.00000
       1.63000       0.00000
       1.63500       0.00000
       1.64000       0.00000
       1.64500       0.00000
       1.65000       0.00000
       1.65500       0.00000
       1.66000       0.00000
       1.66500       0.00000
       1.67000       0.00000
       1.67500       0.00000
       1.68000       0.00000
       1.68500       0.00000
       1.69000       0.00000
       1.69500       0.00000
       1.70000       0.00000
       1.70500       0.00000
       1.71000       0.00000
       1.71500       0.00000
       1.72000       0.00000
       1.72500       0.00000
       1.73000       0.00000
       1.73500       0.00000
       1.74000       0.00000
       1.74500       0.00000
       1.75000       0.00000
       1.75500       0.00000
       1.76000       0.00000
       1.76500       0.00000
       1.77000       0.00000
       1.77500       0.00000
       1.78000       0.00000
       1.78500       0.00000
       1.79000       0.00000
       1.79500       0.00000
       1.80000       0.00000
       1.80500       0.00000
       1.81000       0.00000
       1.81500       0.00000
       1.82000       0.00000
       1.82500       0.00000
       1.83000       0.00000
       1.83500       0.00000
       1.84000       0.00000
       1.84500       0.00000
       1.85000       0.00000
       1.85500       0.00000
       1.86000       0.00000
       1.86500       0.00000
       1.87000       0.00000
       1.87500       0.00000
       1.88000       0.00000
       1.88500       0.00000
       1.89000       0.00000
       1.89500       0.00000
       1.90000       0.00000
       1.90500       0.00000
       1.91000       0.00000
       1.91500       0.00000
       1.92000       0.00000
       1.92500       0.00000
       1.93000       0.00000
       1.93500       0.00000
       1.94000       0.00000
       1.94500       0.00000
       1.95000       0.00000
       1.95500       0.00000
       1.96000       0.00000
       1.96500       0.00000
       1.97000       0.00000
       1.97500       0.00000
       1.98000       0.00000
       1.98500       0.00000
       1.99000       0.00000
       1.99500       0.00000
       2.00000       0.00000
       2.00500       0.00000
       2.01000       0.00000
       2.01500       0.00000
       2.02000       0.00000
       2.02500       0.00000
       2.03000       0.00000
       2.03500       0.00000
       2.04000       0.00000
       2.04500       0.00000
       2.05000       0.00000
       2.05500       0.00000
       2.06000       0.00000
       2.06500       0.00000
       2.07000       0.00000
       2.07500       0.00000
       2.08000       0.00000
       2.08500       0.00000
       2.09000       0.00000
       2.09500       0.00000
       2.10000       0.00000
       2.10500       0.00000
       2.11000       0.00000
       2.11500       0.00000
       2.12000       0.00000
       2.12500       0.00000
       2.13000       0.00000
       2.13500       0.00000
       2.14000       0.00000
       2.14500       0.00000
       2.15000       0.00000
       2.15500       0.00000
       2.16000       0.00000
       2.16500       0.00000
       2.17000       0.00000
       2.17500       0.00000
       2.18000       0.00000
       2.18500       0.00000
       2.19000       0.00000
       2.19500       0.00000
       2.20000       0.00000
       2.20500       0.00000
       2.21000       0.00000
       2.21500       0.00000
       2.22000       0.00000
       2.22500       0.00000
       2.23000       0.00000
       2.23500       0.00000
       2.24000       0.00000
       2.24500       0.00000
       2.25000       0.00000
       2.25500       0.00001
       2.26000       0.00001
       2.26500       0.00001
       2.27000       0.00001
       2.27500       0.00001
       2.28000       0.00002
       2.28500       0.00002
       2.29000       0.00002
       2.29500       0.00003
       2.30000       0.00004
       2.30500       0.00004
       2.31000       0.00005
       2.31500       0.00007
       2.32000       0.00008
       2.32500       0.00010
       2.33000       0.00012
       2.33500       0.00014
       2.34000       0.00017
       2.34500       0.00021
       2.35000       0.00025
       2.35500       0.00030
       2.36000       0.00036
       2.36500       0.00043
       2.37000       0.00051
       2.37500       0.00060
       2.38000       0.00071
       2.38500       0.00083
       2.39000       0.00098
       2.39500       0.00115
       2.40000       0.00135
       2.40500       0.00158
       2.41000       0.00184
       2.41500       0.00213
       2.42000       0.00247
       2.42500       0.00286
       2.43000       0.00331
       2.43500       0.00381
       2.44000       0.00437
       2.44500       0.00501
       2.45000       0.00573
       2.45500       0.00654
       2.46000       0.00745
       2.46500       0.00846
       2.47000       0.00959
       2.47500       0.01084
       2.48000       0.01223
       2.48500       0.01376
       2.49000       0.01545
       2.49500       0.01731
       2.50000       0.01935
       2.50500       0.02159
       2.51000       0.02403
       2.51500       0.02668
       2.52000       0.02956
       2.52500       0.03268
       2.53000       0.03606
       2.53500       0.03970
       2.54000       0.04360
       2.54500       0.04780
       2.55000       0.05228
       2.55500       0.05707
       2.56000       0.06216
       2.56500       0.06757
       2.57000       0.07330
       2.57500       0.07936
       2.58000       0.08574
       2.58500       0.09245
       2.59000       0.09948
       2.59500       0.10685
       2.60000       0.11454
       2.60500       0.12255
       2.61000       0.13087
       2.61500       0.13950
       2.62000       0.14842
       2.62500       0.15763
       2.63000       0.16711
       2.63500       0.17685
       2.64000       0.18683
       2.64500       0.19704
       2.65000       0.20747
       2.65500       0.21808
       2.66000       0.22887
       2.66500       0.23981
       2.67000       0.25089
       2.67500       0.26208
       2.68000       0.27336
       2.68500       0.28472
       2.69000       0.29612
       2.69500       0.30756
       2.70000       0.31901
       2.70500       0.33045
       2.71000       0.34186
       2.71500       0.35322
       2.72000       0.36452
       2.72500       0.37574
       2.73000       0.38687
       2.73500       0.39788
       2.74000       0.40877
       2.74500       0.41953
       2.75000       0.43013
       2.75500       0.44058
       2.76000       0.45087
       2.76500       0.46098
       2.77000       0.47091
       2.77500       0.48066
       2.78000       0.49021
       2.78500       0.49958
       2.79000       0.50874
       2.79500       0.51772
       2.80000       0.52649
       2.80500       0.53507
       2.81000       0.54346
       2.81500       0.55165
       2.82000       0.55965
       2.82500       0.56746
       2.83000       0.57509
       2.83500       0.58254
       2.84000       0.58981
       2.84500       0.59691
       2.85000       0.60385
       2.85500       0.61062
       2.86000       0.61725
       2.86500       0.62372
       2.87000       0.63004
       2.87500       0.63623
       2.88000       0.64229
       2.88500       0.64821
       2.89000       0.65402
       2.89500       0.65971
       2.90000       0.66529
       2.90500       0.67077
       2.91000       0.67614
       2.91500       0.68143
       2.92000       0.68662
       2.92500       0.69173
       2.93000       0.69676
       2.93500       0.70173
       2.94000       0.70662
       2.94500       0.71146
       2.95000       0.71624
       2.95500       0.72097
       2.96000       0.72566
       2.96500       0.73032
       2.97000       0.73494
       2.97500       0.73955
       2.98000       0.74414
       2.98500       0.74873
       2.99000       0.75332
       2.99500       0.75792
       3.00000       0.76254
       3.00500       0.76719
       3.01000       0.77188
       3.01500       0.77661
       3.02000       0.78141
       3.02500       0.78627
       3.03000       0.79122
       3.03500       0.79625
       3.04000       0.80139
       3.04500       0.80664
       3.05000       0.81201
       3.05500       0.81751
       3.06000       0.82316
       3.06500       0.82895
       3.07000       0.83492
       3.07500       0.84105
       3.08000       0.84736
       3.08500       0.85386
       3.09000       0.86056
       3.09500       0.86745
       3.10000       0.87455
       3.10500       0.88186
       3.11000       0.88937
       3.11500       0.89710
       3.12000       0.90504
       3.12500       0.91318
       3.13000       0.92153
       3.13500       0.93009
       3.14000       0.93883
       3.14500       0.94776
       3.15000       0.95686
       3.15500       0.96612
       3.16000       0.97554
       3.16500       0.98509
       3.17000       0.99476
       3.17500       1.00453
       3.18000       1.01439
       3.18500       1.02431
       3.19000       1.03427
       3.19500       1.04426
       3.20000       1.05426
       3.20500       1.06424
       3.21000       1.07418
       3.21500       1.08407
       3.22000       1.09388
       3.22500       1.10360
       3.23000       1.11321
       3.23500       1.12269
       3.24000       1.13203
       3.24500       1.14122
       3.25000       1.15025
       3.25500       1.15911
       3.26000       1.16779
       3.26500       1.17629
       3.27000       1.18461
       3.27500       1.19274
       3.28000       1.20069
       3.28500       1.20847
       3.29000       1.21607
       3.29500       1.22351
       3.30000       1.23079
       3.30500       1.23792
       3.31000       1.24492
       3.31500       1.25180
       3.32000       1.25856
       3.32500       1.26521
       3.33000       1.27178
       3.33500       1.27827
       3.34000       1.28468
       3.34500       1.29104
       3.35000       1.29734
       3.35500       1.30359
       3.36000       1.30981
       3.36500       1.31599
       3.37000       1.32213
       3.37500       1.32825
       3.38000       1.33433
       3.38500       1.34038
       3.39000       1.34639
       3.39500       1.35237
       3.40000       1.35832
       3.40500       1.36422
       3.41000       1.37007
       3.41500       1.37588
       3.42000       1.38165
       3.42500       1.38737
       3.43000       1.39304
       3.43500       1.39868
       3.44000       1.40428
       3.44500       1.40986
       3.45000       1.41542
       3.45500       1.42098
       3.46000       1.42656
       3.46500       1.43218
       3.47000       1.43786
       3.47500       1.44363
       3.48000       1.44951
       3.48500       1.45553
       3.49000       1.46174
       3.49500       1.46816
       3.50000       1.47483
       3.50500       1.48178
       3.51000       1.48907
       3.51500       1.49671
       3.52000       1.50476
       3.52500       1.51325
       3.53000       1.52221
       3.53500       1.53167
       3.54000       1.54167
       3.54500       1.55223
       3.55000       1.56338
       3.55500       1.57513
       3.56000       1.58749
       3.56500       1.60048
       3.57000       1.61409
       3.57500       1.62834
       3.58000       1.64320
       3.58500       1.65866
       3.59000       1.67471
       3.59500       1.69133
       3.60000       1.70847
       3.60500       1.72611
       3.61000       1.74420
       3.61500       1.76270
       3.62000       1.78157
       3.62500       1.80074
       3.63000       1.82015
       3.63500       1.83976
       3.64000       1.85949
       3.64500       1.87929
       3.65000       1.89909
       3.65500       1.91882
       3.66000       1.93842
       3.66500       1.95783
       3.67000       1.97697
       3.67500       1.99580
       3.68000       2.01425
       3.68500       2.03227
       3.69000       2.04981
       3.69500       2.06683
       3.70000       2.08328
       3.70500       2.09912
       3.71000       2.11433
       3.71500       2.12890
       3.72000       2.14279
       3.72500       2.15600
       3.73000       2.16853
       3.73500       2.18039
       3.74000       2.19159
       3.74500       2.20215
       3.75000       2.21209
       3.75500       2.22147
       3.76000       2.23031
       3.76500       2.23867
       3.77000       2.24660
       3.77500       2.25417
       3.78000       2.26145
       3.78500       2.26850
       3.79000       2.27540
       3.79500       2.28223
       3.80000       2.28907
       3.80500       2.29600
       3.81000       2.30311
       3.81500       2.31047
       3.82000       2.31816
       3.82500       2.32626
       3.83000       2.33485
       3.83500       2.34397
       3.84000       2.35371
       3.84500       2.36410
       3.85000       2.37519
       3.85500       2.38702
       3.86000       2.39960
       3.86500       2.41295
       3.87000       2.42707
       3.87500       2.44196
       3.88000       2.45757
       3.88500       2.47389
       3.89000       2.49086
       3.89500       2.50841
       3.90000       2.52648
       3.90500       2.54498
       3.91000       2.56381
       3.91500       2.58287
       3.92000       2.60203
       3.92500       2.62117
       3.93000       2.64017
       3.93500       2.65887
       3.94000       2.67713
       3.94500       2.69481
       3.95000       2.71175
       3.95500       2.72781
       3.96000       2.74283
       3.96500       2.75668
       3.97000       2.76919
       3.97500       2.78025
       3.98000       2.78972
       3.98500       2.79747
       3.99000       2.80341
       3.99500       2.80742
       4.00000       2.80943
       4.00500       2.80936
       4.01000       2.80715
       4.01500       2.80275
       4.02000       2.79615
       4.02500       2.78732
       4.03000       2.77628
       4.03500       2.76303
       4.04000       2.74762
       4.04500       2.73009
       4.05000       2.71052
       4.05500       2.68899
       4.06000       2.66559
       4.06500       2.64043
       4.07000       2.61363
       4.07500       2.58532
       4.08000       2.55564
       4.08500       2.52475
       4.09000       2.49280
       4.09500       2.45996
       4.10000       2.42638
       4.10500       2.39224
       4.11000       2.35770
       4.11500       2.32295
       4.12000       2.28815
       4.12500       2.25345
       4.13000       2.21903
       4.13500       2.18504
       4.14000       2.15162
       4.14500       2.11893
       4.15000       2.08707
       4.15500       2.05619
       4.16000       2.02639
       4.16500       1.99777
       4.17000       1.97041
       4.17500       1.94440
       4.18000       1.91979
       4.18500       1.89664
       4.19000       1.87498
       4.19500       1.85485
       4.20000       1.83626
       4.20500       1.81921
       4.21000       1.80369
       4.21500       1.78970
       4.22000       1.77719
       4.22500       1.76615
       4.23000       1.75652
       4.23500       1.74825
       4.24000       1.74130
       4.24500       1.73560
       4.25000       1.73109
       4.25500       1.72771
       4.26000       1.72539
       4.26500       1.72406
       4.27000       1.72365
       4.27500       1.72410
       4.28000       1.72535
       4.28500       1.72734
       4.29000       1.73000
       4.29500       1.73329
       4.30000       1.73716
       4.30500       1.74157
       4.31000       1.74647
       4.31500       1.75184
       4.32000       1.75765
       4.32500       1.76388
       4.33000       1.77050
       4.33500       1.77752
       4.34000       1.78493
       4.34500       1.79272
       4.35000       1.80090
       4.35500       1.80948
       4.36000       1.81847
       4.36500       1.82787
       4.37000       1.83771
       4.37500       1.84801
       4.38000       1.85877
       4.38500       1.87003
       4.39000       1.88178
       4.39500       1.89406
       4.40000       1.90687
       4.40500       1.92023
       4.41000       1.93415
       4.41500       1.94862
       4.42000       1.96365
       4.42500       1.97925
       4.43000       1.99539
       4.43500       2.01207
       4.44000       2.02927
       4.44500       2.04696
       4.45000       2.06512
       4.45500       2.08371
       4.46000       2.10269
       4.46500       2.12202
       4.47000       2.14165
       4.47500       2.16152
       4.48000       2.18158
       4.48500       2.20176
       4.49000       2.22201
       4.49500       2.24224
       4.50000       2.26240
       4.50500       2.28242
       4.51000       2.30223
       4.51500       2.32176
       4.52000       2.34095
       4.52500       2.35973
       4.53000       2.37804
       4.53500       2.39583
       4.54000       2.41305
       4.54500       2.42965
       4.55000       2.44560
       4.55500       2.46086
       4.56000       2.47541
       4.56500       2.48923
       4.57000       2.50232
       4.57500       2.51468
       4.58000       2.52630
       4.58500       2.53721
       4.59000       2.54744
       4.59500       2.55700
       4.60000       2.56594
       4.60500       2.57430
       4.61000       2.58213
       4.61500       2.58948
       4.62000       2.59642
       4.62500       2.60300
       4.63000       2.60928
       4.63500       2.61534
       4.64000       2.62123
       4.64500       2.62702
       4.65000       2.63278
       4.65500       2.63857
       4.66000       2.64445
       4.66500       2.65046
       4.67000       2.65668
       4.67500       2.66313
       4.68000       2.66986
       4.68500       2.67691
       4.69000       2.68431
       4.69500       2.69208
       4.70000       2.70024
       4.70500       2.70880
       4.71000       2.71777
       4.71500       2.72714
       4.72000       2.73691
       4.72500       2.74706
       4.73000       2.75759
       4.73500       2.76846
       4.74000       2.77965
       4.74500       2.79114
       4.75000       2.80288
       4.75500       2.81485
       4.76000       2.82700
       4.76500       2.83929
       4.77000       2.85169
       4.77500       2.86414
       4.78000       2.87662
       4.78500       2.88906
       4.79000       2.90145
       4.79500       2.91372
       4.80000       2.92585
       4.80500       2.93779
       4.81000       2.94951
       4.81500       2.96097
       4.82000       2.97216
       4.82500       2.98302
       4.83000       2.99355
       4.83500       3.00372
       4.84000       3.01351
       4.84500       3.02290
       4.85000       3.03188
       4.85500       3.04043
       4.86000       3.04856
       4.86500       3.05626
       4.87000       3.06352
       4.87500       3.07035
       4.88000       3.07675
       4.88500       3.08271
       4.89000       3.08826
       4.89500       3.09339
       4.90000       3.09811
       4.90500       3.10243
       4.91000       3.10636
       4.91500       3.10991
       4.92000       3.11308
       4.92500       3.11589
       4.93000       3.11833
       4.93500       3.12041
       4.94000       3.12213
       4.94500       3.12350
       4.95000       3.12450
       4.95500       3.12514
       4.96000       3.12541
       4.96500       3.12529
       4.97000       3.12477
       4.97500       3.12384
       4.98000       3.12248
       4.98500       3.12066
       4.99000       3.11838
       4.99500       3.11560
       5.00000       3.11229
       5.00500       3.10844
       5.01000       3.10402
       5.01500       3.09900
       5.02000       3.09335
       5.02500       3.08706
       5.03000       3.08010
       5.03500       3.07246
       5.04000       3.06411
       5.04500       3.05505
       5.05000       3.04527
       5.05500       3.03477
       5.06000       3.02355
       5.06500       3.01162
       5.07000       2.99900
       5.07500       2.98570
       5.08000       2.97175
       5.08500       2.95719
       5.09000       2.94206
       5.09500       2.92639
       5.10000       2.91025
       5.10500       2.89368
       5.11000       2.87675
       5.11500       2.85952
       5.12000       2.84206
       5.12500       2.82444
       5.13000       2.80673
       5.13500       2.78900
       5.14000       2.77133
       5.14500       2.75378
       5.15000       2.73643
       5.15500       2.71933
       5.16000       2.70255
       5.16500       2.68615
       5.17000       2.67016
       5.17500       2.65465
       5.18000       2.63963
       5.18500       2.62515
       5.19000       2.61121
       5.19500       2.59784
       5.20000       2.58502
       5.20500       2.57277
       5.21000       2.56106
       5.21500       2.54988
       5.22000       2.53919
       5.22500       2.52897
       5.23000       2.51916
       5.23500       2.50974
       5.24000       2.50064
       5.24500       2.49182
       5.25000       2.48322
       5.25500       2.47479
       5.26000       2.46649
       5.26500       2.45824
       5.27000       2.45002
       5.27500       2.44178
       5.28000       2.43347
       5.28500       2.42507
       5.29000       2.41655
       5.29500       2.40789
       5.30000       2.39908
       5.30500       2.39012
       5.31000       2.38102
       5.31500       2.37179
       5.32000       2.36245
       5.32500       2.35305
       5.33000       2.34360
       5.33500       2.33417
       5.34000       2.32480
       5.34500       2.31555
       5.35000       2.30648
       5.35500       2.29766
       5.36000       2.28915
       5.36500       2.28102
       5.37000       2.27335
       5.37500       2.26619
       5.38000       2.25962
       5.38500       2.25369
       5.39000       2.24847
       5.39500       2.24400
       5.40000       2.24033
       5.40500       2.23750
       5.41000       2.23555
       5.41500       2.23450
       5.42000       2.23438
       5.42500       2.23518
       5.43000       2.23692
       5.43500       2.23959
       5.44000       2.24318
       5.44500       2.24768
       5.45000       2.25307
       5.45500       2.25931
       5.46000       2.26639
       5.46500       2.27426
       5.47000       2.28288
       5.47500       2.29223
       5.48000       2.30226
       5.48500       2.31295
       5.49000       2.32424
       5.49500       2.33611
       5.50000       2.34852
       5.50500       2.36145
       5.51000       2.37488
       5.51500       2.38878
       5.52000       2.40313
       5.52500       2.41793
       5.53000       2.43316
       5.53500       2.44881
       5.54000       2.46490
       5.54500       2.48142
       5.55000       2.49836
       5.55500       2.51575
       5.56000       2.53357
       5.56500       2.55185
       5.57000       2.57057
       5.57500       2.58975
       5.58000       2.60938
       5.58500       2.62946
       5.59000       2.64998
       5.59500       2.67092
       5.60000       2.69226
       5.60500       2.71398
       5.61000       2.73604
       5.61500       2.75840
       5.62000       2.78101
       5.62500       2.80381
       5.63000       2.82674
       5.63500       2.84972
       5.64000       2.87269
       5.64500       2.89555
       5.65000       2.91822
       5.65500       2.94060
       5.66000       2.96261
       5.66500       2.98415
       5.67000       3.00512
       5.67500       3.02542
       5.68000       3.04496
       5.68500       3.06365
       5.69000       3.08140
       5.69500       3.09814
       5.70000       3.11380
       5.70500       3.12831
       5.71000       3.14162
       5.71500       3.15368
       5.72000       3.16447
       5.72500       3.17397
       5.73000       3.18215
       5.73500       3.18905
       5.74000       3.19465
       5.74500       3.19901
       5.75000       3.20216
       5.75500       3.20415
       5.76000       3.20505
       5.76500       3.20494
       5.77000       3.20389
       5.77500       3.20201
       5.78000       3.19938
       5.78500       3.19613
       5.79000       3.19235
       5.79500       3.18816
       5.80000       3.18367
       5.80500       3.17901
       5.81000       3.17429
       5.81500       3.16962
       5.82000       3.16510
       5.82500       3.16084
       5.83000       3.15693
       5.83500       3.15347
       5.84000       3.15054
       5.84500       3.14819
       5.85000       3.14650
       5.85500       3.14551
       5.86000       3.14526
       5.86500       3.14576
       5.87000       3.14704
       5.87500       3.14910
       5.88000       3.15191
       5.88500       3.15546
       5.89000       3.15971
       5.89500       3.16461
       5.90000       3.17010
       5.90500       3.17612
       5.91000       3.18259
       5.91500       3.18941
       5.92000       3.19651
       5.92500       3.20378
       5.93000       3.21113
       5.93500       3.21843
       5.94000       3.22560
       5.94500       3.23251
       5.95000       3.23906
       5.95500       3.24515
       5.96000       3.25067
       5.96500       3.25551
       5.97000       3.25959
       5.97500       3.26282
       5.98000       3.26512
       5.98500       3.26640
       5.99000       3.26661
       5.99500       3.26568
       6.00000       3.26357
       6.00500       3.26025
       6.01000       3.25568
       6.01500       3.24984
       6.02000       3.24272
       6.02500       3.23434
       6.03000       3.22469
       6.03500       3.21379
       6.04000       3.20168
       6.04500       3.18839
       6.05000       3.17396
       6.05500       3.15844
       6.06000       3.14190
       6.06500       3.12438
       6.07000       3.10597
       6.07500       3.08672
       6.08000       3.06672
       6.08500       3.04603
       6.09000       3.02475
       6.09500       3.00295
       6.10000       2.98070
       6.10500       2.95810
       6.11000       2.93523
       6.11500       2.91216
       6.12000       2.88897
       6.12500       2.86575
       6.13000       2.84257
       6.13500       2.81951
       6.14000       2.79663
       6.14500       2.77401
       6.15000       2.75172
       6.15500       2.72982
       6.16000       2.70837
       6.16500       2.68744
       6.17000       2.66707
       6.17500       2.64732
       6.18000       2.62825
       6.18500       2.60988
       6.19000       2.59228
       6.19500       2.57547
       6.20000       2.55948
       6.20500       2.54436
       6.21000       2.53012
       6.21500       2.51679
       6.22000       2.50438
       6.22500       2.49291
       6.23000       2.48239
       6.23500       2.47282
       6.24000       2.46421
       6.24500       2.45654
       6.25000       2.44982
       6.25500       2.44403
       6.26000       2.43915
       6.26500       2.43517
       6.27000       2.43206
       6.27500       2.42979
       6.28000       2.42833
       6.28500       2.42765
       6.29000       2.42771
       6.29500       2.42847
       6.30000       2.42989
       6.30500       2.43193
       6.31000       2.43453
       6.31500       2.43766
       6.32000       2.44125
       6.32500       2.44526
       6.33000       2.44965
       6.33500       2.45434
       6.34000       2.45930
       6.34500       2.46448
       6.35000       2.46981
       6.35500       2.47524
       6.36000       2.48074
       6.36500       2.48623
       6.37000       2.49169
       6.37500       2.49705
       6.38000       2.50228
       6.38500       2.50732
       6.39000       2.51215
       6.39500       2.51672
       6.40000       2.52099
       6.40500       2.52493
       6.41000       2.52852
       6.41500       2.53172
       6.42000       2.53452
       6.42500       2.53691
       6.43000       2.53886
       6.43500       2.54038
       6.44000       2.54145
       6.44500       2.54209
       6.45000       2.54229
       6.45500       2.54207
       6.46000       2.54145
       6.46500       2.54045
       6.47000       2.53910
       6.47500       2.53742
       6.48000       2.53545
       6.48500       2.53322
       6.49000       2.53079
       6.49500       2.52819
       6.50000       2.52546
       6.50500       2.52266
       6.51000       2.51983
       6.51500       2.51702
       6.52000       2.51427
       6.52500       2.51164
       6.53000       2.50916
       6.53500       2.50687
       6.54000       2.50483
       6.54500       2.50304
       6.55000       2.50156
       6.55500       2.50040
       6.56000       2.49958
       6.56500       2.49912
       6.57000       2.49903
       6.57500       2.49931
       6.58000       2.49997
       6.58500       2.50098
       6.59000       2.50236
       6.59500       2.50407
       6.60000       2.50609
       6.60500       2.50842
       6.61000       2.51101
       6.61500       2.51384
       6.62000       2.51687
       6.62500       2.52008
       6.63000       2.52343
       6.63500       2.52690
       6.64000       2.53044
       6.64500       2.53404
       6.65000       2.53766
       6.65500       2.54128
       6.66000       2.54489
       6.66500       2.54848
       6.67000       2.55202
       6.67500       2.55552
       6.68000       2.55899
       6.68500       2.56242
       6.69000       2.56584
       6.69500       2.56926
       6.70000       2.57272
       6.70500       2.57624
       6.71000       2.57986
       6.71500       2.58362
       6.72000       2.58757
       6.72500       2.59176
       6.73000       2.59625
       6.73500       2.60108
       6.74000       2.60631
       6.74500       2.61201
       6.75000       2.61822
       6.75500       2.62500
       6.76000       2.63240
       6.76500       2.64047
       6.77000       2.64925
       6.77500       2.65877
       6.78000       2.66908
       6.78500       2.68019
       6.79000       2.69212
       6.79500       2.70487
       6.80000       2.71844
       6.80500       2.73283
       6.81000       2.74800
       6.81500       2.76393
       6.82000       2.78057
       6.82500       2.79787
       6.83000       2.81577
       6.83500       2.83420
       6.84000       2.85308
       6.84500       2.87231
       6.85000       2.89181
       6.85500       2.91147
       6.86000       2.93119
       6.86500       2.95085
       6.87000       2.97034
       6.87500       2.98954
       6.88000       3.00834
       6.88500       3.02662
       6.89000       3.04427
       6.89500       3.06118
       6.90000       3.07725
       6.90500       3.09237
       6.91000       3.10646
       6.91500       3.11944
       6.92000       3.13124
       6.92500       3.14179
       6.93000       3.15104
       6.93500       3.15896
       6.94000       3.16552
       6.94500       3.17071
       6.95000       3.17453
       6.95500       3.17700
       6.96000       3.17815
       6.96500       3.17801
       6.97000       3.17664
       6.97500       3.17410
       6.98000       3.17047
       6.98500       3.16584
       6.99000       3.16030
       6.99500       3.15394
       7.00000       3.14689
       7.00500       3.13925
       7.01000       3.13114
       7.01500       3.12268
       7.02000       3.11399
       7.02500       3.10519
       7.03000       3.09639
       7.03500       3.08771
       7.04000       3.07925
       7.04500       3.07111
       7.05000       3.06338
       7.05500       3.05615
       7.06000       3.04948
       7.06500       3.04343
       7.07000       3.03806
       7.07500       3.03339
       7.08000       3.02945
       7.08500       3.02624
       7.09000       3.02376
       7.09500       3.02199
       7.10000       3.02090
       7.10500       3.02044
       7.11000       3.02056
       7.11500       3.02118
       7.12000       3.02224
       7.12500       3.02365
       7.13000       3.02530
       7.13500       3.02711
       7.14000       3.02896
       7.14500       3.03075
       7.15000       3.03236
       7.15500       3.03368
       7.16000       3.03461
       7.16500       3.03503
       7.17000       3.03485
       7.17500       3.03395
       7.18000       3.03226
       7.18500       3.02968
       7.19000       3.02613
       7.19500       3.02156
       7.20000       3.01591
       7.20500       3.00913
       7.21000       3.00118
       7.21500       2.99204
       7.22000       2.98170
       7.22500       2.97017
       7.23000       2.95745
       7.23500       2.94356
       7.24000       2.92853
       7.24500       2.91242
       7.25000       2.89526
       7.25500       2.87712
       7.26000       2.85806
       7.26500       2.83816
       7.27000       2.81749
       7.27500       2.79613
       7.28000       2.77417
       7.28500       2.75168
       7.29000       2.72877
       7.29500       2.70550
       7.30000       2.68198
       7.30500       2.65827
       7.31000       2.63446
       7.31500       2.61062
       7.32000       2.58682
       7.32500       2.56314
       7.33000       2.53962
       7.33500       2.51632
       7.34000       2.49330
       7.34500       2.47059
       7.35000       2.44824
       7.35500       2.42626
       7.36000       2.40470
       7.36500       2.38356
       7.37000       2.36286
       7.37500       2.34262
       7.38000       2.32284
       7.38500       2.30353
       7.39000       2.28468
       7.39500       2.26631
       7.40000       2.24840
       7.40500       2.23096
       7.41000       2.21399
       7.41500       2.19748
       7.42000       2.18145
       7.42500       2.16589
       7.43000       2.15082
       7.43500       2.13624
       7.44000       2.12217
       7.44500       2.10862
       7.45000       2.09561
       7.45500       2.08318
       7.46000       2.07134
       7.46500       2.06013
       7.47000       2.04958
       7.47500       2.03974
       7.48000       2.03063
       7.48500       2.02231
       7.49000       2.01480
       7.49500       2.00816
       7.50000       2.00242
       7.50500       1.99763
       7.51000       1.99381
       7.51500       1.99102
       7.52000       1.98927
       7.52500       1.98860
       7.53000       1.98903
       7.53500       1.99058
       7.54000       1.99325
       7.54500       1.99707
       7.55000       2.00201
       7.55500       2.00808
       7.56000       2.01527
       7.56500       2.02355
       7.57000       2.03289
       7.57500       2.04326
       7.58000       2.05462
       7.58500       2.06692
       7.59000       2.08011
       7.59500       2.09415
       7.60000       2.10895
       7.60500       2.12448
       7.61000       2.14065
       7.61500       2.15741
       7.62000       2.17468
       7.62500       2.19240
       7.63000       2.21049
       7.63500       2.22891
       7.64000       2.24757
       7.64500       2.26642
       7.65000       2.28541
       7.65500       2.30447
       7.66000       2.32356
       7.66500       2.34263
       7.67000       2.36164
       7.67500       2.38055
       7.68000       2.39933
       7.68500       2.41795
       7.69000       2.43639
       7.69500       2.45462
       7.70000       2.47262
       7.70500       2.49039
       7.71000       2.50791
       7.71500       2.52518
       7.72000       2.54217
       7.72500       2.55889
       7.73000       2.57533
       7.73500       2.59149
       7.74000       2.60735
       7.74500       2.62290
       7.75000       2.63814
       7.75500       2.65306
       7.76000       2.66764
       7.76500       2.68187
       7.77000       2.69572
       7.77500       2.70919
       7.78000       2.72224
       7.78500       2.73485
       7.79000       2.74700
       7.79500       2.75865
       7.80000       2.76979
       7.80500       2.78038
       7.81000       2.79040
       7.81500       2.79981
       7.82000       2.80859
       7.82500       2.81672
       7.83000       2.82417
       7.83500       2.83093
       7.84000       2.83698
       7.84500       2.84231
       7.85000       2.84692
       7.85500       2.85081
       7.86000       2.85400
       7.86500       2.85648
       7.87000       2.85830
       7.87500       2.85947
       7.88000       2.86004
       7.88500       2.86004
       7.89000       2.85954
       7.89500       2.85858
       7.90000       2.85725
       7.90500       2.85560
       7.91000       2.85372
       7.91500       2.85169
       7.92000       2.84960
       7.92500       2.84754
       7.93000       2.84560
       7.93500       2.84389
       7.94000       2.84250
       7.94500       2.84152
       7.95000       2.84106
       7.95500       2.84121
       7.96000       2.84206
       7.96500       2.84369
       7.97000       2.84619
       7.97500       2.84963
       7.98000       2.85407
       7.98500       2.85959
       7.99000       2.86622
       7.99500       2.87402
       8.00000       2.88301
       8.00500       2.89321
       8.01000       2.90463
       8.01500       2.91727
       8.02000       2.93113
       8.02500       2.94617
       8.03000       2.96236
       8.03500       2.97966
       8.04000       2.99801
       8.04500       3.01734
       8.05000       3.03757
       8.05500       3.05862
       8.06000       3.08040
       8.06500       3.10280
       8.07000       3.12571
       8.07500       3.14901
       8.08000       3.17258
       8.08500       3.19630
       8.09000       3.22004
       8.09500       3.24366
       8.10000       3.26703
       8.10500       3.29002
       8.11000       3.31251
       8.11500       3.33435
       8.12000       3.35543
       8.12500       3.37562
       8.13000       3.39481
       8.13500       3.41290
       8.14000       3.42978
       8.14500       3.44537
       8.15000       3.45958
       8.15500       3.47234
       8.16000       3.48361
       8.16500       3.49333
       8.17000       3.50147
       8.17500       3.50802
       8.18000       3.51297
       8.18500       3.51633
       8.19000       3.51813
       8.19500       3.51841
       8.20000       3.51721
       8.20500       3.51460
       8.21000       3.51067
       8.21500       3.50550
       8.22000       3.49920
       8.22500       3.49189
       8.23000       3.48367
       8.23500       3.47470
       8.24000       3.46510
       8.24500       3.45502
       8.25000       3.44461
       8.25500       3.43402
       8.26000       3.42340
       8.26500       3.41289
       8.27000       3.40266
       8.27500       3.39283
       8.28000       3.38355
       8.28500       3.37494
       8.29000       3.36714
       8.29500       3.36024
       8.30000       3.35434
       8.30500       3.34953
       8.31000       3.34588
       8.31500       3.34345
       8.32000       3.34227
       8.32500       3.34238
       8.33000       3.34377
       8.33500       3.34644
       8.34000       3.35037
       8.34500       3.35551
       8.35000       3.36181
       8.35500       3.36920
       8.36000       3.37760
       8.36500       3.38690
       8.37000       3.39700
       8.37500       3.40777
       8.38000       3.41910
       8.38500       3.43084
       8.39000       3.44286
       8.39500       3.45500
       8.40000       3.46712
       8.40500       3.47906
       8.41000       3.49069
       8.41500       3.50185
       8.42000       3.51241
       8.42500       3.52221
       8.43000       3.53114
       8.43500       3.53906
       8.44000       3.54586
       8.44500       3.55144
       8.45000       3.55570
       8.45500       3.55854
       8.46000       3.55990
       8.46500       3.55972
       8.47000       3.55793
       8.47500       3.55451
       8.48000       3.54942
       8.48500       3.54264
       8.49000       3.53416
       8.49500       3.52400
       8.50000       3.51215
       8.50500       3.49865
       8.51000       3.48353
       8.51500       3.46682
       8.52000       3.44857
       8.52500       3.42883
       8.53000       3.40766
       8.53500       3.38512
       8.54000       3.36129
       8.54500       3.33623
       8.55000       3.31002
       8.55500       3.28274
       8.56000       3.25447
       8.56500       3.22529
       8.57000       3.19529
       8.57500       3.16455
       8.58000       3.13315
       8.58500       3.10119
       8.59000       3.06876
       8.59500       3.03593
       8.60000       3.00279
       8.60500       2.96945
       8.61000       2.93597
       8.61500       2.90244
       8.62000       2.86896
       8.62500       2.83561
       8.63000       2.80247
       8.63500       2.76961
       8.64000       2.73714
       8.64500       2.70511
       8.65000       2.67362
       8.65500       2.64273
       8.66000       2.61252
       8.66500       2.58306
       8.67000       2.55442
       8.67500       2.52666
       8.68000       2.49985
       8.68500       2.47404
       8.69000       2.44929
       8.69500       2.42564
       8.70000       2.40315
       8.70500       2.38185
       8.71000       2.36179
       8.71500       2.34300
       8.72000       2.32551
       8.72500       2.30933
       8.73000       2.29450
       8.73500       2.28103
       8.74000       2.26892
       8.74500       2.25818
       8.75000       2.24882
       8.75500       2.24084
       8.76000       2.23422
       8.76500       2.22897
       8.77000       2.22506
       8.77500       2.22248
       8.78000       2.22123
       8.78500       2.22126
       8.79000       2.22257
       8.79500       2.22513
       8.80000       2.22891
       8.80500       2.23389
       8.81000       2.24003
       8.81500       2.24731
       8.82000       2.25571
       8.82500       2.26517
       8.83000       2.27569
       8.83500       2.28722
       8.84000       2.29974
       8.84500       2.31321
       8.85000       2.32760
       8.85500       2.34287
       8.86000       2.35900
       8.86500       2.37596
       8.87000       2.39369
       8.87500       2.41218
       8.88000       2.43139
       8.88500       2.45127
       8.89000       2.47179
       8.89500       2.49291
       8.90000       2.51459
       8.90500       2.53679
       8.91000       2.55945
       8.91500       2.58253
       8.92000       2.60599
       8.92500       2.62976
       8.93000       2.65381
       8.93500       2.67806
       8.94000       2.70247
       8.94500       2.72698
       8.95000       2.75152
       8.95500       2.77603
       8.96000       2.80046
       8.96500       2.82472
       8.97000       2.84877
       8.97500       2.87253
       8.98000       2.89594
       8.98500       2.91893
       8.99000       2.94144
       8.99500       2.96341
       9.00000       2.98478
       9.00500       3.00549
       9.01000       3.02548
       9.01500       3.04470
       9.02000       3.06310
       9.02500       3.08064
       9.03000       3.09728
       9.03500       3.11297
       9.04000       3.12770
       9.04500       3.14143
       9.05000       3.15414
       9.05500       3.16582
       9.06000       3.17646
       9.06500       3.18607
       9.07000       3.19463
       9.07500       3.20217
       9.08000       3.20869
       9.08500       3.21423
       9.09000       3.21881
       9.09500       3.22247
       9.10000       3.22524
       9.10500       3.22717
       9.11000       3.22831
       9.11500       3.22872
       9.12000       3.22846
       9.12500       3.22759
       9.13000       3.22618
       9.13500       3.22431
       9.14000       3.22204
       9.14500       3.21945
       9.15000       3.21663
       9.15500       3.21365
       9.16000       3.21059
       9.16500       3.20754
       9.17000       3.20457
       9.17500       3.20177
       9.18000       3.19921
       9.18500       3.19697
       9.19000       3.19513
       9.19500       3.19376
       9.20000       3.19291
       9.20500       3.19267
       9.21000       3.19308
       9.21500       3.19421
       9.22000       3.19609
       9.22500       3.19878
       9.23000       3.20230
       9.23500       3.20669
       9.24000       3.21198
       9.24500       3.21817
       9.25000       3.22527
       9.25500       3.23329
       9.26000       3.24222
       9.26500       3.25203
       9.27000       3.26271
       9.27500       3.27422
       9.28000       3.28653
       9.28500       3.29957
       9.29000       3.31331
       9.29500       3.32767
       9.30000       3.34258
       9.30500       3.35796
       9.31000       3.37374
       9.31500       3.38983
       9.32000       3.40612
       9.32500       3.42252
       9.33000       3.43894
       9.33500       3.45526
       9.34000       3.47138
       9.34500       3.48719
       9.35000       3.50259
       9.35500       3.51747
       9.36000       3.53173
       9.36500       3.54526
       9.37000       3.55798
       9.37500       3.56977
       9.38000       3.58057
       9.38500       3.59029
       9.39000       3.59886
       9.39500       3.60621
       9.40000       3.61228
       9.40500       3.61703
       9.41000       3.62043
       9.41500       3.62243
       9.42000       3.62304
       9.42500       3.62223
       9.43000       3.62001
       9.43500       3.61639
       9.44000       3.61141
       9.44500       3.60508
       9.45000       3.59745
       9.45500       3.58858
       9.46000       3.57851
       9.46500       3.56733
       9.47000       3.55509
       9.47500       3.54187
       9.48000       3.52777
       9.48500       3.51286
       9.49000       3.49723
       9.49500       3.48099
       9.50000       3.46422
       9.50500       3.44701
       9.51000       3.42946
       9.51500       3.41167
       9.52000       3.39371
       9.52500       3.37568
       9.53000       3.35766
       9.53500       3.33972
       9.54000       3.32195
       9.54500       3.30440
       9.55000       3.28713
       9.55500       3.27021
       9.56000       3.25366
       9.56500       3.23755
       9.57000       3.22189
       9.57500       3.20671
       9.58000       3.19202
       9.58500       3.17784
       9.59000       3.16416
       9.59500       3.15099
       9.60000       3.13830
       9.60500       3.12607
       9.61000       3.11429
       9.61500       3.10291
       9.62000       3.09190
       9.62500       3.08122
       9.63000       3.07082
       9.63500       3.06066
       9.64000       3.05067
       9.64500       3.04082
       9.65000       3.03103
       9.65500       3.02125
       9.66000       3.01143
       9.66500       3.00151
       9.67000       2.99144
       9.67500       2.98117
       9.68000       2.97064
       9.68500       2.95982
       9.69000       2.94866
       9.69500       2.93712
       9.70000       2.92517
       9.70500       2.91279
       9.71000       2.89995
       9.71500       2.88664
       9.72000       2.87284
       9.72500       2.85856
       9.73000       2.84379
       9.73500       2.82853
       9.74000       2.81281
       9.74500       2.79663
       9.75000       2.78002
       9.75500       2.76300
       9.76000       2.74560
       9.76500       2.72785
       9.77000       2.70979
       9.77500       2.69145
       9.78000       2.67286
       9.78500       2.65407
       9.79000       2.63511
       9.79500       2.61603
       9.80000       2.59686
       9.80500       2.57763
       9.81000       2.55839
       9.81500       2.53917
       9.82000       2.51999
       9.82500       2.50089
       9.83000       2.48189
       9.83500       2.46302
       9.84000       2.44431
       9.84500       2.42576
       9.85000       2.40740
       9.85500       2.38924
       9.86000       2.37129
       9.86500       2.35358
       9.87000       2.33609
       9.87500       2.31885
       9.88000       2.30187
       9.88500       2.28514
       9.89000       2.26868
       9.89500       2.25248
       9.90000       2.23657
       9.90500       2.22095
       9.91000       2.20562
       9.91500       2.19060
       9.92000       2.17589
       9.92500       2.16150
       9.93000       2.14746
       9.93500       2.13377
       9.94000       2.12045
       9.94500       2.10751
       9.95000       2.09497
       9.95500       2.08286
       9.96000       2.07118
       9.96500       2.05995
       9.97000       2.04921
       9.97500       2.03895
       9.98000       2.02921
       9.98500       2.01999
       9.99000       2.01131
       9.99500       2.00319
