    0.0000   12.6586   12.6586   12.6586    0.0000   -0.0000    0.0000
    0.0260   12.6591   12.6591   12.6591    0.0000   -0.0000    0.0000
    0.0521   12.6607   12.6607   12.6607    0.0000   -0.0000    0.0000
    0.0781   12.6634   12.6634   12.6634    0.0000   -0.0000    0.0000
    0.1041   12.6670   12.6670   12.6670    0.0000   -0.0000    0.0000
    0.1301   12.6718   12.6718   12.6718    0.0000   -0.0000    0.0000
    0.1562   12.6776   12.6776   12.6776    0.0000   -0.0000    0.0000
    0.1822   12.6845   12.6845   12.6845    0.0000   -0.0000    0.0000
    0.2082   12.6924   12.6924   12.6924    0.0000   -0.0000    0.0000
    0.2342   12.7014   12.7014   12.7014    0.0000   -0.0000    0.0000
    0.2603   12.7115   12.7115   12.7115    0.0000   -0.0000    0.0000
    0.2863   12.7227   12.7227   12.7227    0.0000   -0.0000    0.0000
    0.3123   12.7350   12.7350   12.7350    0.0000   -0.0000    0.0000
    0.3384   12.7484   12.7484   12.7484    0.0000   -0.0000    0.0000
    0.3644   12.7629   12.7629   12.7629    0.0000   -0.0000    0.0000
    0.3904   12.7785   12.7785   12.7785    0.0000   -0.0000    0.0000
    0.4164   12.7952   12.7952   12.7952    0.0000   -0.0000    0.0000
    0.4425   12.8131   12.8131   12.8131    0.0000   -0.0000    0.0000
    0.4685   12.8321   12.8321   12.8321    0.0000   -0.0000    0.0000
    0.4945   12.8523   12.8523   12.8523    0.0000   -0.0000    0.0000
    0.5205   12.8737   12.8737   12.8737    0.0000   -0.0000    0.0000
    0.5466   12.8962   12.8962   12.8962    0.0000   -0.0000    0.0000
    0.5726   12.9200   12.9200   12.9200    0.0000   -0.0000    0.0000
    0.5986   12.9450   12.9450   12.9450    0.0000   -0.0000    0.0000
    0.6247   12.9712   12.9712   12.9712    0.0000   -0.0000    0.0000
    0.6507   12.9987   12.9987   12.9987    0.0000   -0.0000    0.0000
    0.6767   13.0274   13.0274   13.0274    0.0000   -0.0000    0.0000
    0.7027   13.0575   13.0575   13.0575    0.0000   -0.0000    0.0000
    0.7288   13.0889   13.0889   13.0889    0.0000   -0.0000    0.0000
    0.7548   13.1216   13.1216   13.1216    0.0000   -0.0000    0.0000
    0.7808   13.1557   13.1557   13.1557    0.0000   -0.0000    0.0000
    0.8068   13.1911   13.1911   13.1911    0.0000   -0.0000    0.0000
    0.8329   13.2280   13.2280   13.2280    0.0000   -0.0000    0.0000
    0.8589   13.2663   13.2663   13.2663    0.0000   -0.0000    0.0000
    0.8849   13.3061   13.3061   13.3061    0.0000   -0.0000    0.0000
    0.9110   13.3474   13.3474   13.3474    0.0000   -0.0000    0.0000
    0.9370   13.3902   13.3902   13.3902    0.0000   -0.0000    0.0000
    0.9630   13.4346   13.4346   13.4346    0.0000   -0.0000    0.0000
    0.9890   13.4806   13.4806   13.4806    0.0000   -0.0000    0.0000
    1.0151   13.5282   13.5282   13.5282    0.0000   -0.0000    0.0000
    1.0411   13.5775   13.5775   13.5775    0.0000   -0.0000    0.0000
    1.0671   13.6285   13.6285   13.6285    0.0000   -0.0000    0.0000
    1.0931   13.6813   13.6813   13.6813    0.0000   -0.0000    0.0000
    1.1192   13.7359   13.7359   13.7359    0.0000   -0.0000    0.0000
    1.1452   13.7923   13.7923   13.7923    0.0000   -0.0000    0.0000
    1.1712   13.8506   13.8506   13.8506    0.0000   -0.0000    0.0000
    1.1973   13.9109   13.9109   13.9109    0.0000   -0.0000    0.0000
    1.2233   13.9732   13.9732   13.9732    0.0000   -0.0000    0.0000
    1.2493   14.0376   14.0376   14.0376    0.0000   -0.0000    0.0000
    1.2753   14.1041   14.1041   14.1041    0.0000   -0.0000    0.0000
    1.3014   14.1728   14.1728   14.1728    0.0000   -0.0000    0.0000
    1.3274   14.2438   14.2438   14.2438    0.0000   -0.0000    0.0000
    1.3534   14.3171   14.3171   14.3171    0.0000   -0.0000    0.0000
    1.3794   14.3928   14.3928   14.3928    0.0000   -0.0000    0.0000
    1.4055   14.4710   14.4710   14.4710    0.0000   -0.0000    0.0000
    1.4315   14.5518   14.5518   14.5518    0.0000   -0.0000    0.0000
    1.4575   14.6353   14.6353   14.6353    0.0000   -0.0000    0.0000
    1.4836   14.7215   14.7215   14.7215    0.0000   -0.0000    0.0000
    1.5096   14.8106   14.8106   14.8106    0.0000   -0.0000    0.0000
    1.5356   14.9027   14.9027   14.9027    0.0000   -0.0000    0.0000
    1.5616   14.9978   14.9978   14.9978    0.0000   -0.0000    0.0000
    1.5877   15.0962   15.0962   15.0962    0.0000   -0.0000    0.0000
    1.6137   15.1979   15.1979   15.1979    0.0000   -0.0000    0.0000
    1.6397   15.3030   15.3030   15.3030    0.0000   -0.0000    0.0000
    1.6657   15.4118   15.4118   15.4118    0.0000   -0.0000    0.0000
    1.6918   15.5244   15.5244   15.5244    0.0000   -0.0000    0.0000
    1.7178   15.6409   15.6409   15.6409    0.0000   -0.0000    0.0000
    1.7438   15.7615   15.7615   15.7615    0.0000   -0.0000    0.0000
    1.7699   15.8864   15.8864   15.8864    0.0000   -0.0000    0.0000
    1.7959   16.0159   16.0159   16.0159    0.0000   -0.0000    0.0000
    1.8219   16.1500   16.1500   16.1500    0.0000   -0.0000    0.0000
    1.8479   16.2892   16.2892   16.2892    0.0000   -0.0000    0.0000
    1.8740   16.4335   16.4335   16.4335    0.0000   -0.0000    0.0000
    1.9000   16.5834   16.5834   16.5834    0.0000   -0.0000    0.0000
    1.9260   16.7390   16.7390   16.7390    0.0000   -0.0000    0.0000
    1.9521   16.9008   16.9008   16.9008    0.0000   -0.0000    0.0000
    1.9781   17.0690   17.0690   17.0690    0.0000   -0.0000    0.0000
    2.0041   17.2440   17.2440   17.2440    0.0000   -0.0000    0.0000
    2.0301   17.4263   17.4263   17.4263    0.0000   -0.0000    0.0000
    2.0562   17.6164   17.6164   17.6164    0.0000   -0.0000    0.0000
    2.0822   17.8146   17.8146   17.8146    0.0000   -0.0000    0.0000
    2.1082   18.0215   18.0215   18.0215    0.0000   -0.0000    0.0000
    2.1342   18.2378   18.2378   18.2378    0.0000   -0.0000    0.0000
    2.1603   18.4642   18.4642   18.4642    0.0000   -0.0000    0.0000
    2.1863   18.7012   18.7012   18.7012    0.0000   -0.0000    0.0000
    2.2123   18.9498   18.9498   18.9498    0.0000   -0.0000    0.0000
    2.2384   19.2109   19.2109   19.2109    0.0000   -0.0000    0.0000
    2.2644   19.4855   19.4855   19.4855    0.0000   -0.0000    0.0000
    2.2904   19.7747   19.7747   19.7747    0.0000   -0.0000    0.0000
    2.3164   20.0799   20.0799   20.0799    0.0000   -0.0000    0.0000
    2.3425   20.4025   20.4025   20.4025    0.0000   -0.0000    0.0000
    2.3685   20.7441   20.7441   20.7441    0.0000   -0.0000    0.0000
    2.3945   21.1067   21.1067   21.1067    0.0000   -0.0000    0.0000
    2.4205   21.4925   21.4925   21.4925    0.0000   -0.0000    0.0000
    2.4466   21.9038   21.9038   21.9038    0.0000   -0.0000    0.0000
    2.4726   22.3435   22.3435   22.3435    0.0000   -0.0000    0.0000
    2.4986   22.8146   22.8146   22.8146    0.0000   -0.0000    0.0000
    2.5247   23.3204   23.3204   23.3204    0.0000   -0.0000    0.0000
    2.5507   23.8640   23.8640   23.8640    0.0000   -0.0000    0.0000
    2.5767   24.4480   24.4480   24.4480    0.0000   -0.0000    0.0000
    2.6027   25.0725   25.0725   25.0725    0.0000   -0.0000    0.0000
    2.6288   25.7327   25.7327   25.7327    0.0000   -0.0000    0.0000
    2.6548   26.4145   26.4145   26.4145    0.0000   -0.0000    0.0000
    2.6808   27.0918   27.0918   27.0918    0.0000   -0.0000    0.0000
    2.7068   27.7328   27.7328   27.7328    0.0000   -0.0000    0.0000
    2.7329   28.3138   28.3138   28.3138    0.0000   -0.0000    0.0000
    2.7589   28.8228   28.8228   28.8228    0.0000   -0.0000    0.0000
    2.7849   29.2469   29.2469   29.2469    0.0000   -0.0000    0.0000
    2.8110   29.5631   29.5631   29.5631    0.0000   -0.0000    0.0000
    2.8370   29.7432   29.7432   29.7432    0.0000    0.0000    0.0000
    2.8630   29.7709   29.7709   29.7709    0.0000    0.0000   -0.0000
    2.8890   29.6561   29.6561   29.6561    0.0000    0.0000   -0.0000
    2.9151   29.4314   29.4314   29.4314    0.0000   -0.0000   -0.0000
    2.9411   29.1350   29.1350   29.1350    0.0000   -0.0000   -0.0000
    2.9671   28.7982   28.7982   28.7982    0.0000   -0.0000    0.0000
    2.9931   28.4408   28.4408   28.4408    0.0000   -0.0000    0.0000
    3.0192   28.0732   28.0732   28.0732    0.0000   -0.0000    0.0000
    3.0452   27.7001   27.7001   27.7001   -0.0000   -0.0000    0.0000
    3.0712   27.3243   27.3243   27.3243   -0.0000   -0.0000    0.0000
    3.0973   26.9492   26.9492   26.9492   -0.0000   -0.0000    0.0000
    3.1233   26.5787   26.5787   26.5787    0.0000   -0.0000    0.0000
    3.1493   26.2154   26.2154   26.2154    0.0000   -0.0000    0.0000
    3.1753   25.8564   25.8564   25.8564    0.0000   -0.0000    0.0000
    3.2014   25.4958   25.4958   25.4958    0.0000   -0.0000    0.0000
    3.2274   25.1298   25.1298   25.1298    0.0000   -0.0000    0.0000
    3.2534   24.7614   24.7614   24.7614    0.0000   -0.0000    0.0000
    3.2794   24.4003   24.4003   24.4003    0.0000   -0.0000    0.0000
    3.3055   24.0583   24.0583   24.0583    0.0000   -0.0000    0.0000
    3.3315   23.7435   23.7435   23.7435    0.0000   -0.0000    0.0000
    3.3575   23.4580   23.4580   23.4580    0.0000   -0.0000    0.0000
    3.3836   23.2006   23.2006   23.2006    0.0000   -0.0000    0.0000
    3.4096   22.9662   22.9662   22.9662    0.0000   -0.0000    0.0000
    3.4356   22.7459   22.7459   22.7459    0.0000   -0.0000    0.0000
    3.4616   22.5267   22.5267   22.5267    0.0000   -0.0000    0.0000
    3.4877   22.2947   22.2947   22.2947    0.0000   -0.0000    0.0000
    3.5137   22.0403   22.0403   22.0403    0.0000   -0.0000    0.0000
    3.5397   21.7600   21.7600   21.7600    0.0000   -0.0000    0.0000
    3.5657   21.4503   21.4503   21.4503    0.0000   -0.0000   -0.0000
    3.5918   21.0966   21.0966   21.0966    0.0000   -0.0000   -0.0000
    3.6178   20.6668   20.6668   20.6668   -0.0000   -0.0000   -0.0000
    3.6438   20.1151   20.1151   20.1151   -0.0000   -0.0000   -0.0000
    3.6699   19.3946   19.3946   19.3946   -0.0000   -0.0000   -0.0000
    3.6959   18.4698   18.4698   18.4698    0.0000   -0.0000   -0.0000
    3.7219   17.3146   17.3146   17.3146    0.0000   -0.0000   -0.0000
    3.7479   15.9013   15.9013   15.9013   -0.0000    0.0000   -0.0000
    3.7740   14.2059   14.2059   14.2059   -0.0000    0.0000   -0.0000
    3.8000   12.2277   12.2277   12.2277   -0.0000    0.0000   -0.0000
    3.8260   10.0022   10.0022   10.0022   -0.0000    0.0000   -0.0000
    3.8520    7.5937    7.5937    7.5937   -0.0000    0.0000   -0.0000
    3.8781    5.0807    5.0807    5.0807   -0.0000    0.0000   -0.0000
    3.9041    2.5503    2.5503    2.5503    0.0000    0.0000   -0.0000
    3.9301    0.0955    0.0955    0.0955    0.0000    0.0000    0.0000
    3.9562   -2.1922   -2.1922   -2.1922    0.0000    0.0000    0.0000
    3.9822   -4.2352   -4.2352   -4.2352    0.0000    0.0000    0.0000
    4.0082   -5.9772   -5.9772   -5.9772    0.0000    0.0000    0.0000
    4.0342   -7.3839   -7.3839   -7.3839    0.0000    0.0000    0.0000
    4.0603   -8.4376   -8.4376   -8.4376    0.0000    0.0000    0.0000
    4.0863   -9.1380   -9.1380   -9.1380    0.0000    0.0000    0.0000
    4.1123   -9.5131   -9.5131   -9.5131    0.0000    0.0000    0.0000
    4.1383   -9.6263   -9.6263   -9.6263    0.0000    0.0000    0.0000
    4.1644   -9.5614   -9.5614   -9.5614    0.0000    0.0000    0.0000
    4.1904   -9.3942   -9.3942   -9.3942    0.0000    0.0000    0.0000
    4.2164   -9.1777   -9.1777   -9.1777    0.0000    0.0000    0.0000
    4.2425   -8.9433   -8.9433   -8.9433    0.0000    0.0000    0.0000
    4.2685   -8.7085   -8.7085   -8.7085    0.0000    0.0000    0.0000
    4.2945   -8.4804   -8.4804   -8.4804    0.0000    0.0000    0.0000
    4.3205   -8.2580   -8.2580   -8.2580    0.0000    0.0000   -0.0000
    4.3466   -8.0378   -8.0378   -8.0378    0.0000    0.0000   -0.0000
    4.3726   -7.8186   -7.8186   -7.8186    0.0000    0.0000   -0.0000
    4.3986   -7.6022   -7.6022   -7.6022    0.0000    0.0000   -0.0000
    4.4246   -7.3924   -7.3924   -7.3924    0.0000    0.0000   -0.0000
    4.4507   -7.1998   -7.1998   -7.1998    0.0000    0.0000   -0.0000
    4.4767   -7.0546   -7.0546   -7.0546    0.0000    0.0000   -0.0000
    4.5027   -7.0231   -7.0231   -7.0231    0.0000    0.0000   -0.0000
    4.5288   -7.2176   -7.2176   -7.2176    0.0000    0.0000    0.0000
    4.5548   -7.7523   -7.7523   -7.7523    0.0000    0.0000    0.0000
    4.5808   -8.6012   -8.6012   -8.6012   -0.0000    0.0000   -0.0000
    4.6068   -9.5085   -9.5085   -9.5085   -0.0000    0.0000   -0.0000
    4.6329  -10.2024  -10.2024  -10.2024   -0.0000   -0.0000   -0.0000
    4.6589  -10.6207  -10.6207  -10.6207   -0.0000   -0.0000   -0.0000
    4.6849  -10.8412  -10.8412  -10.8412   -0.0000   -0.0000   -0.0000
    4.7109  -10.9500  -10.9500  -10.9500   -0.0000   -0.0000   -0.0000
    4.7370  -11.0007  -11.0007  -11.0007   -0.0000   -0.0000   -0.0000
    4.7630  -11.0199  -11.0199  -11.0199   -0.0000   -0.0000   -0.0000
    4.7890  -11.0191  -11.0191  -11.0191   -0.0000   -0.0000   -0.0000
    4.8151  -11.0039  -11.0039  -11.0039   -0.0000   -0.0000   -0.0000
    4.8411  -10.9774  -10.9774  -10.9774   -0.0000   -0.0000   -0.0000
    4.8671  -10.9427  -10.9427  -10.9427   -0.0000   -0.0000   -0.0000
    4.8931  -10.9043  -10.9043  -10.9043   -0.0000   -0.0000   -0.0000
    4.9192  -10.8675  -10.8675  -10.8675   -0.0000   -0.0000   -0.0000
    4.9452  -10.8339  -10.8339  -10.8339   -0.0000   -0.0000   -0.0000
    4.9712  -10.7980  -10.7980  -10.7980   -0.0000   -0.0000   -0.0000
    4.9972  -10.7546  -10.7546  -10.7546   -0.0000    0.0000   -0.0000
    5.0233  -10.7047  -10.7047  -10.7047   -0.0000    0.0000   -0.0000
    5.0493  -10.6526  -10.6526  -10.6526   -0.0000    0.0000   -0.0000
    5.0753  -10.6014  -10.6014  -10.6014   -0.0000    0.0000   -0.0000
    5.1014  -10.5523  -10.5523  -10.5523   -0.0000    0.0000   -0.0000
    5.1274  -10.5061  -10.5061  -10.5061   -0.0000    0.0000   -0.0000
    5.1534  -10.4640  -10.4640  -10.4640   -0.0000    0.0000   -0.0000
    5.1794  -10.4281  -10.4281  -10.4281   -0.0000    0.0000   -0.0000
    5.2055  -10.4011  -10.4011  -10.4011   -0.0000    0.0000   -0.0000
    5.2315  -10.3846  -10.3846  -10.3846   -0.0000    0.0000    0.0000
    5.2575  -10.3778  -10.3778  -10.3778   -0.0000    0.0000    0.0000
    5.2836  -10.3751  -10.3751  -10.3751   -0.0000    0.0000    0.0000
    5.3096  -10.3664  -10.3664  -10.3664   -0.0000    0.0000    0.0000
    5.3356  -10.3439  -10.3439  -10.3439   -0.0000    0.0000    0.0000
    5.3616  -10.3048  -10.3048  -10.3048   -0.0000    0.0000    0.0000
    5.3877  -10.2510  -10.2510  -10.2510   -0.0000    0.0000    0.0000
    5.4137  -10.1873  -10.1873  -10.1873   -0.0000    0.0000    0.0000
    5.4397  -10.1181  -10.1181  -10.1181   -0.0000    0.0000    0.0000
    5.4657  -10.0460  -10.0460  -10.0460   -0.0000    0.0000    0.0000
    5.4918   -9.9719   -9.9719   -9.9719   -0.0000    0.0000    0.0000
    5.5178   -9.8952   -9.8952   -9.8952   -0.0000    0.0000    0.0000
    5.5438   -9.8155   -9.8155   -9.8155   -0.0000    0.0000    0.0000
    5.5699   -9.7335   -9.7335   -9.7335   -0.0000    0.0000    0.0000
    5.5959   -9.6514   -9.6514   -9.6514   -0.0000    0.0000    0.0000
    5.6219   -9.5712   -9.5712   -9.5712   -0.0000    0.0000    0.0000
    5.6479   -9.4939   -9.4939   -9.4939   -0.0000    0.0000    0.0000
    5.6740   -9.4195   -9.4195   -9.4195   -0.0000    0.0000    0.0000
    5.7000   -9.3471   -9.3471   -9.3471   -0.0000    0.0000    0.0000
    5.7260   -9.2754   -9.2754   -9.2754   -0.0000    0.0000    0.0000
    5.7520   -9.2033   -9.2033   -9.2033   -0.0000    0.0000    0.0000
    5.7781   -9.1298   -9.1298   -9.1298   -0.0000    0.0000    0.0000
    5.8041   -9.0546   -9.0546   -9.0546   -0.0000    0.0000    0.0000
    5.8301   -8.9772   -8.9772   -8.9772   -0.0000    0.0000    0.0000
    5.8562   -8.8981   -8.8981   -8.8981   -0.0000    0.0000    0.0000
    5.8822   -8.8177   -8.8177   -8.8177   -0.0000    0.0000    0.0000
    5.9082   -8.7367   -8.7367   -8.7367   -0.0000    0.0000    0.0000
    5.9342   -8.6556   -8.6556   -8.6556   -0.0000    0.0000    0.0000
    5.9603   -8.5747   -8.5747   -8.5747   -0.0000    0.0000    0.0000
    5.9863   -8.4940   -8.4940   -8.4940   -0.0000   -0.0000    0.0000
    6.0123   -8.4125   -8.4125   -8.4125   -0.0000   -0.0000    0.0000
    6.0383   -8.3289   -8.3289   -8.3289   -0.0000   -0.0000    0.0000
    6.0644   -8.2418   -8.2418   -8.2418   -0.0000   -0.0000    0.0000
    6.0904   -8.1515   -8.1515   -8.1515   -0.0000    0.0000    0.0000
    6.1164   -8.0597   -8.0597   -8.0597   -0.0000    0.0000   -0.0000
    6.1425   -7.9687   -7.9687   -7.9687   -0.0000    0.0000   -0.0000
    6.1685   -7.8802   -7.8802   -7.8802   -0.0000    0.0000   -0.0000
    6.1945   -7.7948   -7.7948   -7.7948   -0.0000    0.0000   -0.0000
    6.2205   -7.7125   -7.7125   -7.7125   -0.0000    0.0000   -0.0000
    6.2466   -7.6327   -7.6327   -7.6327   -0.0000    0.0000   -0.0000
    6.2726   -7.5552   -7.5552   -7.5552   -0.0000    0.0000   -0.0000
    6.2986   -7.4792   -7.4792   -7.4792   -0.0000    0.0000   -0.0000
    6.3246   -7.4044   -7.4044   -7.4044   -0.0000    0.0000   -0.0000
    6.3507   -7.3305   -7.3305   -7.3305   -0.0000    0.0000   -0.0000
    6.3767   -7.2577   -7.2577   -7.2577   -0.0000    0.0000   -0.0000
    6.4027   -7.1863   -7.1863   -7.1863   -0.0000    0.0000   -0.0000
    6.4288   -7.1166   -7.1166   -7.1166   -0.0000    0.0000   -0.0000
    6.4548   -7.0488   -7.0488   -7.0488   -0.0000    0.0000   -0.0000
    6.4808   -6.9827   -6.9827   -6.9827   -0.0000    0.0000   -0.0000
    6.5068   -6.9181   -6.9181   -6.9181   -0.0000    0.0000   -0.0000
    6.5329   -6.8549   -6.8549   -6.8549   -0.0000    0.0000   -0.0000
    6.5589   -6.7928   -6.7928   -6.7928   -0.0000    0.0000   -0.0000
    6.5849   -6.7316   -6.7316   -6.7316   -0.0000    0.0000   -0.0000
    6.6109   -6.6709   -6.6709   -6.6709   -0.0000    0.0000    0.0000
    6.6370   -6.6103   -6.6103   -6.6103   -0.0000   -0.0000    0.0000
    6.6630   -6.5494   -6.5494   -6.5494   -0.0000   -0.0000    0.0000
    6.6890   -6.4881   -6.4881   -6.4881   -0.0000   -0.0000   -0.0000
    6.7151   -6.4262   -6.4262   -6.4262   -0.0000   -0.0000   -0.0000
    6.7411   -6.3637   -6.3637   -6.3637   -0.0000   -0.0000   -0.0000
    6.7671   -6.3008   -6.3008   -6.3008   -0.0000   -0.0000   -0.0000
    6.7931   -6.2377   -6.2377   -6.2377   -0.0000   -0.0000   -0.0000
    6.8192   -6.1746   -6.1746   -6.1746   -0.0000   -0.0000   -0.0000
    6.8452   -6.1118   -6.1118   -6.1118   -0.0000   -0.0000   -0.0000
    6.8712   -6.0494   -6.0494   -6.0494   -0.0000   -0.0000   -0.0000
    6.8972   -5.9877   -5.9877   -5.9877   -0.0000   -0.0000   -0.0000
    6.9233   -5.9268   -5.9268   -5.9268   -0.0000   -0.0000   -0.0000
    6.9493   -5.8669   -5.8669   -5.8669   -0.0000   -0.0000   -0.0000
    6.9753   -5.8080   -5.8080   -5.8080   -0.0000   -0.0000   -0.0000
    7.0014   -5.7503   -5.7503   -5.7503   -0.0000   -0.0000   -0.0000
    7.0274   -5.6937   -5.6937   -5.6937   -0.0000    0.0000   -0.0000
    7.0534   -5.6379   -5.6379   -5.6379   -0.0000    0.0000   -0.0000
    7.0794   -5.5824   -5.5824   -5.5824   -0.0000    0.0000   -0.0000
    7.1055   -5.5267   -5.5267   -5.5267   -0.0000    0.0000   -0.0000
    7.1315   -5.4701   -5.4701   -5.4701   -0.0000    0.0000   -0.0000
    7.1575   -5.4122   -5.4122   -5.4122   -0.0000    0.0000   -0.0000
    7.1835   -5.3533   -5.3533   -5.3533   -0.0000    0.0000   -0.0000
    7.2096   -5.2941   -5.2941   -5.2941   -0.0000    0.0000   -0.0000
    7.2356   -5.2354   -5.2354   -5.2354   -0.0000    0.0000   -0.0000
    7.2616   -5.1777   -5.1777   -5.1777   -0.0000    0.0000   -0.0000
    7.2877   -5.1213   -5.1213   -5.1213   -0.0000    0.0000   -0.0000
    7.3137   -5.0666   -5.0666   -5.0666   -0.0000    0.0000   -0.0000
    7.3397   -5.0137   -5.0137   -5.0137   -0.0000    0.0000   -0.0000
    7.3657   -4.9626   -4.9626   -4.9626   -0.0000    0.0000   -0.0000
    7.3918   -4.9131   -4.9131   -4.9131   -0.0000    0.0000   -0.0000
    7.4178   -4.8650   -4.8650   -4.8650   -0.0000    0.0000   -0.0000
    7.4438   -4.8182   -4.8182   -4.8182   -0.0000    0.0000   -0.0000
    7.4698   -4.7725   -4.7725   -4.7725   -0.0000    0.0000   -0.0000
    7.4959   -4.7274   -4.7274   -4.7274   -0.0000    0.0000   -0.0000
    7.5219   -4.6829   -4.6829   -4.6829   -0.0000    0.0000   -0.0000
    7.5479   -4.6388   -4.6388   -4.6388   -0.0000    0.0000   -0.0000
    7.5740   -4.5952   -4.5952   -4.5952   -0.0000    0.0000   -0.0000
    7.6000   -4.5520   -4.5520   -4.5520   -0.0000    0.0000   -0.0000
    7.6260   -4.5096   -4.5096   -4.5096   -0.0000    0.0000   -0.0000
    7.6520   -4.4678   -4.4678   -4.4678   -0.0000    0.0000   -0.0000
    7.6781   -4.4263   -4.4263   -4.4263   -0.0000    0.0000   -0.0000
    7.7041   -4.3850   -4.3850   -4.3850   -0.0000    0.0000   -0.0000
    7.7301   -4.3437   -4.3437   -4.3437   -0.0000    0.0000   -0.0000
    7.7561   -4.3026   -4.3026   -4.3026   -0.0000    0.0000   -0.0000
    7.7822   -4.2623   -4.2623   -4.2623   -0.0000    0.0000   -0.0000
    7.8082   -4.2230   -4.2230   -4.2230   -0.0000    0.0000   -0.0000
    7.8342   -4.1851   -4.1851   -4.1851   -0.0000    0.0000   -0.0000
    7.8603   -4.1480   -4.1480   -4.1480   -0.0000    0.0000   -0.0000
    7.8863   -4.1107   -4.1107   -4.1107   -0.0000    0.0000   -0.0000
    7.9123   -4.0727   -4.0727   -4.0727   -0.0000    0.0000   -0.0000
    7.9383   -4.0341   -4.0341   -4.0341   -0.0000    0.0000   -0.0000
    7.9644   -3.9954   -3.9954   -3.9954   -0.0000    0.0000   -0.0000
    7.9904   -3.9570   -3.9570   -3.9570   -0.0000   -0.0000   -0.0000
    8.0164   -3.9189   -3.9189   -3.9189   -0.0000   -0.0000   -0.0000
    8.0424   -3.8810   -3.8810   -3.8810   -0.0000   -0.0000   -0.0000
    8.0685   -3.8433   -3.8433   -3.8433   -0.0000   -0.0000   -0.0000
    8.0945   -3.8059   -3.8059   -3.8059   -0.0000   -0.0000   -0.0000
    8.1205   -3.7691   -3.7691   -3.7691   -0.0000   -0.0000   -0.0000
    8.1466   -3.7332   -3.7332   -3.7332   -0.0000   -0.0000   -0.0000
    8.1726   -3.6985   -3.6985   -3.6985   -0.0000   -0.0000   -0.0000
    8.1986   -3.6649   -3.6649   -3.6649   -0.0000   -0.0000   -0.0000
    8.2246   -3.6324   -3.6324   -3.6324   -0.0000   -0.0000   -0.0000
    8.2507   -3.6008   -3.6008   -3.6008   -0.0000   -0.0000   -0.0000
    8.2767   -3.5700   -3.5700   -3.5700   -0.0000   -0.0000   -0.0000
    8.3027   -3.5398   -3.5398   -3.5398   -0.0000   -0.0000   -0.0000
    8.3287   -3.5100   -3.5100   -3.5100   -0.0000   -0.0000   -0.0000
    8.3548   -3.4804   -3.4804   -3.4804   -0.0000   -0.0000   -0.0000
    8.3808   -3.4510   -3.4510   -3.4510   -0.0000   -0.0000   -0.0000
    8.4068   -3.4219   -3.4219   -3.4219   -0.0000   -0.0000   -0.0000
    8.4329   -3.3932   -3.3932   -3.3932   -0.0000   -0.0000   -0.0000
    8.4589   -3.3650   -3.3650   -3.3650   -0.0000    0.0000   -0.0000
    8.4849   -3.3372   -3.3372   -3.3372   -0.0000    0.0000   -0.0000
    8.5109   -3.3098   -3.3098   -3.3098   -0.0000    0.0000   -0.0000
    8.5370   -3.2826   -3.2826   -3.2826   -0.0000    0.0000   -0.0000
    8.5630   -3.2551   -3.2551   -3.2551   -0.0000    0.0000   -0.0000
    8.5890   -3.2263   -3.2263   -3.2263   -0.0000    0.0000   -0.0000
    8.6151   -3.1956   -3.1956   -3.1956   -0.0000    0.0000   -0.0000
    8.6411   -3.1630   -3.1630   -3.1630   -0.0000    0.0000   -0.0000
    8.6671   -3.1293   -3.1293   -3.1293   -0.0000    0.0000   -0.0000
    8.6931   -3.0949   -3.0949   -3.0949   -0.0000    0.0000   -0.0000
    8.7192   -3.0603   -3.0603   -3.0603   -0.0000    0.0000   -0.0000
    8.7452   -3.0256   -3.0256   -3.0256   -0.0000    0.0000   -0.0000
    8.7712   -2.9911   -2.9911   -2.9911   -0.0000    0.0000   -0.0000
    8.7972   -2.9569   -2.9569   -2.9569   -0.0000    0.0000   -0.0000
    8.8233   -2.9229   -2.9229   -2.9229   -0.0000    0.0000   -0.0000
    8.8493   -2.8895   -2.8895   -2.8895   -0.0000    0.0000   -0.0000
    8.8753   -2.8568   -2.8568   -2.8568   -0.0000    0.0000   -0.0000
    8.9014   -2.8249   -2.8249   -2.8249   -0.0000    0.0000   -0.0000
    8.9274   -2.7941   -2.7941   -2.7941   -0.0000    0.0000   -0.0000
    8.9534   -2.7642   -2.7642   -2.7642   -0.0000    0.0000   -0.0000
    8.9794   -2.7353   -2.7353   -2.7353   -0.0000    0.0000   -0.0000
    9.0055   -2.7072   -2.7072   -2.7072   -0.0000    0.0000   -0.0000
    9.0315   -2.6798   -2.6798   -2.6798   -0.0000    0.0000   -0.0000
    9.0575   -2.6532   -2.6532   -2.6532   -0.0000    0.0000   -0.0000
    9.0835   -2.6273   -2.6273   -2.6273   -0.0000    0.0000   -0.0000
    9.1096   -2.6022   -2.6022   -2.6022   -0.0000    0.0000   -0.0000
    9.1356   -2.5779   -2.5779   -2.5779   -0.0000    0.0000   -0.0000
    9.1616   -2.5543   -2.5543   -2.5543   -0.0000    0.0000   -0.0000
    9.1877   -2.5312   -2.5312   -2.5312   -0.0000    0.0000   -0.0000
    9.2137   -2.5084   -2.5084   -2.5084   -0.0000    0.0000   -0.0000
    9.2397   -2.4857   -2.4857   -2.4857   -0.0000    0.0000   -0.0000
    9.2657   -2.4633   -2.4633   -2.4633   -0.0000    0.0000   -0.0000
    9.2918   -2.4410   -2.4410   -2.4410   -0.0000    0.0000   -0.0000
    9.3178   -2.4187   -2.4187   -2.4187   -0.0000    0.0000   -0.0000
    9.3438   -2.3966   -2.3966   -2.3966   -0.0000    0.0000   -0.0000
    9.3698   -2.3746   -2.3746   -2.3746   -0.0000    0.0000   -0.0000
    9.3959   -2.3530   -2.3530   -2.3530   -0.0000    0.0000   -0.0000
    9.4219   -2.3318   -2.3318   -2.3318   -0.0000    0.0000   -0.0000
    9.4479   -2.3107   -2.3107   -2.3107   -0.0000    0.0000   -0.0000
    9.4740   -2.2897   -2.2897   -2.2897   -0.0000    0.0000   -0.0000
    9.5000   -2.2685   -2.2685   -2.2685   -0.0000    0.0000   -0.0000
    9.5260   -2.2471   -2.2471   -2.2471   -0.0000    0.0000   -0.0000
    9.5520   -2.2253   -2.2253   -2.2253   -0.0000    0.0000   -0.0000
    9.5781   -2.2034   -2.2034   -2.2034   -0.0000    0.0000   -0.0000
    9.6041   -2.1812   -2.1812   -2.1812   -0.0000    0.0000   -0.0000
    9.6301   -2.1590   -2.1590   -2.1590   -0.0000    0.0000   -0.0000
    9.6561   -2.1366   -2.1366   -2.1366   -0.0000    0.0000   -0.0000
    9.6822   -2.1142   -2.1142   -2.1142   -0.0000    0.0000   -0.0000
    9.7082   -2.0919   -2.0919   -2.0919   -0.0000    0.0000   -0.0000
    9.7342   -2.0697   -2.0697   -2.0697   -0.0000    0.0000   -0.0000
    9.7603   -2.0477   -2.0477   -2.0477   -0.0000    0.0000   -0.0000
    9.7863   -2.0261   -2.0261   -2.0261   -0.0000    0.0000   -0.0000
    9.8123   -2.0048   -2.0048   -2.0048   -0.0000    0.0000   -0.0000
    9.8383   -1.9839   -1.9839   -1.9839   -0.0000    0.0000   -0.0000
    9.8644   -1.9634   -1.9634   -1.9634   -0.0000    0.0000   -0.0000
    9.8904   -1.9432   -1.9432   -1.9432   -0.0000    0.0000   -0.0000
    9.9164   -1.9234   -1.9234   -1.9234   -0.0000    0.0000   -0.0000
    9.9424   -1.9039   -1.9039   -1.9039   -0.0000    0.0000   -0.0000
    9.9685   -1.8846   -1.8846   -1.8846   -0.0000    0.0000   -0.0000
    9.9945   -1.8657   -1.8657   -1.8657   -0.0000    0.0000   -0.0000
   10.0205   -1.8470   -1.8470   -1.8470   -0.0000    0.0000   -0.0000
   10.0466   -1.8286   -1.8286   -1.8286   -0.0000    0.0000   -0.0000
   10.0726   -1.8103   -1.8103   -1.8103   -0.0000    0.0000   -0.0000
   10.0986   -1.7923   -1.7923   -1.7923   -0.0000    0.0000   -0.0000
   10.1246   -1.7744   -1.7744   -1.7744   -0.0000    0.0000   -0.0000
   10.1507   -1.7567   -1.7567   -1.7567   -0.0000    0.0000   -0.0000
   10.1767   -1.7390   -1.7390   -1.7390   -0.0000    0.0000   -0.0000
   10.2027   -1.7215   -1.7215   -1.7215   -0.0000    0.0000   -0.0000
   10.2287   -1.7040   -1.7040   -1.7040   -0.0000    0.0000   -0.0000
   10.2548   -1.6866   -1.6866   -1.6866   -0.0000    0.0000   -0.0000
   10.2808   -1.6693   -1.6693   -1.6693   -0.0000    0.0000   -0.0000
   10.3068   -1.6522   -1.6522   -1.6522   -0.0000    0.0000   -0.0000
   10.3329   -1.6354   -1.6354   -1.6354   -0.0000    0.0000   -0.0000
   10.3589   -1.6190   -1.6190   -1.6190   -0.0000    0.0000   -0.0000
   10.3849   -1.6029   -1.6029   -1.6029   -0.0000    0.0000   -0.0000
   10.4109   -1.5872   -1.5872   -1.5872   -0.0000    0.0000   -0.0000
   10.4370   -1.5719   -1.5719   -1.5719   -0.0000    0.0000   -0.0000
   10.4630   -1.5569   -1.5569   -1.5569   -0.0000    0.0000   -0.0000
   10.4890   -1.5421   -1.5421   -1.5421   -0.0000    0.0000   -0.0000
   10.5150   -1.5272   -1.5272   -1.5272   -0.0000    0.0000   -0.0000
   10.5411   -1.5121   -1.5121   -1.5121   -0.0000    0.0000   -0.0000
   10.5671   -1.4966   -1.4966   -1.4966   -0.0000    0.0000   -0.0000
   10.5931   -1.4807   -1.4807   -1.4807   -0.0000    0.0000   -0.0000
   10.6192   -1.4644   -1.4644   -1.4644   -0.0000    0.0000   -0.0000
   10.6452   -1.4478   -1.4478   -1.4478   -0.0000    0.0000   -0.0000
   10.6712   -1.4311   -1.4311   -1.4311   -0.0000    0.0000   -0.0000
   10.6972   -1.4144   -1.4144   -1.4144   -0.0000    0.0000   -0.0000
   10.7233   -1.3978   -1.3978   -1.3978   -0.0000    0.0000   -0.0000
   10.7493   -1.3814   -1.3814   -1.3814   -0.0000    0.0000   -0.0000
   10.7753   -1.3653   -1.3653   -1.3653   -0.0000    0.0000   -0.0000
   10.8013   -1.3495   -1.3495   -1.3495   -0.0000    0.0000   -0.0000
   10.8274   -1.3339   -1.3339   -1.3339   -0.0000    0.0000   -0.0000
   10.8534   -1.3186   -1.3186   -1.3186   -0.0000    0.0000   -0.0000
   10.8794   -1.3035   -1.3035   -1.3035   -0.0000    0.0000   -0.0000
   10.9055   -1.2886   -1.2886   -1.2886   -0.0000    0.0000   -0.0000
   10.9315   -1.2740   -1.2740   -1.2740   -0.0000    0.0000   -0.0000
   10.9575   -1.2595   -1.2595   -1.2595   -0.0000    0.0000   -0.0000
   10.9835   -1.2453   -1.2453   -1.2453   -0.0000    0.0000   -0.0000
   11.0096   -1.2313   -1.2313   -1.2313   -0.0000    0.0000   -0.0000
   11.0356   -1.2174   -1.2174   -1.2174   -0.0000    0.0000   -0.0000
   11.0616   -1.2037   -1.2037   -1.2037   -0.0000    0.0000   -0.0000
   11.0876   -1.1902   -1.1902   -1.1902   -0.0000    0.0000   -0.0000
   11.1137   -1.1768   -1.1768   -1.1768   -0.0000    0.0000   -0.0000
   11.1397   -1.1635   -1.1635   -1.1635   -0.0000    0.0000   -0.0000
   11.1657   -1.1504   -1.1504   -1.1504   -0.0000    0.0000   -0.0000
   11.1918   -1.1374   -1.1374   -1.1374   -0.0000    0.0000   -0.0000
   11.2178   -1.1244   -1.1244   -1.1244   -0.0000    0.0000   -0.0000
   11.2438   -1.1116   -1.1116   -1.1116   -0.0000    0.0000   -0.0000
   11.2698   -1.0989   -1.0989   -1.0989   -0.0000    0.0000   -0.0000
   11.2959   -1.0862   -1.0862   -1.0862   -0.0000    0.0000   -0.0000
   11.3219   -1.0738   -1.0738   -1.0738   -0.0000    0.0000   -0.0000
   11.3479   -1.0617   -1.0617   -1.0617   -0.0000    0.0000   -0.0000
   11.3739   -1.0498   -1.0498   -1.0498   -0.0000    0.0000   -0.0000
   11.4000   -1.0383   -1.0383   -1.0383   -0.0000    0.0000   -0.0000
   11.4260   -1.0270   -1.0270   -1.0270   -0.0000    0.0000   -0.0000
   11.4520   -1.0161   -1.0161   -1.0161   -0.0000    0.0000   -0.0000
   11.4781   -1.0056   -1.0056   -1.0056   -0.0000    0.0000   -0.0000
   11.5041   -0.9954   -0.9954   -0.9954   -0.0000    0.0000   -0.0000
   11.5301   -0.9855   -0.9855   -0.9855   -0.0000    0.0000   -0.0000
   11.5561   -0.9759   -0.9759   -0.9759   -0.0000    0.0000   -0.0000
   11.5822   -0.9664   -0.9664   -0.9664   -0.0000    0.0000   -0.0000
   11.6082   -0.9571   -0.9571   -0.9571   -0.0000    0.0000   -0.0000
   11.6342   -0.9482   -0.9482   -0.9482   -0.0000    0.0000   -0.0000
   11.6602   -0.9396   -0.9396   -0.9396   -0.0000    0.0000   -0.0000
   11.6863   -0.9315   -0.9315   -0.9315   -0.0000    0.0000   -0.0000
   11.7123   -0.9239   -0.9239   -0.9239   -0.0000    0.0000   -0.0000
   11.7383   -0.9167   -0.9167   -0.9167   -0.0000    0.0000   -0.0000
   11.7644   -0.9097   -0.9097   -0.9097   -0.0000    0.0000   -0.0000
   11.7904   -0.9027   -0.9027   -0.9027   -0.0000    0.0000   -0.0000
   11.8164   -0.8954   -0.8954   -0.8954   -0.0000    0.0000   -0.0000
   11.8424   -0.8877   -0.8877   -0.8877   -0.0000    0.0000   -0.0000
   11.8685   -0.8795   -0.8795   -0.8795   -0.0000    0.0000   -0.0000
   11.8945   -0.8709   -0.8709   -0.8709   -0.0000    0.0000   -0.0000
   11.9205   -0.8621   -0.8621   -0.8621   -0.0000    0.0000   -0.0000
   11.9466   -0.8532   -0.8532   -0.8532   -0.0000    0.0000   -0.0000
   11.9726   -0.8442   -0.8442   -0.8442   -0.0000    0.0000   -0.0000
   11.9986   -0.8352   -0.8352   -0.8352   -0.0000    0.0000   -0.0000
   12.0246   -0.8262   -0.8262   -0.8262   -0.0000    0.0000   -0.0000
   12.0507   -0.8172   -0.8172   -0.8172   -0.0000    0.0000   -0.0000
   12.0767   -0.8081   -0.8081   -0.8081   -0.0000    0.0000   -0.0000
   12.1027   -0.7990   -0.7990   -0.7990   -0.0000    0.0000   -0.0000
   12.1287   -0.7898   -0.7898   -0.7898   -0.0000    0.0000   -0.0000
   12.1548   -0.7806   -0.7806   -0.7806   -0.0000    0.0000   -0.0000
   12.1808   -0.7714   -0.7714   -0.7714   -0.0000    0.0000   -0.0000
   12.2068   -0.7622   -0.7622   -0.7622   -0.0000    0.0000   -0.0000
   12.2329   -0.7530   -0.7530   -0.7530   -0.0000    0.0000   -0.0000
   12.2589   -0.7439   -0.7439   -0.7439   -0.0000    0.0000   -0.0000
   12.2849   -0.7349   -0.7349   -0.7349   -0.0000    0.0000   -0.0000
   12.3109   -0.7260   -0.7260   -0.7260   -0.0000    0.0000   -0.0000
   12.3370   -0.7173   -0.7173   -0.7173   -0.0000    0.0000   -0.0000
   12.3630   -0.7087   -0.7087   -0.7087   -0.0000    0.0000   -0.0000
   12.3890   -0.7002   -0.7002   -0.7002   -0.0000    0.0000   -0.0000
   12.4150   -0.6917   -0.6917   -0.6917   -0.0000    0.0000   -0.0000
   12.4411   -0.6832   -0.6832   -0.6832   -0.0000    0.0000   -0.0000
   12.4671   -0.6745   -0.6745   -0.6745   -0.0000    0.0000   -0.0000
   12.4931   -0.6656   -0.6656   -0.6656   -0.0000    0.0000   -0.0000
   12.5192   -0.6567   -0.6567   -0.6567   -0.0000    0.0000   -0.0000
   12.5452   -0.6476   -0.6476   -0.6476   -0.0000    0.0000   -0.0000
   12.5712   -0.6385   -0.6385   -0.6385   -0.0000    0.0000   -0.0000
   12.5972   -0.6295   -0.6295   -0.6295   -0.0000    0.0000   -0.0000
   12.6233   -0.6207   -0.6207   -0.6207   -0.0000    0.0000   -0.0000
   12.6493   -0.6122   -0.6122   -0.6122   -0.0000    0.0000   -0.0000
   12.6753   -0.6039   -0.6039   -0.6039   -0.0000    0.0000   -0.0000
   12.7013   -0.5959   -0.5959   -0.5959   -0.0000    0.0000   -0.0000
   12.7274   -0.5882   -0.5882   -0.5882   -0.0000    0.0000   -0.0000
   12.7534   -0.5807   -0.5807   -0.5807   -0.0000    0.0000   -0.0000
   12.7794   -0.5734   -0.5734   -0.5734   -0.0000    0.0000   -0.0000
   12.8055   -0.5662   -0.5662   -0.5662   -0.0000    0.0000   -0.0000
   12.8315   -0.5592   -0.5592   -0.5592   -0.0000    0.0000   -0.0000
   12.8575   -0.5523   -0.5523   -0.5523   -0.0000    0.0000   -0.0000
   12.8835   -0.5456   -0.5456   -0.5456   -0.0000    0.0000   -0.0000
   12.9096   -0.5389   -0.5389   -0.5389   -0.0000    0.0000   -0.0000
   12.9356   -0.5323   -0.5323   -0.5323   -0.0000    0.0000   -0.0000
   12.9616   -0.5256   -0.5256   -0.5256   -0.0000    0.0000   -0.0000
   12.9876   -0.5189   -0.5189   -0.5189   -0.0000    0.0000   -0.0000
   13.0137   -0.5121   -0.5121   -0.5121   -0.0000    0.0000   -0.0000
   13.0397   -0.5052   -0.5052   -0.5052   -0.0000    0.0000   -0.0000
   13.0657   -0.4984   -0.4984   -0.4984   -0.0000    0.0000   -0.0000
   13.0918   -0.4916   -0.4916   -0.4916   -0.0000    0.0000   -0.0000
   13.1178   -0.4848   -0.4848   -0.4848   -0.0000    0.0000   -0.0000
   13.1438   -0.4781   -0.4781   -0.4781   -0.0000    0.0000   -0.0000
   13.1698   -0.4714   -0.4714   -0.4714   -0.0000    0.0000   -0.0000
   13.1959   -0.4646   -0.4646   -0.4646   -0.0000    0.0000   -0.0000
   13.2219   -0.4579   -0.4579   -0.4579   -0.0000    0.0000   -0.0000
   13.2479   -0.4512   -0.4512   -0.4512   -0.0000    0.0000   -0.0000
   13.2739   -0.4446   -0.4446   -0.4446   -0.0000    0.0000   -0.0000
   13.3000   -0.4380   -0.4380   -0.4380   -0.0000    0.0000   -0.0000
   13.3260   -0.4315   -0.4315   -0.4315   -0.0000    0.0000   -0.0000
   13.3520   -0.4252   -0.4252   -0.4252   -0.0000    0.0000   -0.0000
   13.3781   -0.4188   -0.4188   -0.4188   -0.0000    0.0000   -0.0000
   13.4041   -0.4126   -0.4126   -0.4126   -0.0000    0.0000   -0.0000
   13.4301   -0.4065   -0.4065   -0.4065   -0.0000    0.0000   -0.0000
   13.4561   -0.4004   -0.4004   -0.4004   -0.0000    0.0000   -0.0000
   13.4822   -0.3944   -0.3944   -0.3944   -0.0000    0.0000   -0.0000
   13.5082   -0.3885   -0.3885   -0.3885   -0.0000    0.0000   -0.0000
   13.5342   -0.3828   -0.3828   -0.3828   -0.0000    0.0000   -0.0000
   13.5602   -0.3773   -0.3773   -0.3773   -0.0000    0.0000   -0.0000
   13.5863   -0.3719   -0.3719   -0.3719   -0.0000    0.0000   -0.0000
   13.6123   -0.3666   -0.3666   -0.3666   -0.0000    0.0000   -0.0000
   13.6383   -0.3613   -0.3613   -0.3613   -0.0000    0.0000   -0.0000
   13.6644   -0.3559   -0.3559   -0.3559   -0.0000    0.0000   -0.0000
   13.6904   -0.3505   -0.3505   -0.3505   -0.0000    0.0000   -0.0000
   13.7164   -0.3450   -0.3450   -0.3450   -0.0000    0.0000   -0.0000
   13.7424   -0.3395   -0.3395   -0.3395   -0.0000    0.0000   -0.0000
   13.7685   -0.3339   -0.3339   -0.3339   -0.0000    0.0000   -0.0000
   13.7945   -0.3283   -0.3283   -0.3283   -0.0000    0.0000   -0.0000
   13.8205   -0.3227   -0.3227   -0.3227   -0.0000    0.0000   -0.0000
   13.8465   -0.3172   -0.3172   -0.3172   -0.0000    0.0000   -0.0000
   13.8726   -0.3118   -0.3118   -0.3118   -0.0000    0.0000   -0.0000
   13.8986   -0.3063   -0.3063   -0.3063   -0.0000    0.0000   -0.0000
   13.9246   -0.3009   -0.3009   -0.3009   -0.0000    0.0000   -0.0000
   13.9507   -0.2955   -0.2955   -0.2955   -0.0000    0.0000   -0.0000
   13.9767   -0.2901   -0.2901   -0.2901   -0.0000    0.0000   -0.0000
   14.0027   -0.2848   -0.2848   -0.2848   -0.0000    0.0000   -0.0000
   14.0287   -0.2796   -0.2796   -0.2796   -0.0000    0.0000   -0.0000
   14.0548   -0.2744   -0.2744   -0.2744   -0.0000    0.0000   -0.0000
   14.0808   -0.2693   -0.2693   -0.2693   -0.0000    0.0000   -0.0000
   14.1068   -0.2643   -0.2643   -0.2643   -0.0000    0.0000   -0.0000
   14.1328   -0.2594   -0.2594   -0.2594   -0.0000    0.0000   -0.0000
   14.1589   -0.2545   -0.2545   -0.2545   -0.0000    0.0000   -0.0000
   14.1849   -0.2497   -0.2497   -0.2497   -0.0000    0.0000   -0.0000
   14.2109   -0.2449   -0.2449   -0.2449   -0.0000    0.0000   -0.0000
   14.2370   -0.2401   -0.2401   -0.2401   -0.0000    0.0000   -0.0000
   14.2630   -0.2353   -0.2353   -0.2353   -0.0000    0.0000   -0.0000
   14.2890   -0.2306   -0.2306   -0.2306   -0.0000    0.0000   -0.0000
   14.3150   -0.2260   -0.2260   -0.2260   -0.0000    0.0000   -0.0000
   14.3411   -0.2215   -0.2215   -0.2215   -0.0000    0.0000   -0.0000
   14.3671   -0.2172   -0.2172   -0.2172   -0.0000    0.0000   -0.0000
   14.3931   -0.2130   -0.2130   -0.2130   -0.0000    0.0000   -0.0000
   14.4191   -0.2089   -0.2089   -0.2089   -0.0000    0.0000   -0.0000
   14.4452   -0.2048   -0.2048   -0.2048   -0.0000    0.0000   -0.0000
   14.4712   -0.2009   -0.2009   -0.2009   -0.0000    0.0000   -0.0000
   14.4972   -0.1970   -0.1970   -0.1970   -0.0000    0.0000   -0.0000
   14.5233   -0.1931   -0.1931   -0.1931   -0.0000    0.0000   -0.0000
   14.5493   -0.1894   -0.1894   -0.1894   -0.0000    0.0000   -0.0000
   14.5753   -0.1859   -0.1859   -0.1859   -0.0000    0.0000   -0.0000
   14.6013   -0.1827   -0.1827   -0.1827   -0.0000    0.0000   -0.0000
   14.6274   -0.1798   -0.1798   -0.1798   -0.0000    0.0000   -0.0000
   14.6534   -0.1770   -0.1770   -0.1770   -0.0000    0.0000   -0.0000
   14.6794   -0.1741   -0.1741   -0.1741   -0.0000    0.0000   -0.0000
   14.7054   -0.1709   -0.1709   -0.1709   -0.0000    0.0000   -0.0000
   14.7315   -0.1675   -0.1675   -0.1675   -0.0000    0.0000   -0.0000
   14.7575   -0.1638   -0.1638   -0.1638   -0.0000    0.0000   -0.0000
   14.7835   -0.1599   -0.1599   -0.1599   -0.0000    0.0000   -0.0000
   14.8096   -0.1561   -0.1561   -0.1561   -0.0000    0.0000   -0.0000
   14.8356   -0.1524   -0.1524   -0.1524   -0.0000    0.0000   -0.0000
   14.8616   -0.1489   -0.1489   -0.1489   -0.0000    0.0000   -0.0000
   14.8876   -0.1455   -0.1455   -0.1455   -0.0000    0.0000   -0.0000
   14.9137   -0.1422   -0.1422   -0.1422   -0.0000    0.0000   -0.0000
   14.9397   -0.1388   -0.1388   -0.1388   -0.0000    0.0000   -0.0000
   14.9657   -0.1355   -0.1355   -0.1355   -0.0000    0.0000   -0.0000
   14.9917   -0.1320   -0.1320   -0.1320   -0.0000    0.0000   -0.0000
   15.0178   -0.1286   -0.1286   -0.1286   -0.0000    0.0000   -0.0000
   15.0438   -0.1251   -0.1251   -0.1251   -0.0000    0.0000   -0.0000
   15.0698   -0.1216   -0.1216   -0.1216   -0.0000    0.0000   -0.0000
   15.0959   -0.1181   -0.1181   -0.1181   -0.0000    0.0000   -0.0000
   15.1219   -0.1144   -0.1144   -0.1144   -0.0000    0.0000   -0.0000
   15.1479   -0.1106   -0.1106   -0.1106   -0.0000    0.0000   -0.0000
   15.1739   -0.1067   -0.1067   -0.1067   -0.0000    0.0000   -0.0000
   15.2000   -0.1026   -0.1026   -0.1026   -0.0000    0.0000   -0.0000
   15.2260   -0.0984   -0.0984   -0.0984   -0.0000    0.0000   -0.0000
   15.2520   -0.0941   -0.0941   -0.0941   -0.0000    0.0000   -0.0000
   15.2781   -0.0897   -0.0897   -0.0897   -0.0000    0.0000   -0.0000
   15.3041   -0.0853   -0.0853   -0.0853   -0.0000    0.0000   -0.0000
   15.3301   -0.0807   -0.0807   -0.0807   -0.0000    0.0000   -0.0000
   15.3561   -0.0761   -0.0761   -0.0761   -0.0000    0.0000   -0.0000
   15.3822   -0.0714   -0.0714   -0.0714   -0.0000    0.0000   -0.0000
   15.4082   -0.0667   -0.0667   -0.0667   -0.0000    0.0000   -0.0000
   15.4342   -0.0619   -0.0619   -0.0619   -0.0000    0.0000   -0.0000
   15.4602   -0.0572   -0.0572   -0.0572   -0.0000    0.0000   -0.0000
   15.4863   -0.0525   -0.0525   -0.0525   -0.0000    0.0000   -0.0000
   15.5123   -0.0478   -0.0478   -0.0478   -0.0000    0.0000   -0.0000
   15.5383   -0.0432   -0.0432   -0.0432   -0.0000    0.0000   -0.0000
   15.5644   -0.0386   -0.0386   -0.0386   -0.0000    0.0000   -0.0000
   15.5904   -0.0341   -0.0341   -0.0341   -0.0000    0.0000   -0.0000
   15.6164   -0.0296   -0.0296   -0.0296   -0.0000    0.0000   -0.0000
   15.6424   -0.0252   -0.0252   -0.0252   -0.0000    0.0000   -0.0000
   15.6685   -0.0208   -0.0208   -0.0208   -0.0000    0.0000   -0.0000
   15.6945   -0.0164   -0.0164   -0.0164   -0.0000    0.0000   -0.0000
   15.7205   -0.0120   -0.0120   -0.0120   -0.0000    0.0000   -0.0000
   15.7465   -0.0077   -0.0077   -0.0077   -0.0000    0.0000   -0.0000
   15.7726   -0.0033   -0.0033   -0.0033   -0.0000    0.0000   -0.0000
   15.7986    0.0009    0.0009    0.0009   -0.0000    0.0000   -0.0000
   15.8246    0.0052    0.0052    0.0052   -0.0000    0.0000   -0.0000
   15.8507    0.0094    0.0094    0.0094   -0.0000    0.0000   -0.0000
   15.8767    0.0136    0.0136    0.0136   -0.0000    0.0000   -0.0000
   15.9027    0.0177    0.0177    0.0177   -0.0000    0.0000   -0.0000
   15.9287    0.0218    0.0218    0.0218   -0.0000    0.0000   -0.0000
   15.9548    0.0259    0.0259    0.0259   -0.0000    0.0000   -0.0000
   15.9808    0.0299    0.0299    0.0299   -0.0000    0.0000   -0.0000
   16.0068    0.0339    0.0339    0.0339   -0.0000    0.0000   -0.0000
   16.0328    0.0378    0.0378    0.0378   -0.0000    0.0000   -0.0000
   16.0589    0.0417    0.0417    0.0417   -0.0000    0.0000   -0.0000
   16.0849    0.0455    0.0455    0.0455   -0.0000    0.0000   -0.0000
   16.1109    0.0494    0.0494    0.0494   -0.0000    0.0000   -0.0000
   16.1370    0.0532    0.0532    0.0532   -0.0000    0.0000   -0.0000
   16.1630    0.0569    0.0569    0.0569   -0.0000    0.0000   -0.0000
   16.1890    0.0607    0.0607    0.0607   -0.0000    0.0000   -0.0000
   16.2150    0.0644    0.0644    0.0644   -0.0000    0.0000   -0.0000
   16.2411    0.0681    0.0681    0.0681   -0.0000    0.0000   -0.0000
   16.2671    0.0717    0.0717    0.0717   -0.0000    0.0000   -0.0000
   16.2931    0.0754    0.0754    0.0754   -0.0000    0.0000   -0.0000
   16.3191    0.0790    0.0790    0.0790   -0.0000    0.0000   -0.0000
   16.3452    0.0825    0.0825    0.0825   -0.0000    0.0000   -0.0000
   16.3712    0.0861    0.0861    0.0861   -0.0000    0.0000   -0.0000
   16.3972    0.0896    0.0896    0.0896   -0.0000    0.0000   -0.0000
   16.4233    0.0931    0.0931    0.0931   -0.0000    0.0000   -0.0000
   16.4493    0.0965    0.0965    0.0965   -0.0000    0.0000   -0.0000
   16.4753    0.1000    0.1000    0.1000   -0.0000    0.0000   -0.0000
   16.5013    0.1034    0.1034    0.1034   -0.0000    0.0000   -0.0000
   16.5274    0.1067    0.1067    0.1067   -0.0000    0.0000   -0.0000
   16.5534    0.1101    0.1101    0.1101   -0.0000    0.0000   -0.0000
   16.5794    0.1134    0.1134    0.1134   -0.0000    0.0000   -0.0000
   16.6054    0.1167    0.1167    0.1167   -0.0000    0.0000   -0.0000
   16.6315    0.1200    0.1200    0.1200   -0.0000    0.0000   -0.0000
   16.6575    0.1233    0.1233    0.1233   -0.0000    0.0000   -0.0000
   16.6835    0.1265    0.1265    0.1265   -0.0000    0.0000   -0.0000
   16.7096    0.1298    0.1298    0.1298   -0.0000    0.0000   -0.0000
   16.7356    0.1330    0.1330    0.1330   -0.0000    0.0000   -0.0000
   16.7616    0.1361    0.1361    0.1361   -0.0000    0.0000   -0.0000
   16.7876    0.1393    0.1393    0.1393   -0.0000    0.0000   -0.0000
   16.8137    0.1424    0.1424    0.1424   -0.0000    0.0000   -0.0000
   16.8397    0.1456    0.1456    0.1456   -0.0000    0.0000   -0.0000
   16.8657    0.1487    0.1487    0.1487   -0.0000    0.0000   -0.0000
   16.8917    0.1518    0.1518    0.1518   -0.0000    0.0000   -0.0000
   16.9178    0.1548    0.1548    0.1548   -0.0000    0.0000   -0.0000
   16.9438    0.1579    0.1579    0.1579   -0.0000    0.0000   -0.0000
   16.9698    0.1609    0.1609    0.1609   -0.0000    0.0000   -0.0000
   16.9959    0.1640    0.1640    0.1640   -0.0000    0.0000   -0.0000
   17.0219    0.1670    0.1670    0.1670   -0.0000    0.0000   -0.0000
   17.0479    0.1700    0.1700    0.1700   -0.0000    0.0000   -0.0000
   17.0739    0.1729    0.1729    0.1729   -0.0000    0.0000   -0.0000
   17.1000    0.1759    0.1759    0.1759   -0.0000    0.0000   -0.0000
   17.1260    0.1788    0.1788    0.1788   -0.0000    0.0000   -0.0000
   17.1520    0.1817    0.1817    0.1817   -0.0000    0.0000   -0.0000
   17.1780    0.1846    0.1846    0.1846   -0.0000    0.0000   -0.0000
   17.2041    0.1875    0.1875    0.1875   -0.0000    0.0000   -0.0000
   17.2301    0.1904    0.1904    0.1904   -0.0000    0.0000   -0.0000
   17.2561    0.1932    0.1932    0.1932   -0.0000    0.0000   -0.0000
   17.2822    0.1960    0.1960    0.1960   -0.0000    0.0000   -0.0000
   17.3082    0.1989    0.1989    0.1989   -0.0000    0.0000   -0.0000
   17.3342    0.2016    0.2016    0.2016   -0.0000    0.0000   -0.0000
   17.3602    0.2044    0.2044    0.2044   -0.0000    0.0000   -0.0000
   17.3863    0.2072    0.2072    0.2072   -0.0000    0.0000   -0.0000
   17.4123    0.2099    0.2099    0.2099   -0.0000    0.0000   -0.0000
   17.4383    0.2126    0.2126    0.2126   -0.0000    0.0000   -0.0000
   17.4643    0.2154    0.2154    0.2154   -0.0000    0.0000   -0.0000
   17.4904    0.2181    0.2181    0.2181   -0.0000    0.0000   -0.0000
   17.5164    0.2207    0.2207    0.2207   -0.0000    0.0000   -0.0000
   17.5424    0.2234    0.2234    0.2234   -0.0000    0.0000   -0.0000
   17.5685    0.2260    0.2260    0.2260   -0.0000    0.0000   -0.0000
   17.5945    0.2287    0.2287    0.2287   -0.0000    0.0000   -0.0000
   17.6205    0.2313    0.2313    0.2313   -0.0000    0.0000   -0.0000
   17.6465    0.2339    0.2339    0.2339   -0.0000    0.0000   -0.0000
   17.6726    0.2365    0.2365    0.2365   -0.0000    0.0000   -0.0000
   17.6986    0.2391    0.2391    0.2391   -0.0000    0.0000   -0.0000
   17.7246    0.2416    0.2416    0.2416   -0.0000    0.0000   -0.0000
   17.7506    0.2442    0.2442    0.2442   -0.0000    0.0000   -0.0000
   17.7767    0.2467    0.2467    0.2467   -0.0000    0.0000   -0.0000
   17.8027    0.2492    0.2492    0.2492   -0.0000    0.0000   -0.0000
   17.8287    0.2517    0.2517    0.2517   -0.0000    0.0000   -0.0000
   17.8548    0.2542    0.2542    0.2542   -0.0000    0.0000   -0.0000
   17.8808    0.2567    0.2567    0.2567   -0.0000    0.0000   -0.0000
   17.9068    0.2592    0.2592    0.2592   -0.0000    0.0000   -0.0000
   17.9328    0.2616    0.2616    0.2616   -0.0000    0.0000   -0.0000
   17.9589    0.2641    0.2641    0.2641   -0.0000    0.0000   -0.0000
   17.9849    0.2665    0.2665    0.2665   -0.0000    0.0000   -0.0000
   18.0109    0.2689    0.2689    0.2689   -0.0000    0.0000   -0.0000
   18.0369    0.2713    0.2713    0.2713   -0.0000    0.0000   -0.0000
   18.0630    0.2737    0.2737    0.2737   -0.0000    0.0000   -0.0000
   18.0890    0.2761    0.2761    0.2761   -0.0000    0.0000   -0.0000
   18.1150    0.2784    0.2784    0.2784   -0.0000    0.0000   -0.0000
   18.1411    0.2808    0.2808    0.2808   -0.0000    0.0000   -0.0000
   18.1671    0.2831    0.2831    0.2831   -0.0000    0.0000   -0.0000
   18.1931    0.2855    0.2855    0.2855   -0.0000    0.0000   -0.0000
   18.2191    0.2878    0.2878    0.2878   -0.0000    0.0000   -0.0000
   18.2452    0.2901    0.2901    0.2901   -0.0000    0.0000   -0.0000
   18.2712    0.2923    0.2923    0.2923   -0.0000    0.0000   -0.0000
   18.2972    0.2946    0.2946    0.2946   -0.0000    0.0000   -0.0000
   18.3232    0.2969    0.2969    0.2969   -0.0000    0.0000   -0.0000
   18.3493    0.2991    0.2991    0.2991   -0.0000    0.0000   -0.0000
   18.3753    0.3013    0.3013    0.3013   -0.0000    0.0000   -0.0000
   18.4013    0.3036    0.3036    0.3036   -0.0000    0.0000   -0.0000
   18.4274    0.3058    0.3058    0.3058   -0.0000    0.0000   -0.0000
   18.4534    0.3080    0.3080    0.3080   -0.0000    0.0000   -0.0000
   18.4794    0.3102    0.3102    0.3102   -0.0000    0.0000   -0.0000
   18.5054    0.3123    0.3123    0.3123   -0.0000    0.0000   -0.0000
   18.5315    0.3145    0.3145    0.3145   -0.0000    0.0000   -0.0000
   18.5575    0.3167    0.3167    0.3167   -0.0000    0.0000   -0.0000
   18.5835    0.3188    0.3188    0.3188   -0.0000    0.0000   -0.0000
   18.6095    0.3209    0.3209    0.3209   -0.0000    0.0000   -0.0000
   18.6356    0.3230    0.3230    0.3230   -0.0000    0.0000   -0.0000
   18.6616    0.3252    0.3252    0.3252   -0.0000    0.0000   -0.0000
   18.6876    0.3273    0.3273    0.3273   -0.0000    0.0000   -0.0000
   18.7137    0.3293    0.3293    0.3293   -0.0000    0.0000   -0.0000
   18.7397    0.3314    0.3314    0.3314   -0.0000    0.0000   -0.0000
   18.7657    0.3335    0.3335    0.3335   -0.0000    0.0000   -0.0000
   18.7917    0.3355    0.3355    0.3355   -0.0000    0.0000   -0.0000
   18.8178    0.3376    0.3376    0.3376   -0.0000    0.0000   -0.0000
   18.8438    0.3396    0.3396    0.3396   -0.0000    0.0000   -0.0000
   18.8698    0.3416    0.3416    0.3416   -0.0000    0.0000   -0.0000
   18.8959    0.3437    0.3437    0.3437   -0.0000    0.0000   -0.0000
   18.9219    0.3457    0.3457    0.3457   -0.0000    0.0000   -0.0000
   18.9479    0.3477    0.3477    0.3477   -0.0000    0.0000   -0.0000
   18.9739    0.3496    0.3496    0.3496   -0.0000    0.0000   -0.0000
   19.0000    0.3516    0.3516    0.3516   -0.0000    0.0000   -0.0000
   19.0260    0.3536    0.3536    0.3536   -0.0000    0.0000   -0.0000
   19.0520    0.3555    0.3555    0.3555   -0.0000    0.0000   -0.0000
   19.0780    0.3575    0.3575    0.3575   -0.0000    0.0000   -0.0000
   19.1041    0.3594    0.3594    0.3594   -0.0000    0.0000   -0.0000
   19.1301    0.3613    0.3613    0.3613   -0.0000    0.0000   -0.0000
   19.1561    0.3633    0.3633    0.3633   -0.0000    0.0000   -0.0000
   19.1822    0.3652    0.3652    0.3652   -0.0000    0.0000   -0.0000
   19.2082    0.3671    0.3671    0.3671   -0.0000    0.0000   -0.0000
   19.2342    0.3690    0.3690    0.3690   -0.0000    0.0000   -0.0000
   19.2602    0.3708    0.3708    0.3708   -0.0000    0.0000   -0.0000
   19.2863    0.3727    0.3727    0.3727   -0.0000    0.0000   -0.0000
   19.3123    0.3746    0.3746    0.3746   -0.0000    0.0000   -0.0000
   19.3383    0.3764    0.3764    0.3764   -0.0000    0.0000   -0.0000
   19.3643    0.3783    0.3783    0.3783   -0.0000    0.0000   -0.0000
   19.3904    0.3801    0.3801    0.3801   -0.0000    0.0000   -0.0000
   19.4164    0.3819    0.3819    0.3819   -0.0000    0.0000   -0.0000
   19.4424    0.3838    0.3838    0.3838   -0.0000    0.0000   -0.0000
   19.4685    0.3856    0.3856    0.3856   -0.0000    0.0000   -0.0000
   19.4945    0.3874    0.3874    0.3874   -0.0000    0.0000   -0.0000
   19.5205    0.3892    0.3892    0.3892   -0.0000    0.0000   -0.0000
   19.5465    0.3910    0.3910    0.3910   -0.0000    0.0000   -0.0000
   19.5726    0.3927    0.3927    0.3927   -0.0000    0.0000   -0.0000
   19.5986    0.3945    0.3945    0.3945   -0.0000    0.0000   -0.0000
   19.6246    0.3963    0.3963    0.3963   -0.0000    0.0000   -0.0000
   19.6506    0.3980    0.3980    0.3980   -0.0000    0.0000   -0.0000
   19.6767    0.3998    0.3998    0.3998   -0.0000    0.0000   -0.0000
   19.7027    0.4015    0.4015    0.4015   -0.0000    0.0000   -0.0000
   19.7287    0.4032    0.4032    0.4032   -0.0000    0.0000   -0.0000
   19.7548    0.4050    0.4050    0.4050   -0.0000    0.0000   -0.0000
   19.7808    0.4067    0.4067    0.4067   -0.0000    0.0000   -0.0000
   19.8068    0.4084    0.4084    0.4084   -0.0000    0.0000   -0.0000
   19.8328    0.4101    0.4101    0.4101   -0.0000    0.0000   -0.0000
   19.8589    0.4118    0.4118    0.4118   -0.0000    0.0000   -0.0000
   19.8849    0.4134    0.4134    0.4134   -0.0000    0.0000   -0.0000
   19.9109    0.4151    0.4151    0.4151   -0.0000    0.0000   -0.0000
   19.9369    0.4168    0.4168    0.4168   -0.0000    0.0000   -0.0000
   19.9630    0.4184    0.4184    0.4184   -0.0000    0.0000   -0.0000
   19.9890    0.4201    0.4201    0.4201   -0.0000    0.0000   -0.0000
   20.0150    0.4217    0.4217    0.4217   -0.0000    0.0000   -0.0000
   20.0411    0.4234    0.4234    0.4234   -0.0000    0.0000   -0.0000
   20.0671    0.4250    0.4250    0.4250   -0.0000    0.0000   -0.0000
   20.0931    0.4266    0.4266    0.4266   -0.0000    0.0000   -0.0000
   20.1191    0.4282    0.4282    0.4282   -0.0000    0.0000   -0.0000
   20.1452    0.4299    0.4299    0.4299   -0.0000    0.0000   -0.0000
   20.1712    0.4315    0.4315    0.4315   -0.0000    0.0000   -0.0000
   20.1972    0.4330    0.4330    0.4330   -0.0000    0.0000   -0.0000
   20.2232    0.4346    0.4346    0.4346   -0.0000    0.0000   -0.0000
   20.2493    0.4362    0.4362    0.4362   -0.0000    0.0000   -0.0000
   20.2753    0.4378    0.4378    0.4378   -0.0000    0.0000   -0.0000
   20.3013    0.4394    0.4394    0.4394   -0.0000    0.0000   -0.0000
   20.3274    0.4409    0.4409    0.4409   -0.0000    0.0000   -0.0000
   20.3534    0.4425    0.4425    0.4425   -0.0000    0.0000   -0.0000
   20.3794    0.4440    0.4440    0.4440   -0.0000    0.0000   -0.0000
   20.4054    0.4456    0.4456    0.4456   -0.0000    0.0000   -0.0000
   20.4315    0.4471    0.4471    0.4471   -0.0000    0.0000   -0.0000
   20.4575    0.4486    0.4486    0.4486   -0.0000    0.0000   -0.0000
   20.4835    0.4501    0.4501    0.4501   -0.0000    0.0000   -0.0000
   20.5095    0.4516    0.4516    0.4516   -0.0000    0.0000   -0.0000
   20.5356    0.4531    0.4531    0.4531   -0.0000    0.0000   -0.0000
   20.5616    0.4546    0.4546    0.4546   -0.0000    0.0000   -0.0000
   20.5876    0.4561    0.4561    0.4561   -0.0000    0.0000   -0.0000
   20.6137    0.4576    0.4576    0.4576   -0.0000    0.0000   -0.0000
   20.6397    0.4591    0.4591    0.4591   -0.0000    0.0000   -0.0000
   20.6657    0.4606    0.4606    0.4606   -0.0000    0.0000   -0.0000
   20.6917    0.4621    0.4621    0.4621   -0.0000    0.0000   -0.0000
   20.7178    0.4635    0.4635    0.4635   -0.0000    0.0000   -0.0000
   20.7438    0.4650    0.4650    0.4650   -0.0000    0.0000   -0.0000
   20.7698    0.4664    0.4664    0.4664   -0.0000    0.0000   -0.0000
   20.7958    0.4679    0.4679    0.4679   -0.0000    0.0000   -0.0000
   20.8219    0.4693    0.4693    0.4693   -0.0000    0.0000   -0.0000
   20.8479    0.4707    0.4707    0.4707   -0.0000    0.0000   -0.0000
   20.8739    0.4722    0.4722    0.4722   -0.0000    0.0000   -0.0000
   20.9000    0.4736    0.4736    0.4736   -0.0000    0.0000   -0.0000
   20.9260    0.4750    0.4750    0.4750   -0.0000    0.0000   -0.0000
   20.9520    0.4764    0.4764    0.4764   -0.0000    0.0000   -0.0000
   20.9780    0.4778    0.4778    0.4778   -0.0000    0.0000   -0.0000
   21.0041    0.4792    0.4792    0.4792   -0.0000    0.0000   -0.0000
   21.0301    0.4806    0.4806    0.4806   -0.0000    0.0000   -0.0000
   21.0561    0.4820    0.4820    0.4820   -0.0000    0.0000   -0.0000
   21.0821    0.4833    0.4833    0.4833   -0.0000    0.0000   -0.0000
   21.1082    0.4847    0.4847    0.4847   -0.0000    0.0000   -0.0000
   21.1342    0.4861    0.4861    0.4861   -0.0000    0.0000   -0.0000
   21.1602    0.4874    0.4874    0.4874   -0.0000    0.0000   -0.0000
   21.1863    0.4888    0.4888    0.4888   -0.0000    0.0000   -0.0000
   21.2123    0.4901    0.4901    0.4901   -0.0000    0.0000   -0.0000
   21.2383    0.4915    0.4915    0.4915   -0.0000    0.0000   -0.0000
   21.2643    0.4928    0.4928    0.4928   -0.0000    0.0000   -0.0000
   21.2904    0.4942    0.4942    0.4942   -0.0000    0.0000   -0.0000
   21.3164    0.4955    0.4955    0.4955   -0.0000    0.0000   -0.0000
   21.3424    0.4968    0.4968    0.4968   -0.0000    0.0000   -0.0000
   21.3684    0.4981    0.4981    0.4981   -0.0000    0.0000   -0.0000
   21.3945    0.4994    0.4994    0.4994   -0.0000    0.0000   -0.0000
   21.4205    0.5007    0.5007    0.5007   -0.0000    0.0000   -0.0000
   21.4465    0.5020    0.5020    0.5020   -0.0000    0.0000   -0.0000
   21.4726    0.5033    0.5033    0.5033   -0.0000    0.0000   -0.0000
   21.4986    0.5046    0.5046    0.5046   -0.0000    0.0000   -0.0000
   21.5246    0.5059    0.5059    0.5059   -0.0000    0.0000   -0.0000
   21.5506    0.5072    0.5072    0.5072   -0.0000    0.0000   -0.0000
   21.5767    0.5085    0.5085    0.5085   -0.0000    0.0000   -0.0000
   21.6027    0.5097    0.5097    0.5097   -0.0000    0.0000   -0.0000
   21.6287    0.5110    0.5110    0.5110   -0.0000    0.0000   -0.0000
   21.6547    0.5123    0.5123    0.5123   -0.0000    0.0000   -0.0000
   21.6808    0.5135    0.5135    0.5135   -0.0000    0.0000   -0.0000
   21.7068    0.5148    0.5148    0.5148   -0.0000    0.0000   -0.0000
   21.7328    0.5160    0.5160    0.5160   -0.0000    0.0000   -0.0000
   21.7589    0.5173    0.5173    0.5173   -0.0000    0.0000   -0.0000
   21.7849    0.5185    0.5185    0.5185   -0.0000    0.0000   -0.0000
   21.8109    0.5197    0.5197    0.5197   -0.0000    0.0000   -0.0000
   21.8369    0.5209    0.5209    0.5209   -0.0000    0.0000   -0.0000
   21.8630    0.5222    0.5222    0.5222   -0.0000    0.0000   -0.0000
   21.8890    0.5234    0.5234    0.5234   -0.0000    0.0000   -0.0000
   21.9150    0.5246    0.5246    0.5246   -0.0000    0.0000   -0.0000
   21.9410    0.5258    0.5258    0.5258   -0.0000    0.0000   -0.0000
   21.9671    0.5270    0.5270    0.5270   -0.0000    0.0000   -0.0000
   21.9931    0.5282    0.5282    0.5282   -0.0000    0.0000   -0.0000
   22.0191    0.5294    0.5294    0.5294   -0.0000    0.0000   -0.0000
   22.0452    0.5306    0.5306    0.5306   -0.0000    0.0000   -0.0000
   22.0712    0.5318    0.5318    0.5318   -0.0000    0.0000   -0.0000
   22.0972    0.5329    0.5329    0.5329   -0.0000    0.0000   -0.0000
   22.1232    0.5341    0.5341    0.5341   -0.0000    0.0000   -0.0000
   22.1493    0.5353    0.5353    0.5353   -0.0000    0.0000   -0.0000
   22.1753    0.5364    0.5364    0.5364   -0.0000    0.0000   -0.0000
   22.2013    0.5376    0.5376    0.5376   -0.0000    0.0000   -0.0000
   22.2274    0.5388    0.5388    0.5388   -0.0000    0.0000   -0.0000
   22.2534    0.5399    0.5399    0.5399   -0.0000    0.0000   -0.0000
   22.2794    0.5411    0.5411    0.5411   -0.0000    0.0000   -0.0000
   22.3054    0.5422    0.5422    0.5422   -0.0000    0.0000   -0.0000
   22.3315    0.5433    0.5433    0.5433   -0.0000    0.0000   -0.0000
   22.3575    0.5445    0.5445    0.5445   -0.0000    0.0000   -0.0000
   22.3835    0.5456    0.5456    0.5456   -0.0000    0.0000   -0.0000
   22.4095    0.5467    0.5467    0.5467   -0.0000    0.0000   -0.0000
   22.4356    0.5478    0.5478    0.5478   -0.0000    0.0000   -0.0000
   22.4616    0.5490    0.5490    0.5490   -0.0000    0.0000   -0.0000
   22.4876    0.5501    0.5501    0.5501   -0.0000    0.0000   -0.0000
   22.5137    0.5512    0.5512    0.5512   -0.0000    0.0000   -0.0000
   22.5397    0.5523    0.5523    0.5523   -0.0000    0.0000   -0.0000
   22.5657    0.5534    0.5534    0.5534   -0.0000    0.0000   -0.0000
   22.5917    0.5545    0.5545    0.5545   -0.0000    0.0000   -0.0000
   22.6178    0.5556    0.5556    0.5556   -0.0000    0.0000   -0.0000
   22.6438    0.5567    0.5567    0.5567   -0.0000    0.0000   -0.0000
   22.6698    0.5577    0.5577    0.5577   -0.0000    0.0000   -0.0000
   22.6958    0.5588    0.5588    0.5588   -0.0000    0.0000   -0.0000
   22.7219    0.5599    0.5599    0.5599   -0.0000    0.0000   -0.0000
   22.7479    0.5610    0.5610    0.5610   -0.0000    0.0000   -0.0000
   22.7739    0.5620    0.5620    0.5620   -0.0000    0.0000   -0.0000
   22.8000    0.5631    0.5631    0.5631   -0.0000    0.0000   -0.0000
   22.8260    0.5641    0.5641    0.5641   -0.0000    0.0000   -0.0000
   22.8520    0.5652    0.5652    0.5652   -0.0000    0.0000   -0.0000
   22.8780    0.5662    0.5662    0.5662   -0.0000    0.0000   -0.0000
   22.9041    0.5673    0.5673    0.5673   -0.0000    0.0000   -0.0000
   22.9301    0.5683    0.5683    0.5683   -0.0000    0.0000   -0.0000
   22.9561    0.5694    0.5694    0.5694   -0.0000    0.0000   -0.0000
   22.9821    0.5704    0.5704    0.5704   -0.0000    0.0000   -0.0000
   23.0082    0.5714    0.5714    0.5714   -0.0000    0.0000   -0.0000
   23.0342    0.5725    0.5725    0.5725   -0.0000    0.0000   -0.0000
   23.0602    0.5735    0.5735    0.5735   -0.0000    0.0000   -0.0000
   23.0863    0.5745    0.5745    0.5745   -0.0000    0.0000   -0.0000
   23.1123    0.5755    0.5755    0.5755   -0.0000    0.0000   -0.0000
   23.1383    0.5765    0.5765    0.5765   -0.0000    0.0000   -0.0000
   23.1643    0.5776    0.5776    0.5776   -0.0000    0.0000   -0.0000
   23.1904    0.5786    0.5786    0.5786   -0.0000    0.0000   -0.0000
   23.2164    0.5796    0.5796    0.5796   -0.0000    0.0000   -0.0000
   23.2424    0.5806    0.5806    0.5806   -0.0000    0.0000   -0.0000
   23.2684    0.5815    0.5815    0.5815   -0.0000    0.0000   -0.0000
   23.2945    0.5825    0.5825    0.5825   -0.0000    0.0000   -0.0000
   23.3205    0.5835    0.5835    0.5835   -0.0000    0.0000   -0.0000
   23.3465    0.5845    0.5845    0.5845   -0.0000    0.0000   -0.0000
   23.3726    0.5855    0.5855    0.5855   -0.0000    0.0000   -0.0000
   23.3986    0.5865    0.5865    0.5865   -0.0000    0.0000   -0.0000
   23.4246    0.5874    0.5874    0.5874   -0.0000    0.0000   -0.0000
   23.4506    0.5884    0.5884    0.5884   -0.0000    0.0000   -0.0000
   23.4767    0.5894    0.5894    0.5894   -0.0000    0.0000   -0.0000
   23.5027    0.5903    0.5903    0.5903   -0.0000    0.0000   -0.0000
   23.5287    0.5913    0.5913    0.5913   -0.0000    0.0000   -0.0000
   23.5547    0.5922    0.5922    0.5922   -0.0000    0.0000   -0.0000
   23.5808    0.5932    0.5932    0.5932   -0.0000    0.0000   -0.0000
   23.6068    0.5941    0.5941    0.5941   -0.0000    0.0000   -0.0000
   23.6328    0.5951    0.5951    0.5951   -0.0000    0.0000   -0.0000
   23.6589    0.5960    0.5960    0.5960   -0.0000    0.0000   -0.0000
   23.6849    0.5970    0.5970    0.5970   -0.0000    0.0000   -0.0000
   23.7109    0.5979    0.5979    0.5979   -0.0000    0.0000   -0.0000
   23.7369    0.5988    0.5988    0.5988   -0.0000    0.0000   -0.0000
   23.7630    0.5998    0.5998    0.5998   -0.0000    0.0000   -0.0000
   23.7890    0.6007    0.6007    0.6007   -0.0000    0.0000   -0.0000
   23.8150    0.6016    0.6016    0.6016   -0.0000    0.0000   -0.0000
   23.8410    0.6025    0.6025    0.6025   -0.0000    0.0000   -0.0000
   23.8671    0.6034    0.6034    0.6034   -0.0000    0.0000   -0.0000
   23.8931    0.6044    0.6044    0.6044   -0.0000    0.0000   -0.0000
   23.9191    0.6053    0.6053    0.6053   -0.0000    0.0000   -0.0000
   23.9452    0.6062    0.6062    0.6062   -0.0000    0.0000   -0.0000
   23.9712    0.6071    0.6071    0.6071   -0.0000    0.0000   -0.0000
   23.9972    0.6080    0.6080    0.6080   -0.0000    0.0000   -0.0000
   24.0232    0.6089    0.6089    0.6089   -0.0000    0.0000   -0.0000
   24.0493    0.6098    0.6098    0.6098   -0.0000    0.0000   -0.0000
   24.0753    0.6107    0.6107    0.6107   -0.0000    0.0000   -0.0000
   24.1013    0.6115    0.6115    0.6115   -0.0000    0.0000   -0.0000
   24.1273    0.6124    0.6124    0.6124   -0.0000    0.0000   -0.0000
   24.1534    0.6133    0.6133    0.6133   -0.0000    0.0000   -0.0000
   24.1794    0.6142    0.6142    0.6142   -0.0000    0.0000   -0.0000
   24.2054    0.6151    0.6151    0.6151   -0.0000    0.0000   -0.0000
   24.2315    0.6159    0.6159    0.6159   -0.0000    0.0000   -0.0000
   24.2575    0.6168    0.6168    0.6168   -0.0000    0.0000   -0.0000
   24.2835    0.6177    0.6177    0.6177   -0.0000    0.0000   -0.0000
   24.3095    0.6185    0.6185    0.6185   -0.0000    0.0000   -0.0000
   24.3356    0.6194    0.6194    0.6194   -0.0000    0.0000   -0.0000
   24.3616    0.6202    0.6202    0.6202   -0.0000    0.0000   -0.0000
   24.3876    0.6211    0.6211    0.6211   -0.0000    0.0000   -0.0000
   24.4136    0.6219    0.6219    0.6219   -0.0000    0.0000   -0.0000
   24.4397    0.6228    0.6228    0.6228   -0.0000    0.0000   -0.0000
   24.4657    0.6236    0.6236    0.6236   -0.0000    0.0000   -0.0000
   24.4917    0.6245    0.6245    0.6245   -0.0000    0.0000   -0.0000
   24.5178    0.6253    0.6253    0.6253   -0.0000    0.0000   -0.0000
   24.5438    0.6261    0.6261    0.6261   -0.0000    0.0000   -0.0000
   24.5698    0.6270    0.6270    0.6270   -0.0000    0.0000   -0.0000
   24.5958    0.6278    0.6278    0.6278   -0.0000    0.0000   -0.0000
   24.6219    0.6286    0.6286    0.6286   -0.0000    0.0000   -0.0000
   24.6479    0.6295    0.6295    0.6295   -0.0000    0.0000   -0.0000
   24.6739    0.6303    0.6303    0.6303   -0.0000    0.0000   -0.0000
   24.6999    0.6311    0.6311    0.6311   -0.0000    0.0000   -0.0000
   24.7260    0.6319    0.6319    0.6319   -0.0000    0.0000   -0.0000
   24.7520    0.6327    0.6327    0.6327   -0.0000    0.0000   -0.0000
   24.7780    0.6335    0.6335    0.6335   -0.0000    0.0000   -0.0000
   24.8041    0.6344    0.6344    0.6344   -0.0000    0.0000   -0.0000
   24.8301    0.6352    0.6352    0.6352   -0.0000    0.0000   -0.0000
   24.8561    0.6360    0.6360    0.6360   -0.0000    0.0000   -0.0000
   24.8821    0.6368    0.6368    0.6368   -0.0000    0.0000   -0.0000
   24.9082    0.6376    0.6376    0.6376   -0.0000    0.0000   -0.0000
   24.9342    0.6384    0.6384    0.6384   -0.0000    0.0000   -0.0000
   24.9602    0.6391    0.6391    0.6391   -0.0000    0.0000   -0.0000
   24.9862    0.6399    0.6399    0.6399   -0.0000    0.0000   -0.0000
   25.0123    0.6407    0.6407    0.6407   -0.0000    0.0000   -0.0000
   25.0383    0.6415    0.6415    0.6415   -0.0000    0.0000   -0.0000
   25.0643    0.6423    0.6423    0.6423   -0.0000    0.0000   -0.0000
   25.0904    0.6431    0.6431    0.6431   -0.0000    0.0000   -0.0000
   25.1164    0.6438    0.6438    0.6438   -0.0000    0.0000   -0.0000
   25.1424    0.6446    0.6446    0.6446   -0.0000    0.0000   -0.0000
   25.1684    0.6454    0.6454    0.6454   -0.0000    0.0000   -0.0000
   25.1945    0.6461    0.6461    0.6461   -0.0000    0.0000   -0.0000
   25.2205    0.6469    0.6469    0.6469   -0.0000    0.0000   -0.0000
   25.2465    0.6477    0.6477    0.6477   -0.0000    0.0000   -0.0000
   25.2725    0.6484    0.6484    0.6484   -0.0000    0.0000   -0.0000
   25.2986    0.6492    0.6492    0.6492   -0.0000    0.0000   -0.0000
   25.3246    0.6500    0.6500    0.6500   -0.0000    0.0000   -0.0000
   25.3506    0.6507    0.6507    0.6507   -0.0000    0.0000   -0.0000
   25.3767    0.6515    0.6515    0.6515   -0.0000    0.0000   -0.0000
   25.4027    0.6522    0.6522    0.6522   -0.0000    0.0000   -0.0000
   25.4287    0.6530    0.6530    0.6530   -0.0000    0.0000   -0.0000
   25.4547    0.6537    0.6537    0.6537   -0.0000    0.0000   -0.0000
   25.4808    0.6544    0.6544    0.6544   -0.0000    0.0000   -0.0000
   25.5068    0.6552    0.6552    0.6552   -0.0000    0.0000   -0.0000
   25.5328    0.6559    0.6559    0.6559   -0.0000    0.0000   -0.0000
   25.5589    0.6566    0.6566    0.6566   -0.0000    0.0000   -0.0000
   25.5849    0.6574    0.6574    0.6574   -0.0000    0.0000   -0.0000
   25.6109    0.6581    0.6581    0.6581   -0.0000    0.0000   -0.0000
   25.6369    0.6588    0.6588    0.6588   -0.0000    0.0000   -0.0000
   25.6630    0.6596    0.6596    0.6596   -0.0000    0.0000   -0.0000
   25.6890    0.6603    0.6603    0.6603   -0.0000    0.0000   -0.0000
   25.7150    0.6610    0.6610    0.6610   -0.0000    0.0000   -0.0000
   25.7410    0.6617    0.6617    0.6617   -0.0000    0.0000   -0.0000
   25.7671    0.6624    0.6624    0.6624   -0.0000    0.0000   -0.0000
   25.7931    0.6631    0.6631    0.6631   -0.0000    0.0000   -0.0000
   25.8191    0.6639    0.6639    0.6639   -0.0000    0.0000   -0.0000
   25.8452    0.6646    0.6646    0.6646   -0.0000    0.0000   -0.0000
   25.8712    0.6653    0.6653    0.6653   -0.0000    0.0000   -0.0000
   25.8972    0.6660    0.6660    0.6660   -0.0000    0.0000   -0.0000
   25.9232    0.6667    0.6667    0.6667   -0.0000    0.0000   -0.0000
   25.9493    0.6674    0.6674    0.6674   -0.0000    0.0000   -0.0000
   25.9753    0.6681    0.6681    0.6681   -0.0000    0.0000   -0.0000
   26.0013    0.6688    0.6688    0.6688   -0.0000    0.0000   -0.0000
