    0.000000   12.658600   12.658600   12.658600
    0.026000   12.659100   12.659100   12.659100
    0.052100   12.660700   12.660700   12.660700
    0.078100   12.663400   12.663400   12.663400
    0.104100   12.667000   12.667000   12.667000
    0.130100   12.671800   12.671800   12.671800
    0.156200   12.677600   12.677600   12.677600
    0.182200   12.684500   12.684500   12.684500
    0.208200   12.692400   12.692400   12.692400
    0.234200   12.701400   12.701400   12.701400
    0.260300   12.711500   12.711500   12.711500
    0.286300   12.722700   12.722700   12.722700
    0.312300   12.735000   12.735000   12.735000
    0.338400   12.748400   12.748400   12.748400
    0.364400   12.762900   12.762900   12.762900
    0.390400   12.778500   12.778500   12.778500
    0.416400   12.795200   12.795200   12.795200
    0.442500   12.813100   12.813100   12.813100
    0.468500   12.832100   12.832100   12.832100
    0.494500   12.852300   12.852300   12.852300
    0.520500   12.873700   12.873700   12.873700
    0.546600   12.896200   12.896200   12.896200
    0.572600   12.920000   12.920000   12.920000
    0.598600   12.945000   12.945000   12.945000
    0.624700   12.971200   12.971200   12.971200
    0.650700   12.998700   12.998700   12.998700
    0.676700   13.027400   13.027400   13.027400
    0.702700   13.057500   13.057500   13.057500
    0.728800   13.088900   13.088900   13.088900
    0.754800   13.121600   13.121600   13.121600
    0.780800   13.155700   13.155700   13.155700
    0.806800   13.191100   13.191100   13.191100
    0.832900   13.228000   13.228000   13.228000
    0.858900   13.266300   13.266300   13.266300
    0.884900   13.306100   13.306100   13.306100
    0.911000   13.347400   13.347400   13.347400
    0.937000   13.390200   13.390200   13.390200
    0.963000   13.434600   13.434600   13.434600
    0.989000   13.480600   13.480600   13.480600
    1.015100   13.528200   13.528200   13.528200
    1.041100   13.577500   13.577500   13.577500
    1.067100   13.628500   13.628500   13.628500
    1.093100   13.681300   13.681300   13.681300
    1.119200   13.735900   13.735900   13.735900
    1.145200   13.792300   13.792300   13.792300
    1.171200   13.850600   13.850600   13.850600
    1.197300   13.910900   13.910900   13.910900
    1.223300   13.973200   13.973200   13.973200
    1.249300   14.037600   14.037600   14.037600
    1.275300   14.104100   14.104100   14.104100
    1.301400   14.172800   14.172800   14.172800
    1.327400   14.243800   14.243800   14.243800
    1.353400   14.317100   14.317100   14.317100
    1.379400   14.392800   14.392800   14.392800
    1.405500   14.471000   14.471000   14.471000
    1.431500   14.551800   14.551800   14.551800
    1.457500   14.635300   14.635300   14.635300
    1.483600   14.721500   14.721500   14.721500
    1.509600   14.810600   14.810600   14.810600
    1.535600   14.902700   14.902700   14.902700
    1.561600   14.997800   14.997800   14.997800
    1.587700   15.096200   15.096200   15.096200
    1.613700   15.197900   15.197900   15.197900
    1.639700   15.303000   15.303000   15.303000
    1.665700   15.411800   15.411800   15.411800
    1.691800   15.524400   15.524400   15.524400
    1.717800   15.640900   15.640900   15.640900
    1.743800   15.761500   15.761500   15.761500
    1.769900   15.886400   15.886400   15.886400
    1.795900   16.015900   16.015900   16.015900
    1.821900   16.150000   16.150000   16.150000
    1.847900   16.289200   16.289200   16.289200
    1.874000   16.433500   16.433500   16.433500
    1.900000   16.583400   16.583400   16.583400
    1.926000   16.739000   16.739000   16.739000
    1.952100   16.900800   16.900800   16.900800
    1.978100   17.069000   17.069000   17.069000
    2.004100   17.244000   17.244000   17.244000
    2.030100   17.426300   17.426300   17.426300
    2.056200   17.616400   17.616400   17.616400
    2.082200   17.814600   17.814600   17.814600
    2.108200   18.021500   18.021500   18.021500
    2.134200   18.237800   18.237800   18.237800
    2.160300   18.464200   18.464200   18.464200
    2.186300   18.701200   18.701200   18.701200
    2.212300   18.949800   18.949800   18.949800
    2.238400   19.210900   19.210900   19.210900
    2.264400   19.485500   19.485500   19.485500
    2.290400   19.774700   19.774700   19.774700
    2.316400   20.079900   20.079900   20.079900
    2.342500   20.402500   20.402500   20.402500
    2.368500   20.744100   20.744100   20.744100
    2.394500   21.106700   21.106700   21.106700
    2.420500   21.492500   21.492500   21.492500
    2.446600   21.903800   21.903800   21.903800
    2.472600   22.343500   22.343500   22.343500
    2.498600   22.814600   22.814600   22.814600
    2.524700   23.320400   23.320400   23.320400
    2.550700   23.864000   23.864000   23.864000
    2.576700   24.448000   24.448000   24.448000
    2.602700   25.072500   25.072500   25.072500
    2.628800   25.732700   25.732700   25.732700
    2.654800   26.414500   26.414500   26.414500
    2.680800   27.091800   27.091800   27.091800
    2.706800   27.732800   27.732800   27.732800
    2.732900   28.313800   28.313800   28.313800
    2.758900   28.822800   28.822800   28.822800
    2.784900   29.246900   29.246900   29.246900
    2.811000   29.563100   29.563100   29.563100
    2.837000   29.743200   29.743200   29.743200
    2.863000   29.770900   29.770900   29.770900
    2.889000   29.656100   29.656100   29.656100
    2.915100   29.431400   29.431400   29.431400
    2.941100   29.135000   29.135000   29.135000
    2.967100   28.798200   28.798200   28.798200
    2.993100   28.440800   28.440800   28.440800
    3.019200   28.073200   28.073200   28.073200
    3.045200   27.700100   27.700100   27.700100
    3.071200   27.324300   27.324300   27.324300
    3.097300   26.949200   26.949200   26.949200
    3.123300   26.578700   26.578700   26.578700
    3.149300   26.215400   26.215400   26.215400
    3.175300   25.856400   25.856400   25.856400
    3.201400   25.495800   25.495800   25.495800
    3.227400   25.129800   25.129800   25.129800
    3.253400   24.761400   24.761400   24.761400
    3.279400   24.400300   24.400300   24.400300
    3.305500   24.058300   24.058300   24.058300
    3.331500   23.743500   23.743500   23.743500
    3.357500   23.458000   23.458000   23.458000
    3.383600   23.200600   23.200600   23.200600
    3.409600   22.966200   22.966200   22.966200
    3.435600   22.745900   22.745900   22.745900
    3.461600   22.526700   22.526700   22.526700
    3.487700   22.294700   22.294700   22.294700
    3.513700   22.040300   22.040300   22.040300
    3.539700   21.760000   21.760000   21.760000
    3.565700   21.450300   21.450300   21.450300
    3.591800   21.096600   21.096600   21.096600
    3.617800   20.666800   20.666800   20.666800
    3.643800   20.115100   20.115100   20.115100
    3.669900   19.394600   19.394600   19.394600
    3.695900   18.469800   18.469800   18.469800
    3.721900   17.314600   17.314600   17.314600
    3.747900   15.901300   15.901300   15.901300
    3.774000   14.205900   14.205900   14.205900
    3.800000   12.227700   12.227700   12.227700
    3.826000   10.002200   10.002200   10.002200
    3.852000    7.593700    7.593700    7.593700
    3.878100    5.080700    5.080700    5.080700
    3.904100    2.550300    2.550300    2.550300
    3.930100    0.095500    0.095500    0.095500
    3.956200   -2.192200   -2.192200   -2.192200
    3.982200   -4.235200   -4.235200   -4.235200
    4.008200   -5.977200   -5.977200   -5.977200
    4.034200   -7.383900   -7.383900   -7.383900
    4.060300   -8.437600   -8.437600   -8.437600
    4.086300   -9.138000   -9.138000   -9.138000
    4.112300   -9.513100   -9.513100   -9.513100
    4.138300   -9.626300   -9.626300   -9.626300
    4.164400   -9.561400   -9.561400   -9.561400
    4.190400   -9.394200   -9.394200   -9.394200
    4.216400   -9.177700   -9.177700   -9.177700
    4.242500   -8.943300   -8.943300   -8.943300
    4.268500   -8.708500   -8.708500   -8.708500
    4.294500   -8.480400   -8.480400   -8.480400
    4.320500   -8.258000   -8.258000   -8.258000
    4.346600   -8.037800   -8.037800   -8.037800
    4.372600   -7.818600   -7.818600   -7.818600
    4.398600   -7.602200   -7.602200   -7.602200
    4.424600   -7.392400   -7.392400   -7.392400
    4.450700   -7.199800   -7.199800   -7.199800
    4.476700   -7.054600   -7.054600   -7.054600
    4.502700   -7.023100   -7.023100   -7.023100
    4.528800   -7.217600   -7.217600   -7.217600
    4.554800   -7.752300   -7.752300   -7.752300
    4.580800   -8.601200   -8.601200   -8.601200
    4.606800   -9.508500   -9.508500   -9.508500
    4.632900  -10.202400  -10.202400  -10.202400
    4.658900  -10.620700  -10.620700  -10.620700
    4.684900  -10.841200  -10.841200  -10.841200
    4.710900  -10.950000  -10.950000  -10.950000
    4.737000  -11.000700  -11.000700  -11.000700
    4.763000  -11.019900  -11.019900  -11.019900
    4.789000  -11.019100  -11.019100  -11.019100
    4.815100  -11.003900  -11.003900  -11.003900
    4.841100  -10.977400  -10.977400  -10.977400
    4.867100  -10.942700  -10.942700  -10.942700
    4.893100  -10.904300  -10.904300  -10.904300
    4.919200  -10.867500  -10.867500  -10.867500
    4.945200  -10.833900  -10.833900  -10.833900
    4.971200  -10.798000  -10.798000  -10.798000
    4.997200  -10.754600  -10.754600  -10.754600
    5.023300  -10.704700  -10.704700  -10.704700
    5.049300  -10.652600  -10.652600  -10.652600
    5.075300  -10.601400  -10.601400  -10.601400
    5.101400  -10.552300  -10.552300  -10.552300
    5.127400  -10.506100  -10.506100  -10.506100
    5.153400  -10.464000  -10.464000  -10.464000
    5.179400  -10.428100  -10.428100  -10.428100
    5.205500  -10.401100  -10.401100  -10.401100
    5.231500  -10.384600  -10.384600  -10.384600
    5.257500  -10.377800  -10.377800  -10.377800
    5.283600  -10.375100  -10.375100  -10.375100
    5.309600  -10.366400  -10.366400  -10.366400
    5.335600  -10.343900  -10.343900  -10.343900
    5.361600  -10.304800  -10.304800  -10.304800
    5.387700  -10.251000  -10.251000  -10.251000
    5.413700  -10.187300  -10.187300  -10.187300
    5.439700  -10.118100  -10.118100  -10.118100
    5.465700  -10.046000  -10.046000  -10.046000
    5.491800   -9.971900   -9.971900   -9.971900
    5.517800   -9.895200   -9.895200   -9.895200
    5.543800   -9.815500   -9.815500   -9.815500
    5.569900   -9.733500   -9.733500   -9.733500
    5.595900   -9.651400   -9.651400   -9.651400
    5.621900   -9.571200   -9.571200   -9.571200
    5.647900   -9.493900   -9.493900   -9.493900
    5.674000   -9.419500   -9.419500   -9.419500
    5.700000   -9.347100   -9.347100   -9.347100
    5.726000   -9.275400   -9.275400   -9.275400
    5.752000   -9.203300   -9.203300   -9.203300
    5.778100   -9.129800   -9.129800   -9.129800
    5.804100   -9.054600   -9.054600   -9.054600
    5.830100   -8.977200   -8.977200   -8.977200
    5.856200   -8.898100   -8.898100   -8.898100
    5.882200   -8.817700   -8.817700   -8.817700
    5.908200   -8.736700   -8.736700   -8.736700
    5.934200   -8.655600   -8.655600   -8.655600
    5.960300   -8.574700   -8.574700   -8.574700
    5.986300   -8.494000   -8.494000   -8.494000
    6.012300   -8.412500   -8.412500   -8.412500
    6.038300   -8.328900   -8.328900   -8.328900
    6.064400   -8.241800   -8.241800   -8.241800
    6.090400   -8.151500   -8.151500   -8.151500
    6.116400   -8.059700   -8.059700   -8.059700
    6.142500   -7.968700   -7.968700   -7.968700
    6.168500   -7.880200   -7.880200   -7.880200
    6.194500   -7.794800   -7.794800   -7.794800
    6.220500   -7.712500   -7.712500   -7.712500
    6.246600   -7.632700   -7.632700   -7.632700
    6.272600   -7.555200   -7.555200   -7.555200
    6.298600   -7.479200   -7.479200   -7.479200
    6.324600   -7.404400   -7.404400   -7.404400
    6.350700   -7.330500   -7.330500   -7.330500
    6.376700   -7.257700   -7.257700   -7.257700
    6.402700   -7.186300   -7.186300   -7.186300
    6.428800   -7.116600   -7.116600   -7.116600
    6.454800   -7.048800   -7.048800   -7.048800
    6.480800   -6.982700   -6.982700   -6.982700
    6.506800   -6.918100   -6.918100   -6.918100
    6.532900   -6.854900   -6.854900   -6.854900
    6.558900   -6.792800   -6.792800   -6.792800
    6.584900   -6.731600   -6.731600   -6.731600
    6.610900   -6.670900   -6.670900   -6.670900
    6.637000   -6.610300   -6.610300   -6.610300
    6.663000   -6.549400   -6.549400   -6.549400
    6.689000   -6.488100   -6.488100   -6.488100
    6.715100   -6.426200   -6.426200   -6.426200
    6.741100   -6.363700   -6.363700   -6.363700
    6.767100   -6.300800   -6.300800   -6.300800
    6.793100   -6.237700   -6.237700   -6.237700
    6.819200   -6.174600   -6.174600   -6.174600
    6.845200   -6.111800   -6.111800   -6.111800
    6.871200   -6.049400   -6.049400   -6.049400
    6.897200   -5.987700   -5.987700   -5.987700
    6.923300   -5.926800   -5.926800   -5.926800
    6.949300   -5.866900   -5.866900   -5.866900
    6.975300   -5.808000   -5.808000   -5.808000
    7.001400   -5.750300   -5.750300   -5.750300
    7.027400   -5.693700   -5.693700   -5.693700
    7.053400   -5.637900   -5.637900   -5.637900
    7.079400   -5.582400   -5.582400   -5.582400
    7.105500   -5.526700   -5.526700   -5.526700
    7.131500   -5.470100   -5.470100   -5.470100
    7.157500   -5.412200   -5.412200   -5.412200
    7.183500   -5.353300   -5.353300   -5.353300
    7.209600   -5.294100   -5.294100   -5.294100
    7.235600   -5.235400   -5.235400   -5.235400
    7.261600   -5.177700   -5.177700   -5.177700
    7.287700   -5.121300   -5.121300   -5.121300
    7.313700   -5.066600   -5.066600   -5.066600
    7.339700   -5.013700   -5.013700   -5.013700
    7.365700   -4.962600   -4.962600   -4.962600
    7.391800   -4.913100   -4.913100   -4.913100
    7.417800   -4.865000   -4.865000   -4.865000
    7.443800   -4.818200   -4.818200   -4.818200
    7.469800   -4.772500   -4.772500   -4.772500
    7.495900   -4.727400   -4.727400   -4.727400
    7.521900   -4.682900   -4.682900   -4.682900
    7.547900   -4.638800   -4.638800   -4.638800
    7.574000   -4.595200   -4.595200   -4.595200
    7.600000   -4.552000   -4.552000   -4.552000
    7.626000   -4.509600   -4.509600   -4.509600
    7.652000   -4.467800   -4.467800   -4.467800
    7.678100   -4.426300   -4.426300   -4.426300
    7.704100   -4.385000   -4.385000   -4.385000
    7.730100   -4.343700   -4.343700   -4.343700
    7.756100   -4.302600   -4.302600   -4.302600
    7.782200   -4.262300   -4.262300   -4.262300
    7.808200   -4.223000   -4.223000   -4.223000
