  #energy          xx             yy              zz              xy              yz              zx
  0.00000000E+00  0.31494625E+00  0.31494625E+00  0.31494625E+00  0.10000000E+01  0.10000000E+01  0.10000000E+01
  0.26000000E-01  0.31495386E+00  0.31495386E+00  0.31495386E+00  0.10000000E+01  0.10000000E+01  0.10000000E+01
  0.52100000E-01  0.31497820E+00  0.31497820E+00  0.31497820E+00  0.10000000E+01  0.10000000E+01  0.10000000E+01
  0.78100000E-01  0.31501927E+00  0.31501927E+00  0.31501927E+00  0.10000000E+01  0.10000000E+01  0.10000000E+01
  0.10410000E+00  0.31507402E+00  0.31507402E+00  0.31507402E+00  0.10000000E+01  0.10000000E+01  0.10000000E+01
  0.13010000E+00  0.31514699E+00  0.31514699E+00  0.31514699E+00  0.10000000E+01  0.10000000E+01  0.10000000E+01
  0.15620000E+00  0.31523513E+00  0.31523513E+00  0.31523513E+00  0.10000000E+01  0.10000000E+01  0.10000000E+01
  0.18220000E+00  0.31533994E+00  0.31533994E+00  0.31533994E+00  0.10000000E+01  0.10000000E+01  0.10000000E+01
  0.20820000E+00  0.31545986E+00  0.31545986E+00  0.31545986E+00  0.10000000E+01  0.10000000E+01  0.10000000E+01
  0.23420000E+00  0.31559640E+00  0.31559640E+00  0.31559640E+00  0.10000000E+01  0.10000000E+01  0.10000000E+01
  0.26030000E+00  0.31574951E+00  0.31574951E+00  0.31574951E+00  0.10000000E+01  0.10000000E+01  0.10000000E+01
  0.28630000E+00  0.31591916E+00  0.31591916E+00  0.31591916E+00  0.10000000E+01  0.10000000E+01  0.10000000E+01
  0.31230000E+00  0.31610531E+00  0.31610531E+00  0.31610531E+00  0.10000000E+01  0.10000000E+01  0.10000000E+01
  0.33840000E+00  0.31630791E+00  0.31630791E+00  0.31630791E+00  0.10000000E+01  0.10000000E+01  0.10000000E+01
  0.36440000E+00  0.31652690E+00  0.31652690E+00  0.31652690E+00  0.10000000E+01  0.10000000E+01  0.10000000E+01
  0.39040000E+00  0.31676224E+00  0.31676224E+00  0.31676224E+00  0.10000000E+01  0.10000000E+01  0.10000000E+01
  0.41640000E+00  0.31701387E+00  0.31701387E+00  0.31701387E+00  0.10000000E+01  0.10000000E+01  0.10000000E+01
  0.44250000E+00  0.31728322E+00  0.31728322E+00  0.31728322E+00  0.10000000E+01  0.10000000E+01  0.10000000E+01
  0.46850000E+00  0.31756873E+00  0.31756873E+00  0.31756873E+00  0.10000000E+01  0.10000000E+01  0.10000000E+01
  0.49450000E+00  0.31787182E+00  0.31787182E+00  0.31787182E+00  0.10000000E+01  0.10000000E+01  0.10000000E+01
  0.52050000E+00  0.31819242E+00  0.31819242E+00  0.31819242E+00  0.10000000E+01  0.10000000E+01  0.10000000E+01
  0.54660000E+00  0.31852893E+00  0.31852893E+00  0.31852893E+00  0.10000000E+01  0.10000000E+01  0.10000000E+01
  0.57260000E+00  0.31888427E+00  0.31888427E+00  0.31888427E+00  0.10000000E+01  0.10000000E+01  0.10000000E+01
  0.59860000E+00  0.31925683E+00  0.31925683E+00  0.31925683E+00  0.10000000E+01  0.10000000E+01  0.10000000E+01
  0.62470000E+00  0.31964653E+00  0.31964653E+00  0.31964653E+00  0.10000000E+01  0.10000000E+01  0.10000000E+01
  0.65070000E+00  0.32005475E+00  0.32005475E+00  0.32005475E+00  0.10000000E+01  0.10000000E+01  0.10000000E+01
  0.67670000E+00  0.32047989E+00  0.32047989E+00  0.32047989E+00  0.10000000E+01  0.10000000E+01  0.10000000E+01
  0.70270000E+00  0.32092477E+00  0.32092477E+00  0.32092477E+00  0.10000000E+01  0.10000000E+01  0.10000000E+01
  0.72880000E+00  0.32138781E+00  0.32138781E+00  0.32138781E+00  0.10000000E+01  0.10000000E+01  0.10000000E+01
  0.75480000E+00  0.32186888E+00  0.32186888E+00  0.32186888E+00  0.10000000E+01  0.10000000E+01  0.10000000E+01
  0.78080000E+00  0.32236929E+00  0.32236929E+00  0.32236929E+00  0.10000000E+01  0.10000000E+01  0.10000000E+01
  0.80680000E+00  0.32288748E+00  0.32288748E+00  0.32288748E+00  0.10000000E+01  0.10000000E+01  0.10000000E+01
  0.83290000E+00  0.32342615E+00  0.32342615E+00  0.32342615E+00  0.10000000E+01  0.10000000E+01  0.10000000E+01
  0.85890000E+00  0.32398370E+00  0.32398370E+00  0.32398370E+00  0.10000000E+01  0.10000000E+01  0.10000000E+01
  0.88490000E+00  0.32456143E+00  0.32456143E+00  0.32456143E+00  0.10000000E+01  0.10000000E+01  0.10000000E+01
  0.91100000E+00  0.32515916E+00  0.32515916E+00  0.32515916E+00  0.10000000E+01  0.10000000E+01  0.10000000E+01
  0.93700000E+00  0.32577669E+00  0.32577669E+00  0.32577669E+00  0.10000000E+01  0.10000000E+01  0.10000000E+01
  0.96300000E+00  0.32641526E+00  0.32641526E+00  0.32641526E+00  0.10000000E+01  0.10000000E+01  0.10000000E+01
  0.98900000E+00  0.32707464E+00  0.32707464E+00  0.32707464E+00  0.10000000E+01  0.10000000E+01  0.10000000E+01
  0.10151000E+01  0.32775466E+00  0.32775466E+00  0.32775466E+00  0.10000000E+01  0.10000000E+01  0.10000000E+01
  0.10411000E+01  0.32845651E+00  0.32845651E+00  0.32845651E+00  0.10000000E+01  0.10000000E+01  0.10000000E+01
  0.10671000E+01  0.32917991E+00  0.32917991E+00  0.32917991E+00  0.10000000E+01  0.10000000E+01  0.10000000E+01
  0.10931000E+01  0.32992605E+00  0.32992605E+00  0.32992605E+00  0.10000000E+01  0.10000000E+01  0.10000000E+01
  0.11192000E+01  0.33069466E+00  0.33069466E+00  0.33069466E+00  0.10000000E+01  0.10000000E+01  0.10000000E+01
  0.11452000E+01  0.33148543E+00  0.33148543E+00  0.33148543E+00  0.10000000E+01  0.10000000E+01  0.10000000E+01
  0.11712000E+01  0.33229953E+00  0.33229953E+00  0.33229953E+00  0.10000000E+01  0.10000000E+01  0.10000000E+01
  0.11973000E+01  0.33313800E+00  0.33313800E+00  0.33313800E+00  0.10000000E+01  0.10000000E+01  0.10000000E+01
  0.12233000E+01  0.33400052E+00  0.33400052E+00  0.33400052E+00  0.10000000E+01  0.10000000E+01  0.10000000E+01
  0.12493000E+01  0.33488811E+00  0.33488811E+00  0.33488811E+00  0.10000000E+01  0.10000000E+01  0.10000000E+01
  0.12753000E+01  0.33580045E+00  0.33580045E+00  0.33580045E+00  0.10000000E+01  0.10000000E+01  0.10000000E+01
  0.13014000E+01  0.33673848E+00  0.33673848E+00  0.33673848E+00  0.10000000E+01  0.10000000E+01  0.10000000E+01
  0.13274000E+01  0.33770321E+00  0.33770321E+00  0.33770321E+00  0.10000000E+01  0.10000000E+01  0.10000000E+01
  0.13534000E+01  0.33869424E+00  0.33869424E+00  0.33869424E+00  0.10000000E+01  0.10000000E+01  0.10000000E+01
  0.13794000E+01  0.33971241E+00  0.33971241E+00  0.33971241E+00  0.10000000E+01  0.10000000E+01  0.10000000E+01
  0.14055000E+01  0.34075861E+00  0.34075861E+00  0.34075861E+00  0.10000000E+01  0.10000000E+01  0.10000000E+01
  0.14315000E+01  0.34183373E+00  0.34183373E+00  0.34183373E+00  0.10000000E+01  0.10000000E+01  0.10000000E+01
  0.14575000E+01  0.34293852E+00  0.34293852E+00  0.34293852E+00  0.10000000E+01  0.10000000E+01  0.10000000E+01
  0.14836000E+01  0.34407252E+00  0.34407252E+00  0.34407252E+00  0.10000000E+01  0.10000000E+01  0.10000000E+01
  0.15096000E+01  0.34523767E+00  0.34523767E+00  0.34523767E+00  0.10000000E+01  0.10000000E+01  0.10000000E+01
  0.15356000E+01  0.34643474E+00  0.34643474E+00  0.34643474E+00  0.10000000E+01  0.10000000E+01  0.10000000E+01
  0.15616000E+01  0.34766305E+00  0.34766305E+00  0.34766305E+00  0.10000000E+01  0.10000000E+01  0.10000000E+01
  0.15877000E+01  0.34892580E+00  0.34892580E+00  0.34892580E+00  0.10000000E+01  0.10000000E+01  0.10000000E+01
  0.16137000E+01  0.35022230E+00  0.35022230E+00  0.35022230E+00  0.10000000E+01  0.10000000E+01  0.10000000E+01
  0.16397000E+01  0.35155300E+00  0.35155300E+00  0.35155300E+00  0.10000000E+01  0.10000000E+01  0.10000000E+01
  0.16657000E+01  0.35292092E+00  0.35292092E+00  0.35292092E+00  0.10000000E+01  0.10000000E+01  0.10000000E+01
  0.16918000E+01  0.35432640E+00  0.35432640E+00  0.35432640E+00  0.10000000E+01  0.10000000E+01  0.10000000E+01
  0.17178000E+01  0.35576983E+00  0.35576983E+00  0.35576983E+00  0.10000000E+01  0.10000000E+01  0.10000000E+01
  0.17438000E+01  0.35725273E+00  0.35725273E+00  0.35725273E+00  0.10000000E+01  0.10000000E+01  0.10000000E+01
  0.17699000E+01  0.35877644E+00  0.35877644E+00  0.35877644E+00  0.10000000E+01  0.10000000E+01  0.10000000E+01
  0.17959000E+01  0.36034352E+00  0.36034352E+00  0.36034352E+00  0.10000000E+01  0.10000000E+01  0.10000000E+01
  0.18219000E+01  0.36195290E+00  0.36195290E+00  0.36195290E+00  0.10000000E+01  0.10000000E+01  0.10000000E+01
  0.18479000E+01  0.36360926E+00  0.36360926E+00  0.36360926E+00  0.10000000E+01  0.10000000E+01  0.10000000E+01
  0.18740000E+01  0.36531121E+00  0.36531121E+00  0.36531121E+00  0.10000000E+01  0.10000000E+01  0.10000000E+01
  0.19000000E+01  0.36706322E+00  0.36706322E+00  0.36706322E+00  0.10000000E+01  0.10000000E+01  0.10000000E+01
  0.19260000E+01  0.36886499E+00  0.36886499E+00  0.36886499E+00  0.10000000E+01  0.10000000E+01  0.10000000E+01
  0.19521000E+01  0.37072065E+00  0.37072065E+00  0.37072065E+00  0.10000000E+01  0.10000000E+01  0.10000000E+01
  0.19781000E+01  0.37263063E+00  0.37263063E+00  0.37263063E+00  0.10000000E+01  0.10000000E+01  0.10000000E+01
  0.20041000E+01  0.37459763E+00  0.37459763E+00  0.37459763E+00  0.10000000E+01  0.10000000E+01  0.10000000E+01
  0.20301000E+01  0.37662524E+00  0.37662524E+00  0.37662524E+00  0.10000000E+01  0.10000000E+01  0.10000000E+01
  0.20562000E+01  0.37871672E+00  0.37871672E+00  0.37871672E+00  0.10000000E+01  0.10000000E+01  0.10000000E+01
  0.20822000E+01  0.38087308E+00  0.38087308E+00  0.38087308E+00  0.10000000E+01  0.10000000E+01  0.10000000E+01
  0.21082000E+01  0.38309816E+00  0.38309816E+00  0.38309816E+00  0.10000000E+01  0.10000000E+01  0.10000000E+01
  0.21342000E+01  0.38539679E+00  0.38539679E+00  0.38539679E+00  0.10000000E+01  0.10000000E+01  0.10000000E+01
  0.21603000E+01  0.38777322E+00  0.38777322E+00  0.38777322E+00  0.10000000E+01  0.10000000E+01  0.10000000E+01
  0.21863000E+01  0.39022947E+00  0.39022947E+00  0.39022947E+00  0.10000000E+01  0.10000000E+01  0.10000000E+01
  0.22123000E+01  0.39277217E+00  0.39277217E+00  0.39277217E+00  0.10000000E+01  0.10000000E+01  0.10000000E+01
  0.22384000E+01  0.39540672E+00  0.39540672E+00  0.39540672E+00  0.10000000E+01  0.10000000E+01  0.10000000E+01
  0.22644000E+01  0.39813873E+00  0.39813873E+00  0.39813873E+00  0.10000000E+01  0.10000000E+01  0.10000000E+01
  0.22904000E+01  0.40097440E+00  0.40097440E+00  0.40097440E+00  0.10000000E+01  0.10000000E+01  0.10000000E+01
  0.23164000E+01  0.40392227E+00  0.40392227E+00  0.40392227E+00  0.10000000E+01  0.10000000E+01  0.10000000E+01
  0.23425000E+01  0.40699010E+00  0.40699010E+00  0.40699010E+00  0.10000000E+01  0.10000000E+01  0.10000000E+01
  0.23685000E+01  0.41018679E+00  0.41018679E+00  0.41018679E+00  0.10000000E+01  0.10000000E+01  0.10000000E+01
  0.23945000E+01  0.41352404E+00  0.41352404E+00  0.41352404E+00  0.10000000E+01  0.10000000E+01  0.10000000E+01
  0.24205000E+01  0.41701462E+00  0.41701462E+00  0.41701462E+00  0.10000000E+01  0.10000000E+01  0.10000000E+01
  0.24466000E+01  0.42067114E+00  0.42067114E+00  0.42067114E+00  0.10000000E+01  0.10000000E+01  0.10000000E+01
  0.24726000E+01  0.42451039E+00  0.42451039E+00  0.42451039E+00  0.10000000E+01  0.10000000E+01  0.10000000E+01
  0.24986000E+01  0.42854965E+00  0.42854965E+00  0.42854965E+00  0.10000000E+01  0.10000000E+01  0.10000000E+01
  0.25247000E+01  0.43280824E+00  0.43280824E+00  0.43280824E+00  0.10000000E+01  0.10000000E+01  0.10000000E+01
  0.25507000E+01  0.43730472E+00  0.43730472E+00  0.43730472E+00  0.10000000E+01  0.10000000E+01  0.10000000E+01
  0.25767000E+01  0.44205689E+00  0.44205689E+00  0.44205689E+00  0.10000000E+01  0.10000000E+01  0.10000000E+01
  0.26027000E+01  0.44706992E+00  0.44706992E+00  0.44706992E+00  0.10000000E+01  0.10000000E+01  0.10000000E+01
  0.26288000E+01  0.45232509E+00  0.45232509E+00  0.45232509E+00  0.10000000E+01  0.10000000E+01  0.10000000E+01
  0.26548000E+01  0.45775695E+00  0.45775695E+00  0.45775695E+00  0.10000000E+01  0.10000000E+01  0.10000000E+01
  0.26808000E+01  0.46323827E+00  0.46323827E+00  0.46323827E+00  0.10000000E+01  0.10000000E+01  0.10000000E+01
  0.27068000E+01  0.46861529E+00  0.46861529E+00  0.46861529E+00  0.10000000E+01  0.10000000E+01  0.10000000E+01
  0.27329000E+01  0.47378752E+00  0.47378752E+00  0.47378752E+00  0.10000000E+01  0.10000000E+01  0.10000000E+01
  0.27589000E+01  0.47873675E+00  0.47873675E+00  0.47873675E+00  0.10000000E+01  0.10000000E+01  0.10000000E+01
  0.27849000E+01  0.48345685E+00  0.48345685E+00  0.48345685E+00  0.10000000E+01  0.10000000E+01  0.10000000E+01
  0.28110000E+01  0.48788972E+00  0.48788972E+00  0.48788972E+00  0.10000000E+01  0.10000000E+01  0.10000000E+01
  0.28370000E+01  0.49191967E+00  0.49191967E+00  0.49191967E+00  0.10000000E+01  0.10000000E+01  0.10000000E+01
  0.28630000E+01  0.49543330E+00  0.49543330E+00  0.49543330E+00  0.10000000E+01  0.10000000E+01  0.10000000E+01
  0.28890000E+01  0.49839514E+00  0.49839514E+00  0.49839514E+00  0.10000000E+01  0.10000000E+01  0.10000000E+01
  0.29151000E+01  0.50087067E+00  0.50087067E+00  0.50087067E+00  0.10000000E+01  0.10000000E+01  0.10000000E+01
  0.29411000E+01  0.50298128E+00  0.50298128E+00  0.50298128E+00  0.10000000E+01  0.10000000E+01  0.10000000E+01
  0.29671000E+01  0.50485250E+00  0.50485250E+00  0.50485250E+00  0.10000000E+01  0.10000000E+01  0.10000000E+01
  0.29931000E+01  0.50658161E+00  0.50658161E+00  0.50658161E+00  0.10000000E+01  0.10000000E+01  0.10000000E+01
  0.30192000E+01  0.50823285E+00  0.50823285E+00  0.50823285E+00  0.10000000E+01  0.10000000E+01  0.10000000E+01
  0.30452000E+01  0.50984050E+00  0.50984050E+00  0.50984050E+00  0.10000000E+01  0.10000000E+01  0.10000000E+01
  0.30712000E+01  0.51142261E+00  0.51142261E+00  0.51142261E+00  0.10000000E+01  0.10000000E+01  0.10000000E+01
  0.30973000E+01  0.51299574E+00  0.51299574E+00  0.51299574E+00  0.10000000E+01  0.10000000E+01  0.10000000E+01
  0.31233000E+01  0.51458140E+00  0.51458140E+00  0.51458140E+00  0.10000000E+01  0.10000000E+01  0.10000000E+01
  0.31493000E+01  0.51621139E+00  0.51621139E+00  0.51621139E+00  0.10000000E+01  0.10000000E+01  0.10000000E+01
  0.31753000E+01  0.51790192E+00  0.51790192E+00  0.51790192E+00  0.10000000E+01  0.10000000E+01  0.10000000E+01
  0.32014000E+01  0.51964217E+00  0.51964217E+00  0.51964217E+00  0.10000000E+01  0.10000000E+01  0.10000000E+01
  0.32274000E+01  0.52139917E+00  0.52139917E+00  0.52139917E+00  0.10000000E+01  0.10000000E+01  0.10000000E+01
  0.32534000E+01  0.52314498E+00  0.52314498E+00  0.52314498E+00  0.10000000E+01  0.10000000E+01  0.10000000E+01
  0.32794000E+01  0.52488172E+00  0.52488172E+00  0.52488172E+00  0.10000000E+01  0.10000000E+01  0.10000000E+01
  0.33055000E+01  0.52665018E+00  0.52665018E+00  0.52665018E+00  0.10000000E+01  0.10000000E+01  0.10000000E+01
  0.33315000E+01  0.52851372E+00  0.52851372E+00  0.52851372E+00  0.10000000E+01  0.10000000E+01  0.10000000E+01
  0.33575000E+01  0.53053163E+00  0.53053163E+00  0.53053163E+00  0.10000000E+01  0.10000000E+01  0.10000000E+01
  0.33836000E+01  0.53275702E+00  0.53275702E+00  0.53275702E+00  0.10000000E+01  0.10000000E+01  0.10000000E+01
  0.34096000E+01  0.53523824E+00  0.53523824E+00  0.53523824E+00  0.10000000E+01  0.10000000E+01  0.10000000E+01
  0.34356000E+01  0.53801360E+00  0.53801360E+00  0.53801360E+00  0.10000000E+01  0.10000000E+01  0.10000000E+01
  0.34616000E+01  0.54110221E+00  0.54110221E+00  0.54110221E+00  0.10000000E+01  0.10000000E+01  0.10000000E+01
  0.34877000E+01  0.54449534E+00  0.54449534E+00  0.54449534E+00  0.10000000E+01  0.10000000E+01  0.10000000E+01
  0.35137000E+01  0.54817428E+00  0.54817428E+00  0.54817428E+00  0.10000000E+01  0.10000000E+01  0.10000000E+01
  0.35397000E+01  0.55214385E+00  0.55214385E+00  0.55214385E+00  0.10000000E+01  0.10000000E+01  0.10000000E+01
  0.35657000E+01  0.55645558E+00  0.55645558E+00  0.55645558E+00  0.10000000E+01  0.10000000E+01  0.10000000E+01
  0.35918000E+01  0.56119313E+00  0.56119313E+00  0.56119313E+00  0.10000000E+01  0.10000000E+01  0.10000000E+01
  0.36178000E+01  0.56642642E+00  0.56642642E+00  0.56642642E+00  0.10000000E+01  0.10000000E+01  0.10000000E+01
  0.36438000E+01  0.57216425E+00  0.57216425E+00  0.57216425E+00  0.10000000E+01  0.10000000E+01  0.10000000E+01
  0.36699000E+01  0.57834744E+00  0.57834744E+00  0.57834744E+00  0.10000000E+01  0.10000000E+01  0.10000000E+01
  0.36959000E+01  0.58489112E+00  0.58489112E+00  0.58489112E+00  0.10000000E+01  0.10000000E+01  0.10000000E+01
  0.37219000E+01  0.59173877E+00  0.59173877E+00  0.59173877E+00  0.10000000E+01  0.10000000E+01  0.10000000E+01
  0.37479000E+01  0.59885143E+00  0.59885143E+00  0.59885143E+00  0.10000000E+01  0.10000000E+01  0.10000000E+01
  0.37740000E+01  0.60615368E+00  0.60615368E+00  0.60615368E+00  0.10000000E+01  0.10000000E+01  0.10000000E+01
  0.38000000E+01  0.61351365E+00  0.61351365E+00  0.61351365E+00  0.10000000E+01  0.10000000E+01  0.10000000E+01
  0.38260000E+01  0.62078032E+00  0.62078032E+00  0.62078032E+00  0.10000000E+01  0.10000000E+01  0.10000000E+01
  0.38520000E+01  0.62782728E+00  0.62782728E+00  0.62782728E+00  0.10000000E+01  0.10000000E+01  0.10000000E+01
  0.38781000E+01  0.63455685E+00  0.63455685E+00  0.63455685E+00  0.10000000E+01  0.10000000E+01  0.10000000E+01
  0.39041000E+01  0.64086759E+00  0.64086759E+00  0.64086759E+00  0.10000000E+01  0.10000000E+01  0.10000000E+01
  0.39301000E+01  0.64664537E+00  0.64664537E+00  0.64664537E+00  0.10000000E+01  0.10000000E+01  0.10000000E+01
  0.39562000E+01  0.65176706E+00  0.65176706E+00  0.65176706E+00  0.10000000E+01  0.10000000E+01  0.10000000E+01
  0.39822000E+01  0.65611669E+00  0.65611669E+00  0.65611669E+00  0.10000000E+01  0.10000000E+01  0.10000000E+01
  0.40082000E+01  0.65958275E+00  0.65958275E+00  0.65958275E+00  0.10000000E+01  0.10000000E+01  0.10000000E+01
  0.40342000E+01  0.66204335E+00  0.66204335E+00  0.66204335E+00  0.10000000E+01  0.10000000E+01  0.10000000E+01
  0.40603000E+01  0.66334953E+00  0.66334953E+00  0.66334953E+00  0.10000000E+01  0.10000000E+01  0.10000000E+01
  0.40863000E+01  0.66335647E+00  0.66335647E+00  0.66335647E+00  0.10000000E+01  0.10000000E+01  0.10000000E+01
  0.41123000E+01  0.66202811E+00  0.66202811E+00  0.66202811E+00  0.10000000E+01  0.10000000E+01  0.10000000E+01
  0.41383000E+01  0.65953763E+00  0.65953763E+00  0.65953763E+00  0.10000000E+01  0.10000000E+01  0.10000000E+01
  0.41644000E+01  0.65623546E+00  0.65623546E+00  0.65623546E+00  0.10000000E+01  0.10000000E+01  0.10000000E+01
  0.41904000E+01  0.65249384E+00  0.65249384E+00  0.65249384E+00  0.10000000E+01  0.10000000E+01  0.10000000E+01
  0.42164000E+01  0.64859628E+00  0.64859628E+00  0.64859628E+00  0.10000000E+01  0.10000000E+01  0.10000000E+01
  0.42425000E+01  0.64472016E+00  0.64472016E+00  0.64472016E+00  0.10000000E+01  0.10000000E+01  0.10000000E+01
  0.42685000E+01  0.64096861E+00  0.64096861E+00  0.64096861E+00  0.10000000E+01  0.10000000E+01  0.10000000E+01
  0.42945000E+01  0.63737449E+00  0.63737449E+00  0.63737449E+00  0.10000000E+01  0.10000000E+01  0.10000000E+01
  0.43205000E+01  0.63391066E+00  0.63391066E+00  0.63391066E+00  0.10000000E+01  0.10000000E+01  0.10000000E+01
  0.43466000E+01  0.63054268E+00  0.63054268E+00  0.63054268E+00  0.10000000E+01  0.10000000E+01  0.10000000E+01
  0.43726000E+01  0.62727600E+00  0.62727600E+00  0.62727600E+00  0.10000000E+01  0.10000000E+01  0.10000000E+01
  0.43986000E+01  0.62415999E+00  0.62415999E+00  0.62415999E+00  0.10000000E+01  0.10000000E+01  0.10000000E+01
  0.44246000E+01  0.62128779E+00  0.62128779E+00  0.62128779E+00  0.10000000E+01  0.10000000E+01  0.10000000E+01
  0.44507000E+01  0.61886238E+00  0.61886238E+00  0.61886238E+00  0.10000000E+01  0.10000000E+01  0.10000000E+01
  0.44767000E+01  0.61733873E+00  0.61733873E+00  0.61733873E+00  0.10000000E+01  0.10000000E+01  0.10000000E+01
  0.45027000E+01  0.61753763E+00  0.61753763E+00  0.61753763E+00  0.10000000E+01  0.10000000E+01  0.10000000E+01
  0.45288000E+01  0.62055600E+00  0.62055600E+00  0.62055600E+00  0.10000000E+01  0.10000000E+01  0.10000000E+01
  0.45548000E+01  0.62706879E+00  0.62706879E+00  0.62706879E+00  0.10000000E+01  0.10000000E+01  0.10000000E+01
  0.45808000E+01  0.63614982E+00  0.63614982E+00  0.63614982E+00  0.10000000E+01  0.10000000E+01  0.10000000E+01
  0.46068000E+01  0.64522379E+00  0.64522379E+00  0.64522379E+00  0.10000000E+01  0.10000000E+01  0.10000000E+01
  0.46329000E+01  0.65212699E+00  0.65212699E+00  0.65212699E+00  0.10000000E+01  0.10000000E+01  0.10000000E+01
  0.46589000E+01  0.65651306E+00  0.65651306E+00  0.65651306E+00  0.10000000E+01  0.10000000E+01  0.10000000E+01
  0.46849000E+01  0.65911287E+00  0.65911287E+00  0.65911287E+00  0.10000000E+01  0.10000000E+01  0.10000000E+01
  0.47109000E+01  0.66070578E+00  0.66070578E+00  0.66070578E+00  0.10000000E+01  0.10000000E+01  0.10000000E+01
  0.47370000E+01  0.66179169E+00  0.66179169E+00  0.66179169E+00  0.10000000E+01  0.10000000E+01  0.10000000E+01
  0.47630000E+01  0.66262432E+00  0.66262432E+00  0.66262432E+00  0.10000000E+01  0.10000000E+01  0.10000000E+01
  0.47890000E+01  0.66330798E+00  0.66330798E+00  0.66330798E+00  0.10000000E+01  0.10000000E+01  0.10000000E+01
  0.48151000E+01  0.66388819E+00  0.66388819E+00  0.66388819E+00  0.10000000E+01  0.10000000E+01  0.10000000E+01
  0.48411000E+01  0.66438383E+00  0.66438383E+00  0.66438383E+00  0.10000000E+01  0.10000000E+01  0.10000000E+01
  0.48671000E+01  0.66481762E+00  0.66481762E+00  0.66481762E+00  0.10000000E+01  0.10000000E+01  0.10000000E+01
  0.48931000E+01  0.66523929E+00  0.66523929E+00  0.66523929E+00  0.10000000E+01  0.10000000E+01  0.10000000E+01
  0.49192000E+01  0.66572680E+00  0.66572680E+00  0.66572680E+00  0.10000000E+01  0.10000000E+01  0.10000000E+01
  0.49452000E+01  0.66632316E+00  0.66632316E+00  0.66632316E+00  0.10000000E+01  0.10000000E+01  0.10000000E+01
  0.49712000E+01  0.66695517E+00  0.66695517E+00  0.66695517E+00  0.10000000E+01  0.10000000E+01  0.10000000E+01
  0.49972000E+01  0.66752306E+00  0.66752306E+00  0.66752306E+00  0.10000000E+01  0.10000000E+01  0.10000000E+01
  0.50233000E+01  0.66801080E+00  0.66801080E+00  0.66801080E+00  0.10000000E+01  0.10000000E+01  0.10000000E+01
  0.50493000E+01  0.66847325E+00  0.66847325E+00  0.66847325E+00  0.10000000E+01  0.10000000E+01  0.10000000E+01
  0.50753000E+01  0.66896201E+00  0.66896201E+00  0.66896201E+00  0.10000000E+01  0.10000000E+01  0.10000000E+01
  0.51014000E+01  0.66950126E+00  0.66950126E+00  0.66950126E+00  0.10000000E+01  0.10000000E+01  0.10000000E+01
  0.51274000E+01  0.67010749E+00  0.67010749E+00  0.67010749E+00  0.10000000E+01  0.10000000E+01  0.10000000E+01
  0.51534000E+01  0.67080211E+00  0.67080211E+00  0.67080211E+00  0.10000000E+01  0.10000000E+01  0.10000000E+01
  0.51794000E+01  0.67163108E+00  0.67163108E+00  0.67163108E+00  0.10000000E+01  0.10000000E+01  0.10000000E+01
  0.52055000E+01  0.67266395E+00  0.67266395E+00  0.67266395E+00  0.10000000E+01  0.10000000E+01  0.10000000E+01
  0.52315000E+01  0.67397137E+00  0.67397137E+00  0.67397137E+00  0.10000000E+01  0.10000000E+01  0.10000000E+01
  0.52575000E+01  0.67559972E+00  0.67559972E+00  0.67559972E+00  0.10000000E+01  0.10000000E+01  0.10000000E+01
  0.52836000E+01  0.67750765E+00  0.67750765E+00  0.67750765E+00  0.10000000E+01  0.10000000E+01  0.10000000E+01
  0.53096000E+01  0.67952725E+00  0.67952725E+00  0.67952725E+00  0.10000000E+01  0.10000000E+01  0.10000000E+01
  0.53356000E+01  0.68147005E+00  0.68147005E+00  0.68147005E+00  0.10000000E+01  0.10000000E+01  0.10000000E+01
  0.53616000E+01  0.68320751E+00  0.68320751E+00  0.68320751E+00  0.10000000E+01  0.10000000E+01  0.10000000E+01
  0.53877000E+01  0.68469919E+00  0.68469919E+00  0.68469919E+00  0.10000000E+01  0.10000000E+01  0.10000000E+01
  0.54137000E+01  0.68599080E+00  0.68599080E+00  0.68599080E+00  0.10000000E+01  0.10000000E+01  0.10000000E+01
  0.54397000E+01  0.68715618E+00  0.68715618E+00  0.68715618E+00  0.10000000E+01  0.10000000E+01  0.10000000E+01
  0.54657000E+01  0.68825558E+00  0.68825558E+00  0.68825558E+00  0.10000000E+01  0.10000000E+01  0.10000000E+01
  0.54918000E+01  0.68931975E+00  0.68931975E+00  0.68931975E+00  0.10000000E+01  0.10000000E+01  0.10000000E+01
  0.55178000E+01  0.69033756E+00  0.69033756E+00  0.69033756E+00  0.10000000E+01  0.10000000E+01  0.10000000E+01
  0.55438000E+01  0.69128140E+00  0.69128140E+00  0.69128140E+00  0.10000000E+01  0.10000000E+01  0.10000000E+01
  0.55699000E+01  0.69214317E+00  0.69214317E+00  0.69214317E+00  0.10000000E+01  0.10000000E+01  0.10000000E+01
  0.55959000E+01  0.69295423E+00  0.69295423E+00  0.69295423E+00  0.10000000E+01  0.10000000E+01  0.10000000E+01
  0.56219000E+01  0.69377324E+00  0.69377324E+00  0.69377324E+00  0.10000000E+01  0.10000000E+01  0.10000000E+01
  0.56479000E+01  0.69465055E+00  0.69465055E+00  0.69465055E+00  0.10000000E+01  0.10000000E+01  0.10000000E+01
  0.56740000E+01  0.69561513E+00  0.69561513E+00  0.69561513E+00  0.10000000E+01  0.10000000E+01  0.10000000E+01
  0.57000000E+01  0.69667006E+00  0.69667006E+00  0.69667006E+00  0.10000000E+01  0.10000000E+01  0.10000000E+01
  0.57260000E+01  0.69779771E+00  0.69779771E+00  0.69779771E+00  0.10000000E+01  0.10000000E+01  0.10000000E+01
  0.57520000E+01  0.69897299E+00  0.69897299E+00  0.69897299E+00  0.10000000E+01  0.10000000E+01  0.10000000E+01
  0.57781000E+01  0.70016255E+00  0.70016255E+00  0.70016255E+00  0.10000000E+01  0.10000000E+01  0.10000000E+01
  0.58041000E+01  0.70134764E+00  0.70134764E+00  0.70134764E+00  0.10000000E+01  0.10000000E+01  0.10000000E+01
  0.58301000E+01  0.70249577E+00  0.70249577E+00  0.70249577E+00  0.10000000E+01  0.10000000E+01  0.10000000E+01
  0.58562000E+01  0.70360351E+00  0.70360351E+00  0.70360351E+00  0.10000000E+01  0.10000000E+01  0.10000000E+01
  0.58822000E+01  0.70466555E+00  0.70466555E+00  0.70466555E+00  0.10000000E+01  0.10000000E+01  0.10000000E+01
  0.59082000E+01  0.70569786E+00  0.70569786E+00  0.70569786E+00  0.10000000E+01  0.10000000E+01  0.10000000E+01
  0.59342000E+01  0.70671642E+00  0.70671642E+00  0.70671642E+00  0.10000000E+01  0.10000000E+01  0.10000000E+01
  0.59603000E+01  0.70774015E+00  0.70774015E+00  0.70774015E+00  0.10000000E+01  0.10000000E+01  0.10000000E+01
  0.59863000E+01  0.70878623E+00  0.70878623E+00  0.70878623E+00  0.10000000E+01  0.10000000E+01  0.10000000E+01
  0.60123000E+01  0.70984396E+00  0.70984396E+00  0.70984396E+00  0.10000000E+01  0.10000000E+01  0.10000000E+01
  0.60383000E+01  0.71086735E+00  0.71086735E+00  0.71086735E+00  0.10000000E+01  0.10000000E+01  0.10000000E+01
  0.60644000E+01  0.71177355E+00  0.71177355E+00  0.71177355E+00  0.10000000E+01  0.10000000E+01  0.10000000E+01
  0.60904000E+01  0.71249720E+00  0.71249720E+00  0.71249720E+00  0.10000000E+01  0.10000000E+01  0.10000000E+01
  0.61164000E+01  0.71302753E+00  0.71302753E+00  0.71302753E+00  0.10000000E+01  0.10000000E+01  0.10000000E+01
  0.61425000E+01  0.71342818E+00  0.71342818E+00  0.71342818E+00  0.10000000E+01  0.10000000E+01  0.10000000E+01
  0.61685000E+01  0.71377290E+00  0.71377290E+00  0.71377290E+00  0.10000000E+01  0.10000000E+01  0.10000000E+01
  0.61945000E+01  0.71411788E+00  0.71411788E+00  0.71411788E+00  0.10000000E+01  0.10000000E+01  0.10000000E+01
  0.62205000E+01  0.71450123E+00  0.71450123E+00  0.71450123E+00  0.10000000E+01  0.10000000E+01  0.10000000E+01
  0.62466000E+01  0.71493104E+00  0.71493104E+00  0.71493104E+00  0.10000000E+01  0.10000000E+01  0.10000000E+01
  0.62726000E+01  0.71541372E+00  0.71541372E+00  0.71541372E+00  0.10000000E+01  0.10000000E+01  0.10000000E+01
  0.62986000E+01  0.71593550E+00  0.71593550E+00  0.71593550E+00  0.10000000E+01  0.10000000E+01  0.10000000E+01
  0.63246000E+01  0.71648204E+00  0.71648204E+00  0.71648204E+00  0.10000000E+01  0.10000000E+01  0.10000000E+01
  0.63507000E+01  0.71702684E+00  0.71702684E+00  0.71702684E+00  0.10000000E+01  0.10000000E+01  0.10000000E+01
  0.63767000E+01  0.71757097E+00  0.71757097E+00  0.71757097E+00  0.10000000E+01  0.10000000E+01  0.10000000E+01
  0.64027000E+01  0.71811900E+00  0.71811900E+00  0.71811900E+00  0.10000000E+01  0.10000000E+01  0.10000000E+01
  0.64288000E+01  0.71869160E+00  0.71869160E+00  0.71869160E+00  0.10000000E+01  0.10000000E+01  0.10000000E+01
  0.64548000E+01  0.71931125E+00  0.71931125E+00  0.71931125E+00  0.10000000E+01  0.10000000E+01  0.10000000E+01
  0.64808000E+01  0.71998694E+00  0.71998694E+00  0.71998694E+00  0.10000000E+01  0.10000000E+01  0.10000000E+01
  0.65068000E+01  0.72072452E+00  0.72072452E+00  0.72072452E+00  0.10000000E+01  0.10000000E+01  0.10000000E+01
  0.65329000E+01  0.72153004E+00  0.72153004E+00  0.72153004E+00  0.10000000E+01  0.10000000E+01  0.10000000E+01
  0.65589000E+01  0.72240691E+00  0.72240691E+00  0.72240691E+00  0.10000000E+01  0.10000000E+01  0.10000000E+01
  0.65849000E+01  0.72335400E+00  0.72335400E+00  0.72335400E+00  0.10000000E+01  0.10000000E+01  0.10000000E+01
  0.66109000E+01  0.72436715E+00  0.72436715E+00  0.72436715E+00  0.10000000E+01  0.10000000E+01  0.10000000E+01
  0.66370000E+01  0.72542322E+00  0.72542322E+00  0.72542322E+00  0.10000000E+01  0.10000000E+01  0.10000000E+01
  0.66630000E+01  0.72650264E+00  0.72650264E+00  0.72650264E+00  0.10000000E+01  0.10000000E+01  0.10000000E+01
  0.66890000E+01  0.72759202E+00  0.72759202E+00  0.72759202E+00  0.10000000E+01  0.10000000E+01  0.10000000E+01
  0.67151000E+01  0.72866241E+00  0.72866241E+00  0.72866241E+00  0.10000000E+01  0.10000000E+01  0.10000000E+01
  0.67411000E+01  0.72969093E+00  0.72969093E+00  0.72969093E+00  0.10000000E+01  0.10000000E+01  0.10000000E+01
  0.67671000E+01  0.73067183E+00  0.73067183E+00  0.73067183E+00  0.10000000E+01  0.10000000E+01  0.10000000E+01
  0.67931000E+01  0.73160413E+00  0.73160413E+00  0.73160413E+00  0.10000000E+01  0.10000000E+01  0.10000000E+01
  0.68192000E+01  0.73248080E+00  0.73248080E+00  0.73248080E+00  0.10000000E+01  0.10000000E+01  0.10000000E+01
  0.68452000E+01  0.73330408E+00  0.73330408E+00  0.73330408E+00  0.10000000E+01  0.10000000E+01  0.10000000E+01
  0.68712000E+01  0.73408513E+00  0.73408513E+00  0.73408513E+00  0.10000000E+01  0.10000000E+01  0.10000000E+01
  0.68972000E+01  0.73483888E+00  0.73483888E+00  0.73483888E+00  0.10000000E+01  0.10000000E+01  0.10000000E+01
  0.69233000E+01  0.73557227E+00  0.73557227E+00  0.73557227E+00  0.10000000E+01  0.10000000E+01  0.10000000E+01
  0.69493000E+01  0.73629728E+00  0.73629728E+00  0.73629728E+00  0.10000000E+01  0.10000000E+01  0.10000000E+01
  0.69753000E+01  0.73702402E+00  0.73702402E+00  0.73702402E+00  0.10000000E+01  0.10000000E+01  0.10000000E+01
  0.70014000E+01  0.73778587E+00  0.73778587E+00  0.73778587E+00  0.10000000E+01  0.10000000E+01  0.10000000E+01
  0.70274000E+01  0.73860476E+00  0.73860476E+00  0.73860476E+00  0.10000000E+01  0.10000000E+01  0.10000000E+01
  0.70534000E+01  0.73948840E+00  0.73948840E+00  0.73948840E+00  0.10000000E+01  0.10000000E+01  0.10000000E+01
  0.70794000E+01  0.74042926E+00  0.74042926E+00  0.74042926E+00  0.10000000E+01  0.10000000E+01  0.10000000E+01
  0.71055000E+01  0.74140595E+00  0.74140595E+00  0.74140595E+00  0.10000000E+01  0.10000000E+01  0.10000000E+01
  0.71315000E+01  0.74236482E+00  0.74236482E+00  0.74236482E+00  0.10000000E+01  0.10000000E+01  0.10000000E+01
  0.71575000E+01  0.74322636E+00  0.74322636E+00  0.74322636E+00  0.10000000E+01  0.10000000E+01  0.10000000E+01
  0.71835000E+01  0.74393165E+00  0.74393165E+00  0.74393165E+00  0.10000000E+01  0.10000000E+01  0.10000000E+01
  0.72096000E+01  0.74445939E+00  0.74445939E+00  0.74445939E+00  0.10000000E+01  0.10000000E+01  0.10000000E+01
  0.72356000E+01  0.74483834E+00  0.74483834E+00  0.74483834E+00  0.10000000E+01  0.10000000E+01  0.10000000E+01
  0.72616000E+01  0.74510792E+00  0.74510792E+00  0.74510792E+00  0.10000000E+01  0.10000000E+01  0.10000000E+01
  0.72877000E+01  0.74528380E+00  0.74528380E+00  0.74528380E+00  0.10000000E+01  0.10000000E+01  0.10000000E+01
  0.73137000E+01  0.74542995E+00  0.74542995E+00  0.74542995E+00  0.10000000E+01  0.10000000E+01  0.10000000E+01
  0.73397000E+01  0.74557350E+00  0.74557350E+00  0.74557350E+00  0.10000000E+01  0.10000000E+01  0.10000000E+01
  0.73657000E+01  0.74575566E+00  0.74575566E+00  0.74575566E+00  0.10000000E+01  0.10000000E+01  0.10000000E+01
  0.73918000E+01  0.74598334E+00  0.74598334E+00  0.74598334E+00  0.10000000E+01  0.10000000E+01  0.10000000E+01
  0.74178000E+01  0.74627316E+00  0.74627316E+00  0.74627316E+00  0.10000000E+01  0.10000000E+01  0.10000000E+01
  0.74438000E+01  0.74663932E+00  0.74663932E+00  0.74663932E+00  0.10000000E+01  0.10000000E+01  0.10000000E+01
  0.74698000E+01  0.74709156E+00  0.74709156E+00  0.74709156E+00  0.10000000E+01  0.10000000E+01  0.10000000E+01
  0.74959000E+01  0.74759571E+00  0.74759571E+00  0.74759571E+00  0.10000000E+01  0.10000000E+01  0.10000000E+01
  0.75219000E+01  0.74814374E+00  0.74814374E+00  0.74814374E+00  0.10000000E+01  0.10000000E+01  0.10000000E+01
  0.75479000E+01  0.74872562E+00  0.74872562E+00  0.74872562E+00  0.10000000E+01  0.10000000E+01  0.10000000E+01
  0.75740000E+01  0.74931804E+00  0.74931804E+00  0.74931804E+00  0.10000000E+01  0.10000000E+01  0.10000000E+01
  0.76000000E+01  0.74990474E+00  0.74990474E+00  0.74990474E+00  0.10000000E+01  0.10000000E+01  0.10000000E+01
  0.76260000E+01  0.75052788E+00  0.75052788E+00  0.75052788E+00  0.10000000E+01  0.10000000E+01  0.10000000E+01
  0.76520000E+01  0.75119716E+00  0.75119716E+00  0.75119716E+00  0.10000000E+01  0.10000000E+01  0.10000000E+01
  0.76781000E+01  0.75189628E+00  0.75189628E+00  0.75189628E+00  0.10000000E+01  0.10000000E+01  0.10000000E+01
  0.77041000E+01  0.75263089E+00  0.75263089E+00  0.75263089E+00  0.10000000E+01  0.10000000E+01  0.10000000E+01
  0.77301000E+01  0.75332452E+00  0.75332452E+00  0.75332452E+00  0.10000000E+01  0.10000000E+01  0.10000000E+01
  0.77561000E+01  0.75396424E+00  0.75396424E+00  0.75396424E+00  0.10000000E+01  0.10000000E+01  0.10000000E+01
  0.77822000E+01  0.75457119E+00  0.75457119E+00  0.75457119E+00  0.10000000E+01  0.10000000E+01  0.10000000E+01
  0.78082000E+01  0.75518880E+00  0.75518880E+00  0.75518880E+00  0.10000000E+01  0.10000000E+01  0.10000000E+01
