  #energy          xx             yy              zz              xy              yz              zx
  0.00000000E+00  0.35578926E+01  0.35578926E+01  0.35578926E+01  0.00000000E+00  0.00000000E+00  0.00000000E+00
  0.26000000E-01  0.35579629E+01  0.35579629E+01  0.35579629E+01  0.00000000E+00  0.00000000E+00  0.00000000E+00
  0.52100000E-01  0.35581879E+01  0.35581879E+01  0.35581879E+01  0.00000000E+00  0.00000000E+00  0.00000000E+00
  0.78100000E-01  0.35585675E+01  0.35585675E+01  0.35585675E+01  0.00000000E+00  0.00000000E+00  0.00000000E+00
  0.10410000E+00  0.35590736E+01  0.35590736E+01  0.35590736E+01  0.00000000E+00  0.00000000E+00  0.00000000E+00
  0.13010000E+00  0.35597483E+01  0.35597483E+01  0.35597483E+01  0.00000000E+00  0.00000000E+00  0.00000000E+00
  0.15620000E+00  0.35605634E+01  0.35605634E+01  0.35605634E+01  0.00000000E+00  0.00000000E+00  0.00000000E+00
  0.18220000E+00  0.35615328E+01  0.35615328E+01  0.35615328E+01  0.00000000E+00  0.00000000E+00  0.00000000E+00
  0.20820000E+00  0.35626424E+01  0.35626424E+01  0.35626424E+01  0.00000000E+00  0.00000000E+00  0.00000000E+00
  0.23420000E+00  0.35639061E+01  0.35639061E+01  0.35639061E+01  0.00000000E+00  0.00000000E+00  0.00000000E+00
  0.26030000E+00  0.35653237E+01  0.35653237E+01  0.35653237E+01  0.00000000E+00  0.00000000E+00  0.00000000E+00
  0.28630000E+00  0.35668950E+01  0.35668950E+01  0.35668950E+01  0.00000000E+00  0.00000000E+00  0.00000000E+00
  0.31230000E+00  0.35686199E+01  0.35686199E+01  0.35686199E+01  0.00000000E+00  0.00000000E+00  0.00000000E+00
  0.33840000E+00  0.35704981E+01  0.35704981E+01  0.35704981E+01  0.00000000E+00  0.00000000E+00  0.00000000E+00
  0.36440000E+00  0.35725293E+01  0.35725293E+01  0.35725293E+01  0.00000000E+00  0.00000000E+00  0.00000000E+00
  0.39040000E+00  0.35747134E+01  0.35747134E+01  0.35747134E+01  0.00000000E+00  0.00000000E+00  0.00000000E+00
  0.41640000E+00  0.35770500E+01  0.35770500E+01  0.35770500E+01  0.00000000E+00  0.00000000E+00  0.00000000E+00
  0.44250000E+00  0.35795529E+01  0.35795529E+01  0.35795529E+01  0.00000000E+00  0.00000000E+00  0.00000000E+00
  0.46850000E+00  0.35822076E+01  0.35822076E+01  0.35822076E+01  0.00000000E+00  0.00000000E+00  0.00000000E+00
  0.49450000E+00  0.35850279E+01  0.35850279E+01  0.35850279E+01  0.00000000E+00  0.00000000E+00  0.00000000E+00
  0.52050000E+00  0.35880133E+01  0.35880133E+01  0.35880133E+01  0.00000000E+00  0.00000000E+00  0.00000000E+00
  0.54660000E+00  0.35911495E+01  0.35911495E+01  0.35911495E+01  0.00000000E+00  0.00000000E+00  0.00000000E+00
  0.57260000E+00  0.35944639E+01  0.35944639E+01  0.35944639E+01  0.00000000E+00  0.00000000E+00  0.00000000E+00
  0.59860000E+00  0.35979422E+01  0.35979422E+01  0.35979422E+01  0.00000000E+00  0.00000000E+00  0.00000000E+00
  0.62470000E+00  0.36015839E+01  0.36015839E+01  0.36015839E+01  0.00000000E+00  0.00000000E+00  0.00000000E+00
  0.65070000E+00  0.36054023E+01  0.36054023E+01  0.36054023E+01  0.00000000E+00  0.00000000E+00  0.00000000E+00
  0.67670000E+00  0.36093832E+01  0.36093832E+01  0.36093832E+01  0.00000000E+00  0.00000000E+00  0.00000000E+00
  0.70270000E+00  0.36135534E+01  0.36135534E+01  0.36135534E+01  0.00000000E+00  0.00000000E+00  0.00000000E+00
  0.72880000E+00  0.36178987E+01  0.36178987E+01  0.36178987E+01  0.00000000E+00  0.00000000E+00  0.00000000E+00
  0.75480000E+00  0.36224185E+01  0.36224185E+01  0.36224185E+01  0.00000000E+00  0.00000000E+00  0.00000000E+00
  0.78080000E+00  0.36271258E+01  0.36271258E+01  0.36271258E+01  0.00000000E+00  0.00000000E+00  0.00000000E+00
  0.80680000E+00  0.36320062E+01  0.36320062E+01  0.36320062E+01  0.00000000E+00  0.00000000E+00  0.00000000E+00
  0.83290000E+00  0.36370864E+01  0.36370864E+01  0.36370864E+01  0.00000000E+00  0.00000000E+00  0.00000000E+00
  0.85890000E+00  0.36423519E+01  0.36423519E+01  0.36423519E+01  0.00000000E+00  0.00000000E+00  0.00000000E+00
  0.88490000E+00  0.36478156E+01  0.36478156E+01  0.36478156E+01  0.00000000E+00  0.00000000E+00  0.00000000E+00
  0.91100000E+00  0.36534768E+01  0.36534768E+01  0.36534768E+01  0.00000000E+00  0.00000000E+00  0.00000000E+00
  0.93700000E+00  0.36593344E+01  0.36593344E+01  0.36593344E+01  0.00000000E+00  0.00000000E+00  0.00000000E+00
  0.96300000E+00  0.36654011E+01  0.36654011E+01  0.36654011E+01  0.00000000E+00  0.00000000E+00  0.00000000E+00
  0.98900000E+00  0.36716759E+01  0.36716759E+01  0.36716759E+01  0.00000000E+00  0.00000000E+00  0.00000000E+00
  0.10151000E+01  0.36781579E+01  0.36781579E+01  0.36781579E+01  0.00000000E+00  0.00000000E+00  0.00000000E+00
  0.10411000E+01  0.36848595E+01  0.36848595E+01  0.36848595E+01  0.00000000E+00  0.00000000E+00  0.00000000E+00
  0.10671000E+01  0.36917794E+01  0.36917794E+01  0.36917794E+01  0.00000000E+00  0.00000000E+00  0.00000000E+00
  0.10931000E+01  0.36989301E+01  0.36989301E+01  0.36989301E+01  0.00000000E+00  0.00000000E+00  0.00000000E+00
  0.11192000E+01  0.37063102E+01  0.37063102E+01  0.37063102E+01  0.00000000E+00  0.00000000E+00  0.00000000E+00
  0.11452000E+01  0.37139182E+01  0.37139182E+01  0.37139182E+01  0.00000000E+00  0.00000000E+00  0.00000000E+00
  0.11712000E+01  0.37217665E+01  0.37217665E+01  0.37217665E+01  0.00000000E+00  0.00000000E+00  0.00000000E+00
  0.11973000E+01  0.37298667E+01  0.37298667E+01  0.37298667E+01  0.00000000E+00  0.00000000E+00  0.00000000E+00
  0.12233000E+01  0.37382174E+01  0.37382174E+01  0.37382174E+01  0.00000000E+00  0.00000000E+00  0.00000000E+00
  0.12493000E+01  0.37468302E+01  0.37468302E+01  0.37468302E+01  0.00000000E+00  0.00000000E+00  0.00000000E+00
  0.12753000E+01  0.37557033E+01  0.37557033E+01  0.37557033E+01  0.00000000E+00  0.00000000E+00  0.00000000E+00
  0.13014000E+01  0.37648482E+01  0.37648482E+01  0.37648482E+01  0.00000000E+00  0.00000000E+00  0.00000000E+00
  0.13274000E+01  0.37742762E+01  0.37742762E+01  0.37742762E+01  0.00000000E+00  0.00000000E+00  0.00000000E+00
  0.13534000E+01  0.37839855E+01  0.37839855E+01  0.37839855E+01  0.00000000E+00  0.00000000E+00  0.00000000E+00
  0.13794000E+01  0.37939867E+01  0.37939867E+01  0.37939867E+01  0.00000000E+00  0.00000000E+00  0.00000000E+00
  0.14055000E+01  0.38042909E+01  0.38042909E+01  0.38042909E+01  0.00000000E+00  0.00000000E+00  0.00000000E+00
  0.14315000E+01  0.38149088E+01  0.38149088E+01  0.38149088E+01  0.00000000E+00  0.00000000E+00  0.00000000E+00
  0.14575000E+01  0.38258509E+01  0.38258509E+01  0.38258509E+01  0.00000000E+00  0.00000000E+00  0.00000000E+00
  0.14836000E+01  0.38371147E+01  0.38371147E+01  0.38371147E+01  0.00000000E+00  0.00000000E+00  0.00000000E+00
  0.15096000E+01  0.38487230E+01  0.38487230E+01  0.38487230E+01  0.00000000E+00  0.00000000E+00  0.00000000E+00
  0.15356000E+01  0.38606861E+01  0.38606861E+01  0.38606861E+01  0.00000000E+00  0.00000000E+00  0.00000000E+00
  0.15616000E+01  0.38730005E+01  0.38730005E+01  0.38730005E+01  0.00000000E+00  0.00000000E+00  0.00000000E+00
  0.15877000E+01  0.38857016E+01  0.38857016E+01  0.38857016E+01  0.00000000E+00  0.00000000E+00  0.00000000E+00
  0.16137000E+01  0.38987861E+01  0.38987861E+01  0.38987861E+01  0.00000000E+00  0.00000000E+00  0.00000000E+00
  0.16397000E+01  0.39122625E+01  0.39122625E+01  0.39122625E+01  0.00000000E+00  0.00000000E+00  0.00000000E+00
  0.16657000E+01  0.39261654E+01  0.39261654E+01  0.39261654E+01  0.00000000E+00  0.00000000E+00  0.00000000E+00
  0.16918000E+01  0.39405030E+01  0.39405030E+01  0.39405030E+01  0.00000000E+00  0.00000000E+00  0.00000000E+00
  0.17178000E+01  0.39552834E+01  0.39552834E+01  0.39552834E+01  0.00000000E+00  0.00000000E+00  0.00000000E+00
  0.17438000E+01  0.39705271E+01  0.39705271E+01  0.39705271E+01  0.00000000E+00  0.00000000E+00  0.00000000E+00
  0.17699000E+01  0.39862538E+01  0.39862538E+01  0.39862538E+01  0.00000000E+00  0.00000000E+00  0.00000000E+00
  0.17959000E+01  0.40024955E+01  0.40024955E+01  0.40024955E+01  0.00000000E+00  0.00000000E+00  0.00000000E+00
  0.18219000E+01  0.40192465E+01  0.40192465E+01  0.40192465E+01  0.00000000E+00  0.00000000E+00  0.00000000E+00
  0.18479000E+01  0.40365624E+01  0.40365624E+01  0.40365624E+01  0.00000000E+00  0.00000000E+00  0.00000000E+00
  0.18740000E+01  0.40544362E+01  0.40544362E+01  0.40544362E+01  0.00000000E+00  0.00000000E+00  0.00000000E+00
  0.19000000E+01  0.40729223E+01  0.40729223E+01  0.40729223E+01  0.00000000E+00  0.00000000E+00  0.00000000E+00
  0.19260000E+01  0.40920250E+01  0.40920250E+01  0.40920250E+01  0.00000000E+00  0.00000000E+00  0.00000000E+00
  0.19521000E+01  0.41117971E+01  0.41117971E+01  0.41117971E+01  0.00000000E+00  0.00000000E+00  0.00000000E+00
  0.19781000E+01  0.41322533E+01  0.41322533E+01  0.41322533E+01  0.00000000E+00  0.00000000E+00  0.00000000E+00
  0.20041000E+01  0.41534323E+01  0.41534323E+01  0.41534323E+01  0.00000000E+00  0.00000000E+00  0.00000000E+00
  0.20301000E+01  0.41753837E+01  0.41753837E+01  0.41753837E+01  0.00000000E+00  0.00000000E+00  0.00000000E+00
  0.20562000E+01  0.41981555E+01  0.41981555E+01  0.41981555E+01  0.00000000E+00  0.00000000E+00  0.00000000E+00
  0.20822000E+01  0.42217709E+01  0.42217709E+01  0.42217709E+01  0.00000000E+00  0.00000000E+00  0.00000000E+00
  0.21082000E+01  0.42462872E+01  0.42462872E+01  0.42462872E+01  0.00000000E+00  0.00000000E+00  0.00000000E+00
  0.21342000E+01  0.42717723E+01  0.42717723E+01  0.42717723E+01  0.00000000E+00  0.00000000E+00  0.00000000E+00
  0.21603000E+01  0.42982915E+01  0.42982915E+01  0.42982915E+01  0.00000000E+00  0.00000000E+00  0.00000000E+00
  0.21863000E+01  0.43258852E+01  0.43258852E+01  0.43258852E+01  0.00000000E+00  0.00000000E+00  0.00000000E+00
  0.22123000E+01  0.43546493E+01  0.43546493E+01  0.43546493E+01  0.00000000E+00  0.00000000E+00  0.00000000E+00
  0.22384000E+01  0.43846664E+01  0.43846664E+01  0.43846664E+01  0.00000000E+00  0.00000000E+00  0.00000000E+00
  0.22644000E+01  0.44160264E+01  0.44160264E+01  0.44160264E+01  0.00000000E+00  0.00000000E+00  0.00000000E+00
  0.22904000E+01  0.44488280E+01  0.44488280E+01  0.44488280E+01  0.00000000E+00  0.00000000E+00  0.00000000E+00
  0.23164000E+01  0.44832002E+01  0.44832002E+01  0.44832002E+01  0.00000000E+00  0.00000000E+00  0.00000000E+00
  0.23425000E+01  0.45192672E+01  0.45192672E+01  0.45192672E+01  0.00000000E+00  0.00000000E+00  0.00000000E+00
  0.23685000E+01  0.45571712E+01  0.45571712E+01  0.45571712E+01  0.00000000E+00  0.00000000E+00  0.00000000E+00
  0.23945000E+01  0.45970926E+01  0.45970926E+01  0.45970926E+01  0.00000000E+00  0.00000000E+00  0.00000000E+00
  0.24205000E+01  0.46392285E+01  0.46392285E+01  0.46392285E+01  0.00000000E+00  0.00000000E+00  0.00000000E+00
  0.24466000E+01  0.46837801E+01  0.46837801E+01  0.46837801E+01  0.00000000E+00  0.00000000E+00  0.00000000E+00
  0.24726000E+01  0.47310059E+01  0.47310059E+01  0.47310059E+01  0.00000000E+00  0.00000000E+00  0.00000000E+00
  0.24986000E+01  0.47811701E+01  0.47811701E+01  0.47811701E+01  0.00000000E+00  0.00000000E+00  0.00000000E+00
  0.25247000E+01  0.48345636E+01  0.48345636E+01  0.48345636E+01  0.00000000E+00  0.00000000E+00  0.00000000E+00
  0.25507000E+01  0.48914574E+01  0.48914574E+01  0.48914574E+01  0.00000000E+00  0.00000000E+00  0.00000000E+00
  0.25767000E+01  0.49520833E+01  0.49520833E+01  0.49520833E+01  0.00000000E+00  0.00000000E+00  0.00000000E+00
  0.26027000E+01  0.50164500E+01  0.50164500E+01  0.50164500E+01  0.00000000E+00  0.00000000E+00  0.00000000E+00
  0.26288000E+01  0.50841400E+01  0.50841400E+01  0.50841400E+01  0.00000000E+00  0.00000000E+00  0.00000000E+00
  0.26548000E+01  0.51539291E+01  0.51539291E+01  0.51539291E+01  0.00000000E+00  0.00000000E+00  0.00000000E+00
  0.26808000E+01  0.52235595E+01  0.52235595E+01  0.52235595E+01  0.00000000E+00  0.00000000E+00  0.00000000E+00
  0.27068000E+01  0.52903257E+01  0.52903257E+01  0.52903257E+01  0.00000000E+00  0.00000000E+00  0.00000000E+00
  0.27329000E+01  0.53523275E+01  0.53523275E+01  0.53523275E+01  0.00000000E+00  0.00000000E+00  0.00000000E+00
  0.27589000E+01  0.54088181E+01  0.54088181E+01  0.54088181E+01  0.00000000E+00  0.00000000E+00  0.00000000E+00
  0.27849000E+01  0.54590541E+01  0.54590541E+01  0.54590541E+01  0.00000000E+00  0.00000000E+00  0.00000000E+00
  0.28110000E+01  0.55013956E+01  0.55013956E+01  0.55013956E+01  0.00000000E+00  0.00000000E+00  0.00000000E+00
  0.28370000E+01  0.55335574E+01  0.55335574E+01  0.55335574E+01  0.00000000E+00  0.00000000E+00  0.00000000E+00
  0.28630000E+01  0.55539340E+01  0.55539340E+01  0.55539340E+01  0.00000000E+00  0.00000000E+00  0.00000000E+00
  0.28890000E+01  0.55628632E+01  0.55628632E+01  0.55628632E+01  0.00000000E+00  0.00000000E+00  0.00000000E+00
  0.29151000E+01  0.55625747E+01  0.55625747E+01  0.55625747E+01  0.00000000E+00  0.00000000E+00  0.00000000E+00
  0.29411000E+01  0.55559593E+01  0.55559593E+01  0.55559593E+01  0.00000000E+00  0.00000000E+00  0.00000000E+00
  0.29671000E+01  0.55455516E+01  0.55455516E+01  0.55455516E+01  0.00000000E+00  0.00000000E+00  0.00000000E+00
  0.29931000E+01  0.55330655E+01  0.55330655E+01  0.55330655E+01  0.00000000E+00  0.00000000E+00  0.00000000E+00
  0.30192000E+01  0.55194793E+01  0.55194793E+01  0.55194793E+01  0.00000000E+00  0.00000000E+00  0.00000000E+00
  0.30452000E+01  0.55052649E+01  0.55052649E+01  0.55052649E+01  0.00000000E+00  0.00000000E+00  0.00000000E+00
  0.30712000E+01  0.54906923E+01  0.54906923E+01  0.54906923E+01  0.00000000E+00  0.00000000E+00  0.00000000E+00
  0.30973000E+01  0.54760680E+01  0.54760680E+01  0.54760680E+01  0.00000000E+00  0.00000000E+00  0.00000000E+00
  0.31233000E+01  0.54617686E+01  0.54617686E+01  0.54617686E+01  0.00000000E+00  0.00000000E+00  0.00000000E+00
  0.31493000E+01  0.54481584E+01  0.54481584E+01  0.54481584E+01  0.00000000E+00  0.00000000E+00  0.00000000E+00
  0.31753000E+01  0.54351624E+01  0.54351624E+01  0.54351624E+01  0.00000000E+00  0.00000000E+00  0.00000000E+00
  0.32014000E+01  0.54223455E+01  0.54223455E+01  0.54223455E+01  0.00000000E+00  0.00000000E+00  0.00000000E+00
  0.32274000E+01  0.54092627E+01  0.54092627E+01  0.54092627E+01  0.00000000E+00  0.00000000E+00  0.00000000E+00
  0.32534000E+01  0.53959343E+01  0.53959343E+01  0.53959343E+01  0.00000000E+00  0.00000000E+00  0.00000000E+00
  0.32794000E+01  0.53830108E+01  0.53830108E+01  0.53830108E+01  0.00000000E+00  0.00000000E+00  0.00000000E+00
  0.33055000E+01  0.53715434E+01  0.53715434E+01  0.53715434E+01  0.00000000E+00  0.00000000E+00  0.00000000E+00
  0.33315000E+01  0.53625079E+01  0.53625079E+01  0.53625079E+01  0.00000000E+00  0.00000000E+00  0.00000000E+00
  0.33575000E+01  0.53564781E+01  0.53564781E+01  0.53564781E+01  0.00000000E+00  0.00000000E+00  0.00000000E+00
  0.33836000E+01  0.53537841E+01  0.53537841E+01  0.53537841E+01  0.00000000E+00  0.00000000E+00  0.00000000E+00
  0.34096000E+01  0.53544788E+01  0.53544788E+01  0.53544788E+01  0.00000000E+00  0.00000000E+00  0.00000000E+00
  0.34356000E+01  0.53583078E+01  0.53583078E+01  0.53583078E+01  0.00000000E+00  0.00000000E+00  0.00000000E+00
  0.34616000E+01  0.53646253E+01  0.53646253E+01  0.53646253E+01  0.00000000E+00  0.00000000E+00  0.00000000E+00
  0.34877000E+01  0.53725428E+01  0.53725428E+01  0.53725428E+01  0.00000000E+00  0.00000000E+00  0.00000000E+00
  0.35137000E+01  0.53813963E+01  0.53813963E+01  0.53813963E+01  0.00000000E+00  0.00000000E+00  0.00000000E+00
  0.35397000E+01  0.53911112E+01  0.53911112E+01  0.53911112E+01  0.00000000E+00  0.00000000E+00  0.00000000E+00
  0.35657000E+01  0.54019826E+01  0.54019826E+01  0.54019826E+01  0.00000000E+00  0.00000000E+00  0.00000000E+00
  0.35918000E+01  0.54138497E+01  0.54138497E+01  0.54138497E+01  0.00000000E+00  0.00000000E+00  0.00000000E+00
  0.36178000E+01  0.54253264E+01  0.54253264E+01  0.54253264E+01  0.00000000E+00  0.00000000E+00  0.00000000E+00
  0.36438000E+01  0.54336477E+01  0.54336477E+01  0.54336477E+01  0.00000000E+00  0.00000000E+00  0.00000000E+00
  0.36699000E+01  0.54353639E+01  0.54353639E+01  0.54353639E+01  0.00000000E+00  0.00000000E+00  0.00000000E+00
  0.36959000E+01  0.54274161E+01  0.54274161E+01  0.54274161E+01  0.00000000E+00  0.00000000E+00  0.00000000E+00
  0.37219000E+01  0.54073750E+01  0.54073750E+01  0.54073750E+01  0.00000000E+00  0.00000000E+00  0.00000000E+00
  0.37479000E+01  0.53724972E+01  0.53724972E+01  0.53724972E+01  0.00000000E+00  0.00000000E+00  0.00000000E+00
  0.37740000E+01  0.53194153E+01  0.53194153E+01  0.53194153E+01  0.00000000E+00  0.00000000E+00  0.00000000E+00
  0.38000000E+01  0.52451255E+01  0.52451255E+01  0.52451255E+01  0.00000000E+00  0.00000000E+00  0.00000000E+00
  0.38260000E+01  0.51482799E+01  0.51482799E+01  0.51482799E+01  0.00000000E+00  0.00000000E+00  0.00000000E+00
  0.38520000E+01  0.50293687E+01  0.50293687E+01  0.50293687E+01  0.00000000E+00  0.00000000E+00  0.00000000E+00
  0.38781000E+01  0.48900524E+01  0.48900524E+01  0.48900524E+01  0.00000000E+00  0.00000000E+00  0.00000000E+00
  0.39041000E+01  0.47327606E+01  0.47327606E+01  0.47327606E+01  0.00000000E+00  0.00000000E+00  0.00000000E+00
  0.39301000E+01  0.45608776E+01  0.45608776E+01  0.45608776E+01  0.00000000E+00  0.00000000E+00  0.00000000E+00
  0.39562000E+01  0.43787736E+01  0.43787736E+01  0.43787736E+01  0.00000000E+00  0.00000000E+00  0.00000000E+00
  0.39822000E+01  0.41914112E+01  0.41914112E+01  0.41914112E+01  0.00000000E+00  0.00000000E+00  0.00000000E+00
  0.40082000E+01  0.40038264E+01  0.40038264E+01  0.40038264E+01  0.00000000E+00  0.00000000E+00  0.00000000E+00
  0.40342000E+01  0.38207711E+01  0.38207711E+01  0.38207711E+01  0.00000000E+00  0.00000000E+00  0.00000000E+00
  0.40603000E+01  0.36469914E+01  0.36469914E+01  0.36469914E+01  0.00000000E+00  0.00000000E+00  0.00000000E+00
  0.40863000E+01  0.34875440E+01  0.34875440E+01  0.34875440E+01  0.00000000E+00  0.00000000E+00  0.00000000E+00
  0.41123000E+01  0.33472376E+01  0.33472376E+01  0.33472376E+01  0.00000000E+00  0.00000000E+00  0.00000000E+00
  0.41383000E+01  0.32288304E+01  0.32288304E+01  0.32288304E+01  0.00000000E+00  0.00000000E+00  0.00000000E+00
  0.41644000E+01  0.31317584E+01  0.31317584E+01  0.31317584E+01  0.00000000E+00  0.00000000E+00  0.00000000E+00
  0.41904000E+01  0.30530021E+01  0.30530021E+01  0.30530021E+01  0.00000000E+00  0.00000000E+00  0.00000000E+00
  0.42164000E+01  0.29888455E+01  0.29888455E+01  0.29888455E+01  0.00000000E+00  0.00000000E+00  0.00000000E+00
  0.42425000E+01  0.29360567E+01  0.29360567E+01  0.29360567E+01  0.00000000E+00  0.00000000E+00  0.00000000E+00
  0.42685000E+01  0.28920807E+01  0.28920807E+01  0.28920807E+01  0.00000000E+00  0.00000000E+00  0.00000000E+00
  0.42945000E+01  0.28550396E+01  0.28550396E+01  0.28550396E+01  0.00000000E+00  0.00000000E+00  0.00000000E+00
  0.43205000E+01  0.28239595E+01  0.28239595E+01  0.28239595E+01  0.00000000E+00  0.00000000E+00  0.00000000E+00
  0.43466000E+01  0.27987065E+01  0.27987065E+01  0.27987065E+01  0.00000000E+00  0.00000000E+00  0.00000000E+00
  0.43726000E+01  0.27795846E+01  0.27795846E+01  0.27795846E+01  0.00000000E+00  0.00000000E+00  0.00000000E+00
  0.43986000E+01  0.27669680E+01  0.27669680E+01  0.27669680E+01  0.00000000E+00  0.00000000E+00  0.00000000E+00
  0.44246000E+01  0.27615412E+01  0.27615412E+01  0.27615412E+01  0.00000000E+00  0.00000000E+00  0.00000000E+00
  0.44507000E+01  0.27642743E+01  0.27642743E+01  0.27642743E+01  0.00000000E+00  0.00000000E+00  0.00000000E+00
  0.44767000E+01  0.27755769E+01  0.27755769E+01  0.27755769E+01  0.00000000E+00  0.00000000E+00  0.00000000E+00
  0.45027000E+01  0.27929701E+01  0.27929701E+01  0.27929701E+01  0.00000000E+00  0.00000000E+00  0.00000000E+00
  0.45288000E+01  0.28072107E+01  0.28072107E+01  0.28072107E+01  0.00000000E+00  0.00000000E+00  0.00000000E+00
  0.45548000E+01  0.28000195E+01  0.28000195E+01  0.28000195E+01  0.00000000E+00  0.00000000E+00  0.00000000E+00
  0.45808000E+01  0.27529931E+01  0.27529931E+01  0.27529931E+01  0.00000000E+00  0.00000000E+00  0.00000000E+00
  0.46068000E+01  0.26679906E+01  0.26679906E+01  0.26679906E+01  0.00000000E+00  0.00000000E+00  0.00000000E+00
  0.46329000E+01  0.25684756E+01  0.25684756E+01  0.25684756E+01  0.00000000E+00  0.00000000E+00  0.00000000E+00
  0.46589000E+01  0.24754181E+01  0.24754181E+01  0.24754181E+01  0.00000000E+00  0.00000000E+00  0.00000000E+00
  0.46849000E+01  0.23956978E+01  0.23956978E+01  0.23956978E+01  0.00000000E+00  0.00000000E+00  0.00000000E+00
  0.47109000E+01  0.23279192E+01  0.23279192E+01  0.23279192E+01  0.00000000E+00  0.00000000E+00  0.00000000E+00
  0.47370000E+01  0.22688529E+01  0.22688529E+01  0.22688529E+01  0.00000000E+00  0.00000000E+00  0.00000000E+00
  0.47630000E+01  0.22158290E+01  0.22158290E+01  0.22158290E+01  0.00000000E+00  0.00000000E+00  0.00000000E+00
  0.47890000E+01  0.21672329E+01  0.21672329E+01  0.21672329E+01  0.00000000E+00  0.00000000E+00  0.00000000E+00
  0.48151000E+01  0.21221180E+01  0.21221180E+01  0.21221180E+01  0.00000000E+00  0.00000000E+00  0.00000000E+00
  0.48411000E+01  0.20799851E+01  0.20799851E+01  0.20799851E+01  0.00000000E+00  0.00000000E+00  0.00000000E+00
  0.48671000E+01  0.20405331E+01  0.20405331E+01  0.20405331E+01  0.00000000E+00  0.00000000E+00  0.00000000E+00
  0.48931000E+01  0.20034154E+01  0.20034154E+01  0.20034154E+01  0.00000000E+00  0.00000000E+00  0.00000000E+00
  0.49192000E+01  0.19679754E+01  0.19679754E+01  0.19679754E+01  0.00000000E+00  0.00000000E+00  0.00000000E+00
  0.49452000E+01  0.19333359E+01  0.19333359E+01  0.19333359E+01  0.00000000E+00  0.00000000E+00  0.00000000E+00
  0.49712000E+01  0.18992741E+01  0.18992741E+01  0.18992741E+01  0.00000000E+00  0.00000000E+00  0.00000000E+00
  0.49972000E+01  0.18663254E+01  0.18663254E+01  0.18663254E+01  0.00000000E+00  0.00000000E+00  0.00000000E+00
  0.50233000E+01  0.18349988E+01  0.18349988E+01  0.18349988E+01  0.00000000E+00  0.00000000E+00  0.00000000E+00
  0.50493000E+01  0.18052173E+01  0.18052173E+01  0.18052173E+01  0.00000000E+00  0.00000000E+00  0.00000000E+00
  0.50753000E+01  0.17766646E+01  0.17766646E+01  0.17766646E+01  0.00000000E+00  0.00000000E+00  0.00000000E+00
  0.51014000E+01  0.17490946E+01  0.17490946E+01  0.17490946E+01  0.00000000E+00  0.00000000E+00  0.00000000E+00
  0.51274000E+01  0.17223522E+01  0.17223522E+01  0.17223522E+01  0.00000000E+00  0.00000000E+00  0.00000000E+00
  0.51534000E+01  0.16963466E+01  0.16963466E+01  0.16963466E+01  0.00000000E+00  0.00000000E+00  0.00000000E+00
  0.51794000E+01  0.16708364E+01  0.16708364E+01  0.16708364E+01  0.00000000E+00  0.00000000E+00  0.00000000E+00
  0.52055000E+01  0.16454077E+01  0.16454077E+01  0.16454077E+01  0.00000000E+00  0.00000000E+00  0.00000000E+00
  0.52315000E+01  0.16194313E+01  0.16194313E+01  0.16194313E+01  0.00000000E+00  0.00000000E+00  0.00000000E+00
  0.52575000E+01  0.15921663E+01  0.15921663E+01  0.15921663E+01  0.00000000E+00  0.00000000E+00  0.00000000E+00
  0.52836000E+01  0.15631280E+01  0.15631280E+01  0.15631280E+01  0.00000000E+00  0.00000000E+00  0.00000000E+00
  0.53096000E+01  0.15326197E+01  0.15326197E+01  0.15326197E+01  0.00000000E+00  0.00000000E+00  0.00000000E+00
  0.53356000E+01  0.15016175E+01  0.15016175E+01  0.15016175E+01  0.00000000E+00  0.00000000E+00  0.00000000E+00
  0.53616000E+01  0.14711707E+01  0.14711707E+01  0.14711707E+01  0.00000000E+00  0.00000000E+00  0.00000000E+00
  0.53877000E+01  0.14420176E+01  0.14420176E+01  0.14420176E+01  0.00000000E+00  0.00000000E+00  0.00000000E+00
  0.54137000E+01  0.14143701E+01  0.14143701E+01  0.14143701E+01  0.00000000E+00  0.00000000E+00  0.00000000E+00
  0.54397000E+01  0.13880599E+01  0.13880599E+01  0.13880599E+01  0.00000000E+00  0.00000000E+00  0.00000000E+00
  0.54657000E+01  0.13627867E+01  0.13627867E+01  0.13627867E+01  0.00000000E+00  0.00000000E+00  0.00000000E+00
  0.54918000E+01  0.13383030E+01  0.13383030E+01  0.13383030E+01  0.00000000E+00  0.00000000E+00  0.00000000E+00
  0.55178000E+01  0.13145426E+01  0.13145426E+01  0.13145426E+01  0.00000000E+00  0.00000000E+00  0.00000000E+00
  0.55438000E+01  0.12916311E+01  0.12916311E+01  0.12916311E+01  0.00000000E+00  0.00000000E+00  0.00000000E+00
  0.55699000E+01  0.12696826E+01  0.12696826E+01  0.12696826E+01  0.00000000E+00  0.00000000E+00  0.00000000E+00
  0.55959000E+01  0.12487036E+01  0.12487036E+01  0.12487036E+01  0.00000000E+00  0.00000000E+00  0.00000000E+00
  0.56219000E+01  0.12284500E+01  0.12284500E+01  0.12284500E+01  0.00000000E+00  0.00000000E+00  0.00000000E+00
  0.56479000E+01  0.12086281E+01  0.12086281E+01  0.12086281E+01  0.00000000E+00  0.00000000E+00  0.00000000E+00
  0.56740000E+01  0.11889979E+01  0.11889979E+01  0.11889979E+01  0.00000000E+00  0.00000000E+00  0.00000000E+00
  0.57000000E+01  0.11694093E+01  0.11694093E+01  0.11694093E+01  0.00000000E+00  0.00000000E+00  0.00000000E+00
  0.57260000E+01  0.11498203E+01  0.11498203E+01  0.11498203E+01  0.00000000E+00  0.00000000E+00  0.00000000E+00
  0.57520000E+01  0.11302714E+01  0.11302714E+01  0.11302714E+01  0.00000000E+00  0.00000000E+00  0.00000000E+00
  0.57781000E+01  0.11108663E+01  0.11108663E+01  0.11108663E+01  0.00000000E+00  0.00000000E+00  0.00000000E+00
  0.58041000E+01  0.10916908E+01  0.10916908E+01  0.10916908E+01  0.00000000E+00  0.00000000E+00  0.00000000E+00
  0.58301000E+01  0.10728843E+01  0.10728843E+01  0.10728843E+01  0.00000000E+00  0.00000000E+00  0.00000000E+00
  0.58562000E+01  0.10545141E+01  0.10545141E+01  0.10545141E+01  0.00000000E+00  0.00000000E+00  0.00000000E+00
  0.58822000E+01  0.10366410E+01  0.10366410E+01  0.10366410E+01  0.00000000E+00  0.00000000E+00  0.00000000E+00
  0.59082000E+01  0.10192275E+01  0.10192275E+01  0.10192275E+01  0.00000000E+00  0.00000000E+00  0.00000000E+00
  0.59342000E+01  0.10022167E+01  0.10022167E+01  0.10022167E+01  0.00000000E+00  0.00000000E+00  0.00000000E+00
  0.59603000E+01  0.98551593E+00  0.98551593E+00  0.98551593E+00  0.00000000E+00  0.00000000E+00  0.00000000E+00
  0.59863000E+01  0.96901424E+00  0.96901424E+00  0.96901424E+00  0.00000000E+00  0.00000000E+00  0.00000000E+00
  0.60123000E+01  0.95264380E+00  0.95264380E+00  0.95264380E+00  0.00000000E+00  0.00000000E+00  0.00000000E+00
  0.60383000E+01  0.93649675E+00  0.93649675E+00  0.93649675E+00  0.00000000E+00  0.00000000E+00  0.00000000E+00
  0.60644000E+01  0.92083712E+00  0.92083712E+00  0.92083712E+00  0.00000000E+00  0.00000000E+00  0.00000000E+00
  0.60904000E+01  0.90600932E+00  0.90600932E+00  0.90600932E+00  0.00000000E+00  0.00000000E+00  0.00000000E+00
  0.61164000E+01  0.89221264E+00  0.89221264E+00  0.89221264E+00  0.00000000E+00  0.00000000E+00  0.00000000E+00
  0.61425000E+01  0.87933243E+00  0.87933243E+00  0.87933243E+00  0.00000000E+00  0.00000000E+00  0.00000000E+00
  0.61685000E+01  0.86715572E+00  0.86715572E+00  0.86715572E+00  0.00000000E+00  0.00000000E+00  0.00000000E+00
  0.61945000E+01  0.85545236E+00  0.85545236E+00  0.85545236E+00  0.00000000E+00  0.00000000E+00  0.00000000E+00
  0.62205000E+01  0.84402924E+00  0.84402924E+00  0.84402924E+00  0.00000000E+00  0.00000000E+00  0.00000000E+00
  0.62466000E+01  0.83277907E+00  0.83277907E+00  0.83277907E+00  0.00000000E+00  0.00000000E+00  0.00000000E+00
  0.62726000E+01  0.82165264E+00  0.82165264E+00  0.82165264E+00  0.00000000E+00  0.00000000E+00  0.00000000E+00
  0.62986000E+01  0.81062668E+00  0.81062668E+00  0.81062668E+00  0.00000000E+00  0.00000000E+00  0.00000000E+00
  0.63246000E+01  0.79973476E+00  0.79973476E+00  0.79973476E+00  0.00000000E+00  0.00000000E+00  0.00000000E+00
  0.63507000E+01  0.78906022E+00  0.78906022E+00  0.78906022E+00  0.00000000E+00  0.00000000E+00  0.00000000E+00
  0.63767000E+01  0.77861559E+00  0.77861559E+00  0.77861559E+00  0.00000000E+00  0.00000000E+00  0.00000000E+00
  0.64027000E+01  0.76840932E+00  0.76840932E+00  0.76840932E+00  0.00000000E+00  0.00000000E+00  0.00000000E+00
  0.64288000E+01  0.75838332E+00  0.75838332E+00  0.75838332E+00  0.00000000E+00  0.00000000E+00  0.00000000E+00
  0.64548000E+01  0.74846603E+00  0.74846603E+00  0.74846603E+00  0.00000000E+00  0.00000000E+00  0.00000000E+00
  0.64808000E+01  0.73860251E+00  0.73860251E+00  0.73860251E+00  0.00000000E+00  0.00000000E+00  0.00000000E+00
  0.65068000E+01  0.72875326E+00  0.72875326E+00  0.72875326E+00  0.00000000E+00  0.00000000E+00  0.00000000E+00
  0.65329000E+01  0.71889013E+00  0.71889013E+00  0.71889013E+00  0.00000000E+00  0.00000000E+00  0.00000000E+00
  0.65589000E+01  0.70897593E+00  0.70897593E+00  0.70897593E+00  0.00000000E+00  0.00000000E+00  0.00000000E+00
  0.65849000E+01  0.69900238E+00  0.69900238E+00  0.69900238E+00  0.00000000E+00  0.00000000E+00  0.00000000E+00
  0.66109000E+01  0.68895223E+00  0.68895223E+00  0.68895223E+00  0.00000000E+00  0.00000000E+00  0.00000000E+00
  0.66370000E+01  0.67887773E+00  0.67887773E+00  0.67887773E+00  0.00000000E+00  0.00000000E+00  0.00000000E+00
  0.66630000E+01  0.66881403E+00  0.66881403E+00  0.66881403E+00  0.00000000E+00  0.00000000E+00  0.00000000E+00
  0.66890000E+01  0.65880095E+00  0.65880095E+00  0.65880095E+00  0.00000000E+00  0.00000000E+00  0.00000000E+00
  0.67151000E+01  0.64891962E+00  0.64891962E+00  0.64891962E+00  0.00000000E+00  0.00000000E+00  0.00000000E+00
  0.67411000E+01  0.63924407E+00  0.63924407E+00  0.63924407E+00  0.00000000E+00  0.00000000E+00  0.00000000E+00
  0.67671000E+01  0.62980497E+00  0.62980497E+00  0.62980497E+00  0.00000000E+00  0.00000000E+00  0.00000000E+00
  0.67931000E+01  0.62061575E+00  0.62061575E+00  0.62061575E+00  0.00000000E+00  0.00000000E+00  0.00000000E+00
  0.68192000E+01  0.61170900E+00  0.61170900E+00  0.61170900E+00  0.00000000E+00  0.00000000E+00  0.00000000E+00
  0.68452000E+01  0.60309542E+00  0.60309542E+00  0.60309542E+00  0.00000000E+00  0.00000000E+00  0.00000000E+00
  0.68712000E+01  0.59473903E+00  0.59473903E+00  0.59473903E+00  0.00000000E+00  0.00000000E+00  0.00000000E+00
  0.68972000E+01  0.58661299E+00  0.58661299E+00  0.58661299E+00  0.00000000E+00  0.00000000E+00  0.00000000E+00
  0.69233000E+01  0.57869894E+00  0.57869894E+00  0.57869894E+00  0.00000000E+00  0.00000000E+00  0.00000000E+00
  0.69493000E+01  0.57097369E+00  0.57097369E+00  0.57097369E+00  0.00000000E+00  0.00000000E+00  0.00000000E+00
  0.69753000E+01  0.56340322E+00  0.56340322E+00  0.56340322E+00  0.00000000E+00  0.00000000E+00  0.00000000E+00
  0.70014000E+01  0.55590521E+00  0.55590521E+00  0.55590521E+00  0.00000000E+00  0.00000000E+00  0.00000000E+00
  0.70274000E+01  0.54840859E+00  0.54840859E+00  0.54840859E+00  0.00000000E+00  0.00000000E+00  0.00000000E+00
  0.70534000E+01  0.54086866E+00  0.54086866E+00  0.54086866E+00  0.00000000E+00  0.00000000E+00  0.00000000E+00
  0.70794000E+01  0.53326755E+00  0.53326755E+00  0.53326755E+00  0.00000000E+00  0.00000000E+00  0.00000000E+00
  0.71055000E+01  0.52562581E+00  0.52562581E+00  0.52562581E+00  0.00000000E+00  0.00000000E+00  0.00000000E+00
  0.71315000E+01  0.51803214E+00  0.51803214E+00  0.51803214E+00  0.00000000E+00  0.00000000E+00  0.00000000E+00
  0.71575000E+01  0.51066392E+00  0.51066392E+00  0.51066392E+00  0.00000000E+00  0.00000000E+00  0.00000000E+00
  0.71835000E+01  0.50369274E+00  0.50369274E+00  0.50369274E+00  0.00000000E+00  0.00000000E+00  0.00000000E+00
  0.72096000E+01  0.49721711E+00  0.49721711E+00  0.49721711E+00  0.00000000E+00  0.00000000E+00  0.00000000E+00
  0.72356000E+01  0.49121184E+00  0.49121184E+00  0.49121184E+00  0.00000000E+00  0.00000000E+00  0.00000000E+00
  0.72616000E+01  0.48560294E+00  0.48560294E+00  0.48560294E+00  0.00000000E+00  0.00000000E+00  0.00000000E+00
  0.72877000E+01  0.48036485E+00  0.48036485E+00  0.48036485E+00  0.00000000E+00  0.00000000E+00  0.00000000E+00
  0.73137000E+01  0.47536281E+00  0.47536281E+00  0.47536281E+00  0.00000000E+00  0.00000000E+00  0.00000000E+00
  0.73397000E+01  0.47053481E+00  0.47053481E+00  0.47053481E+00  0.00000000E+00  0.00000000E+00  0.00000000E+00
  0.73657000E+01  0.46577944E+00  0.46577944E+00  0.46577944E+00  0.00000000E+00  0.00000000E+00  0.00000000E+00
  0.73918000E+01  0.46106516E+00  0.46106516E+00  0.46106516E+00  0.00000000E+00  0.00000000E+00  0.00000000E+00
  0.74178000E+01  0.45633822E+00  0.45633822E+00  0.45633822E+00  0.00000000E+00  0.00000000E+00  0.00000000E+00
  0.74438000E+01  0.45156063E+00  0.45156063E+00  0.45156063E+00  0.00000000E+00  0.00000000E+00  0.00000000E+00
  0.74698000E+01  0.44669787E+00  0.44669787E+00  0.44669787E+00  0.00000000E+00  0.00000000E+00  0.00000000E+00
  0.74959000E+01  0.44179244E+00  0.44179244E+00  0.44179244E+00  0.00000000E+00  0.00000000E+00  0.00000000E+00
  0.75219000E+01  0.43686577E+00  0.43686577E+00  0.43686577E+00  0.00000000E+00  0.00000000E+00  0.00000000E+00
  0.75479000E+01  0.43192645E+00  0.43192645E+00  0.43192645E+00  0.00000000E+00  0.00000000E+00  0.00000000E+00
  0.75740000E+01  0.42703623E+00  0.42703623E+00  0.42703623E+00  0.00000000E+00  0.00000000E+00  0.00000000E+00
  0.76000000E+01  0.42222265E+00  0.42222265E+00  0.42222265E+00  0.00000000E+00  0.00000000E+00  0.00000000E+00
  0.76260000E+01  0.41742540E+00  0.41742540E+00  0.41742540E+00  0.00000000E+00  0.00000000E+00  0.00000000E+00
  0.76520000E+01  0.41260907E+00  0.41260907E+00  0.41260907E+00  0.00000000E+00  0.00000000E+00  0.00000000E+00
  0.76781000E+01  0.40778656E+00  0.40778656E+00  0.40778656E+00  0.00000000E+00  0.00000000E+00  0.00000000E+00
  0.77041000E+01  0.40293952E+00  0.40293952E+00  0.40293952E+00  0.00000000E+00  0.00000000E+00  0.00000000E+00
  0.77301000E+01  0.39821268E+00  0.39821268E+00  0.39821268E+00  0.00000000E+00  0.00000000E+00  0.00000000E+00
  0.77561000E+01  0.39364511E+00  0.39364511E+00  0.39364511E+00  0.00000000E+00  0.00000000E+00  0.00000000E+00
  0.77822000E+01  0.38923686E+00  0.38923686E+00  0.38923686E+00  0.00000000E+00  0.00000000E+00  0.00000000E+00
  0.78082000E+01  0.38491313E+00  0.38491313E+00  0.38491313E+00  0.00000000E+00  0.00000000E+00  0.00000000E+00
