#K-Path     Band-1    Band-2    Band-3    Band-4      ...     Band-n
  0.0000  -12.2459   -0.3054   -0.3054   -0.3054    2.2810    2.2810    2.2810    3.0666
  0.0236  -12.2441   -0.3179   -0.3132   -0.3132    2.2764    2.2912    2.2912    3.0790
  0.0472  -12.2386   -0.3551   -0.3365   -0.3365    2.2628    2.3211    2.3211    3.1153
  0.0708  -12.2295   -0.4152   -0.3741   -0.3741    2.2403    2.3699    2.3699    3.1739
  0.0945  -12.2168   -0.4959   -0.4244   -0.4244    2.2094    2.4358    2.4358    3.2518
  0.1181  -12.2004   -0.5947   -0.4856   -0.4856    2.1708    2.5172    2.5172    3.3457
  0.1417  -12.1803   -0.7086   -0.5559   -0.5559    2.1251    2.6120    2.6120    3.4518
  0.1653  -12.1567   -0.8353   -0.6334   -0.6334    2.0730    2.7185    2.7185    3.5662
  0.1889  -12.1294   -0.9725   -0.7166   -0.7166    2.0155    2.8351    2.8351    3.6845
  0.2125  -12.0985   -1.1183   -0.8042   -0.8042    1.9531    2.9603    2.9603    3.8019
  0.2361  -12.0640   -1.2711   -0.8948   -0.8948    1.8868    3.0930    3.0930    3.9125
  0.2598  -12.0259   -1.4297   -0.9875   -0.9875    1.8173    3.2321    3.2321    4.0094
  0.2834  -11.9841   -1.5929   -1.0815   -1.0815    1.7452    3.3768    3.3768    4.0845
  0.3070  -11.9389   -1.7600   -1.1761   -1.1761    1.6713    3.5263    3.5263    4.1295
  0.3306  -11.8900   -1.9303   -1.2707   -1.2707    1.5962    3.6801    3.6801    4.1376
  0.3542  -11.8375   -2.1032   -1.3650   -1.3650    1.5203    3.8377    3.8377    4.1065
  0.3778  -11.7816   -2.2782   -1.4584   -1.4584    1.4442    3.9985    3.9985    4.0392
  0.4015  -11.7220   -2.4550   -1.5506   -1.5506    1.3684    3.9420    4.1624    4.1624
  0.4251  -11.6590   -2.6332   -1.6415   -1.6415    1.2933    3.8226    4.3289    4.3289
  0.4487  -11.5925   -2.8126   -1.7306   -1.7306    1.2191    3.6877    4.4978    4.4978
  0.4723  -11.5224   -2.9931   -1.8179   -1.8179    1.1463    3.5424    4.6689    4.6689
  0.4959  -11.4490   -3.1743   -1.9032   -1.9032    1.0752    3.3909    4.8419    4.8419
  0.5195  -11.3720   -3.3561   -1.9862   -1.9862    1.0060    3.2360    5.0167    5.0167
  0.5431  -11.2916   -3.5385   -2.0670   -2.0670    0.9390    3.0799    5.1932    5.1932
  0.5668  -11.2079   -3.7212   -2.1453   -2.1453    0.8743    2.9242    5.3712    5.3712
  0.5904  -11.1207   -3.9041   -2.2210   -2.2210    0.8122    2.7699    5.5506    5.5506
  0.6140  -11.0302   -4.0873   -2.2942   -2.2942    0.7529    2.6181    5.7313    5.7313
  0.6376  -10.9364   -4.2704   -2.3646   -2.3646    0.6965    2.4694    5.9132    5.9132
  0.6612  -10.8392   -4.4534   -2.4322   -2.4322    0.6433    2.3243    6.0964    6.0964
  0.6848  -10.7388   -4.6363   -2.4970   -2.4970    0.5932    2.1833    6.2806    6.2806
  0.7084  -10.6351   -4.8189   -2.5589   -2.5589    0.5465    2.0466    6.4658    6.4659
  0.7321  -10.5283   -5.0011   -2.6179   -2.6179    0.5032    1.9146    6.6521    6.6521
  0.7557  -10.4182   -5.1828   -2.6739   -2.6739    0.4635    1.7874    6.8394    6.8394
  0.7793  -10.3050   -5.3640   -2.7269   -2.7269    0.4276    1.6652    7.0275    7.0275
  0.8029  -10.1887   -5.5446   -2.7768   -2.7768    0.3954    1.5480    7.2166    7.2166
  0.8265  -10.0694   -5.7243   -2.8236   -2.8236    0.3671    1.4361    7.4065    7.4065
  0.8501   -9.9471   -5.9032   -2.8673   -2.8673    0.3427    1.3294    7.5971    7.5971
  0.8737   -9.8217   -6.0811   -2.9078   -2.9078    0.3224    1.2280    7.7885    7.7885
  0.8974   -9.6935   -6.2580   -2.9452   -2.9452    0.3063    1.1319    7.9805    7.9806
  0.9210   -9.5623   -6.4337   -2.9794   -2.9794    0.2943    1.0411    8.1730    8.1731
  0.9446   -9.4284   -6.6081   -3.0104   -3.0104    0.2867    0.9557    8.3658    8.3658
  0.9682   -9.2916   -6.7812   -3.0382   -3.0382    0.2834    0.8756    8.5586    8.5586
  0.9918   -9.1522   -6.9528   -3.0627   -3.0627    0.2845    0.8008    8.7510    8.7510
  1.0154   -9.0101   -7.1229   -3.0840   -3.0840    0.2901    0.7312    8.9421    8.9421
  1.0391   -8.8654   -7.2913   -3.1020   -3.1020    0.3003    0.6668    9.1308    9.1310
  1.0627   -8.7182   -7.4579   -3.1168   -3.1168    0.3151    0.6077    9.3148    9.3148
  1.0863   -8.5685   -7.6228   -3.1282   -3.1282    0.3346    0.5537    9.4898    9.4906
  1.1099   -8.4165   -7.7857   -3.1364   -3.1364    0.3589    0.5047    9.6468    9.6473
  1.1335   -8.2621   -7.9466   -3.1414   -3.1414    0.3880    0.4608    9.7656    9.7744
  1.1571   -8.1054   -8.1054   -3.1430   -3.1430    0.4220    0.4220    9.8128    9.8130
  1.1571   -8.1054   -8.1054   -3.1430   -3.1430    0.4220    0.4220    9.8141    9.8268
  1.1655   -8.1055   -8.1051   -3.1446   -3.1428    0.4222    0.4243    9.8116    9.8138
  1.1738   -8.1058   -8.1044   -3.1493   -3.1423    0.4228    0.4313    9.8026    9.8087
  1.1822   -8.1062   -8.1032   -3.1572   -3.1414    0.4239    0.4429    9.7901    9.8014
  1.1905   -8.1069   -8.1015   -3.1680   -3.1401    0.4253    0.4590    9.7715    9.7916
  1.1989   -8.1077   -8.0992   -3.1818   -3.1385    0.4272    0.4796    9.7501    9.7806
  1.2072   -8.1088   -8.0965   -3.1985   -3.1365    0.4296    0.5045    9.7231    9.7652
  1.2156   -8.1101   -8.0933   -3.2178   -3.1341    0.4323    0.5336    9.6911    9.7478
  1.2239   -8.1115   -8.0896   -3.2396   -3.1313    0.4355    0.5668    9.6566    9.7275
  1.2323   -8.1132   -8.0855   -3.2639   -3.1282    0.4391    0.6039    9.6228    9.7076
  1.2406   -8.1151   -8.0808   -3.2904   -3.1248    0.4431    0.6448    9.5775    9.6841
  1.2490   -8.1172   -8.0756   -3.3188   -3.1210    0.4475    0.6892    9.5327    9.6561
  1.2573   -8.1196   -8.0699   -3.3492   -3.1168    0.4523    0.7371    9.4855    9.6285
  1.2657   -8.1222   -8.0638   -3.3812   -3.1122    0.4576    0.7882    9.4352    9.6405
  1.2740   -8.1251   -8.0571   -3.4148   -3.1073    0.4633    0.8423    9.3839    9.5694
  1.2824   -8.1283   -8.0500   -3.4496   -3.1021    0.4694    0.8994    9.3308    9.5349
  1.2907   -8.1317   -8.0424   -3.4857   -3.0964    0.4759    0.9593    9.2768    9.5044
  1.2991   -8.1355   -8.0343   -3.5227   -3.0904    0.4828    1.0217    9.2187    9.4716
  1.3074   -8.1396   -8.0256   -3.5606   -3.0841    0.4902    1.0866    9.1610    9.4220
  1.3158   -8.1440   -8.0165   -3.5992   -3.0774    0.4980    1.1539    9.1021    9.3829
  1.3241   -8.1487   -8.0070   -3.6384   -3.0703    0.5061    1.2233    9.0439    9.3455
  1.3325   -8.1538   -7.9969   -3.6779   -3.0629    0.5147    1.2949    8.9815    9.3039
  1.3408   -8.1593   -7.9863   -3.7178   -3.0552    0.5237    1.3684    8.9276    9.2904
  1.3492   -8.1652   -7.9752   -3.7579   -3.0470    0.5331    1.4438    8.8588    9.2763
  1.3575   -8.1715   -7.9637   -3.7980   -3.0386    0.5429    1.5210    8.7953    9.2026
  1.3659   -8.1782   -7.9516   -3.8380   -3.0298    0.5532    1.5998    8.7335    9.1964
  1.3742   -8.1854   -7.9391   -3.8780   -3.0206    0.5638    1.6802    8.6677    9.0947
  1.3825   -8.1931   -7.9260   -3.9176   -3.0111    0.5749    1.7622    8.6045    9.0355
  1.3909   -8.2013   -7.9125   -3.9570   -3.0012    0.5863    1.8456    8.5408    9.0109
  1.3992   -8.2099   -7.8985   -3.9959   -2.9910    0.5981    1.9303    8.4746    9.0055
  1.4076   -8.2192   -7.8840   -4.0343   -2.9804    0.6104    2.0164    8.4094    8.9317
  1.4159   -8.2289   -7.8690   -4.0721   -2.9695    0.6230    2.1037    8.3493    8.9110
  1.4243   -8.2393   -7.8536   -4.1093   -2.9583    0.6361    2.1922    8.2794    8.8335
  1.4326   -8.2502   -7.8376   -4.1458   -2.9467    0.6495    2.2818    8.2146    8.7564
  1.4410   -8.2618   -7.8212   -4.1814   -2.9348    0.6633    2.3725    8.1491    8.7075
  1.4493   -8.2740   -7.8042   -4.2163   -2.9226    0.6776    2.4642    8.0843    8.6500
  1.4577   -8.2868   -7.7868   -4.2502   -2.9100    0.6922    2.5569    8.0194    8.5886
  1.4660   -8.3003   -7.7689   -4.2832   -2.8971    0.7072    2.6506    7.9548    8.5300
  1.4744   -8.3145   -7.7505   -4.3151   -2.8839    0.7225    2.7452    7.8881    8.4718
  1.4827   -8.3294   -7.7316   -4.3460   -2.8703    0.7383    2.8406    7.8232    8.3980
  1.4911   -8.3450   -7.7122   -4.3758   -2.8564    0.7544    2.9369    7.7581    8.3606
  1.4994   -8.3613   -7.6924   -4.4045   -2.8422    0.7710    3.0339    7.6935    8.2596
  1.5078   -8.3783   -7.6720   -4.4320   -2.8277    0.7879    3.1318    7.6287    8.1739
  1.5161   -8.3961   -7.6512   -4.4583   -2.8128    0.8051    3.2303    7.5645    8.1151
  1.5245   -8.4147   -7.6299   -4.4833   -2.7977    0.8228    3.3295    7.5000    8.0381
  1.5328   -8.4340   -7.6081   -4.5071   -2.7822    0.8408    3.4294    7.4358    7.9704
  1.5412   -8.4541   -7.5858   -4.5296   -2.7664    0.8591    3.5298    7.3720    7.9056
  1.5495   -8.4750   -7.5630   -4.5508   -2.7503    0.8778    3.6309    7.3090    7.8483
  1.5579   -8.4966   -7.5397   -4.5706   -2.7339    0.8969    3.7325    7.2450    7.7735
  1.5662   -8.5190   -7.5160   -4.5891   -2.7172    0.9163    3.8346    7.1818    7.7095
  1.5662   -8.5190   -7.5160   -4.5891   -2.7172    0.9163    3.8346    7.1817    7.7072
  1.5913   -8.5907   -7.4419   -4.6365   -2.6654    0.9767    4.1435    6.9939    7.5228
  1.6163   -8.6691   -7.3634   -4.6716   -2.6109    1.0401    4.4551    6.8082    7.3309
  1.6414   -8.7539   -7.2806   -4.6944   -2.5540    1.1064    4.7673    6.6254    7.1520
  1.6664   -8.8446   -7.1935   -4.7051   -2.4947    1.1754    5.0765    6.4455    6.9832
  1.6915   -8.9406   -7.1021   -4.7041   -2.4331    1.2471    5.3749    6.2687    6.8347
  1.7165   -9.0413   -7.0064   -4.6919   -2.3693    1.3212    5.6436    6.0949    6.7218
  1.7416   -9.1460   -6.9065   -4.6690   -2.3036    1.3975    5.8357    5.9246    6.6916
  1.7666   -9.2541   -6.8023   -4.6359   -2.2360    1.4759    5.7575    5.8897    6.7988
  1.7917   -9.3649   -6.6939   -4.5933   -2.1666    1.5559    5.5938    5.8271    6.6709
  1.8167   -9.4777   -6.5812   -4.5418   -2.0958    1.6375    5.4338    5.7124    6.5343
  1.8417   -9.5919   -6.4644   -4.4819   -2.0236    1.7202    5.2773    5.5782    6.4120
  1.8668   -9.7070   -6.3434   -4.4141   -1.9502    1.8037    5.1244    5.4369    6.2953
  1.8918   -9.8224   -6.2182   -4.3390   -1.8759    1.8875    4.9753    5.2938    6.1835
  1.9169   -9.9377   -6.0889   -4.2570   -1.8009    1.9712    4.8299    5.1511    6.0784
  1.9419  -10.0524   -5.9556   -4.1686   -1.7254    2.0542    4.6883    5.0101    5.9783
  1.9670  -10.1661   -5.8182   -4.0741   -1.6497    2.1360    4.5505    4.8717    5.8836
  1.9920  -10.2786   -5.6767   -3.9740   -1.5739    2.2159    4.4166    4.7360    5.7966
  2.0171  -10.3895   -5.5313   -3.8686   -1.4985    2.2932    4.2866    4.6035    5.7181
  2.0421  -10.4985   -5.3819   -3.7582   -1.4237    2.3671    4.1605    4.4744    5.6456
  2.0672  -10.6053   -5.2286   -3.6432   -1.3497    2.4368    4.0383    4.3486    5.5823
  2.0922  -10.7099   -5.0715   -3.5240   -1.2768    2.5016    3.9202    4.2263    5.5276
  2.1173  -10.8118   -4.9105   -3.4007   -1.2054    2.5605    3.8060    4.1076    5.4819
  2.1423  -10.9111   -4.7458   -3.2737   -1.1356    2.6131    3.6958    3.9925    5.4450
  2.1674  -11.0075   -4.5775   -3.1433   -1.0679    2.6585    3.5897    3.8809    5.4166
  2.1924  -11.1009   -4.4055   -3.0099   -1.0024    2.6965    3.4877    3.7729    5.3964
  2.2175  -11.1912   -4.2300   -2.8737   -0.9394    2.7268    3.3897    3.6685    5.3827
  2.2425  -11.2782   -4.0511   -2.7351   -0.8791    2.7494    3.2958    3.5676    5.3741
  2.2676  -11.3619   -3.8689   -2.5944   -0.8217    2.7647    3.2060    3.4703    5.3681
  2.2926  -11.4422   -3.6836   -2.4521   -0.7673    2.7730    3.1203    3.3764    5.3611
  2.3176  -11.5190   -3.4952   -2.3084   -0.7162    2.7751    3.0387    3.2860    5.3492
  2.3427  -11.5921   -3.3040   -2.1639   -0.6683    2.7715    2.9613    3.1990    5.3271
  2.3677  -11.6616   -3.1101   -2.0190   -0.6238    2.7631    2.8880    3.1154    5.2893
  2.3928  -11.7274   -2.9138   -1.8743   -0.5826    2.7506    2.8188    3.0350    5.2300
  2.4178  -11.7895   -2.7155   -1.7303   -0.5447    2.7348    2.7538    2.9580    5.1447
  2.4429  -11.8477   -2.5154   -1.5877   -0.5101    2.6930    2.7162    2.8842    5.0313
  2.4679  -11.9021   -2.3140   -1.4472   -0.4787    2.6363    2.6954    2.8136    4.8908
  2.4930  -11.9526   -2.1120   -1.3096   -0.4504    2.5838    2.6729    2.7463    4.7270
  2.5180  -11.9992   -1.9099   -1.1758   -0.4251    2.5355    2.6487    2.6823    4.5457
  2.5431  -12.0418   -1.7088   -1.0468   -0.4027    2.4914    2.6216    2.6230    4.3531
  2.5681  -12.0804   -1.5098   -0.9236   -0.3829    2.4514    2.5645    2.5957    4.1554
  2.5932  -12.1151   -1.3145   -0.8076   -0.3657    2.4157    2.5112    2.5662    3.9587
  2.6182  -12.1457   -1.1248   -0.7001   -0.3509    2.3841    2.4621    2.5338    3.7688
  2.6433  -12.1722   -0.9436   -0.6024   -0.3384    2.3568    2.4175    2.4977    3.5917
  2.6683  -12.1947   -0.7743   -0.5161   -0.3281    2.3336    2.3781    2.4571    3.4337
  2.6934  -12.2131   -0.6218   -0.4428   -0.3198    2.3147    2.3445    2.4121    3.3005
  2.7184  -12.2275   -0.4918   -0.3838   -0.3134    2.3000    2.3174    2.3654    3.1965
  2.7435  -12.2377   -0.3914   -0.3406   -0.3089    2.2895    2.2974    2.3227    3.1234
  2.7685  -12.2439   -0.3274   -0.3142   -0.3063    2.2831    2.2852    2.2922    3.0806
  2.7935  -12.2459   -0.3054   -0.3054   -0.3054    2.2810    2.2810    2.2810    3.0666
  2.7935  -12.2459   -0.3054   -0.3054   -0.3054    2.2810    2.2810    2.2810    3.0666
  2.8140  -12.2445   -0.3219   -0.3077   -0.3077    2.2845    2.2845    2.2857    3.0760
  2.8344  -12.2404   -0.3703   -0.3148   -0.3148    2.2948    2.2948    2.2982    3.1046
  2.8549  -12.2336   -0.4477   -0.3264   -0.3264    2.3119    2.3119    2.3143    3.1538
  2.8753  -12.2241   -0.5503   -0.3423   -0.3423    2.3292    2.3353    2.3353    3.2247
  2.8958  -12.2118   -0.6735   -0.3622   -0.3622    2.3389    2.3646    2.3646    3.3171
  2.9163  -12.1968   -0.8136   -0.3857   -0.3857    2.3413    2.3995    2.3995    3.4295
  2.9367  -12.1790   -0.9669   -0.4126   -0.4126    2.3359    2.4392    2.4392    3.5590
  2.9572  -12.1586   -1.1306   -0.4423   -0.4423    2.3233    2.4833    2.4833    3.7026
  2.9776  -12.1355   -1.3024   -0.4745   -0.4745    2.3046    2.5310    2.5310    3.8573
  2.9981  -12.1097   -1.4803   -0.5087   -0.5087    2.2806    2.5816    2.5816    4.0205
  3.0185  -12.0812   -1.6629   -0.5447   -0.5447    2.2525    2.6346    2.6346    4.1901
  3.0390  -12.0501   -1.8491   -0.5820   -0.5820    2.2210    2.6891    2.6891    4.3645
  3.0594  -12.0163   -2.0377   -0.6203   -0.6203    2.1867    2.7444    2.7444    4.5423
  3.0799  -11.9799   -2.2282   -0.6593   -0.6593    2.1504    2.7997    2.7997    4.7227
  3.1003  -11.9410   -2.4198   -0.6987   -0.6987    2.1125    2.8545    2.8545    4.9046
  3.1208  -11.8994   -2.6120   -0.7384   -0.7384    2.0735    2.9078    2.9078    5.0874
  3.1412  -11.8553   -2.8043   -0.7781   -0.7781    2.0337    2.9591    2.9591    5.2707
  3.1617  -11.8086   -2.9964   -0.8176   -0.8176    1.9934    3.0075    3.0075    5.4539
  3.1821  -11.7595   -3.1879   -0.8567   -0.8567    1.9529    3.0526    3.0526    5.6366
  3.2026  -11.7079   -3.3785   -0.8952   -0.8952    1.9124    3.0938    3.0938    5.8184
  3.2230  -11.6539   -3.5680   -0.9332   -0.9332    1.8722    3.1306    3.1306    5.9988
  3.2435  -11.5976   -3.7562   -0.9703   -0.9703    1.8325    3.1626    3.1626    6.1774
  3.2639  -11.5389   -3.9427   -1.0066   -1.0066    1.7934    3.1896    3.1896    6.3535
  3.2844  -11.4780   -4.1275   -1.0420   -1.0420    1.7551    3.2116    3.2116    6.5267
  3.3048  -11.4150   -4.3102   -1.0763   -1.0763    1.7176    3.2285    3.2285    6.6950
  3.3253  -11.3498   -4.4908   -1.1095   -1.1095    1.6811    3.2406    3.2406    6.8660
  3.3457  -11.2826   -4.6690   -1.1415   -1.1415    1.6457    3.2481    3.2481    7.0172
  3.3662  -11.2136   -4.8447   -1.1723   -1.1723    1.6115    3.2513    3.2513    7.1617
  3.3866  -11.1427   -5.0175   -1.2019   -1.2019    1.5786    3.2507    3.2507    7.2792
  3.4071  -11.0702   -5.1874   -1.2301   -1.2301    1.5469    3.2467    3.2467    7.3836
  3.4275  -10.9962   -5.3541   -1.2571   -1.2571    1.5167    3.2399    3.2399    7.4827
  3.4480  -10.9210   -5.5174   -1.2826   -1.2826    1.4878    3.2307    3.2307    7.5437
  3.4684  -10.8446   -5.6769   -1.3068   -1.3068    1.4605    3.2195    3.2195    7.5774
  3.4889  -10.7675   -5.8324   -1.3296   -1.3296    1.4346    3.2069    3.2069    7.5952
  3.5093  -10.6898   -5.9835   -1.3510   -1.3510    1.4103    3.1933    3.1933    7.5997
  3.5298  -10.6120   -6.1298   -1.3710   -1.3710    1.3876    3.1790    3.1790    7.5938
  3.5502  -10.5345   -6.2709   -1.3895   -1.3895    1.3664    3.1645    3.1645    7.5810
  3.5707  -10.4578   -6.4062   -1.4065   -1.4065    1.3469    3.1501    3.1501    7.5649
  3.5911  -10.3824   -6.5352   -1.4221   -1.4221    1.3291    3.1360    3.1360    7.5470
  3.6116  -10.3092   -6.6570   -1.4362   -1.4362    1.3128    3.1226    3.1226    7.5284
  3.6320  -10.2389   -6.7708   -1.4488   -1.4488    1.2983    3.1100    3.1100    7.5102
  3.6525  -10.1725   -6.8756   -1.4600   -1.4600    1.2854    3.0984    3.0984    7.4931
  3.6729  -10.1110   -6.9704   -1.4697   -1.4697    1.2743    3.0880    3.0880    7.4775
  3.6934  -10.0558   -7.0538   -1.4779   -1.4779    1.2648    3.0791    3.0791    7.4638
  3.7138  -10.0081   -7.1246   -1.4846   -1.4846    1.2571    3.0715    3.0715    7.4523
  3.7343   -9.9693   -7.1815   -1.4898   -1.4898    1.2511    3.0656    3.0656    7.4431
  3.7547   -9.9404   -7.2231   -1.4935   -1.4935    1.2468    3.0613    3.0613    7.4365
  3.7752   -9.9227   -7.2486   -1.4957   -1.4957    1.2442    3.0587    3.0587    7.4325
  3.7956   -9.9167   -7.2571   -1.4965   -1.4965    1.2433    3.0578    3.0578    7.4312
  3.7956   -9.9167   -7.2571   -1.4965   -1.4965    1.2433    3.0578    3.0578    7.4312
  3.8123   -9.9158   -7.2566   -1.5053   -1.4982    1.2515    3.0562    3.0614    7.4354
  3.8290   -9.9130   -7.2552   -1.5314   -1.5033    1.2757    3.0513    3.0721    7.4481
  3.8457   -9.9085   -7.2528   -1.5737   -1.5118    1.3147    3.0433    3.0902    7.4687
  3.8624   -9.9021   -7.2494   -1.6305   -1.5237    1.3666    3.0324    3.1159    7.4967
  3.8791   -9.8939   -7.2452   -1.7002   -1.5390    1.4292    3.0191    3.1496    7.5313
  3.8958   -9.8839   -7.2400   -1.7806   -1.5577    1.5001    3.0036    3.1917    7.5714
  3.9125   -9.8721   -7.2340   -1.8699   -1.5798    1.5769    2.9864    3.2427    7.6154
  3.9292   -9.8584   -7.2272   -1.9665   -1.6053    1.6575    2.9680    3.3033    7.6616
  3.9459   -9.8430   -7.2195   -2.0687   -1.6341    1.7398    2.9489    3.3738    7.7079
  3.9626   -9.8258   -7.2112   -2.1753   -1.6662    1.8222    2.9296    3.4547    7.7516
  3.9793   -9.8067   -7.2022   -2.2851   -1.7015    1.9034    2.9104    3.5462    7.7897
  3.9960   -9.7859   -7.1927   -2.3972   -1.7401    1.9824    2.8920    3.6483    7.8190
  4.0127   -9.7633   -7.1826   -2.5107   -1.7818    2.0586    2.8746    3.7608    7.8365
  4.0294   -9.7389   -7.1722   -2.6250   -1.8266    2.1317    2.8587    3.8835    7.8392
  4.0461   -9.7128   -7.1614   -2.7394   -1.8743    2.2018    2.8447    4.0157    7.8256
  4.0628   -9.6849   -7.1505   -2.8533   -1.9250    2.2690    2.8327    4.1568    7.8013
  4.0795   -9.6552   -7.1396   -2.9662   -1.9783    2.3337    2.8230    4.3061    7.7613
  4.0962   -9.6239   -7.1287   -3.0778   -2.0343    2.3962    2.8160    4.4629    7.7041
  4.1129   -9.5908   -7.1182   -3.1875   -2.0928    2.4569    2.8117    4.6263    7.5887
  4.1296   -9.5559   -7.1082   -3.2950   -2.1536    2.5163    2.8103    4.7958    7.4606
  4.1463   -9.5194   -7.0988   -3.3998   -2.2166    2.5747    2.8119    4.9707    7.2992
  4.1630   -9.4812   -7.0904   -3.5016   -2.2816    2.6326    2.8165    5.1505    7.1580
  4.1797   -9.4414   -7.0832   -3.6000   -2.3484    2.6901    2.8244    5.3346    7.0222
  4.1964   -9.3999   -7.0773   -3.6946   -2.4168    2.7475    2.8354    5.5225    6.8869
  4.2131   -9.3567   -7.0733   -3.7849   -2.4867    2.8051    2.8496    5.7139    6.7551
  4.2298   -9.3120   -7.0712   -3.8707   -2.5580    2.8631    2.8670    5.9084    6.6259
  4.2465   -9.2657   -7.0716   -3.9516   -2.6303    2.8876    2.9216    6.1057    6.4948
  4.2632   -9.2178   -7.0745   -4.0270   -2.7035    2.9113    2.9808    6.3052    6.3681
  4.2799   -9.1684   -7.0805   -4.0967   -2.7775    2.9382    3.0406    6.2432    6.5112
  4.2966   -9.1175   -7.0898   -4.1604   -2.8520    2.9681    3.1014    6.1206    6.5239
  4.3133   -9.0652   -7.1027   -4.2176   -2.9269    3.0010    3.1629    6.0002    6.4106
  4.3300   -9.0114   -7.1193   -4.2682   -3.0020    3.0369    3.2254    5.8819    6.3017
  4.3467   -8.9563   -7.1400   -4.3118   -3.0771    3.0757    3.2889    5.7660    6.1949
  4.3634   -8.8998   -7.1648   -4.3485   -3.1521    3.1173    3.3532    5.6524    6.0887
  4.3801   -8.8420   -7.1938   -4.3779   -3.2267    3.1617    3.4183    5.5413    5.9834
  4.3968   -8.7830   -7.2270   -4.4003   -3.3009    3.2087    3.4843    5.4327    5.8791
  4.4135   -8.7229   -7.2644   -4.4156   -3.3744    3.2583    3.5509    5.3270    5.7760
  4.4302   -8.6616   -7.3056   -4.4239   -3.4471    3.3103    3.6178    5.2244    5.6742
  4.4469   -8.5993   -7.3507   -4.4256   -3.5187    3.3648    3.6849    5.1252    5.5738
  4.4636   -8.5360   -7.3992   -4.4207   -3.5892    3.4214    3.7515    5.0299    5.4749
  4.4803   -8.4719   -7.4510   -4.4098   -3.6584    3.4801    3.8169    4.9395    5.3778
  4.4970   -8.4070   -7.5056   -4.3930   -3.7261    3.5407    3.8798    4.8551    5.2826
  4.5137   -8.3414   -7.5628   -4.3707   -3.7920    3.6029    3.9382    4.7789    5.1896
  4.5304   -8.2753   -7.6223   -4.3432   -3.8561    3.6664    3.9887    4.7141    5.0991
  4.5471   -8.2088   -7.6836   -4.3110   -3.9180    3.7305    4.0266    4.6658    5.0118
  4.5638   -8.1420   -7.7466   -4.2743   -3.9777    3.7947    4.0455    4.6400    4.9282
  4.5805   -8.0752   -7.8108   -4.2335   -4.0349    3.8577    4.0413    4.6411    4.8496
  4.5972   -8.0084   -7.8760   -4.1889   -4.0893    3.9176    4.0148    4.6682    4.7778
  4.6139   -7.9420   -7.9420   -4.1407   -4.1407    3.9715    3.9715    4.7158    4.7158
  4.6139   -7.9420   -7.9420   -4.1407   -4.1407    3.9715    3.9715    4.7158    4.7158
  4.6257   -7.9421   -7.9421   -4.1399   -4.1399    3.9525    3.9525    4.7358    4.7358
  4.6375   -7.9427   -7.9427   -4.1374   -4.1374    3.9005    3.9005    4.7905    4.7905
  4.6493   -7.9436   -7.9436   -4.1333   -4.1333    3.8258    3.8258    4.8696    4.8696
  4.6611   -7.9449   -7.9449   -4.1276   -4.1276    3.7374    3.7374    4.9644    4.9644
  4.6729   -7.9465   -7.9465   -4.1203   -4.1203    3.6408    3.6408    5.0690    5.0690
  4.6847   -7.9485   -7.9485   -4.1114   -4.1114    3.5395    3.5395    5.1802    5.1802
  4.6965   -7.9508   -7.9508   -4.1009   -4.1009    3.4355    3.4355    5.2959    5.2959
  4.7083   -7.9535   -7.9535   -4.0889   -4.0889    3.3300    3.3300    5.4148    5.4148
  4.7201   -7.9564   -7.9564   -4.0753   -4.0753    3.2238    3.2238    5.5363    5.5363
  4.7319   -7.9597   -7.9597   -4.0603   -4.0603    3.1175    3.1175    5.6598    5.6598
  4.7437   -7.9632   -7.9632   -4.0438   -4.0438    3.0113    3.0113    5.7848    5.7848
  4.7555   -7.9670   -7.9670   -4.0259   -4.0259    2.9056    2.9056    5.9113    5.9113
  4.7674   -7.9710   -7.9710   -4.0067   -4.0067    2.8006    2.8006    6.0389    6.0389
  4.7792   -7.9752   -7.9752   -3.9861   -3.9861    2.6965    2.6965    6.1674    6.1674
  4.7910   -7.9797   -7.9797   -3.9642   -3.9642    2.5933    2.5933    6.2969    6.2969
  4.8028   -7.9843   -7.9843   -3.9412   -3.9412    2.4912    2.4912    6.4271    6.4271
  4.8146   -7.9891   -7.9891   -3.9170   -3.9170    2.3903    2.3903    6.5579    6.5579
  4.8264   -7.9940   -7.9940   -3.8917   -3.8917    2.2906    2.2906    6.6893    6.6893
  4.8382   -7.9990   -7.9990   -3.8654   -3.8654    2.1924    2.1924    6.8212    6.8212
  4.8500   -8.0041   -8.0041   -3.8381   -3.8381    2.0956    2.0956    6.9535    6.9535
  4.8618   -8.0093   -8.0093   -3.8100   -3.8100    2.0003    2.0003    7.0862    7.0862
  4.8736   -8.0145   -8.0145   -3.7810   -3.7810    1.9067    1.9067    7.2190    7.2190
  4.8854   -8.0197   -8.0197   -3.7514   -3.7514    1.8148    1.8148    7.3520    7.3520
  4.8972   -8.0250   -8.0250   -3.7211   -3.7211    1.7247    1.7247    7.4850    7.4850
  4.9090   -8.0302   -8.0302   -3.6903   -3.6903    1.6365    1.6365    7.6179    7.6180
  4.9208   -8.0354   -8.0354   -3.6590   -3.6590    1.5503    1.5503    7.7507    7.7507
  4.9327   -8.0405   -8.0405   -3.6275   -3.6275    1.4662    1.4662    7.8831    7.8831
  4.9445   -8.0455   -8.0455   -3.5957   -3.5957    1.3843    1.3843    8.0150    8.0151
  4.9563   -8.0505   -8.0505   -3.5638   -3.5638    1.3047    1.3047    8.1462    8.1462
  4.9681   -8.0553   -8.0553   -3.5320   -3.5320    1.2275    1.2275    8.2765    8.2765
  4.9799   -8.0599   -8.0599   -3.5004   -3.5004    1.1529    1.1529    8.4057    8.4057
  4.9917   -8.0644   -8.0644   -3.4691   -3.4691    1.0810    1.0810    8.5333    8.5333
  5.0035   -8.0688   -8.0688   -3.4382   -3.4382    1.0119    1.0119    8.6591    8.6591
  5.0153   -8.0730   -8.0730   -3.4080   -3.4080    0.9458    0.9458    8.7826    8.7826
  5.0271   -8.0769   -8.0769   -3.3785   -3.3785    0.8829    0.8829    8.9032    8.9032
  5.0389   -8.0807   -8.0807   -3.3500   -3.3500    0.8232    0.8232    9.0202    9.0204
  5.0507   -8.0842   -8.0842   -3.3226   -3.3226    0.7670    0.7670    9.1327    9.1329
  5.0625   -8.0875   -8.0875   -3.2966   -3.2966    0.7144    0.7144    9.2399    9.2408
  5.0743   -8.0905   -8.0905   -3.2720   -3.2720    0.6657    0.6657    9.3405    9.3416
  5.0862   -8.0933   -8.0933   -3.2490   -3.2490    0.6209    0.6209    9.4333    9.4361
  5.0980   -8.0958   -8.0958   -3.2279   -3.2279    0.5802    0.5802    9.5171    9.5184
  5.1098   -8.0980   -8.0980   -3.2088   -3.2088    0.5439    0.5439    9.5905    9.5910
  5.1216   -8.0999   -8.0999   -3.1919   -3.1919    0.5121    0.5121    9.6532    9.6540
  5.1334   -8.1016   -8.1016   -3.1772   -3.1772    0.4848    0.4848    9.7061    9.7318
  5.1452   -8.1030   -8.1030   -3.1651   -3.1651    0.4624    0.4624    9.7454    9.7566
  5.1570   -8.1040   -8.1040   -3.1555   -3.1555    0.4448    0.4448    9.7774    9.7788
  5.1688   -8.1048   -8.1048   -3.1486   -3.1486    0.4321    0.4321    9.7975    9.8126
  5.1806   -8.1052   -8.1052   -3.1444   -3.1444    0.4245    0.4245    9.8088    9.8129
  5.1924   -8.1054   -8.1054   -3.1430   -3.1430    0.4220    0.4220    9.8130    9.8145
