     #Energy      Si_all        Si_s        Si_p        Si_d
   -13.93473     0.00000     0.00000     0.00000     0.00000
   -13.84873     0.00000     0.00000     0.00000     0.00000
   -13.76173     0.00000     0.00000     0.00000     0.00000
   -13.67573     0.00000     0.00000     0.00000     0.00000
   -13.58973     0.00000     0.00000     0.00000     0.00000
   -13.50273     0.00000     0.00000     0.00000     0.00000
   -13.41673     0.00000     0.00000     0.00000     0.00000
   -13.32973     0.00000     0.00000     0.00000     0.00000
   -13.24373     0.00000     0.00000     0.00000     0.00000
   -13.15673     0.00000     0.00000     0.00000     0.00000
   -13.07073     0.00000     0.00000     0.00000     0.00000
   -12.98373     0.00000     0.00000     0.00000     0.00000
   -12.89773     0.00000     0.00000     0.00000     0.00000
   -12.81073     0.00000     0.00000     0.00000     0.00000
   -12.72473     0.00000     0.00000     0.00000     0.00000
   -12.63773     0.00000     0.00000     0.00000     0.00000
   -12.55173     0.00000     0.00000     0.00000     0.00000
   -12.46473     0.00000     0.00000     0.00000     0.00000
   -12.37873     0.00000     0.00000     0.00000     0.00000
   -12.29173     0.00000     0.00000     0.00000     0.00000
   -12.20573     0.00000     0.00000     0.00000     0.00000
   -12.11873     0.00000     0.00000     0.00000     0.00000
   -12.03273     0.00000     0.00000     0.00000     0.00000
   -11.94573     0.00000     0.00000     0.00000     0.00000
   -11.85973     0.04178     0.04160     0.00018     0.00000
   -11.77273     0.06000     0.05946     0.00054     0.00000
   -11.68673     0.07495     0.07396     0.00099     0.00000
   -11.59973     0.08820     0.08668     0.00152     0.00000
   -11.51373     0.09903     0.09690     0.00213     0.00000
   -11.42673     0.10948     0.10666     0.00282     0.00000
   -11.34073     0.11986     0.11630     0.00356     0.00000
   -11.25373     0.12877     0.12442     0.00435     0.00000
   -11.16773     0.13847     0.13328     0.00519     0.00000
   -11.08073     0.14700     0.14090     0.00610     0.00000
   -10.99473     0.15608     0.14904     0.00704     0.00000
   -10.90773     0.16469     0.15666     0.00803     0.00000
   -10.82173     0.17341     0.16432     0.00909     0.00000
   -10.73473     0.18253     0.17236     0.01017     0.00000
   -10.64873     0.19109     0.17976     0.01133     0.00000
   -10.56173     0.20033     0.18782     0.01251     0.00000
   -10.47573     0.20980     0.19604     0.01376     0.00000
   -10.38973     0.21926     0.20420     0.01506     0.00000
   -10.30273     0.22962     0.21320     0.01642     0.00000
   -10.21673     0.24046     0.22260     0.01786     0.00000
   -10.12973     0.25197     0.23260     0.01937     0.00000
   -10.04373     0.26478     0.24380     0.02098     0.00000
    -9.95673     0.27954     0.25680     0.02274     0.00000
    -9.87073     0.29604     0.27140     0.02464     0.00000
    -9.78373     0.31728     0.29040     0.02688     0.00000
    -9.69773     0.34742     0.31780     0.02962     0.00000
    -9.61073     0.41560     0.38080     0.03480     0.00000
    -9.52473     0.40776     0.37220     0.03556     0.00000
    -9.43773     0.39888     0.36260     0.03628     0.00000
    -9.35173     0.38512     0.34860     0.03652     0.00000
    -9.26473     0.37278     0.33600     0.03678     0.00000
    -9.17873     0.35902     0.32220     0.03682     0.00000
    -9.09173     0.34728     0.31040     0.03688     0.00000
    -9.00573     0.33490     0.29800     0.03690     0.00000
    -8.91873     0.32034     0.28380     0.03654     0.00000
    -8.83273     0.30726     0.27100     0.03626     0.00000
    -8.74573     0.29442     0.25860     0.03582     0.00000
    -8.65973     0.27858     0.24360     0.03498     0.00000
    -8.57273     0.26502     0.23060     0.03442     0.00000
    -8.48673     0.25006     0.21660     0.03346     0.00000
    -8.39973     0.23284     0.20080     0.03204     0.00000
    -8.31373     0.21790     0.18700     0.03090     0.00000
    -8.22673     0.20124     0.17168     0.02956     0.00000
    -8.14073     0.17840     0.15140     0.02700     0.00000
    -8.05373     0.16032     0.13532     0.02500     0.00000
    -7.96773     0.21794     0.18144     0.03650     0.00000
    -7.88073     0.06104     0.05114     0.00990     0.00000
    -7.79473     0.00000     0.00000     0.00000     0.00000
    -7.70773     0.00000     0.00000     0.00000     0.00000
    -7.62173     0.00000     0.00000     0.00000     0.00000
    -7.53473     0.10125     0.08130     0.01995     0.00000
    -7.44873     0.12378     0.09910     0.02468     0.00000
    -7.36173     0.14272     0.11366     0.02906     0.00000
    -7.27573     0.16990     0.13454     0.03536     0.00000
    -7.18873     0.19794     0.15530     0.04264     0.00000
    -7.10273     0.22332     0.17352     0.04980     0.00000
    -7.01673     0.25350     0.19506     0.05844     0.00000
    -6.92973     0.33804     0.24640     0.09164     0.00000
    -6.84373     0.53130     0.35940     0.17190     0.00000
    -6.75673     0.91800     0.60320     0.31480     0.00000
    -6.67073     0.53638     0.35760     0.17878     0.00000
    -6.58373     0.44246     0.29560     0.14686     0.00000
    -6.49773     0.38796     0.25880     0.12916     0.00000
    -6.41073     0.35042     0.23300     0.11742     0.00000
    -6.32473     0.32114     0.21260     0.10854     0.00000
    -6.23773     0.29802     0.19648     0.10154     0.00000
    -6.15173     0.27826     0.18250     0.09576     0.00000
    -6.06473     0.26128     0.17040     0.09088     0.00000
    -5.97873     0.24610     0.15948     0.08662     0.00000
    -5.89173     0.23236     0.14962     0.08274     0.00000
    -5.80573     0.22024     0.14094     0.07930     0.00000
    -5.71873     0.20890     0.13278     0.07612     0.00000
    -5.63273     0.19868     0.12540     0.07328     0.00000
    -5.54573     0.18896     0.11836     0.07060     0.00000
    -5.45973     0.17984     0.11182     0.06802     0.00000
    -5.37273     0.17156     0.10590     0.06566     0.00000
    -5.28673     0.16360     0.10020     0.06340     0.00000
    -5.19973     0.15622     0.09492     0.06130     0.00000
    -5.11373     0.14916     0.08988     0.05928     0.00000
    -5.02673     0.14236     0.08506     0.05730     0.00000
    -4.94073     0.13606     0.08064     0.05542     0.00000
    -4.85373     0.13008     0.07644     0.05364     0.00000
    -4.76773     0.12428     0.07238     0.05190     0.00000
    -4.68073     0.11886     0.06858     0.05028     0.00000
    -4.59473     0.11358     0.06494     0.04864     0.00000
    -4.50773     0.10850     0.06146     0.04704     0.00000
    -4.42173     0.10378     0.05824     0.04554     0.00000
    -4.33473     0.19494     0.05780     0.13714     0.00000
    -4.24873     0.27060     0.05860     0.21200     0.00000
    -4.16173     0.34828     0.06088     0.28740     0.00000
    -4.07573     0.44006     0.06546     0.37460     0.00000
    -3.98873     0.41654     0.06554     0.35100     0.00000
    -3.90273     0.39510     0.06550     0.32960     0.00000
    -3.81673     0.37500     0.06500     0.31000     0.00000
    -3.72973     0.36554     0.06434     0.30120     0.00000
    -3.64373     0.37144     0.06344     0.30800     0.00000
    -3.55673     0.37564     0.06244     0.31320     0.00000
    -3.47073     0.38416     0.06136     0.32280     0.00000
    -3.38373     0.39120     0.06000     0.33120     0.00000
    -3.29773     0.40306     0.05866     0.34440     0.00000
    -3.21073     0.41578     0.05718     0.35860     0.00000
    -3.12473     0.43406     0.05566     0.37840     0.00000
    -3.03773     0.45664     0.05404     0.40260     0.00000
    -2.95173     0.48808     0.05228     0.43580     0.00000
    -2.86473     0.54080     0.05040     0.49040     0.00000
    -2.77873     0.59030     0.04850     0.54180     0.00000
    -2.69173     0.58252     0.04632     0.53620     0.00000
    -2.60573     0.58152     0.04432     0.53720     0.00000
    -2.51873     0.56714     0.04234     0.52480     0.00000
    -2.43273     0.56670     0.04030     0.52640     0.00000
    -2.34573     0.55320     0.03820     0.51500     0.00000
    -2.25973     0.55272     0.03632     0.51640     0.00000
    -2.17273     0.54158     0.03438     0.50720     0.00000
    -2.08673     0.53674     0.03234     0.50440     0.00000
    -1.99973     0.53038     0.03038     0.50000     0.00000
    -1.91373     0.52294     0.02854     0.49440     0.00000
    -1.82673     0.51736     0.02656     0.49080     0.00000
    -1.74073     0.51266     0.02466     0.48800     0.00000
    -1.65373     0.50576     0.02276     0.48300     0.00000
    -1.56773     0.50346     0.02066     0.48280     0.00000
    -1.48073     0.49748     0.01868     0.47880     0.00000
    -1.39473     0.49128     0.01668     0.47460     0.00000
    -1.30773     0.49197     0.01477     0.47720     0.00000
    -1.22173     0.47801     0.01301     0.46500     0.00000
    -1.13473     0.37499     0.01159     0.36340     0.00000
    -1.04873     0.31671     0.01031     0.30640     0.00000
    -0.96173     0.27770     0.00910     0.26860     0.00000
    -0.87573     0.24860     0.00780     0.24080     0.00000
    -0.78873     0.21765     0.00665     0.21100     0.00000
    -0.70273     0.19639     0.00557     0.19082     0.00000
    -0.61573     0.16999     0.00457     0.16542     0.00000
    -0.52973     0.15221     0.00367     0.14854     0.00000
    -0.44373     0.12867     0.00281     0.12586     0.00000
    -0.35673     0.11378     0.00208     0.11170     0.00000
    -0.27073     0.09137     0.00139     0.08998     0.00000
    -0.18373     0.06768     0.00080     0.06688     0.00000
    -0.09773     0.04816     0.00032     0.04784     0.00000
    -0.01073     0.00000     0.00000     0.00000     0.00000
     0.07527     0.00000     0.00000     0.00000     0.00000
     0.16227     0.00000     0.00000     0.00000     0.00000
     0.24827     0.00000     0.00000     0.00000     0.00000
     0.33527     0.00000     0.00000     0.00000     0.00000
     0.42127     0.00000     0.00000     0.00000     0.00000
     0.50827     0.00000     0.00000     0.00000     0.00000
     0.59427     0.00000     0.00000     0.00000     0.00000
     0.68127     0.01884     0.00997     0.00887     0.00000
     0.76727     0.03947     0.02064     0.01883     0.00000
     0.85427     0.05036     0.02574     0.02462     0.00000
     0.94027     0.06420     0.03202     0.03218     0.00000
     1.02727     0.07396     0.03586     0.03810     0.00000
     1.11327     0.08732     0.04156     0.04576     0.00000
     1.20027     0.09576     0.04428     0.05148     0.00000
     1.28627     0.10744     0.04860     0.05884     0.00000
     1.37327     0.11594     0.05100     0.06494     0.00000
     1.45927     0.12728     0.05484     0.07244     0.00000
     1.54627     0.13872     0.05850     0.08022     0.00000
     1.63227     0.17418     0.08316     0.09102     0.00000
     1.71927     0.19666     0.09484     0.10182     0.00000
     1.80527     0.22506     0.11058     0.11448     0.00000
     1.89227     0.24936     0.12188     0.12748     0.00000
     1.97827     0.28162     0.13770     0.14392     0.00000
     2.06527     0.31918     0.15632     0.16286     0.00000
     2.15127     0.37470     0.18446     0.19024     0.00000
     2.23827     0.46540     0.23280     0.23260     0.00000
     2.32427     0.46720     0.22480     0.24240     0.00000
     2.41127     0.46120     0.21220     0.24900     0.00000
     2.49727     0.44896     0.19756     0.25140     0.00000
     2.58427     0.41374     0.16954     0.24420     0.00000
     2.67027     0.35280     0.14240     0.21040     0.00000
     2.75627     0.33196     0.12956     0.20240     0.00000
     2.84327     0.31012     0.11468     0.19544     0.00000
     2.92927     0.31564     0.11104     0.20460     0.00000
     3.01627     0.29352     0.09580     0.19772     0.00000
     3.10227     0.26744     0.07542     0.19202     0.00000
     3.18927     0.26460     0.06622     0.19838     0.00000
     3.27527     0.46332     0.08952     0.37380     0.00000
     3.36227     0.58598     0.10958     0.47640     0.00000
     3.44827     0.53492     0.10972     0.42520     0.00000
     3.53527     0.43696     0.10516     0.33180     0.00000
     3.62127     0.43398     0.10398     0.33000     0.00000
     3.70827     0.45574     0.10894     0.34680     0.00000
     3.79427     0.47872     0.11932     0.35940     0.00000
     3.88127     0.46444     0.12464     0.33980     0.00000
     3.96727     0.37194     0.08454     0.28740     0.00000
     4.05427     0.32656     0.06756     0.25900     0.00000
     4.14027     0.30558     0.05978     0.24580     0.00000
     4.22727     0.29144     0.05764     0.23380     0.00000
     4.31327     0.29826     0.06066     0.23760     0.00000
     4.40027     0.30810     0.06410     0.24400     0.00000
     4.48627     0.35392     0.07532     0.27860     0.00000
     4.57327     0.37054     0.07834     0.29220     0.00000
     4.65927     0.35033     0.08113     0.26920     0.00000
     4.74627     0.33198     0.08098     0.25100     0.00000
     4.83227     0.34037     0.08197     0.25840     0.00000
     4.91927     0.34820     0.08480     0.26340     0.00000
     5.00527     0.33602     0.08222     0.25380     0.00000
     5.09227     0.34020     0.08260     0.25760     0.00000
     5.17827     0.33346     0.07946     0.25400     0.00000
     5.26527     0.33176     0.07836     0.25340     0.00000
     5.35127     0.32476     0.07636     0.24840     0.00000
     5.43827     0.32791     0.07611     0.25180     0.00000
     5.52427     0.32637     0.07567     0.25070     0.00000
     5.61127     0.31930     0.07230     0.24700     0.00000
     5.69727     0.30836     0.06756     0.24080     0.00000
     5.78427     0.29796     0.06296     0.23500     0.00000
     5.87027     0.29366     0.06006     0.23360     0.00000
     5.95727     0.28951     0.05751     0.23200     0.00000
     6.04327     0.28212     0.05462     0.22750     0.00000
     6.12927     0.27612     0.05172     0.22440     0.00000
     6.21627     0.27462     0.04982     0.22480     0.00000
     6.30227     0.27293     0.04813     0.22480     0.00000
     6.38927     0.25034     0.04294     0.20740     0.00000
     6.47527     0.23891     0.04017     0.19874     0.00000
     6.56227     0.24518     0.04038     0.20480     0.00000
     6.64827     0.26942     0.04402     0.22540     0.00000
     6.73527     0.27420     0.04390     0.23030     0.00000
     6.82127     0.26781     0.04191     0.22590     0.00000
     6.90827     0.23985     0.03645     0.20340     0.00000
     6.99427     0.21930     0.03215     0.18715     0.00000
     7.08127     0.20130     0.02778     0.17352     0.00000
     7.16727     0.19228     0.02556     0.16672     0.00000
     7.25427     0.18268     0.02337     0.15931     0.00000
     7.34027     0.17603     0.02170     0.15433     0.00000
     7.42727     0.16786     0.01996     0.14790     0.00000
     7.51327     0.15935     0.01810     0.14125     0.00000
     7.60027     0.15418     0.01664     0.13754     0.00000
     7.68627     0.14963     0.01537     0.13426     0.00000
     7.77327     0.15219     0.01438     0.13781     0.00000
     7.85927     0.15742     0.01331     0.14411     0.00000
     7.94627     0.14004     0.01132     0.12872     0.00000
     8.03227     0.12654     0.00977     0.11677     0.00000
     8.11927     0.10808     0.00840     0.09968     0.00000
     8.20527     0.08002     0.00703     0.07299     0.00000
     8.29227     0.07632     0.00649     0.06983     0.00000
     8.37827     0.07154     0.00577     0.06577     0.00000
     8.46527     0.06763     0.00525     0.06238     0.00000
     8.55127     0.06406     0.00485     0.05921     0.00000
     8.63827     0.05998     0.00432     0.05566     0.00000
     8.72427     0.05417     0.00366     0.05051     0.00000
     8.81127     0.05116     0.00326     0.04790     0.00000
     8.89727     0.04719     0.00282     0.04437     0.00000
     8.98427     0.04360     0.00248     0.04112     0.00000
     9.07027     0.04129     0.00222     0.03907     0.00000
     9.15727     0.03719     0.00189     0.03530     0.00000
     9.24327     0.03406     0.00151     0.03255     0.00000
     9.33027     0.03018     0.00124     0.02894     0.00000
     9.41627     0.02645     0.00102     0.02543     0.00000
     9.50227     0.02319     0.00083     0.02236     0.00000
     9.58927     0.02681     0.00079     0.02602     0.00000
     9.67527     0.01827     0.00045     0.01781     0.00000
     9.76227     0.01419     0.00029     0.01390     0.00000
     9.84827     0.01096     0.00019     0.01076     0.00000
     9.93527     0.01020     0.00012     0.01008     0.00000
    10.02127     0.00000     0.00000     0.00000     0.00000
    10.10827     0.00000     0.00000     0.00000     0.00000
    10.19427     0.00000     0.00000     0.00000     0.00000
    10.28127     0.00000     0.00000     0.00000     0.00000
    10.36727     0.00000     0.00000     0.00000     0.00000
    10.45427     0.00000     0.00000     0.00000     0.00000
    10.54027     0.00000     0.00000     0.00000     0.00000
    10.62727     0.00000     0.00000     0.00000     0.00000
    10.71327     0.00000     0.00000     0.00000     0.00000
    10.80027     0.00000     0.00000     0.00000     0.00000
    10.88627     0.00000     0.00000     0.00000     0.00000
    10.97327     0.00000     0.00000     0.00000     0.00000
    11.05927     0.00000     0.00000     0.00000     0.00000
    11.14627     0.00000     0.00000     0.00000     0.00000
    11.23227     0.00000     0.00000     0.00000     0.00000
    11.31927     0.00000     0.00000     0.00000     0.00000
    11.40527     0.00000     0.00000     0.00000     0.00000
    11.49227     0.00000     0.00000     0.00000     0.00000
    11.57827     0.00000     0.00000     0.00000     0.00000
    11.66527     0.00000     0.00000     0.00000     0.00000
    11.75127     0.00000     0.00000     0.00000     0.00000
    11.83827     0.00000     0.00000     0.00000     0.00000
    11.92427     0.00000     0.00000     0.00000     0.00000
    12.01127     0.00000     0.00000     0.00000     0.00000
