#K-Path     Band-1    Band-2    Band-3    Band-4      ...     Band-n
  0.0000  -10.2611   -6.4903   -3.4102   -3.2004    4.2861    4.5843    5.1522    5.9197
  0.0158  -10.2621   -6.4894   -3.4173   -3.1907    4.2734    4.5926    5.1506    5.9288
  0.0315  -10.2649   -6.4870   -3.4355   -3.1649    4.2396    4.6123    5.1475    5.9552
  0.0473  -10.2695   -6.4829   -3.4591   -3.1287    4.1927    4.6332    5.1472    5.9969
  0.0630  -10.2759   -6.4774   -3.4841   -3.0859    4.1385    4.6466    5.1552    6.0512
  0.0788  -10.2840   -6.4704   -3.5083   -3.0387    4.0802    4.6475    5.1759    6.1158
  0.0946  -10.2938   -6.4623   -3.5305   -2.9885    4.0194    4.6344    5.2106    6.1883
  0.1103  -10.3052   -6.4531   -3.5499   -2.9357    3.9573    4.6096    5.2577    6.2673
  0.1261  -10.3181   -6.4432   -3.5661   -2.8811    3.8942    4.5763    5.3144    6.3515
  0.1418  -10.3324   -6.4326   -3.5783   -2.8250    3.8306    4.5376    5.3781    6.4399
  0.1576  -10.3480   -6.4216   -3.5864   -2.7675    3.7667    4.4958    5.4467    6.5318
  0.1734  -10.3647   -6.4104   -3.5901   -2.7089    3.7026    4.4529    5.5186    6.6266
  0.1891  -10.3826   -6.3994   -3.5891   -2.6495    3.6381    4.4098    5.5924    6.7236
  0.2049  -10.4013   -6.3886   -3.5833   -2.5895    3.5733    4.3676    5.6672    6.8223
  0.2207  -10.4210   -6.3784   -3.5725   -2.5290    3.5081    4.3269    5.7419    6.9220
  0.2364  -10.4413   -6.3689   -3.5564   -2.4681    3.4425    4.2883    5.8158    7.0216
  0.2522  -10.4622   -6.3603   -3.5350   -2.4072    3.3763    4.2521    5.8874    7.1197
  0.2679  -10.4836   -6.3527   -3.5083   -2.3462    3.3094    4.2187    5.9553    7.2138
  0.2837  -10.5053   -6.3462   -3.4762   -2.2855    3.2417    4.1883    6.0176    7.2989
  0.2995  -10.5273   -6.3409   -3.4386   -2.2250    3.1731    4.1612    6.0720    7.3664
  0.3152  -10.5495   -6.3370   -3.3957   -2.1651    3.1033    4.1374    6.1150    7.4035
  0.3310  -10.5717   -6.3343   -3.3476   -2.1059    3.0323    4.1171    6.1426    7.4044
  0.3467  -10.5939   -6.3329   -3.2944   -2.0474    2.9599    4.1005    6.1509    7.3835
  0.3625  -10.6159   -6.3327   -3.2361   -1.9899    2.8860    4.0875    6.1364    7.3622
  0.3783  -10.6378   -6.3338   -3.1732   -1.9338    2.8103    4.0780    6.0983    7.3537
  0.3940  -10.6593   -6.3359   -3.1054   -1.8785    2.7329    4.0725    6.0389    7.3627
  0.4098  -10.6805   -6.3389   -3.0333   -1.8247    2.6535    4.0706    5.9621    7.3875
  0.4255  -10.7012   -6.3427   -2.9571   -1.7725    2.5721    4.0724    5.8732    7.4249
  0.4413  -10.7214   -6.3474   -2.8770   -1.7218    2.4884    4.0778    5.7765    7.4706
  0.4571  -10.7410   -6.3526   -2.7932   -1.6729    2.4025    4.0867    5.6759    7.5211
  0.4728  -10.7600   -6.3585   -2.7062   -1.6258    2.3144    4.0990    5.5741    7.5733
  0.4886  -10.7784   -6.3647   -2.6162   -1.5808    2.2237    4.1144    5.4730    7.6244
  0.5044  -10.7959   -6.3712   -2.5232   -1.5378    2.1309    4.1330    5.3746    7.6724
  0.5201  -10.8127   -6.3779   -2.4280   -1.4969    2.0361    4.1544    5.2797    7.7148
  0.5359  -10.8287   -6.3847   -2.3308   -1.4582    1.9392    4.1783    5.1892    7.7500
  0.5516  -10.8438   -6.3915   -2.2320   -1.4218    1.8407    4.2045    5.1036    7.7764
  0.5674  -10.8581   -6.3983   -2.1322   -1.3878    1.7408    4.2325    5.0235    7.7930
  0.5832  -10.8714   -6.4048   -2.0317   -1.3562    1.6400    4.2620    4.9492    7.7996
  0.5989  -10.8837   -6.4110   -1.9312   -1.3269    1.5390    4.2925    4.8807    7.7962
  0.6147  -10.8950   -6.4170   -1.8315   -1.3002    1.4384    4.3234    4.8183    7.7839
  0.6304  -10.9054   -6.4225   -1.7334   -1.2761    1.3391    4.3543    4.7620    7.7641
  0.6462  -10.9147   -6.4277   -1.6379   -1.2544    1.2423    4.3845    4.7118    7.7389
  0.6620  -10.9229   -6.4323   -1.5465   -1.2353    1.1490    4.4133    4.6676    7.7103
  0.6777  -10.9301   -6.4364   -1.4602   -1.2187    1.0613    4.4402    4.6295    7.6806
  0.6935  -10.9362   -6.4399   -1.3809   -1.2045    0.9808    4.4645    4.5975    7.6518
  0.7092  -10.9412   -6.4428   -1.3111   -1.1930    0.9097    4.4854    4.5713    7.6256
  0.7250  -10.9451   -6.4451   -1.2531   -1.1840    0.8506    4.5023    4.5511    7.6035
  0.7408  -10.9479   -6.4468   -1.2092   -1.1776    0.8060    4.5148    4.5366    7.5869
  0.7565  -10.9496   -6.4478   -1.1818   -1.1738    0.7781    4.5225    4.5280    7.5765
  0.7723  -10.9502   -6.4481   -1.1725   -1.1725    0.7686    4.5251    4.5251    7.5730
  0.7723  -10.9502   -6.4481   -1.1725   -1.1725    0.7686    4.5251    4.5251    7.5730
  0.7916  -10.9527   -6.4432   -1.1717   -1.1717    0.7694    4.5255    4.5255    7.5730
  0.8109  -10.9603   -6.4285   -1.1694   -1.1694    0.7719    4.5266    4.5266    7.5728
  0.8302  -10.9728   -6.4041   -1.1655   -1.1655    0.7760    4.5285    4.5285    7.5721
  0.8495  -10.9900   -6.3704   -1.1601   -1.1601    0.7817    4.5310    4.5310    7.5705
  0.8688  -11.0118   -6.3274   -1.1532   -1.1532    0.7890    4.5341    4.5341    7.5674
  0.8881  -11.0377   -6.2749   -1.1446   -1.1446    0.7980    4.5377    4.5377    7.5618
  0.9074  -11.0675   -6.2143   -1.1347   -1.1347    0.8086    4.5417    4.5417    7.5520
  0.9267  -11.1008   -6.1455   -1.1232   -1.1232    0.8207    4.5460    4.5460    7.5362
  0.9460  -11.1373   -6.0689   -1.1102   -1.1102    0.8343    4.5503    4.5503    7.5120
  0.9653  -11.1765   -5.9848   -1.0957   -1.0957    0.8495    4.5546    4.5546    7.4764
  0.9846  -11.2181   -5.8937   -1.0794   -1.0794    0.8661    4.5586    4.5586    7.4269
  1.0039  -11.2618   -5.7960   -1.0621   -1.0621    0.8842    4.5620    4.5620    7.3602
  1.0232  -11.3071   -5.6921   -1.0436   -1.0436    0.9036    4.5646    4.5646    7.2753
  1.0425  -11.3538   -5.5822   -1.0235   -1.0235    0.9243    4.5663    4.5663    7.1729
  1.0618  -11.4014   -5.4670   -1.0022   -1.0022    0.9463    4.5665    4.5665    7.0543
  1.0811  -11.4498   -5.3465   -0.9795   -0.9795    0.9694    4.5653    4.5653    6.9233
  1.1005  -11.4986   -5.2212   -0.9555   -0.9555    0.9936    4.5621    4.5621    6.7823
  1.1198  -11.5476   -5.0910   -0.9301   -0.9301    1.0189    4.5569    4.5569    6.6341
  1.1391  -11.5966   -4.9568   -0.9037   -0.9037    1.0450    4.5491    4.5491    6.4806
  1.1584  -11.6453   -4.8182   -0.8760   -0.8760    1.0717    4.5387    4.5387    6.3238
  1.1777  -11.6935   -4.6762   -0.8471   -0.8471    1.0989    4.5253    4.5253    6.1649
  1.1970  -11.7412   -4.5306   -0.8176   -0.8176    1.1264    4.5087    4.5087    6.0049
  1.2163  -11.7881   -4.3817   -0.7875   -0.7875    1.1537    4.4886    4.4886    5.8445
  1.2356  -11.8341   -4.2297   -0.7561   -0.7561    1.1809    4.4654    4.4654    5.6851
  1.2549  -11.8791   -4.0748   -0.7240   -0.7240    1.2075    4.4388    4.4388    5.5272
  1.2742  -11.9228   -3.9170   -0.6913   -0.6913    1.2332    4.4090    4.4090    5.3712
  1.2935  -11.9653   -3.7570   -0.6579   -0.6579    1.2572    4.3760    4.3760    5.2178
  1.3128  -12.0064   -3.5946   -0.6242   -0.6242    1.2793    4.3400    4.3400    5.0676
  1.3321  -12.0461   -3.4302   -0.5901   -0.5901    1.2986    4.3014    4.3014    4.9212
  1.3514  -12.0842   -3.2638   -0.5558   -0.5558    1.3146    4.2603    4.2603    4.7794
  1.3707  -12.1208   -3.0957   -0.5215   -0.5215    1.3262    4.2173    4.2173    4.6429
  1.3900  -12.1556   -2.9261   -0.4873   -0.4873    1.3327    4.1727    4.1727    4.5125
  1.4093  -12.1887   -2.7551   -0.4533   -0.4533    1.3328    4.1271    4.1271    4.3892
  1.4286  -12.2202   -2.5831   -0.4201   -0.4201    1.3254    4.0806    4.0806    4.2735
  1.4479  -12.2497   -2.4101   -0.3873   -0.3873    1.3097    4.0342    4.0342    4.1669
  1.4672  -12.2773   -2.2363   -0.3553   -0.3553    1.2842    3.9881    3.9881    4.0700
  1.4865  -12.3031   -2.0624   -0.3244   -0.3244    1.2479    3.9429    3.9429    3.9830
  1.5058  -12.3268   -1.8879   -0.2948   -0.2948    1.2004    3.8991    3.8991    3.9072
  1.5251  -12.3487   -1.7135   -0.2667   -0.2667    1.1409    3.8424    3.8572    3.8572
  1.5444  -12.3685   -1.5394   -0.2404   -0.2404    1.0691    3.7881    3.8176    3.8176
  1.5637  -12.3863   -1.3657   -0.2160   -0.2160    0.9856    3.7442    3.7808    3.7808
  1.5830  -12.4020   -1.1930   -0.1938   -0.1938    0.8905    3.7096    3.7472    3.7472
  1.6023  -12.4157   -1.0215   -0.1741   -0.1741    0.7848    3.6831    3.7173    3.7173
  1.6216  -12.4273   -0.8518   -0.1570   -0.1570    0.6693    3.6635    3.6913    3.6913
  1.6409  -12.4368   -0.6844   -0.1427   -0.1427    0.5453    3.6496    3.6696    3.6696
  1.6602  -12.4442   -0.5200   -0.1314   -0.1314    0.4140    3.6401    3.6524    3.6524
  1.6796  -12.4495   -0.3602   -0.1233   -0.1233    0.2774    3.6342    3.6400    3.6400
  1.6989  -12.4527   -0.2104   -0.1184   -0.1184    0.1414    3.6309    3.6324    3.6324
  1.7182  -12.4537   -0.1171   -0.1167   -0.1167    0.0528    3.6299    3.6299    3.6299
  1.7182  -12.4537   -0.1171   -0.1167   -0.1167    0.0528    3.6299    3.6299    3.6299
  1.7404  -12.4523   -0.2280   -0.1221   -0.1218    0.1637    3.6238    3.6370    3.6370
  1.7627  -12.4481   -0.3955   -0.1373   -0.1370    0.3303    3.6058    3.6581    3.6581
  1.7850  -12.4410   -0.5688   -0.1623   -0.1620    0.5022    3.5765    3.6928    3.6928
  1.8073  -12.4312   -0.7435   -0.1964   -0.1961    0.6747    3.5369    3.7406    3.7406
  1.8296  -12.4185   -0.9184   -0.2389   -0.2386    0.8463    3.4882    3.8007    3.8007
  1.8519  -12.4030   -1.0933   -0.2890   -0.2887    1.0164    3.4318    3.8722    3.8722
  1.8742  -12.3847   -1.2678   -0.3457   -0.3454    1.1841    3.3692    3.9542    3.9543
  1.8965  -12.3636   -1.4415   -0.4081   -0.4078    1.3491    3.3019    4.0459    4.0459
  1.9188  -12.3399   -1.6149   -0.4754   -0.4751    1.5096    3.2315    4.1462    4.1462
  1.9411  -12.3133   -1.7875   -0.5467   -0.5464    1.6648    3.1595    4.2542    4.2543
  1.9633  -12.2841   -1.9594   -0.6212   -0.6209    1.8129    3.0878    4.3692    4.3693
  1.9856  -12.2522   -2.1303   -0.6982   -0.6979    1.9515    3.0188    4.4905    4.4906
  2.0079  -12.2177   -2.3004   -0.7770   -0.7768    2.0770    2.9557    4.6174    4.6175
  2.0302  -12.1805   -2.4696   -0.8573   -0.8570    2.1839    2.9036    4.7495    4.7496
  2.0525  -12.1408   -2.6377   -0.9382   -0.9379    2.2631    2.8703    4.8858    4.8859
  2.0748  -12.0986   -2.8047   -1.0194   -1.0192    2.3058    2.8637    5.0261    5.0261
  2.0971  -12.0538   -2.9706   -1.1006   -1.1004    2.3097    2.8850    5.1699    5.1700
  2.1194  -12.0067   -3.1353   -1.1814   -1.1811    2.2831    2.9244    5.3168    5.3169
  2.1417  -11.9572   -3.2992   -1.2614   -1.2611    2.2380    2.9684    5.4666    5.4667
  2.1639  -11.9054   -3.4613   -1.3404   -1.3402    2.1832    3.0078    5.6189    5.6190
  2.1862  -11.8514   -3.6220   -1.4181   -1.4179    2.1238    3.0367    5.7734    5.7735
  2.2085  -11.7951   -3.7813   -1.4939   -1.4937    2.0627    3.0521    5.9305    5.9306
  2.2308  -11.7368   -3.9389   -1.5681   -1.5679    2.0018    3.0529    6.0894    6.0895
  2.2531  -11.6766   -4.0947   -1.6409   -1.6407    1.9418    3.0390    6.2493    6.2494
  2.2754  -11.6146   -4.2489   -1.7117   -1.7115    1.8834    3.0111    6.4105    6.4106
  2.2977  -11.5509   -4.4014   -1.7805   -1.7803    1.8272    2.9707    6.5728    6.5729
  2.3200  -11.4856   -4.5520   -1.8472   -1.8470    1.7735    2.9199    6.7361    6.7362
  2.3423  -11.4189   -4.7000   -1.9113   -1.9111    1.7228    2.8605    6.9003    6.9004
  2.3646  -11.3510   -4.8456   -1.9729   -1.9727    1.6751    2.7943    7.0651    7.0653
  2.3868  -11.2820   -4.9886   -2.0320   -2.0318    1.6306    2.7229    7.2302    7.2303
  2.4091  -11.2122   -5.1287   -2.0884   -2.0882    1.5895    2.6478    7.3957    7.3957
  2.4314  -11.1419   -5.2656   -2.1422   -2.1420    1.5519    2.5704    7.5610    7.5611
  2.4537  -11.0713   -5.3992   -2.1931   -2.1929    1.5178    2.4918    7.7261    7.7273
  2.4760  -11.0007   -5.5290   -2.2413   -2.2411    1.4873    2.4129    7.8906    7.8909
  2.4983  -10.9305   -5.6547   -2.2865   -2.2863    1.4605    2.3346    8.0542    8.0565
  2.5206  -10.8611   -5.7759   -2.3289   -2.3287    1.4375    2.2575    8.2163    8.2164
  2.5429  -10.7930   -5.8920   -2.3682   -2.3680    1.4183    2.1821    8.3764    8.3768
  2.5652  -10.7266   -6.0026   -2.4046   -2.4044    1.4029    2.1091    8.5339    8.5344
  2.5875  -10.6625   -6.1071   -2.4378   -2.4376    1.3914    2.0387    8.6879    8.6895
  2.6097  -10.6013   -6.2049   -2.4680   -2.4678    1.3838    1.9714    8.8374    8.8418
  2.6320  -10.5438   -6.2953   -2.4951   -2.4949    1.3801    1.9074    8.9810    8.9821
  2.6543  -10.4905   -6.3776   -2.5192   -2.5190    1.3801    1.8470    9.1171    9.1172
  2.6766  -10.4422   -6.4510   -2.5400   -2.5398    1.3840    1.7905    9.2439    9.2456
  2.6989  -10.3998   -6.5148   -2.5577   -2.5575    1.3914    1.7383    9.3588    9.3614
  2.7212  -10.3638   -6.5685   -2.5723   -2.5721    1.4021    1.6906    9.4589    9.4595
  2.7435  -10.3350   -6.6109   -2.5836   -2.5834    1.4155    1.6485    9.5416    9.5435
  2.7658  -10.3140   -6.6416   -2.5916   -2.5914    1.4301    1.6133    9.6036    9.6044
  2.7881  -10.3012   -6.6603   -2.5964   -2.5962    1.4429    1.5882    9.6421    9.6457
  2.8103  -10.2968   -6.6661   -2.5980   -2.5978    1.4484    1.5788    9.6555    9.6563
  2.8103  -10.2968   -6.6661   -2.5980   -2.5978    1.4484    1.5788    9.6554    9.6564
  2.8215  -10.2968   -6.6660   -2.5990   -2.5986    1.4504    1.5808    9.6515    9.6533
  2.8326  -10.2967   -6.6657   -2.6020   -2.6011    1.4563    1.5867    9.6387    9.6406
  2.8438  -10.2965   -6.6649   -2.6070   -2.6049    1.4660    1.5967    9.6183    9.6205
  2.8549  -10.2963   -6.6639   -2.6141   -2.6103    1.4797    1.6106    9.5894    9.5930
  2.8661  -10.2960   -6.6625   -2.6230   -2.6172    1.4971    1.6285    9.5523    9.5597
  2.8772  -10.2956   -6.6608   -2.6337   -2.6255    1.5184    1.6502    9.5080    9.5181
  2.8884  -10.2951   -6.6587   -2.6463   -2.6351    1.5433    1.6757    9.4595    9.4742
  2.8995  -10.2946   -6.6563   -2.6605   -2.6459    1.5719    1.7049    9.3974    9.4168
  2.9106  -10.2940   -6.6537   -2.6763   -2.6580    1.6041    1.7376    9.3318    9.3573
  2.9218  -10.2933   -6.6508   -2.6935   -2.6713    1.6397    1.7739    9.2604    9.2929
  2.9329  -10.2926   -6.6475   -2.7122   -2.6855    1.6787    1.8134    9.1826    9.2233
  2.9441  -10.2919   -6.6439   -2.7320   -2.7006    1.7210    1.8563    9.0999    9.1494
  2.9552  -10.2910   -6.6402   -2.7530   -2.7166    1.7664    1.9023    9.0121    9.0714
  2.9664  -10.2902   -6.6362   -2.7751   -2.7334    1.8150    1.9512    8.9199    8.9897
  2.9775  -10.2893   -6.6320   -2.7980   -2.7509    1.8666    2.0030    8.8237    8.9045
  2.9887  -10.2883   -6.6276   -2.8217   -2.7689    1.9210    2.0576    8.7239    8.8163
  2.9998  -10.2873   -6.6230   -2.8460   -2.7873    1.9782    2.1149    8.6209    8.7254
  3.0110  -10.2863   -6.6182   -2.8709   -2.8061    2.0382    2.1746    8.5152    8.6319
  3.0221  -10.2853   -6.6132   -2.8962   -2.8252    2.1007    2.2367    8.4069    8.5363
  3.0332  -10.2842   -6.6080   -2.9218   -2.8445    2.1657    2.3011    8.2965    8.4387
  3.0444  -10.2831   -6.6028   -2.9476   -2.8638    2.2332    2.3676    8.1842    8.3394
  3.0555  -10.2819   -6.5972   -2.9733   -2.8831    2.3030    2.4363    8.0704    8.2387
  3.0667  -10.2808   -6.5918   -2.9991   -2.9024    2.3750    2.5068    7.9552    8.1367
  3.0778  -10.2797   -6.5862   -3.0248   -2.9216    2.4492    2.5791    7.8388    8.0336
  3.0890  -10.2785   -6.5806   -3.0504   -2.9405    2.5254    2.6530    7.7215    7.9296
  3.1001  -10.2774   -6.5750   -3.0756   -2.9594    2.6036    2.7284    7.6028    7.8244
  3.1113  -10.2763   -6.5693   -3.1004   -2.9777    2.6838    2.8053    7.4841    7.7193
  3.1224  -10.2752   -6.5637   -3.1247   -2.9956    2.7658    2.8836    7.3650    7.6139
  3.1335  -10.2740   -6.5581   -3.1485   -3.0130    2.8496    2.9629    7.2455    7.5083
  3.1447  -10.2730   -6.5526   -3.1716   -3.0301    2.9350    3.0433    7.1256    7.4028
  3.1558  -10.2719   -6.5472   -3.1940   -3.0464    3.0221    3.1245    7.0059    7.2976
  3.1670  -10.2709   -6.5418   -3.2156   -3.0620    3.1107    3.2065    6.8863    7.1928
  3.1781  -10.2699   -6.5366   -3.2363   -3.0770    3.2008    3.2889    6.7668    7.0887
  3.1893  -10.2689   -6.5316   -3.2562   -3.0913    3.2923    3.3717    6.6476    6.9855
  3.2004  -10.2680   -6.5268   -3.2750   -3.1049    3.3851    3.4545    6.5288    6.8835
  3.2116  -10.2671   -6.5221   -3.2928   -3.1176    3.4791    3.5370    6.4106    6.7830
  3.2227  -10.2663   -6.5177   -3.3095   -3.1295    3.5742    3.6190    6.2929    6.6843
  3.2338  -10.2654   -6.5135   -3.3250   -3.1404    3.6704    3.7001    6.1761    6.5879
  3.2450  -10.2647   -6.5097   -3.3394   -3.1503    3.7676    3.7798    6.0602    6.4942
  3.2561  -10.2640   -6.5061   -3.3525   -3.1596    3.8573    3.8652    5.9454    6.4039
  3.2673  -10.2634   -6.5029   -3.3644   -3.1680    3.9321    3.9631    5.8321    6.3177
  3.2784  -10.2629   -6.5000   -3.3751   -3.1757    4.0030    4.0609    5.7203    6.2361
  3.2896  -10.2625   -6.4975   -3.3844   -3.1822    4.0693    4.1582    5.6112    6.1609
  3.3007  -10.2621   -6.4953   -3.3922   -3.1878    4.1297    4.2539    5.5054    6.0931
  3.3119  -10.2617   -6.4935   -3.3986   -3.1923    4.1825    4.3466    5.4046    6.0342
  3.3230  -10.2615   -6.4921   -3.4037   -3.1958    4.2261    4.4333    5.3114    5.9858
  3.3342  -10.2613   -6.4911   -3.4073   -3.1984    4.2588    4.5088    5.2313    5.9497
  3.3453  -10.2612   -6.4905   -3.4095   -3.1999    4.2791    4.5636    5.1738    5.9273
  3.3564  -10.2611   -6.4903   -3.4102   -3.2004    4.2861    4.5843    5.1522    5.9197
  3.3564  -10.2611   -6.4903   -3.4102   -3.2004    4.2861    4.5843    5.1522    5.9197
  3.3676  -10.2612   -6.4905   -3.4095   -3.1999    4.2791    4.5636    5.1738    5.9273
  3.3787  -10.2613   -6.4911   -3.4073   -3.1984    4.2588    4.5088    5.2313    5.9497
  3.3899  -10.2615   -6.4921   -3.4037   -3.1958    4.2261    4.4333    5.3114    5.9858
  3.4010  -10.2617   -6.4935   -3.3986   -3.1923    4.1825    4.3466    5.4046    6.0342
  3.4122  -10.2621   -6.4953   -3.3922   -3.1878    4.1297    4.2539    5.5054    6.0931
  3.4233  -10.2625   -6.4975   -3.3844   -3.1822    4.0693    4.1582    5.6112    6.1609
  3.4345  -10.2629   -6.5000   -3.3751   -3.1757    4.0030    4.0609    5.7203    6.2361
  3.4456  -10.2634   -6.5029   -3.3644   -3.1680    3.9321    3.9631    5.8321    6.3177
  3.4567  -10.2640   -6.5061   -3.3525   -3.1596    3.8573    3.8652    5.9454    6.4039
  3.4679  -10.2647   -6.5097   -3.3394   -3.1503    3.7676    3.7798    6.0602    6.4942
  3.4790  -10.2654   -6.5135   -3.3250   -3.1404    3.6704    3.7001    6.1761    6.5879
  3.4902  -10.2663   -6.5177   -3.3095   -3.1295    3.5742    3.6190    6.2929    6.6843
  3.5013  -10.2671   -6.5221   -3.2928   -3.1176    3.4791    3.5370    6.4106    6.7830
  3.5125  -10.2680   -6.5268   -3.2750   -3.1049    3.3851    3.4545    6.5288    6.8835
  3.5236  -10.2689   -6.5316   -3.2562   -3.0913    3.2923    3.3717    6.6476    6.9855
  3.5348  -10.2699   -6.5366   -3.2363   -3.0770    3.2008    3.2889    6.7668    7.0887
  3.5459  -10.2709   -6.5418   -3.2156   -3.0620    3.1107    3.2065    6.8863    7.1928
  3.5570  -10.2719   -6.5472   -3.1940   -3.0464    3.0221    3.1245    7.0059    7.2976
  3.5682  -10.2730   -6.5526   -3.1716   -3.0301    2.9350    3.0433    7.1256    7.4028
  3.5793  -10.2740   -6.5581   -3.1485   -3.0130    2.8496    2.9629    7.2455    7.5083
  3.5905  -10.2752   -6.5637   -3.1247   -2.9956    2.7658    2.8836    7.3650    7.6139
  3.6016  -10.2763   -6.5693   -3.1004   -2.9777    2.6838    2.8053    7.4841    7.7193
  3.6128  -10.2774   -6.5750   -3.0756   -2.9594    2.6036    2.7284    7.6028    7.8244
  3.6239  -10.2785   -6.5806   -3.0504   -2.9405    2.5254    2.6530    7.7215    7.9296
  3.6351  -10.2797   -6.5862   -3.0248   -2.9216    2.4492    2.5791    7.8388    8.0336
  3.6462  -10.2808   -6.5918   -2.9991   -2.9024    2.3750    2.5068    7.9552    8.1367
  3.6573  -10.2819   -6.5972   -2.9733   -2.8831    2.3030    2.4363    8.0704    8.2387
  3.6685  -10.2831   -6.6028   -2.9476   -2.8638    2.2332    2.3676    8.1842    8.3394
  3.6796  -10.2842   -6.6080   -2.9218   -2.8445    2.1657    2.3011    8.2965    8.4387
  3.6908  -10.2853   -6.6132   -2.8962   -2.8252    2.1007    2.2367    8.4069    8.5363
  3.7019  -10.2863   -6.6182   -2.8709   -2.8061    2.0382    2.1746    8.5151    8.6319
  3.7131  -10.2873   -6.6230   -2.8460   -2.7873    1.9782    2.1149    8.6209    8.7254
  3.7242  -10.2883   -6.6276   -2.8217   -2.7689    1.9210    2.0576    8.7239    8.8164
  3.7354  -10.2893   -6.6320   -2.7980   -2.7509    1.8666    2.0030    8.8237    8.9045
  3.7465  -10.2902   -6.6362   -2.7751   -2.7334    1.8150    1.9512    8.9199    8.9897
  3.7577  -10.2910   -6.6402   -2.7530   -2.7166    1.7664    1.9023    9.0121    9.0714
  3.7688  -10.2919   -6.6439   -2.7320   -2.7006    1.7210    1.8563    9.1000    9.1495
  3.7799  -10.2926   -6.6475   -2.7122   -2.6855    1.6787    1.8134    9.1834    9.2243
  3.7911  -10.2933   -6.6508   -2.6935   -2.6713    1.6397    1.7739    9.2601    9.2938
  3.8022  -10.2940   -6.6537   -2.6763   -2.6580    1.6041    1.7376    9.3318    9.3573
  3.8134  -10.2946   -6.6563   -2.6605   -2.6459    1.5719    1.7049    9.3974    9.4167
  3.8245  -10.2951   -6.6587   -2.6463   -2.6351    1.5433    1.6757    9.4569    9.4725
  3.8357  -10.2956   -6.6608   -2.6337   -2.6255    1.5184    1.6502    9.5089    9.5179
  3.8468  -10.2960   -6.6625   -2.6230   -2.6172    1.4971    1.6285    9.5531    9.5597
  3.8580  -10.2963   -6.6639   -2.6141   -2.6103    1.4797    1.6106    9.5894    9.5936
  3.8691  -10.2965   -6.6649   -2.6070   -2.6049    1.4660    1.5967    9.6178    9.6202
  3.8802  -10.2967   -6.6657   -2.6020   -2.6011    1.4563    1.5867    9.6385    9.6398
  3.8914  -10.2968   -6.6660   -2.5990   -2.5986    1.4504    1.5808    9.6514    9.6559
  3.9025  -10.2968   -6.6661   -2.5980   -2.5978    1.4484    1.5788    9.6555    9.6560
