     #Energy           s           p           d       tot  
   -11.97578     0.00000     0.00000     0.00000     0.00000
   -11.86178     0.00000     0.00000     0.00000     0.00000
   -11.74778     0.00000     0.00000     0.00000     0.00000
   -11.63378     0.00000     0.00000     0.00000     0.00000
   -11.51978     0.00000     0.00000     0.00000     0.00000
   -11.40578     0.00000     0.00000     0.00000     0.00000
   -11.29178     0.00000     0.00000     0.00000     0.00000
   -11.17778     0.00000     0.00000     0.00000     0.00000
   -11.06378     0.00000     0.00000     0.00000     0.00000
   -10.94978     0.00000     0.00000     0.00000     0.00000
   -10.83578     0.00000     0.00000     0.00000     0.00000
   -10.72178     0.00000     0.00000     0.00000     0.00000
   -10.60778     0.00000     0.00000     0.00000     0.00000
   -10.49378     0.00000     0.00000     0.00000     0.00000
   -10.37978     0.00000     0.00000     0.00000     0.00000
   -10.26678     0.00000     0.00000     0.00000     0.00000
   -10.15278     0.00000     0.00000     0.00000     0.00000
   -10.03878     0.00000     0.00000     0.00000     0.00000
    -9.92478     0.00073     0.00000     0.00000     0.00073
    -9.81078     0.00264     0.00002     0.00000     0.00266
    -9.69678     0.00529     0.00007     0.00000     0.00536
    -9.58278     0.00852     0.00015     0.00001     0.00869
    -9.46878     0.01229     0.00028     0.00003     0.01260
    -9.35478     0.01655     0.00046     0.00006     0.01707
    -9.24078     0.02125     0.00070     0.00011     0.02206
    -9.12678     0.02639     0.00099     0.00019     0.02757
    -9.01278     0.03195     0.00136     0.00030     0.03361
    -8.89878     0.03788     0.00180     0.00046     0.04014
    -8.78478     0.04422     0.00233     0.00069     0.04724
    -8.67078     0.05096     0.00294     0.00099     0.05490
    -8.55678     0.05809     0.00365     0.00141     0.06315
    -8.44278     0.06565     0.00446     0.00195     0.07206
    -8.32878     0.07364     0.00538     0.00267     0.08169
    -8.21478     0.08208     0.00642     0.00362     0.09212
    -8.10078     0.09101     0.00760     0.00486     0.10346
    -7.98678     0.10048     0.00891     0.00649     0.11588
    -7.87278     0.11056     0.01039     0.00868     0.12963
    -7.75878     0.12136     0.01205     0.01162     0.14502
    -7.64478     0.13305     0.01391     0.01572     0.16268
    -7.53078     0.14603     0.01602     0.02185     0.18390
    -7.41678     0.16214     0.01846     0.03517     0.21578
    -7.30278     0.18193     0.02126     0.05962     0.26280
    -7.18878     0.20277     0.02435     0.09026     0.31738
    -7.07478     0.22397     0.02781     0.13039     0.38216
    -6.96078     0.24670     0.03188     0.18808     0.46666
    -6.84678     0.27076     0.03669     0.26189     0.56934
    -6.73278     0.29467     0.04198     0.35923     0.69589
    -6.61878     0.31751     0.04757     0.48643     0.85151
    -6.50478     0.33781     0.05317     0.63066     1.02164
    -6.39078     0.35433     0.05857     0.77638     1.18928
    -6.27678     0.36767     0.06391     0.91783     1.34941
    -6.16278     0.37844     0.06936     1.05528     1.50308
    -6.04878     0.38696     0.07517     1.19200     1.65412
    -5.93478     0.39273     0.08098     1.32142     1.79512
    -5.82078     0.39574     0.08614     1.43033     1.91221
    -5.70678     0.39716     0.09108     1.52656     2.01480
    -5.59278     0.39860     0.09806     1.65002     2.14668
    -5.47978     0.40065     0.10700     1.80474     2.31240
    -5.36578     0.40264     0.11560     1.97195     2.49019
    -5.25178     0.40473     0.12333     2.15032     2.67838
    -5.13778     0.40727     0.13012     2.32590     2.86329
    -5.02378     0.41045     0.13738     2.50849     3.05632
    -4.90978     0.41420     0.14572     2.69855     3.25847
    -4.79578     0.41852     0.15469     2.89014     3.46335
    -4.68178     0.42359     0.16485     3.10299     3.69143
    -4.56778     0.42900     0.17632     3.34832     3.95365
    -4.45378     0.43437     0.18881     3.65925     4.28243
    -4.33978     0.43922     0.20069     3.95758     4.59749
    -4.22578     0.44334     0.21068     4.16930     4.82331
    -4.11178     0.44702     0.21848     4.32966     4.99516
    -3.99778     0.45040     0.22677     4.48718     5.16435
    -3.88378     0.45335     0.23572     4.65586     5.34493
    -3.76978     0.45586     0.24316     4.80665     5.50567
    -3.65578     0.45824     0.25011     4.96702     5.67537
    -3.54178     0.46060     0.25682     5.15422     5.87164
    -3.42778     0.46285     0.26326     5.35499     6.08110
    -3.31378     0.46568     0.26953     5.57759     6.31279
    -3.19978     0.46855     0.27534     5.80434     6.54823
    -3.08578     0.47065     0.28043     6.00044     6.75152
    -2.97178     0.47249     0.28504     6.17585     6.93338
    -2.85778     0.47418     0.28924     6.34362     7.10704
    -2.74378     0.47576     0.29307     6.50798     7.27681
    -2.62978     0.47727     0.29657     6.67284     7.44668
    -2.51578     0.47874     0.29976     6.84181     7.62032
    -2.40178     0.48024     0.30271     7.01956     7.80251
    -2.28778     0.48180     0.30548     7.21480     8.00207
    -2.17378     0.48349     0.30811     7.44577     8.23738
    -2.05978     0.48538     0.31054     7.74154     8.53746
    -1.94578     0.48737     0.31272     8.03343     8.83353
    -1.83178     0.48943     0.31476     8.23603     9.04023
    -1.71778     0.49166     0.31680     8.38089     9.18936
    -1.60378     0.49411     0.31894     8.45922     9.27227
    -1.48978     0.49678     0.32129     8.48342     9.30150
    -1.37578     0.49966     0.32391     8.50693     9.33050
    -1.26178     0.50274     0.32681     8.52953     9.35908
    -1.14778     0.50603     0.32999     8.55130     9.38732
    -1.03378     0.50949     0.33350     8.57248     9.41547
    -0.91978     0.51313     0.33733     8.59297     9.44343
    -0.80578     0.51693     0.34145     8.61280     9.47118
    -0.69278     0.52086     0.34578     8.63211     9.49876
    -0.57878     0.52495     0.35030     8.65083     9.52608
    -0.46478     0.52918     0.35499     8.66898     9.55315
    -0.35078     0.53353     0.35988     8.68667     9.58007
    -0.23678     0.53801     0.36493     8.70384     9.60678
    -0.12278     0.54261     0.37014     8.72049     9.63325
    -0.00878     0.54733     0.37551     8.73670     9.65953
     0.10522     0.55215     0.38102     8.75244     9.68561
     0.21922     0.55709     0.38668     8.76773     9.71150
     0.33322     0.56213     0.39249     8.78259     9.73722
     0.44722     0.56726     0.39844     8.79706     9.76276
     0.56122     0.57248     0.40453     8.81109     9.78809
     0.67522     0.57780     0.41077     8.82469     9.81325
     0.78922     0.58319     0.41716     8.83791     9.83826
     0.90322     0.58867     0.42371     8.85075     9.86313
     1.01722     0.59422     0.43048     8.86324     9.88794
     1.13122     0.59986     0.43745     8.87537     9.91267
     1.24522     0.60555     0.44443     8.88713     9.93711
     1.35922     0.61131     0.45136     8.89853     9.96120
     1.47322     0.61716     0.45826     8.90956     9.98498
     1.58722     0.62309     0.46516     8.92027    10.00851
     1.70122     0.62910     0.47202     8.93066    10.03177
     1.81522     0.63520     0.47882     8.94071    10.05473
     1.92922     0.64141     0.48552     8.95040    10.07734
     2.04322     0.64772     0.49208     8.95972    10.09952
     2.15722     0.65417     0.49852     8.96871    10.12139
     2.27122     0.66080     0.50483     8.97740    10.14303
     2.38522     0.66767     0.51099     8.98582    10.16448
     2.49922     0.67487     0.51698     8.99398    10.18583
     2.61322     0.68240     0.52272     9.00184    10.20697
     2.72722     0.69034     0.52818     9.00940    10.22792
     2.84122     0.69878     0.53340     9.01673    10.24891
     2.95522     0.70783     0.53838     9.02389    10.27010
     3.06922     0.72384     0.54351     9.03555    10.30290
     3.18322     0.74577     0.54906     9.05103    10.34586
     3.29722     0.76521     0.55481     9.06435    10.38437
     3.41122     0.78195     0.56063     9.07564    10.41823
     3.52522     0.79703     0.56655     9.08578    10.44936
     3.63922     0.81075     0.57254     9.09499    10.47828
     3.75322     0.82326     0.57857     9.10349    10.50533
     3.86722     0.83477     0.58462     9.11142    10.53082
     3.98122     0.84513     0.59054     9.11876    10.55443
     4.09522     0.85454     0.59643     9.12565    10.57663
     4.20822     0.86330     0.60247     9.13231    10.59808
     4.32222     0.87137     0.60862     9.13871    10.61871
     4.43622     0.87922     0.61520     9.14510    10.63951
     4.55022     0.88733     0.62297     9.15187    10.66217
     4.66422     0.89530     0.63181     9.15891    10.68602
     4.77822     0.90325     0.64115     9.16601    10.71042
     4.89222     0.91181     0.65080     9.17322    10.73583
     5.00622     0.92136     0.66081     9.18060    10.76278
     5.12022     0.93214     0.67125     9.18824    10.79164
     5.23422     0.94354     0.68175     9.19591    10.82120
     5.34822     0.95521     0.69227     9.20355    10.85104
     5.46222     0.96719     0.70297     9.21126    10.88143
     5.57622     0.97943     0.71376     9.21902    10.91222
     5.69022     0.99186     0.72447     9.22673    10.94305
     5.80422     1.00374     0.73503     9.23415    10.97292
     5.91822     1.01476     0.74543     9.24116    11.00134
     6.03222     1.02538     0.75589     9.24800    11.02927
     6.14622     1.03558     0.76588     9.25444    11.05590
     6.26022     1.04528     0.77504     9.26029    11.08060
     6.37422     1.05457     0.78380     9.26577    11.10414
     6.48822     1.06355     0.79224     9.27096    11.12675
     6.60222     1.07228     0.80040     9.27590    11.14858
     6.71622     1.08078     0.80861     9.28074    11.17014
     6.83022     1.08908     0.81707     9.28558    11.19172
     6.94422     1.09717     0.82560     9.29033    11.21310
     7.05822     1.10505     0.83420     9.29503    11.23429
     7.17222     1.11281     0.84319     9.29984    11.25584
     7.28622     1.12064     0.85295     9.30513    11.27872
     7.40022     1.12890     0.86415     9.31161    11.30467
     7.51422     1.13727     0.87628     9.31884    11.33238
     7.62822     1.14522     0.88843     9.32593    11.35959
     7.74222     1.15287     0.90077     9.33306    11.38671
     7.85622     1.16027     0.91342     9.34031    11.41400
     7.97022     1.16744     0.92635     9.34767    11.44146
     8.08422     1.17435     0.93954     9.35511    11.46900
     8.19822     1.18099     0.95286     9.36253    11.49638
     8.31222     1.18736     0.96627     9.36985    11.52348
     8.42622     1.19350     0.97984     9.37715    11.55050
     8.54022     1.19945     0.99358     9.38447    11.57750
     8.65422     1.20522     1.00749     9.39182    11.60453
     8.76822     1.21082     1.02159     9.39919    11.63160
     8.88222     1.21626     1.03586     9.40658    11.65870
     8.99522     1.22153     1.05025     9.41393    11.68570
     9.10922     1.22663     1.06472     9.42120    11.71255
     9.22322     1.23157     1.07928     9.42841    11.73926
     9.33722     1.23637     1.09391     9.43558    11.76585
     9.45122     1.24102     1.10864     9.44270    11.79236
     9.56522     1.24554     1.12423     9.45073    11.82050
     9.67922     1.24994     1.14077     9.45965    11.85036
     9.79322     1.25423     1.15798     9.46886    11.88107
     9.90722     1.25841     1.17603     9.47846    11.91291
    10.02122     1.26247     1.19479     9.48821    11.94548
    10.13522     1.26641     1.21449     9.49811    11.97902
    10.24922     1.27024     1.23571     9.50818    12.01413
    10.36322     1.27398     1.25761     9.51837    12.04995
    10.47722     1.27762     1.27931     9.52858    12.08551
    10.59122     1.28118     1.30093     9.53881    12.12092
    10.70522     1.28464     1.32249     9.54910    12.15623
    10.81922     1.28801     1.34408     9.55949    12.19158
    10.93322     1.29129     1.36557     9.56991    12.22677
    11.04722     1.29448     1.38690     9.58031    12.26169
    11.16122     1.29760     1.40816     9.59074    12.29650
    11.27522     1.30065     1.42945     9.60126    12.33136
    11.38922     1.30361     1.45074     9.61186    12.36621
    11.50322     1.30650     1.47185     9.62247    12.40081
    11.61722     1.30931     1.49281     9.63309    12.43522
    11.73122     1.31206     1.51379     9.64378    12.46964
    11.84522     1.31473     1.53475     9.65451    12.50400
    11.95922     1.31734     1.55556     9.66523    12.53812
    12.07322     1.31988     1.57621     9.67595    12.57204
    12.18722     1.32235     1.59676     9.68673    12.60584
    12.30122     1.32476     1.61719     9.69755    12.63950
    12.41522     1.32710     1.63746     9.70837    12.67293
    12.52922     1.32939     1.65761     9.71919    12.70618
    12.64322     1.33162     1.67770     9.73006    12.73937
    12.75722     1.33379     1.69773     9.74097    12.77249
    12.87122     1.33590     1.71760     9.75186    12.80537
    12.98522     1.33795     1.73723     9.76271    12.83789
    13.09922     1.33993     1.75667     9.77356    12.87016
    13.21322     1.34187     1.77596     9.78443    12.90225
    13.32722     1.34374     1.79504     9.79529    12.93408
    13.44122     1.34556     1.81392     9.80613    12.96561
    13.55522     1.34733     1.83263     9.81698    12.99694
    13.66922     1.34904     1.85120     9.82787    13.02810
    13.78222     1.35070     1.86958     9.83876    13.05905
    13.89622     1.35232     1.88772     9.84965    13.08969
    14.01022     1.35389     1.90563     9.86056    13.12007
    14.12422     1.35541     1.92331     9.87149    13.15021
    14.23822     1.35688     1.94073     9.88242    13.18004
    14.35222     1.35831     1.95790     9.89337    13.20958
    14.46622     1.35969     1.97485     9.90438    13.23892
    14.58022     1.36103     1.99163     9.91552    13.26818
    14.69422     1.36233     2.00931     9.92820    13.29984
    14.80822     1.36357     2.02643     9.94071    13.33070
    14.92222     1.36473     2.04164     9.95136    13.35773
    15.03622     1.36584     2.05620     9.96165    13.38368
    15.15022     1.36692     2.07019     9.97160    13.40871
    15.26422     1.36797     2.08368     9.98125    13.43290
    15.37822     1.36900     2.09678     9.99069    13.45648
    15.49222     1.37002     2.10964    10.00005    13.47971
    15.60622     1.37104     2.12260    10.00963    13.50327
    15.72022     1.37205     2.13533    10.01925    13.52664
    15.83422     1.37304     2.14760    10.02846    13.54910
    15.94822     1.37402     2.15978    10.03730    13.57109
    16.06222     1.37497     2.17157    10.04584    13.59237
    16.17622     1.37588     2.18267    10.05401    13.61257
    16.29022     1.37682     2.19323    10.06194    13.63199
    16.40422     1.37778     2.20337    10.06979    13.65094
    16.51822     1.37866     2.21271    10.07623    13.66760
    16.63222     1.37940     2.22111    10.08084    13.68135
    16.74622     1.38005     2.22904    10.08487    13.69396
    16.86022     1.38066     2.23669    10.08876    13.70610
    16.97422     1.38119     2.24407    10.09238    13.71763
    17.08822     1.38165     2.25128    10.09559    13.72852
    17.20222     1.38205     2.25837    10.09853    13.73895
    17.31622     1.38240     2.26535    10.10123    13.74898
    17.43022     1.38270     2.27218    10.10375    13.75863
    17.54422     1.38297     2.27860    10.10610    13.76767
    17.65822     1.38321     2.28449    10.10833    13.77602
    17.77222     1.38341     2.29011    10.11045    13.78398
    17.88622     1.38360     2.29554    10.11247    13.79161
    18.00022     1.38376     2.30078    10.11439    13.79893
    18.11422     1.38390     2.30597    10.11624    13.80611
    18.22822     1.38402     2.31128    10.11807    13.81337
    18.34222     1.38413     2.31683    10.11990    13.82086
    18.45622     1.38423     2.32311    10.12180    13.82913
    18.56922     1.38431     2.32983    10.12369    13.83783
    18.68322     1.38438     2.33560    10.12535    13.84533
    18.79722     1.38442     2.34011    10.12671    13.85124
    18.91122     1.38444     2.34379    10.12786    13.85609
    19.02522     1.38445     2.34698    10.12885    13.86028
    19.13922     1.38446     2.34987    10.12968    13.86401
    19.25322     1.38446     2.35205    10.13033    13.86685
    19.36722     1.38447     2.35341    10.13082    13.86870
    19.48122     1.38447     2.35440    10.13121    13.87008
    19.59522     1.38447     2.35513    10.13152    13.87112
    19.70922     1.38447     2.35558    10.13170    13.87175
    19.82322     1.38447     2.35580    10.13180    13.87207
    19.93722     1.38447     2.35590    10.13185    13.87222
    20.05122     1.38447     2.35595    10.13187    13.87229
    20.16522     1.38447     2.35596    10.13187    13.87230
    20.27922     1.38447     2.35596    10.13187    13.87231
    20.39322     1.38447     2.35596    10.13187    13.87231
    20.50722     1.38447     2.35596    10.13187    13.87231
    20.62122     1.38447     2.35596    10.13187    13.87231
    20.73522     1.38447     2.35596    10.13187    13.87231
    20.84922     1.38447     2.35596    10.13187    13.87231
    20.96322     1.38447     2.35596    10.13187    13.87231
    21.07722     1.38447     2.35596    10.13187    13.87231
    21.19122     1.38447     2.35596    10.13187    13.87231
    21.30522     1.38447     2.35596    10.13187    13.87231
    21.41922     1.38447     2.35596    10.13187    13.87231
    21.53322     1.38447     2.35596    10.13187    13.87231
    21.64722     1.38447     2.35596    10.13187    13.87231
    21.76122     1.38447     2.35596    10.13187    13.87231
    21.87522     1.38447     2.35596    10.13187    13.87231
    21.98922     1.38447     2.35596    10.13187    13.87231
    22.10322     1.38447     2.35596    10.13187    13.87231
    22.21722     1.38447     2.35596    10.13187    13.87231
