  #energy          xx             yy              zz              xy              yz              zx
  0.00000000E+00  0.00000000E+00  0.00000000E+00  0.00000000E+00  0.00000000E+00  0.00000000E+00  0.00000000E+00
  0.35200000E-01  0.59888176E-01  0.59888176E-01  0.59888176E-01  0.75372970E-03  0.75372970E-03  0.75372970E-03
  0.70500000E-01  0.12950988E+00  0.12950988E+00  0.12950988E+00  0.22348281E-02  0.22348281E-02  0.22348281E-02
  0.10570000E+00  0.21762514E+00  0.21762514E+00  0.21762514E+00  0.36806331E-02  0.36806331E-02  0.36806331E-02
  0.14090000E+00  0.33076218E+00  0.33076218E+00  0.33076218E+00  0.58137327E-02  0.58137327E-02  0.58137327E-02
  0.17620000E+00  0.47185448E+00  0.47185448E+00  0.47185448E+00  0.79689195E-02  0.79689195E-02  0.79689195E-02
  0.21140000E+00  0.63896773E+00  0.63896773E+00  0.63896773E+00  0.11508185E-01  0.11508185E-01  0.11508185E-01
  0.24660000E+00  0.82468588E+00  0.82468588E+00  0.82468588E+00  0.14421763E-01  0.14421763E-01  0.14421763E-01
  0.28190000E+00  0.10165595E+01  0.10165595E+01  0.10165595E+01  0.18174603E-01  0.18174603E-01  0.18174603E-01
  0.31710000E+00  0.11989094E+01  0.11989094E+01  0.11989094E+01  0.21470349E-01  0.21470349E-01  0.21470349E-01
  0.35230000E+00  0.13558953E+01  0.13558953E+01  0.13558953E+01  0.24411370E-01  0.24411370E-01  0.24411370E-01
  0.38760000E+00  0.14755740E+01  0.14755740E+01  0.14755740E+01  0.26426672E-01  0.26426672E-01  0.26426672E-01
  0.42280000E+00  0.15542293E+01  0.15542293E+01  0.15542293E+01  0.27638895E-01  0.27638895E-01  0.27638895E-01
  0.45800000E+00  0.15995422E+01  0.15995422E+01  0.15995422E+01  0.28284271E-01  0.28284271E-01  0.28284271E-01
  0.49330000E+00  0.16308544E+01  0.16308544E+01  0.16308544E+01  0.28295897E-01  0.28295897E-01  0.28295897E-01
  0.52850000E+00  0.16749466E+01  0.16749466E+01  0.16749466E+01  0.27946079E-01  0.27946079E-01  0.27946079E-01
  0.56370000E+00  0.17580432E+01  0.17580432E+01  0.17580432E+01  0.27207561E-01  0.27207561E-01  0.27207561E-01
  0.59900000E+00  0.18976006E+01  0.18976006E+01  0.18976006E+01  0.27570048E-01  0.27570048E-01  0.27570048E-01
  0.63420000E+00  0.20975436E+01  0.20975436E+01  0.20975436E+01  0.29011184E-01  0.29011184E-01  0.29011184E-01
  0.66940000E+00  0.23480011E+01  0.23480011E+01  0.23480011E+01  0.31477502E-01  0.31477502E-01  0.31477502E-01
  0.70470000E+00  0.26280235E+01  0.26280235E+01  0.26280235E+01  0.35322417E-01  0.35322417E-01  0.35322417E-01
  0.73990000E+00  0.29095541E+01  0.29095541E+01  0.29095541E+01  0.39348377E-01  0.39348377E-01  0.39348377E-01
  0.77510000E+00  0.31616079E+01  0.31616079E+01  0.31616079E+01  0.42271654E-01  0.42271654E-01  0.42271654E-01
  0.81040000E+00  0.33542302E+01  0.33542302E+01  0.33542302E+01  0.45832099E-01  0.45832099E-01  0.45832099E-01
  0.84560000E+00  0.34621782E+01  0.34621782E+01  0.34621782E+01  0.47597946E-01  0.47597946E-01  0.47597946E-01
  0.88080000E+00  0.34682130E+01  0.34682130E+01  0.34682130E+01  0.48663684E-01  0.48663684E-01  0.48663684E-01
  0.91600000E+00  0.33661115E+01  0.33661115E+01  0.33661115E+01  0.47799354E-01  0.47799354E-01  0.47799354E-01
  0.95130000E+00  0.31634794E+01  0.31634794E+01  0.31634794E+01  0.45708253E-01  0.45708253E-01  0.45708253E-01
  0.98650000E+00  0.28842952E+01  0.28842952E+01  0.28842952E+01  0.42439209E-01  0.42439209E-01  0.42439209E-01
  0.10217000E+01  0.25693126E+01  0.25693126E+01  0.25693126E+01  0.37950292E-01  0.37950292E-01  0.37950292E-01
  0.10570000E+01  0.22691888E+01  0.22691888E+01  0.22691888E+01  0.31653124E-01  0.31653124E-01  0.31653124E-01
  0.10922000E+01  0.20281089E+01  0.20281089E+01  0.20281089E+01  0.26834450E-01  0.26834450E-01  0.26834450E-01
  0.11274000E+01  0.18684107E+01  0.18684107E+01  0.18684107E+01  0.24494897E-01  0.24494897E-01  0.24494897E-01
  0.11627000E+01  0.17897584E+01  0.17897584E+01  0.17897584E+01  0.23788465E-01  0.23788465E-01  0.23788465E-01
  0.11979000E+01  0.17791936E+01  0.17791936E+01  0.17791936E+01  0.26704566E-01  0.26704566E-01  0.26704566E-01
  0.12331000E+01  0.18205564E+01  0.18205564E+01  0.18205564E+01  0.30083011E-01  0.30083011E-01  0.30083011E-01
  0.12684000E+01  0.18989792E+01  0.18989792E+01  0.18989792E+01  0.33166248E-01  0.33166248E-01  0.33166248E-01
  0.13036000E+01  0.20017679E+01  0.20017679E+01  0.20017679E+01  0.36304738E-01  0.36304738E-01  0.36304738E-01
  0.13388000E+01  0.21180589E+01  0.21180589E+01  0.21180589E+01  0.38168013E-01  0.38168013E-01  0.38168013E-01
  0.13741000E+01  0.22384066E+01  0.22384066E+01  0.22384066E+01  0.38745191E-01  0.38745191E-01  0.38745191E-01
  0.14093000E+01  0.23547775E+01  0.23547775E+01  0.23547775E+01  0.39527495E-01  0.39527495E-01  0.39527495E-01
  0.14445000E+01  0.24606835E+01  0.24606835E+01  0.24606835E+01  0.37950292E-01  0.37950292E-01  0.37950292E-01
  0.14798000E+01  0.25513955E+01  0.25513955E+01  0.25513955E+01  0.35791409E-01  0.35791409E-01  0.35791409E-01
  0.15150000E+01  0.26238439E+01  0.26238439E+01  0.26238439E+01  0.32253875E-01  0.32253875E-01  0.32253875E-01
  0.15502000E+01  0.26762960E+01  0.26762960E+01  0.26762960E+01  0.30989156E-01  0.30989156E-01  0.30989156E-01
  0.15855000E+01  0.27078431E+01  0.27078431E+01  0.27078431E+01  0.29716918E-01  0.29716918E-01  0.29716918E-01
  0.16207000E+01  0.27180270E+01  0.27180270E+01  0.27180270E+01  0.29225884E-01  0.29225884E-01  0.29225884E-01
  0.16559000E+01  0.27066508E+01  0.27066508E+01  0.27066508E+01  0.30438433E-01  0.30438433E-01  0.30438433E-01
  0.16912000E+01  0.26740052E+01  0.26740052E+01  0.26740052E+01  0.31157991E-01  0.31157991E-01  0.31157991E-01
  0.17264000E+01  0.26214861E+01  0.26214861E+01  0.26214861E+01  0.32320616E-01  0.32320616E-01  0.32320616E-01
  0.17616000E+01  0.25524218E+01  0.25524218E+01  0.25524218E+01  0.34641016E-01  0.34641016E-01  0.34641016E-01
  0.17969000E+01  0.24728786E+01  0.24728786E+01  0.24728786E+01  0.35260508E-01  0.35260508E-01  0.35260508E-01
  0.18321000E+01  0.23919024E+01  0.23919024E+01  0.23919024E+01  0.35505401E-01  0.35505401E-01  0.35505401E-01
  0.18673000E+01  0.23205463E+01  0.23205463E+01  0.23205463E+01  0.35648568E-01  0.35648568E-01  0.35648568E-01
  0.19026000E+01  0.22696707E+01  0.22696707E+01  0.22696707E+01  0.35106346E-01  0.35106346E-01  0.35106346E-01
  0.19378000E+01  0.22471799E+01  0.22471799E+01  0.22471799E+01  0.31662182E-01  0.31662182E-01  0.31662182E-01
  0.19730000E+01  0.22558381E+01  0.22558381E+01  0.22558381E+01  0.28284271E-01  0.28284271E-01  0.28284271E-01
  0.20083000E+01  0.22926182E+01  0.22926182E+01  0.22926182E+01  0.22471114E-01  0.22471114E-01  0.22471114E-01
  0.20435000E+01  0.23497129E+01  0.23497129E+01  0.23497129E+01  0.14553467E-01  0.14553467E-01  0.14553467E-01
  0.20787000E+01  0.24164035E+01  0.24164035E+01  0.24164035E+01  0.45508986E-02  0.45508986E-02  0.45508986E-02
  0.21140000E+01  0.24814862E+01  0.24814862E+01  0.24814862E+01  0.10000000E-01  0.10000000E-01  0.10000000E-01
  0.21492000E+01  0.25356054E+01  0.25356054E+01  0.25356054E+01  0.15191730E-01  0.15191730E-01  0.15191730E-01
  0.21844000E+01  0.25732058E+01  0.25732058E+01  0.25732058E+01  0.21271901E-01  0.21271901E-01  0.21271901E-01
  0.22197000E+01  0.25937936E+01  0.25937936E+01  0.25937936E+01  0.25535852E-01  0.25535852E-01  0.25535852E-01
  0.22549000E+01  0.26020798E+01  0.26020798E+01  0.26020798E+01  0.29666033E-01  0.29666033E-01  0.29666033E-01
  0.22901000E+01  0.26065079E+01  0.26065079E+01  0.26065079E+01  0.32988500E-01  0.32988500E-01  0.32988500E-01
  0.23254000E+01  0.26165714E+01  0.26165714E+01  0.26165714E+01  0.35260508E-01  0.35260508E-01  0.35260508E-01
  0.23606000E+01  0.26394427E+01  0.26394427E+01  0.26394427E+01  0.36742346E-01  0.36742346E-01  0.36742346E-01
  0.23958000E+01  0.26775567E+01  0.26775567E+01  0.26775567E+01  0.36957963E-01  0.36957963E-01  0.36957963E-01
  0.24311000E+01  0.27279015E+01  0.27279015E+01  0.27279015E+01  0.36291641E-01  0.36291641E-01  0.36291641E-01
  0.24663000E+01  0.27831038E+01  0.27831038E+01  0.27831038E+01  0.34671021E-01  0.34671021E-01  0.34671021E-01
  0.25015000E+01  0.28335836E+01  0.28335836E+01  0.28335836E+01  0.33200422E-01  0.33200422E-01  0.33200422E-01
  0.25368000E+01  0.28699826E+01  0.28699826E+01  0.28699826E+01  0.30182399E-01  0.30182399E-01  0.30182399E-01
  0.25720000E+01  0.28853297E+01  0.28853297E+01  0.28853297E+01  0.28501062E-01  0.28501062E-01  0.28501062E-01
  0.26072000E+01  0.28766504E+01  0.28766504E+01  0.28766504E+01  0.25207344E-01  0.25207344E-01  0.25207344E-01
  0.26424000E+01  0.28458538E+01  0.28458538E+01  0.28458538E+01  0.22787239E-01  0.22787239E-01  0.22787239E-01
  0.26777000E+01  0.27995805E+01  0.27995805E+01  0.27995805E+01  0.20581710E-01  0.20581710E-01  0.20581710E-01
  0.27129000E+01  0.27478622E+01  0.27478622E+01  0.27478622E+01  0.20581710E-01  0.20581710E-01  0.20581710E-01
  0.27481000E+01  0.27014805E+01  0.27014805E+01  0.27014805E+01  0.18173540E-01  0.18173540E-01  0.18173540E-01
  0.27834000E+01  0.26688979E+01  0.26688979E+01  0.26688979E+01  0.18173540E-01  0.18173540E-01  0.18173540E-01
  0.28186000E+01  0.26538465E+01  0.26538465E+01  0.26538465E+01  0.16741492E-01  0.16741492E-01  0.16741492E-01
  0.28538000E+01  0.26546439E+01  0.26546439E+01  0.26546439E+01  0.14426153E-01  0.14426153E-01  0.14426153E-01
  0.28891000E+01  0.26653844E+01  0.26653844E+01  0.26653844E+01  0.12247449E-01  0.12247449E-01  0.12247449E-01
  0.29243000E+01  0.26781260E+01  0.26781260E+01  0.26781260E+01  0.78615138E-02  0.78615138E-02  0.78615138E-02
  0.29595000E+01  0.26852571E+01  0.26852571E+01  0.26852571E+01  0.45508986E-02  0.45508986E-02  0.45508986E-02
  0.29948000E+01  0.26814391E+01  0.26814391E+01  0.26814391E+01  0.00000000E+00  0.00000000E+00  0.00000000E+00
  0.30300000E+01  0.26648234E+01  0.26648234E+01  0.26648234E+01  0.00000000E+00  0.00000000E+00  0.00000000E+00
  0.30652000E+01  0.26373591E+01  0.26373591E+01  0.26373591E+01  0.34356075E-02  0.34356075E-02  0.34356075E-02
  0.31005000E+01  0.26041536E+01  0.26041536E+01  0.26041536E+01  0.34356075E-02  0.34356075E-02  0.34356075E-02
  0.31357000E+01  0.25721200E+01  0.25721200E+01  0.25721200E+01  0.64359425E-02  0.64359425E-02  0.64359425E-02
  0.31709000E+01  0.25481493E+01  0.25481493E+01  0.25481493E+01  0.64359425E-02  0.64359425E-02  0.64359425E-02
  0.32062000E+01  0.25372562E+01  0.25372562E+01  0.25372562E+01  0.89597748E-02  0.89597748E-02  0.89597748E-02
  0.32414000E+01  0.25415826E+01  0.25415826E+01  0.25415826E+01  0.89597748E-02  0.89597748E-02  0.89597748E-02
  0.32766000E+01  0.25602574E+01  0.25602574E+01  0.25602574E+01  0.12496211E-01  0.12496211E-01  0.12496211E-01
  0.33119000E+01  0.25901883E+01  0.25901883E+01  0.25901883E+01  0.12496211E-01  0.12496211E-01  0.12496211E-01
  0.33471000E+01  0.26273405E+01  0.26273405E+01  0.26273405E+01  0.15811388E-01  0.15811388E-01  0.15811388E-01
  0.33823000E+01  0.26680908E+01  0.26680908E+01  0.26680908E+01  0.15811388E-01  0.15811388E-01  0.15811388E-01
  0.34176000E+01  0.27102838E+01  0.27102838E+01  0.27102838E+01  0.17462846E-01  0.17462846E-01  0.17462846E-01
  0.34528000E+01  0.27534349E+01  0.27534349E+01  0.27534349E+01  0.17462846E-01  0.17462846E-01  0.17462846E-01
  0.34880000E+01  0.27982982E+01  0.27982982E+01  0.27982982E+01  0.19216093E-01  0.19216093E-01  0.19216093E-01
  0.35233000E+01  0.28456094E+01  0.28456094E+01  0.28456094E+01  0.17989074E-01  0.17989074E-01  0.17989074E-01
  0.35585000E+01  0.28947807E+01  0.28947807E+01  0.28947807E+01  0.20000000E-01  0.20000000E-01  0.20000000E-01
  0.35937000E+01  0.29429736E+01  0.29429736E+01  0.29429736E+01  0.19029767E-01  0.19029767E-01  0.19029767E-01
  0.36290000E+01  0.29851359E+01  0.29851359E+01  0.29851359E+01  0.19029767E-01  0.19029767E-01  0.19029767E-01
  0.36642000E+01  0.30150023E+01  0.30150023E+01  0.30150023E+01  0.18173540E-01  0.18173540E-01  0.18173540E-01
  0.36994000E+01  0.30266675E+01  0.30266675E+01  0.30266675E+01  0.18173540E-01  0.18173540E-01  0.18173540E-01
  0.37347000E+01  0.30163967E+01  0.30163967E+01  0.30163967E+01  0.14553467E-01  0.14553467E-01  0.14553467E-01
  0.37699000E+01  0.29840112E+01  0.29840112E+01  0.29840112E+01  0.14553467E-01  0.14553467E-01  0.14553467E-01
  0.38051000E+01  0.29335435E+01  0.29335435E+01  0.29335435E+01  0.10986841E-01  0.10986841E-01  0.10986841E-01
  0.38404000E+01  0.28725977E+01  0.28725977E+01  0.28725977E+01  0.70710678E-02  0.70710678E-02  0.70710678E-02
  0.38756000E+01  0.28104635E+01  0.28104635E+01  0.28104635E+01  0.70710678E-02  0.70710678E-02  0.70710678E-02
  0.39108000E+01  0.27554572E+01  0.27554572E+01  0.27554572E+01  0.45508986E-02  0.45508986E-02  0.45508986E-02
  0.39461000E+01  0.27123867E+01  0.27123867E+01  0.27123867E+01  0.78615138E-02  0.78615138E-02  0.78615138E-02
  0.39813000E+01  0.26816891E+01  0.26816891E+01  0.26816891E+01  0.78615138E-02  0.78615138E-02  0.78615138E-02
  0.40165000E+01  0.26601854E+01  0.26601854E+01  0.26601854E+01  0.10397783E-01  0.10397783E-01  0.10397783E-01
  0.40518000E+01  0.26431369E+01  0.26431369E+01  0.26431369E+01  0.10397783E-01  0.10397783E-01  0.10397783E-01
  0.40870000E+01  0.26265415E+01  0.26265415E+01  0.26265415E+01  0.10397783E-01  0.10397783E-01  0.10397783E-01
  0.41222000E+01  0.26086937E+01  0.26086937E+01  0.26086937E+01  0.10397783E-01  0.10397783E-01  0.10397783E-01
  0.41575000E+01  0.25907963E+01  0.25907963E+01  0.25907963E+01  0.12496211E-01  0.12496211E-01  0.12496211E-01
  0.41927000E+01  0.25763241E+01  0.25763241E+01  0.25763241E+01  0.12496211E-01  0.12496211E-01  0.12496211E-01
  0.42279000E+01  0.25694918E+01  0.25694918E+01  0.25694918E+01  0.14316109E-01  0.14316109E-01  0.14316109E-01
  0.42632000E+01  0.25735025E+01  0.25735025E+01  0.25735025E+01  0.14316109E-01  0.14316109E-01  0.14316109E-01
  0.42984000E+01  0.25893083E+01  0.25893083E+01  0.25893083E+01  0.17320508E-01  0.17320508E-01  0.17320508E-01
  0.43336000E+01  0.26152149E+01  0.26152149E+01  0.26152149E+01  0.17320508E-01  0.17320508E-01  0.17320508E-01
  0.43688000E+01  0.26474059E+01  0.26474059E+01  0.26474059E+01  0.18818558E-01  0.18818558E-01  0.18818558E-01
  0.44041000E+01  0.26808638E+01  0.26808638E+01  0.26808638E+01  0.18818558E-01  0.18818558E-01  0.18818558E-01
  0.44393000E+01  0.27104081E+01  0.27104081E+01  0.27104081E+01  0.20401661E-01  0.20401661E-01  0.20401661E-01
  0.44745000E+01  0.27315869E+01  0.27315869E+01  0.27315869E+01  0.20401661E-01  0.20401661E-01  0.20401661E-01
  0.45098000E+01  0.27414130E+01  0.27414130E+01  0.27414130E+01  0.19216093E-01  0.19216093E-01  0.19216093E-01
  0.45450000E+01  0.27389586E+01  0.27389586E+01  0.27389586E+01  0.19216093E-01  0.19216093E-01  0.19216093E-01
  0.45802000E+01  0.27255805E+01  0.27255805E+01  0.27255805E+01  0.19216093E-01  0.19216093E-01  0.19216093E-01
  0.46155000E+01  0.27050093E+01  0.27050093E+01  0.27050093E+01  0.17989074E-01  0.17989074E-01  0.17989074E-01
  0.46507000E+01  0.26827851E+01  0.26827851E+01  0.26827851E+01  0.17462846E-01  0.17462846E-01  0.17462846E-01
  0.46859000E+01  0.26652963E+01  0.26652963E+01  0.26652963E+01  0.17462846E-01  0.17462846E-01  0.17462846E-01
  0.47212000E+01  0.26585064E+01  0.26585064E+01  0.26585064E+01  0.15811388E-01  0.15811388E-01  0.15811388E-01
  0.47564000E+01  0.26667718E+01  0.26667718E+01  0.26667718E+01  0.17320508E-01  0.17320508E-01  0.17320508E-01
  0.47916000E+01  0.26922865E+01  0.26922865E+01  0.26922865E+01  0.18708287E-01  0.18708287E-01  0.18708287E-01
  0.48269000E+01  0.27350710E+01  0.27350710E+01  0.27350710E+01  0.21286448E-01  0.21286448E-01  0.21286448E-01
  0.48621000E+01  0.27934190E+01  0.27934190E+01  0.27934190E+01  0.22422517E-01  0.22422517E-01  0.22422517E-01
  0.48973000E+01  0.28646009E+01  0.28646009E+01  0.28646009E+01  0.25923258E-01  0.25923258E-01  0.25923258E-01
  0.49326000E+01  0.29454547E+01  0.29454547E+01  0.29454547E+01  0.28022045E-01  0.28022045E-01  0.28022045E-01
  0.49678000E+01  0.30329330E+01  0.30329330E+01  0.30329330E+01  0.30438433E-01  0.30438433E-01  0.30438433E-01
  0.50030000E+01  0.31244250E+01  0.31244250E+01  0.31244250E+01  0.31653124E-01  0.31653124E-01  0.31653124E-01
  0.50383000E+01  0.32181543E+01  0.32181543E+01  0.32181543E+01  0.34068072E-01  0.34068072E-01  0.34068072E-01
  0.50735000E+01  0.33131513E+01  0.33131513E+01  0.33131513E+01  0.35962528E-01  0.35962528E-01  0.35962528E-01
  0.51087000E+01  0.34091576E+01  0.34091576E+01  0.34091576E+01  0.36742346E-01  0.36742346E-01  0.36742346E-01
  0.51440000E+01  0.35062733E+01  0.35062733E+01  0.35062733E+01  0.38810125E-01  0.38810125E-01  0.38810125E-01
  0.51792000E+01  0.36043129E+01  0.36043129E+01  0.36043129E+01  0.39468655E-01  0.39468655E-01  0.39468655E-01
  0.52144000E+01  0.37022617E+01  0.37022617E+01  0.37022617E+01  0.40474100E-01  0.40474100E-01  0.40474100E-01
  0.52497000E+01  0.37979526E+01  0.37979526E+01  0.37979526E+01  0.40173885E-01  0.40173885E-01  0.40173885E-01
  0.52849000E+01  0.38880657E+01  0.38880657E+01  0.38880657E+01  0.40019507E-01  0.40019507E-01  0.40019507E-01
  0.53201000E+01  0.39685670E+01  0.39685670E+01  0.39685670E+01  0.40077747E-01  0.40077747E-01  0.40077747E-01
  0.53554000E+01  0.40354578E+01  0.40354578E+01  0.40354578E+01  0.39066722E-01  0.39066722E-01  0.39066722E-01
  0.53906000E+01  0.40854768E+01  0.40854768E+01  0.40854768E+01  0.37990834E-01  0.37990834E-01  0.37990834E-01
  0.54258000E+01  0.41167142E+01  0.41167142E+01  0.41167142E+01  0.37259108E-01  0.37259108E-01  0.37259108E-01
  0.54611000E+01  0.41288468E+01  0.41288468E+01  0.41288468E+01  0.35072404E-01  0.35072404E-01  0.35072404E-01
  0.54963000E+01  0.41231608E+01  0.41231608E+01  0.41231608E+01  0.32435779E-01  0.32435779E-01  0.32435779E-01
  0.55315000E+01  0.41021127E+01  0.41021127E+01  0.41021127E+01  0.31075479E-01  0.31075479E-01  0.31075479E-01
  0.55668000E+01  0.40689918E+01  0.40689918E+01  0.40689918E+01  0.28284271E-01  0.28284271E-01  0.28284271E-01
  0.56020000E+01  0.40273974E+01  0.40273974E+01  0.40273974E+01  0.26864457E-01  0.26864457E-01  0.26864457E-01
  0.56372000E+01  0.39808884E+01  0.39808884E+01  0.39808884E+01  0.24558357E-01  0.24558357E-01  0.24558357E-01
  0.56725000E+01  0.39327662E+01  0.39327662E+01  0.39327662E+01  0.23038851E-01  0.23038851E-01  0.23038851E-01
  0.57077000E+01  0.38860277E+01  0.38860277E+01  0.38860277E+01  0.20401661E-01  0.20401661E-01  0.20401661E-01
  0.57429000E+01  0.38432328E+01  0.38432328E+01  0.38432328E+01  0.19216093E-01  0.19216093E-01  0.19216093E-01
  0.57782000E+01  0.38065547E+01  0.38065547E+01  0.38065547E+01  0.17989074E-01  0.17989074E-01  0.17989074E-01
  0.58134000E+01  0.37775247E+01  0.37775247E+01  0.37775247E+01  0.17989074E-01  0.17989074E-01  0.17989074E-01
  0.58486000E+01  0.37566877E+01  0.37566877E+01  0.37566877E+01  0.16741492E-01  0.16741492E-01  0.16741492E-01
  0.58839000E+01  0.37434028E+01  0.37434028E+01  0.37434028E+01  0.19029767E-01  0.19029767E-01  0.19029767E-01
  0.59191000E+01  0.37356200E+01  0.37356200E+01  0.37356200E+01  0.21213203E-01  0.21213203E-01  0.21213203E-01
  0.59543000E+01  0.37301721E+01  0.37301721E+01  0.37301721E+01  0.21213203E-01  0.21213203E-01  0.21213203E-01
  0.59896000E+01  0.37234384E+01  0.37234384E+01  0.37234384E+01  0.21973682E-01  0.21973682E-01  0.21973682E-01
  0.60248000E+01  0.37121471E+01  0.37121471E+01  0.37121471E+01  0.21973682E-01  0.21973682E-01  0.21973682E-01
  0.60600000E+01  0.36941372E+01  0.36941372E+01  0.36941372E+01  0.22806933E-01  0.22806933E-01  0.22806933E-01
  0.60953000E+01  0.36688080E+01  0.36688080E+01  0.36688080E+01  0.21013034E-01  0.21013034E-01  0.21013034E-01
  0.61305000E+01  0.36369864E+01  0.36369864E+01  0.36369864E+01  0.21013034E-01  0.21013034E-01  0.21013034E-01
  0.61657000E+01  0.36004024E+01  0.36004024E+01  0.36004024E+01  0.19216093E-01  0.19216093E-01  0.19216093E-01
  0.62009000E+01  0.35607881E+01  0.35607881E+01  0.35607881E+01  0.19216093E-01  0.19216093E-01  0.19216093E-01
  0.62362000E+01  0.35192526E+01  0.35192526E+01  0.35192526E+01  0.19216093E-01  0.19216093E-01  0.19216093E-01
  0.62714000E+01  0.34759574E+01  0.34759574E+01  0.34759574E+01  0.17462846E-01  0.17462846E-01  0.17462846E-01
  0.63066000E+01  0.34303999E+01  0.34303999E+01  0.34303999E+01  0.17462846E-01  0.17462846E-01  0.17462846E-01
  0.63419000E+01  0.33820291E+01  0.33820291E+01  0.33820291E+01  0.15811388E-01  0.15811388E-01  0.15811388E-01
  0.63771000E+01  0.33310284E+01  0.33310284E+01  0.33310284E+01  0.14142136E-01  0.14142136E-01  0.14142136E-01
  0.64123000E+01  0.32787059E+01  0.32787059E+01  0.32787059E+01  0.14142136E-01  0.14142136E-01  0.14142136E-01
  0.64476000E+01  0.32274824E+01  0.32274824E+01  0.32274824E+01  0.10397783E-01  0.10397783E-01  0.10397783E-01
  0.64828000E+01  0.31804284E+01  0.31804284E+01  0.31804284E+01  0.10397783E-01  0.10397783E-01  0.10397783E-01
  0.65180000E+01  0.31403078E+01  0.31403078E+01  0.31403078E+01  0.10000000E-01  0.10000000E-01  0.10000000E-01
  0.65533000E+01  0.31087284E+01  0.31087284E+01  0.31087284E+01  0.10000000E-01  0.10000000E-01  0.10000000E-01
  0.65885000E+01  0.30856018E+01  0.30856018E+01  0.30856018E+01  0.10986841E-01  0.10986841E-01  0.10986841E-01
  0.66237000E+01  0.30691877E+01  0.30691877E+01  0.30691877E+01  0.10986841E-01  0.10986841E-01  0.10986841E-01
  0.66590000E+01  0.30565744E+01  0.30565744E+01  0.30565744E+01  0.14553467E-01  0.14553467E-01  0.14553467E-01
  0.66942000E+01  0.30444958E+01  0.30444958E+01  0.30444958E+01  0.18173540E-01  0.18173540E-01  0.18173540E-01
  0.67294000E+01  0.30300968E+01  0.30300968E+01  0.30300968E+01  0.18173540E-01  0.18173540E-01  0.18173540E-01
  0.67647000E+01  0.30113960E+01  0.30113960E+01  0.30113960E+01  0.19029767E-01  0.19029767E-01  0.19029767E-01
  0.67999000E+01  0.29876152E+01  0.29876152E+01  0.29876152E+01  0.20000000E-01  0.20000000E-01  0.20000000E-01
  0.68351000E+01  0.29592820E+01  0.29592820E+01  0.29592820E+01  0.21013034E-01  0.21013034E-01  0.21013034E-01
  0.68704000E+01  0.29280683E+01  0.29280683E+01  0.29280683E+01  0.20401661E-01  0.20401661E-01  0.20401661E-01
  0.69056000E+01  0.28964564E+01  0.28964564E+01  0.28964564E+01  0.18818558E-01  0.18818558E-01  0.18818558E-01
  0.69408000E+01  0.28671949E+01  0.28671949E+01  0.28671949E+01  0.17320508E-01  0.17320508E-01  0.17320508E-01
  0.69761000E+01  0.28425299E+01  0.28425299E+01  0.28425299E+01  0.15941710E-01  0.15941710E-01  0.15941710E-01
  0.70113000E+01  0.28236215E+01  0.28236215E+01  0.28236215E+01  0.14704685E-01  0.14704685E-01  0.14704685E-01
  0.70465000E+01  0.28100419E+01  0.28100419E+01  0.28100419E+01  0.14704685E-01  0.14704685E-01  0.14704685E-01
  0.70818000E+01  0.27999674E+01  0.27999674E+01  0.27999674E+01  0.11897378E-01  0.11897378E-01  0.11897378E-01
  0.71170000E+01  0.27907049E+01  0.27907049E+01  0.27907049E+01  0.10000000E-01  0.10000000E-01  0.10000000E-01
  0.71522000E+01  0.27794586E+01  0.27794586E+01  0.27794586E+01  0.70710678E-02  0.70710678E-02  0.70710678E-02
  0.71875000E+01  0.27639820E+01  0.27639820E+01  0.27639820E+01  0.48586827E-02  0.48586827E-02  0.48586827E-02
  0.72227000E+01  0.27431169E+01  0.27431169E+01  0.27431169E+01  0.55025052E-02  0.55025052E-02  0.55025052E-02
  0.72579000E+01  0.27169118E+01  0.27169118E+01  0.27169118E+01  0.28484878E-02  0.28484878E-02  0.28484878E-02
  0.72932000E+01  0.26862741E+01  0.26862741E+01  0.26862741E+01  0.34356075E-02  0.34356075E-02  0.34356075E-02
  0.73284000E+01  0.26526119E+01  0.26526119E+01  0.26526119E+01  0.00000000E+00  0.00000000E+00  0.00000000E+00
  0.73636000E+01  0.26173487E+01  0.26173487E+01  0.26173487E+01  0.00000000E+00  0.00000000E+00  0.00000000E+00
  0.73989000E+01  0.25815759E+01  0.25815759E+01  0.25815759E+01  0.00000000E+00  0.00000000E+00  0.00000000E+00
  0.74341000E+01  0.25460218E+01  0.25460218E+01  0.25460218E+01  0.00000000E+00  0.00000000E+00  0.00000000E+00
  0.74693000E+01  0.25111345E+01  0.25111345E+01  0.25111345E+01  0.00000000E+00  0.00000000E+00  0.00000000E+00
  0.75046000E+01  0.24774494E+01  0.24774494E+01  0.24774494E+01  0.70710678E-02  0.70710678E-02  0.70710678E-02
  0.75398000E+01  0.24456679E+01  0.24456679E+01  0.24456679E+01  0.70710678E-02  0.70710678E-02  0.70710678E-02
  0.75750000E+01  0.24166232E+01  0.24166232E+01  0.24166232E+01  0.70710678E-02  0.70710678E-02  0.70710678E-02
  0.76103000E+01  0.23910980E+01  0.23910980E+01  0.23910980E+01  0.70710678E-02  0.70710678E-02  0.70710678E-02
  0.76455000E+01  0.23692228E+01  0.23692228E+01  0.23692228E+01  0.70710678E-02  0.70710678E-02  0.70710678E-02
  0.76807000E+01  0.23502778E+01  0.23502778E+01  0.23502778E+01  0.10000000E-01  0.10000000E-01  0.10000000E-01
  0.77160000E+01  0.23325690E+01  0.23325690E+01  0.23325690E+01  0.10000000E-01  0.10000000E-01  0.10000000E-01
  0.77512000E+01  0.23139294E+01  0.23139294E+01  0.23139294E+01  0.10000000E-01  0.10000000E-01  0.10000000E-01
  0.77864000E+01  0.22921695E+01  0.22921695E+01  0.22921695E+01  0.10000000E-01  0.10000000E-01  0.10000000E-01
  0.78217000E+01  0.22659675E+01  0.22659675E+01  0.22659675E+01  0.78615138E-02  0.78615138E-02  0.78615138E-02
  0.78569000E+01  0.22352499E+01  0.22352499E+01  0.22352499E+01  0.78615138E-02  0.78615138E-02  0.78615138E-02
  0.78921000E+01  0.22012522E+01  0.22012522E+01  0.22012522E+01  0.78615138E-02  0.78615138E-02  0.78615138E-02
  0.79273000E+01  0.21661675E+01  0.21661675E+01  0.21661675E+01  0.45508986E-02  0.45508986E-02  0.45508986E-02
  0.79626000E+01  0.21323663E+01  0.21323663E+01  0.21323663E+01  0.45508986E-02  0.45508986E-02  0.45508986E-02
  0.79978000E+01  0.21015353E+01  0.21015353E+01  0.21015353E+01  0.45508986E-02  0.45508986E-02  0.45508986E-02
  0.80330000E+01  0.20741277E+01  0.20741277E+01  0.20741277E+01  0.70710678E-02  0.70710678E-02  0.70710678E-02
  0.80683000E+01  0.20494157E+01  0.20494157E+01  0.20494157E+01  0.70710678E-02  0.70710678E-02  0.70710678E-02
  0.81035000E+01  0.20260172E+01  0.20260172E+01  0.20260172E+01  0.10986841E-01  0.10986841E-01  0.10986841E-01
  0.81387000E+01  0.20025871E+01  0.20025871E+01  0.20025871E+01  0.10986841E-01  0.10986841E-01  0.10986841E-01
  0.81740000E+01  0.19784885E+01  0.19784885E+01  0.19784885E+01  0.12720196E-01  0.12720196E-01  0.12720196E-01
  0.82092000E+01  0.19542138E+01  0.19542138E+01  0.19542138E+01  0.15537740E-01  0.15537740E-01  0.15537740E-01
  0.82444000E+01  0.19312659E+01  0.19312659E+01  0.19312659E+01  0.14426153E-01  0.14426153E-01  0.14426153E-01
  0.82797000E+01  0.19118387E+01  0.19118387E+01  0.19118387E+01  0.14426153E-01  0.14426153E-01  0.14426153E-01
  0.83149000E+01  0.18981754E+01  0.18981754E+01  0.18981754E+01  0.16004852E-01  0.16004852E-01  0.16004852E-01
  0.83501000E+01  0.18919149E+01  0.18919149E+01  0.18919149E+01  0.14142136E-01  0.14142136E-01  0.14142136E-01
  0.83854000E+01  0.18934468E+01  0.18934468E+01  0.18934468E+01  0.15811388E-01  0.15811388E-01  0.15811388E-01
  0.84206000E+01  0.19018174E+01  0.19018174E+01  0.19018174E+01  0.14316109E-01  0.14316109E-01  0.14316109E-01
  0.84558000E+01  0.19148316E+01  0.19148316E+01  0.19148316E+01  0.13009929E-01  0.13009929E-01  0.13009929E-01
  0.84911000E+01  0.19294218E+01  0.19294218E+01  0.19294218E+01  0.10000000E-01  0.10000000E-01  0.10000000E-01
  0.85263000E+01  0.19422563E+01  0.19422563E+01  0.19422563E+01  0.10000000E-01  0.10000000E-01  0.10000000E-01
  0.85615000E+01  0.19504062E+01  0.19504062E+01  0.19504062E+01  0.70710678E-02  0.70710678E-02  0.70710678E-02
  0.85968000E+01  0.19517736E+01  0.19517736E+01  0.19517736E+01  0.48586827E-02  0.48586827E-02  0.48586827E-02
  0.86320000E+01  0.19455981E+01  0.19455981E+01  0.19455981E+01  0.24809839E-02  0.24809839E-02  0.24809839E-02
  0.86672000E+01  0.19323839E+01  0.19323839E+01  0.19323839E+01  0.24809839E-02  0.24809839E-02  0.24809839E-02
  0.87025000E+01  0.19138501E+01  0.19138501E+01  0.19138501E+01  0.00000000E+00  0.00000000E+00  0.00000000E+00
  0.87377000E+01  0.18923732E+01  0.18923732E+01  0.18923732E+01  0.00000000E+00  0.00000000E+00  0.00000000E+00
  0.87729000E+01  0.18703995E+01  0.18703995E+01  0.18703995E+01  0.00000000E+00  0.00000000E+00  0.00000000E+00
  0.88082000E+01  0.18497540E+01  0.18497540E+01  0.18497540E+01  0.00000000E+00  0.00000000E+00  0.00000000E+00
  0.88434000E+01  0.18312600E+01  0.18312600E+01  0.18312600E+01  0.00000000E+00  0.00000000E+00  0.00000000E+00
  0.88786000E+01  0.18147340E+01  0.18147340E+01  0.18147340E+01  0.00000000E+00  0.00000000E+00  0.00000000E+00
  0.89139000E+01  0.17993560E+01  0.17993560E+01  0.17993560E+01  0.45508986E-02  0.45508986E-02  0.45508986E-02
  0.89491000E+01  0.17839439E+01  0.17839439E+01  0.17839439E+01  0.45508986E-02  0.45508986E-02  0.45508986E-02
  0.89843000E+01  0.17675406E+01  0.17675406E+01  0.17675406E+01  0.45508986E-02  0.45508986E-02  0.45508986E-02
  0.90196000E+01  0.17494589E+01  0.17494589E+01  0.17494589E+01  0.45508986E-02  0.45508986E-02  0.45508986E-02
  0.90548000E+01  0.17293942E+01  0.17293942E+01  0.17293942E+01  0.45508986E-02  0.45508986E-02  0.45508986E-02
  0.90900000E+01  0.17073604E+01  0.17073604E+01  0.17073604E+01  0.45508986E-02  0.45508986E-02  0.45508986E-02
  0.91253000E+01  0.16834982E+01  0.16834982E+01  0.16834982E+01  0.45508986E-02  0.45508986E-02  0.45508986E-02
  0.91605000E+01  0.16580742E+01  0.16580742E+01  0.16580742E+01  0.45508986E-02  0.45508986E-02  0.45508986E-02
  0.91957000E+01  0.16312877E+01  0.16312877E+01  0.16312877E+01  0.45508986E-02  0.45508986E-02  0.45508986E-02
  0.92310000E+01  0.16033038E+01  0.16033038E+01  0.16033038E+01  0.45508986E-02  0.45508986E-02  0.45508986E-02
  0.92662000E+01  0.15743504E+01  0.15743504E+01  0.15743504E+01  0.45508986E-02  0.45508986E-02  0.45508986E-02
  0.93014000E+01  0.15448709E+01  0.15448709E+01  0.15448709E+01  0.45508986E-02  0.45508986E-02  0.45508986E-02
  0.93367000E+01  0.15158451E+01  0.15158451E+01  0.15158451E+01  0.45508986E-02  0.45508986E-02  0.45508986E-02
  0.93719000E+01  0.14889877E+01  0.14889877E+01  0.14889877E+01  0.45508986E-02  0.45508986E-02  0.45508986E-02
  0.94071000E+01  0.14668419E+01  0.14668419E+01  0.14668419E+01  0.45508986E-02  0.45508986E-02  0.45508986E-02
  0.94424000E+01  0.14521244E+01  0.14521244E+01  0.14521244E+01  0.45508986E-02  0.45508986E-02  0.45508986E-02
  0.94776000E+01  0.14470453E+01  0.14470453E+01  0.14470453E+01  0.45508986E-02  0.45508986E-02  0.45508986E-02
  0.95128000E+01  0.14524487E+01  0.14524487E+01  0.14524487E+01  0.45508986E-02  0.45508986E-02  0.45508986E-02
  0.95481000E+01  0.14673500E+01  0.14673500E+01  0.14673500E+01  0.45508986E-02  0.45508986E-02  0.45508986E-02
  0.95833000E+01  0.14893786E+01  0.14893786E+01  0.14893786E+01  0.45508986E-02  0.45508986E-02  0.45508986E-02
  0.96185000E+01  0.15152905E+01  0.15152905E+01  0.15152905E+01  0.45508986E-02  0.45508986E-02  0.45508986E-02
  0.96537000E+01  0.15420224E+01  0.15420224E+01  0.15420224E+01  0.78615138E-02  0.78615138E-02  0.78615138E-02
  0.96890000E+01  0.15672019E+01  0.15672019E+01  0.15672019E+01  0.78615138E-02  0.78615138E-02  0.78615138E-02
  0.97242000E+01  0.15893612E+01  0.15893612E+01  0.15893612E+01  0.78615138E-02  0.78615138E-02  0.78615138E-02
  0.97594000E+01  0.16079991E+01  0.16079991E+01  0.16079991E+01  0.10397783E-01  0.10397783E-01  0.10397783E-01
  0.97947000E+01  0.16231746E+01  0.16231746E+01  0.16231746E+01  0.89597748E-02  0.89597748E-02  0.89597748E-02
  0.98299000E+01  0.16350959E+01  0.16350959E+01  0.16350959E+01  0.89597748E-02  0.89597748E-02  0.89597748E-02
  0.98651000E+01  0.16436544E+01  0.16436544E+01  0.16436544E+01  0.55025052E-02  0.55025052E-02  0.55025052E-02
  0.99004000E+01  0.16483958E+01  0.16483958E+01  0.16483958E+01  0.55025052E-02  0.55025052E-02  0.55025052E-02
  0.99356000E+01  0.16485403E+01  0.16485403E+01  0.16485403E+01  0.28484878E-02  0.28484878E-02  0.28484878E-02
  0.99708000E+01  0.16432495E+01  0.16432495E+01  0.16432495E+01  0.28484878E-02  0.28484878E-02  0.28484878E-02
  0.10006100E+02  0.16322737E+01  0.16322737E+01  0.16322737E+01  0.34356075E-02  0.34356075E-02  0.34356075E-02
  0.10041300E+02  0.16161827E+01  0.16161827E+01  0.16161827E+01  0.34356075E-02  0.34356075E-02  0.34356075E-02
  0.10076500E+02  0.15969227E+01  0.15969227E+01  0.15969227E+01  0.34356075E-02  0.34356075E-02  0.34356075E-02
  0.10111800E+02  0.15775399E+01  0.15775399E+01  0.15775399E+01  0.34356075E-02  0.34356075E-02  0.34356075E-02
  0.10147000E+02  0.15619585E+01  0.15619585E+01  0.15619585E+01  0.34356075E-02  0.34356075E-02  0.34356075E-02
  0.10182200E+02  0.15540902E+01  0.15540902E+01  0.15540902E+01  0.64359425E-02  0.64359425E-02  0.64359425E-02
  0.10217500E+02  0.15568040E+01  0.15568040E+01  0.15568040E+01  0.64359425E-02  0.64359425E-02  0.64359425E-02
  0.10252700E+02  0.15712876E+01  0.15712876E+01  0.15712876E+01  0.64359425E-02  0.64359425E-02  0.64359425E-02
  0.10287900E+02  0.15968274E+01  0.15968274E+01  0.15968274E+01  0.55025052E-02  0.55025052E-02  0.55025052E-02
  0.10323200E+02  0.16311238E+01  0.16311238E+01  0.16311238E+01  0.55025052E-02  0.55025052E-02  0.55025052E-02
  0.10358400E+02  0.16707357E+01  0.16707357E+01  0.16707357E+01  0.48586827E-02  0.48586827E-02  0.48586827E-02
  0.10393600E+02  0.17117653E+01  0.17117653E+01  0.17117653E+01  0.48586827E-02  0.48586827E-02  0.48586827E-02
  0.10428900E+02  0.17503174E+01  0.17503174E+01  0.17503174E+01  0.24809839E-02  0.24809839E-02  0.24809839E-02
  0.10464100E+02  0.17828232E+01  0.17828232E+01  0.17828232E+01  0.24809839E-02  0.24809839E-02  0.24809839E-02
  0.10499300E+02  0.18064800E+01  0.18064800E+01  0.18064800E+01  0.00000000E+00  0.00000000E+00  0.00000000E+00
  0.10534600E+02  0.18195236E+01  0.18195236E+01  0.18195236E+01  0.00000000E+00  0.00000000E+00  0.00000000E+00
  0.10569800E+02  0.18213344E+01  0.18213344E+01  0.18213344E+01  0.28484878E-02  0.28484878E-02  0.28484878E-02
