    0.0000    0.0000    0.0000    0.0000    0.0000    0.0000    0.0000
    0.0352    0.9189    0.9189    0.9189    0.0001    0.0001    0.0001
    0.0705    1.9952    1.9952    1.9952    0.0003    0.0003    0.0003
    0.1057    3.3727    3.3727    3.3727    0.0005    0.0005    0.0005
    0.1409    5.1607    5.1607    5.1607    0.0008    0.0008    0.0008
    0.1762    7.4070    7.4070    7.4070    0.0011    0.0011    0.0011
    0.2114   10.0694   10.0694   10.0694    0.0016    0.0016    0.0016
    0.2466   13.0002   13.0002   13.0002    0.0020    0.0020    0.0020
    0.2819   15.9576   15.9576   15.9576    0.0025    0.0025    0.0025
    0.3171   18.6525   18.6525   18.6525    0.0029    0.0029    0.0029
    0.3523   20.8234   20.8234   20.8234    0.0032    0.0032    0.0032
    0.3876   22.3196   22.3196   22.3196    0.0033    0.0033    0.0033
    0.4228   23.1638   23.1638   23.1638    0.0033    0.0033    0.0033
    0.4580   23.5671   23.5671   23.5671    0.0032    0.0032    0.0032
    0.4933   23.8880   23.8880   23.8880    0.0031    0.0031    0.0031
    0.5285   24.5425   24.5425   24.5425    0.0030    0.0030    0.0030
    0.5637   25.8896   25.8896   25.8896    0.0029    0.0029    0.0029
    0.5990   28.1240   28.1240   28.1240    0.0030    0.0030    0.0030
    0.6342   31.2042   31.2042   31.2042    0.0032    0.0032    0.0032
    0.6694   34.8363   34.8363   34.8363    0.0035    0.0035    0.0035
    0.7047   38.5198   38.5198   38.5198    0.0039    0.0039    0.0039
    0.7399   41.6499   41.6499   41.6499    0.0042    0.0042    0.0042
    0.7751   43.6550   43.6550   43.6550    0.0043    0.0043    0.0043
    0.8104   44.1339   44.1339   44.1339    0.0043    0.0043    0.0043
    0.8456   42.9545   42.9545   42.9545    0.0040    0.0040    0.0040
    0.8808   40.2835   40.2835   40.2835    0.0036    0.0036    0.0036
    0.9160   36.5388   36.5388   36.5388    0.0030    0.0030    0.0030
    0.9513   32.2807   32.2807   32.2807    0.0024    0.0024    0.0024
    0.9865   28.0798   28.0798   28.0798    0.0019    0.0019    0.0019
    1.0217   24.4038   24.4038   24.4038    0.0014    0.0014    0.0014
    1.0570   21.5509   21.5509   21.5509    0.0011    0.0011    0.0011
    1.0922   19.6404   19.6404   19.6404    0.0011    0.0011    0.0011
    1.1274   18.6459   18.6459   18.6459    0.0012    0.0012    0.0012
    1.1627   18.4496   18.4496   18.4496    0.0014    0.0014    0.0014
    1.1979   18.8926   18.8926   18.8926    0.0017    0.0017    0.0017
    1.2331   19.8089   19.8089   19.8089    0.0020    0.0020    0.0020
    1.2684   21.0408   21.0408   21.0408    0.0022    0.0022    0.0022
    1.3036   22.4413   22.4413   22.4413    0.0022    0.0022    0.0022
    1.3388   23.8743   23.8743   23.8743    0.0021    0.0021    0.0021
    1.3741   25.2178   25.2178   25.2178    0.0019    0.0019    0.0019
    1.4093   26.3719   26.3719   26.3719    0.0017    0.0017    0.0017
    1.4445   27.2656   27.2656   27.2656    0.0014    0.0014    0.0014
    1.4798   27.8605   27.8605   27.8605    0.0012    0.0012    0.0012
    1.5150   28.1476   28.1476   28.1476    0.0010    0.0010    0.0010
    1.5502   28.1396   28.1396   28.1396    0.0010    0.0010    0.0010
    1.5855   27.8617   27.8617   27.8617    0.0010    0.0010    0.0010
    1.6207   27.3462   27.3462   27.3462    0.0011    0.0011    0.0011
    1.6559   26.6299   26.6299   26.6299    0.0011    0.0011    0.0011
    1.6912   25.7566   25.7566   25.7566    0.0012    0.0012    0.0012
    1.7264   24.7814   24.7814   24.7814    0.0012    0.0012    0.0012
    1.7616   23.7737   23.7737   23.7737    0.0012    0.0012    0.0012
    1.7969   22.8169   22.8169   22.8169    0.0011    0.0011    0.0011
    1.8321   22.0029   22.0029   22.0029    0.0009    0.0009    0.0009
    1.8673   21.4191   21.4191   21.4191    0.0006    0.0006    0.0006
    1.9026   21.1316   21.1316   21.1316    0.0004    0.0004    0.0004
    1.9378   21.1683   21.1683   21.1683    0.0001    0.0001    0.0001
    1.9730   21.5066   21.5066   21.5066   -0.0000   -0.0000   -0.0000
    2.0083   22.0719   22.0719   22.0719   -0.0001   -0.0001   -0.0001
    2.0435   22.7501   22.7501   22.7501   -0.0001   -0.0001   -0.0001
    2.0787   23.4108   23.4108   23.4108    0.0001    0.0001    0.0001
    2.1140   23.9386   23.9386   23.9386    0.0004    0.0004    0.0004
    2.1492   24.2617   24.2617   24.2617    0.0007    0.0007    0.0007
    2.1844   24.3690   24.3690   24.3690    0.0010    0.0010    0.0010
    2.2197   24.3104   24.3104   24.3104    0.0012    0.0012    0.0012
    2.2549   24.1792   24.1792   24.1792    0.0013    0.0013    0.0013
    2.2901   24.0804   24.0804   24.0804    0.0013    0.0013    0.0013
    2.3254   24.0971   24.0971   24.0971    0.0011    0.0011    0.0011
    2.3606   24.2627   24.2627   24.2627    0.0009    0.0009    0.0009
    2.3958   24.5505   24.5505   24.5505    0.0006    0.0006    0.0006
    2.4311   24.8816   24.8816   24.8816    0.0003    0.0003    0.0003
    2.4663   25.1492   25.1492   25.1492    0.0001    0.0001    0.0001
    2.5015   25.2509   25.2509   25.2509   -0.0001   -0.0001   -0.0001
    2.5368   25.1183   25.1183   25.1183   -0.0002   -0.0002   -0.0002
    2.5720   24.7365   24.7365   24.7365   -0.0002   -0.0002   -0.0002
    2.6072   24.1475   24.1475   24.1475   -0.0003   -0.0003   -0.0003
    2.6424   23.4387   23.4387   23.4387   -0.0002   -0.0002   -0.0002
    2.6777   22.7198   22.7198   22.7198   -0.0002   -0.0002   -0.0002
    2.7129   22.0951   22.0951   22.0951   -0.0002   -0.0002   -0.0002
    2.7481   21.6383   21.6383   21.6383   -0.0002   -0.0002   -0.0002
    2.7834   21.3764   21.3764   21.3764   -0.0002   -0.0002   -0.0002
    2.8186   21.2861   21.2861   21.2861   -0.0003   -0.0003   -0.0003
    2.8538   21.3039   21.3039   21.3039   -0.0003   -0.0003   -0.0003
    2.8891   21.3471   21.3471   21.3471   -0.0003   -0.0003   -0.0003
    2.9243   21.3381   21.3381   21.3381   -0.0002   -0.0002   -0.0002
    2.9595   21.2257   21.2257   21.2257   -0.0001   -0.0001   -0.0001
    2.9948   20.9971   20.9971   20.9971   -0.0000   -0.0000   -0.0000
    3.0300   20.6784   20.6784   20.6784    0.0000    0.0000    0.0000
    3.0652   20.3238   20.3238   20.3238    0.0001    0.0001    0.0001
    3.1005   19.9993   19.9993   19.9993    0.0001    0.0001    0.0001
    3.1357   19.7654   19.7654   19.7654    0.0002    0.0002    0.0002
    3.1709   19.6637   19.6637   19.6637    0.0002    0.0002    0.0002
    3.2062   19.7085   19.7085   19.7085    0.0003    0.0003    0.0003
    3.2414   19.8869   19.8869   19.8869    0.0003    0.0003    0.0003
    3.2766   20.1647   20.1647   20.1647    0.0004    0.0004    0.0004
    3.3119   20.4970   20.4970   20.4970    0.0004    0.0004    0.0004
    3.3471   20.8411   20.8411   20.8411    0.0005    0.0005    0.0005
    3.3823   21.1673   21.1673   21.1673    0.0005    0.0005    0.0005
    3.4176   21.4639   21.4639   21.4639    0.0005    0.0005    0.0005
    3.4528   21.7331   21.7331   21.7331    0.0005    0.0005    0.0005
    3.4880   21.9810   21.9810   21.9810    0.0005    0.0005    0.0005
    3.5233   22.2037   22.2037   22.2037    0.0004    0.0004    0.0004
    3.5585   22.3784   22.3784   22.3784    0.0004    0.0004    0.0004
    3.5937   22.4625   22.4625   22.4625    0.0003    0.0003    0.0003
    3.6290   22.4051   22.4051   22.4051    0.0003    0.0003    0.0003
    3.6642   22.1652   22.1652   22.1652    0.0002    0.0002    0.0002
    3.6994   21.7298   21.7298   21.7298    0.0002    0.0002    0.0002
    3.7347   21.1249   21.1249   21.1249    0.0001    0.0001    0.0001
    3.7699   20.4131   20.4131   20.4131    0.0001    0.0001    0.0001
    3.8051   19.6794   19.6794   19.6794    0.0001    0.0001    0.0001
    3.8404   19.0088   19.0088   19.0088    0.0001    0.0001    0.0001
    3.8756   18.4643   18.4643   18.4643    0.0001    0.0001    0.0001
    3.9108   18.0734   18.0734   18.0734    0.0001    0.0001    0.0001
    3.9461   17.8251   17.8251   17.8251    0.0002    0.0002    0.0002
    3.9813   17.6809   17.6809   17.6809    0.0002    0.0002    0.0002
    4.0165   17.5916   17.5916   17.5916    0.0003    0.0003    0.0003
    4.0518   17.5163   17.5163   17.5163    0.0003    0.0003    0.0003
    4.0870   17.4359   17.4359   17.4359    0.0003    0.0003    0.0003
    4.1222   17.3568   17.3568   17.3568    0.0003    0.0003    0.0003
    4.1575   17.3046   17.3046   17.3046    0.0004    0.0004    0.0004
    4.1927   17.3114   17.3114   17.3114    0.0004    0.0004    0.0004
    4.2279   17.4012   17.4012   17.4012    0.0005    0.0005    0.0005
    4.2632   17.5792   17.5792   17.5792    0.0005    0.0005    0.0005
    4.2984   17.8289   17.8289   17.8289    0.0006    0.0006    0.0006
    4.3336   18.1147   18.1147   18.1147    0.0006    0.0006    0.0006
    4.3688   18.3918   18.3918   18.3918    0.0006    0.0006    0.0006
    4.4041   18.6158   18.6158   18.6158    0.0006    0.0006    0.0006
    4.4393   18.7529   18.7529   18.7529    0.0006    0.0006    0.0006
    4.4745   18.7867   18.7867   18.7867    0.0006    0.0006    0.0006
    4.5098   18.7217   18.7217   18.7217    0.0005    0.0005    0.0005
    4.5450   18.5833   18.5833   18.5833    0.0005    0.0005    0.0005
    4.5802   18.4133   18.4133   18.4133    0.0005    0.0005    0.0005
    4.6155   18.2631   18.2631   18.2631    0.0004    0.0004    0.0004
    4.6507   18.1848   18.1848   18.1848    0.0005    0.0005    0.0005
    4.6859   18.2219   18.2219   18.2219    0.0005    0.0005    0.0005
    4.7212   18.4029   18.4029   18.4029    0.0005    0.0005    0.0005
    4.7564   18.7375   18.7375   18.7375    0.0006    0.0006    0.0006
    4.7916   19.2175   19.2175   19.2175    0.0007    0.0007    0.0007
    4.8269   19.8202   19.8202   19.8202    0.0008    0.0008    0.0008
    4.8621   20.5132   20.5132   20.5132    0.0009    0.0009    0.0009
    4.8973   21.2600   21.2600   21.2600    0.0010    0.0010    0.0010
    4.9326   22.0246   22.0246   22.0246    0.0011    0.0011    0.0011
    4.9678   22.7760   22.7760   22.7760    0.0011    0.0011    0.0011
    5.0030   23.4903   23.4903   23.4903    0.0011    0.0011    0.0011
    5.0383   24.1529   24.1529   24.1529    0.0011    0.0011    0.0011
    5.0735   24.7562   24.7562   24.7562    0.0010    0.0010    0.0010
    5.1087   25.2960   25.2960   25.2960    0.0009    0.0009    0.0009
    5.1440   25.7656   25.7656   25.7656    0.0008    0.0008    0.0008
    5.1792   26.1501   26.1501   26.1501    0.0006    0.0006    0.0006
    5.2144   26.4233   26.4233   26.4233    0.0005    0.0005    0.0005
    5.2497   26.5501   26.5501   26.5501    0.0003    0.0003    0.0003
    5.2849   26.4934   26.4934   26.4934    0.0001    0.0001    0.0001
    5.3201   26.2243   26.2243   26.2243   -0.0002   -0.0002   -0.0002
    5.3554   25.7322   25.7322   25.7322   -0.0004   -0.0004   -0.0004
    5.3906   25.0297   25.0297   25.0297   -0.0005   -0.0005   -0.0005
    5.4258   24.1525   24.1525   24.1525   -0.0007   -0.0007   -0.0007
    5.4611   23.1526   23.1526   23.1526   -0.0008   -0.0008   -0.0008
    5.4963   22.0893   22.0893   22.0893   -0.0008   -0.0008   -0.0008
    5.5315   21.0192   21.0192   21.0192   -0.0008   -0.0008   -0.0008
    5.5668   19.9898   19.9898   19.9898   -0.0008   -0.0008   -0.0008
    5.6020   19.0358   19.0358   19.0358   -0.0008   -0.0008   -0.0008
    5.6372   18.1788   18.1788   18.1788   -0.0007   -0.0007   -0.0007
    5.6725   17.4293   17.4293   17.4293   -0.0007   -0.0007   -0.0007
    5.7077   16.7891   16.7891   16.7891   -0.0006   -0.0006   -0.0006
    5.7429   16.2529   16.2529   16.2529   -0.0005   -0.0005   -0.0005
    5.7782   15.8090   15.8090   15.8090   -0.0004   -0.0004   -0.0004
    5.8134   15.4393   15.4393   15.4393   -0.0004   -0.0004   -0.0004
    5.8486   15.1187   15.1187   15.1187   -0.0003   -0.0003   -0.0003
    5.8839   14.8170   14.8170   14.8170   -0.0003   -0.0003   -0.0003
    5.9191   14.5024   14.5024   14.5024   -0.0003   -0.0003   -0.0003
    5.9543   14.1477   14.1477   14.1477   -0.0003   -0.0003   -0.0003
    5.9896   13.7368   13.7368   13.7368   -0.0004   -0.0004   -0.0004
    6.0248   13.2686   13.2686   13.2686   -0.0004   -0.0004   -0.0004
    6.0600   12.7566   12.7566   12.7566   -0.0005   -0.0005   -0.0005
    6.0953   12.2238   12.2238   12.2238   -0.0005   -0.0005   -0.0005
    6.1305   11.6943   11.6943   11.6943   -0.0005   -0.0005   -0.0005
    6.1657   11.1863   11.1863   11.1863   -0.0005   -0.0005   -0.0005
    6.2009   10.7080   10.7080   10.7080   -0.0005   -0.0005   -0.0005
    6.2362   10.2587   10.2587   10.2587   -0.0005   -0.0005   -0.0005
    6.2714    9.8339    9.8339    9.8339   -0.0005   -0.0005   -0.0005
    6.3066    9.4314    9.4314    9.4314   -0.0005   -0.0005   -0.0005
    6.3419    9.0548    9.0548    9.0548   -0.0005   -0.0005   -0.0005
    6.3771    8.7147    8.7147    8.7147   -0.0004   -0.0004   -0.0004
    6.4123    8.4242    8.4242    8.4242   -0.0004   -0.0004   -0.0004
    6.4476    8.1941    8.1941    8.1941   -0.0003   -0.0003   -0.0003
    6.4828    8.0271    8.0271    8.0271   -0.0003   -0.0003   -0.0003
    6.5180    7.9159    7.9159    7.9159   -0.0002   -0.0002   -0.0002
    6.5533    7.8431    7.8431    7.8431   -0.0002   -0.0002   -0.0002
    6.5885    7.7856    7.7856    7.7856   -0.0001   -0.0001   -0.0001
    6.6237    7.7200    7.7200    7.7200   -0.0001   -0.0001   -0.0001
    6.6590    7.6276    7.6276    7.6276   -0.0001   -0.0001   -0.0001
    6.6942    7.4985    7.4985    7.4985   -0.0002   -0.0002   -0.0002
    6.7294    7.3328    7.3328    7.3328   -0.0002   -0.0002   -0.0002
    6.7647    7.1395    7.1395    7.1395   -0.0003   -0.0003   -0.0003
    6.7999    6.9337    6.9337    6.9337   -0.0004   -0.0004   -0.0004
    6.8351    6.7330    6.7330    6.7330   -0.0005   -0.0005   -0.0005
    6.8704    6.5536    6.5536    6.5536   -0.0006   -0.0006   -0.0006
    6.9056    6.4065    6.4065    6.4065   -0.0006   -0.0006   -0.0006
    6.9408    6.2948    6.2948    6.2948   -0.0006   -0.0006   -0.0006
    6.9761    6.2128    6.2128    6.2128   -0.0006   -0.0006   -0.0006
    7.0113    6.1473    6.1473    6.1473   -0.0006   -0.0006   -0.0006
    7.0465    6.0807    6.0807    6.0807   -0.0006   -0.0006   -0.0006
    7.0818    5.9959    5.9959    5.9959   -0.0005   -0.0005   -0.0005
    7.1170    5.8810    5.8810    5.8810   -0.0004   -0.0004   -0.0004
    7.1522    5.7324    5.7324    5.7324   -0.0003   -0.0003   -0.0003
    7.1875    5.5547    5.5547    5.5547   -0.0002   -0.0002   -0.0002
    7.2227    5.3591    5.3591    5.3591   -0.0002   -0.0002   -0.0002
    7.2579    5.1593    5.1593    5.1593   -0.0001   -0.0001   -0.0001
    7.2932    4.9677    4.9677    4.9677   -0.0001   -0.0001   -0.0001
    7.3284    4.7925    4.7925    4.7925   -0.0000   -0.0000   -0.0000
    7.3636    4.6377    4.6377    4.6377   -0.0000   -0.0000   -0.0000
    7.3989    4.5036    4.5036    4.5036   -0.0000   -0.0000   -0.0000
    7.4341    4.3887    4.3887    4.3887   -0.0000   -0.0000   -0.0000
    7.4693    4.2919    4.2919    4.2919   -0.0000   -0.0000   -0.0000
    7.5046    4.2127    4.2127    4.2127   -0.0001   -0.0001   -0.0001
    7.5398    4.1507    4.1507    4.1507   -0.0001   -0.0001   -0.0001
    7.5750    4.1039    4.1039    4.1039   -0.0001   -0.0001   -0.0001
    7.6103    4.0681    4.0681    4.0681   -0.0001   -0.0001   -0.0001
    7.6455    4.0358    4.0358    4.0358   -0.0001   -0.0001   -0.0001
    7.6807    3.9977    3.9977    3.9977   -0.0002   -0.0002   -0.0002
    7.7160    3.9455    3.9455    3.9455   -0.0002   -0.0002   -0.0002
    7.7512    3.8749    3.8749    3.8749   -0.0002   -0.0002   -0.0002
    7.7864    3.7874    3.7874    3.7874   -0.0002   -0.0002   -0.0002
    7.8217    3.6907    3.6907    3.6907   -0.0002   -0.0002   -0.0002
    7.8569    3.5963    3.5963    3.5963   -0.0002   -0.0002   -0.0002
    7.8921    3.5157    3.5157    3.5157   -0.0002   -0.0002   -0.0002
    7.9273    3.4566    3.4566    3.4566   -0.0001   -0.0001   -0.0001
    7.9626    3.4208    3.4208    3.4208   -0.0001   -0.0001   -0.0001
    7.9978    3.4041    3.4041    3.4041   -0.0001   -0.0001   -0.0001
    8.0330    3.3988    3.3988    3.3988   -0.0001   -0.0001   -0.0001
    8.0683    3.3971    3.3971    3.3971   -0.0001   -0.0001   -0.0001
    8.1035    3.3944    3.3944    3.3944   -0.0001   -0.0001   -0.0001
    8.1387    3.3906    3.3906    3.3906   -0.0001   -0.0001   -0.0001
    8.1740    3.3899    3.3899    3.3899   -0.0002   -0.0002   -0.0002
    8.2092    3.3991    3.3991    3.3991   -0.0002   -0.0002   -0.0002
    8.2444    3.4248    3.4248    3.4248   -0.0003   -0.0003   -0.0003
    8.2797    3.4714    3.4714    3.4714   -0.0003   -0.0003   -0.0003
    8.3149    3.5387    3.5387    3.5387   -0.0004   -0.0004   -0.0004
    8.3501    3.6221    3.6221    3.6221   -0.0004   -0.0004   -0.0004
    8.3854    3.7122    3.7122    3.7122   -0.0005   -0.0005   -0.0005
    8.4206    3.7968    3.7968    3.7968   -0.0005   -0.0005   -0.0005
    8.4558    3.8628    3.8628    3.8628   -0.0005   -0.0005   -0.0005
    8.4911    3.8989    3.8989    3.8989   -0.0004   -0.0004   -0.0004
    8.5263    3.8982    3.8982    3.8982   -0.0004   -0.0004   -0.0004
    8.5615    3.8600    3.8600    3.8600   -0.0003   -0.0003   -0.0003
    8.5968    3.7899    3.7899    3.7899   -0.0002   -0.0002   -0.0002
    8.6320    3.6992    3.6992    3.6992   -0.0001   -0.0001   -0.0001
    8.6672    3.6011    3.6011    3.6011   -0.0001   -0.0001   -0.0001
    8.7025    3.5084    3.5084    3.5084   -0.0000   -0.0000   -0.0000
    8.7377    3.4299    3.4299    3.4299   -0.0000   -0.0000   -0.0000
    8.7729    3.3692    3.3692    3.3692   -0.0000   -0.0000   -0.0000
    8.8082    3.3246    3.3246    3.3246   -0.0000   -0.0000   -0.0000
    8.8434    3.2910    3.2910    3.2910   -0.0000   -0.0000   -0.0000
    8.8786    3.2620    3.2620    3.2620   -0.0000   -0.0000   -0.0000
    8.9139    3.2322    3.2322    3.2322   -0.0001   -0.0001   -0.0001
    8.9491    3.1983    3.1983    3.1983   -0.0001   -0.0001   -0.0001
    8.9843    3.1595    3.1595    3.1595   -0.0001   -0.0001   -0.0001
    9.0196    3.1168    3.1168    3.1168   -0.0001   -0.0001   -0.0001
    9.0548    3.0723    3.0723    3.0723   -0.0001   -0.0001   -0.0001
    9.0900    3.0283    3.0283    3.0283   -0.0001   -0.0001   -0.0001
    9.1253    2.9869    2.9869    2.9869   -0.0001   -0.0001   -0.0001
    9.1605    2.9499    2.9499    2.9499   -0.0001   -0.0001   -0.0001
    9.1957    2.9185    2.9185    2.9185   -0.0001   -0.0001   -0.0001
    9.2310    2.8941    2.8941    2.8941   -0.0001   -0.0001   -0.0001
    9.2662    2.8784    2.8784    2.8784   -0.0001   -0.0001   -0.0001
    9.3014    2.8745    2.8745    2.8745   -0.0001   -0.0001   -0.0001
    9.3367    2.8863    2.8863    2.8863   -0.0001   -0.0001   -0.0001
    9.3719    2.9190    2.9190    2.9190   -0.0001   -0.0001   -0.0001
    9.4071    2.9774    2.9774    2.9774   -0.0001   -0.0001   -0.0001
    9.4424    3.0639    3.0639    3.0639   -0.0001   -0.0001   -0.0001
    9.4776    3.1771    3.1771    3.1771   -0.0001   -0.0001   -0.0001
    9.5128    3.3107    3.3107    3.3107   -0.0001   -0.0001   -0.0001
    9.5481    3.4545    3.4545    3.4545   -0.0001   -0.0001   -0.0001
    9.5833    3.5961    3.5961    3.5961   -0.0001   -0.0001   -0.0001
    9.6185    3.7238    3.7238    3.7238   -0.0001   -0.0001   -0.0001
    9.6537    3.8296    3.8296    3.8296   -0.0002   -0.0002   -0.0002
    9.6890    3.9100    3.9100    3.9100   -0.0002   -0.0002   -0.0002
    9.7242    3.9656    3.9656    3.9656   -0.0002   -0.0002   -0.0002
    9.7594    3.9997    3.9997    3.9997   -0.0003   -0.0003   -0.0003
    9.7947    4.0159    4.0159    4.0159   -0.0003   -0.0003   -0.0003
    9.8299    4.0168    4.0168    4.0168   -0.0003   -0.0003   -0.0003
    9.8651    4.0031    4.0031    4.0031   -0.0002   -0.0002   -0.0002
    9.9004    3.9748    3.9748    3.9748   -0.0002   -0.0002   -0.0002
    9.9356    3.9325    3.9325    3.9325   -0.0001   -0.0001   -0.0001
    9.9708    3.8790    3.8790    3.8790   -0.0001   -0.0001   -0.0001
   10.0061    3.8208    3.8208    3.8208   -0.0001   -0.0001   -0.0001
   10.0413    3.7674    3.7674    3.7674   -0.0001   -0.0001   -0.0001
   10.0765    3.7306    3.7306    3.7306   -0.0001   -0.0001   -0.0001
   10.1118    3.7217    3.7217    3.7217   -0.0001   -0.0001   -0.0001
   10.1470    3.7495    3.7495    3.7495   -0.0001   -0.0001   -0.0001
   10.1822    3.8180    3.8180    3.8180   -0.0002   -0.0002   -0.0002
   10.2175    3.9248    3.9248    3.9248   -0.0002   -0.0002   -0.0002
   10.2527    4.0614    4.0614    4.0614   -0.0002   -0.0002   -0.0002
   10.2879    4.2140    4.2140    4.2140   -0.0002   -0.0002   -0.0002
   10.3232    4.3654    4.3654    4.3654   -0.0002   -0.0002   -0.0002
   10.3584    4.4973    4.4973    4.4973   -0.0002   -0.0002   -0.0002
   10.3936    4.5932    4.5932    4.5932   -0.0002   -0.0002   -0.0002
   10.4289    4.6407    4.6407    4.6407   -0.0001   -0.0001   -0.0001
   10.4641    4.6335    4.6335    4.6335   -0.0001   -0.0001   -0.0001
   10.4993    4.5726    4.5726    4.5726    0.0000    0.0000    0.0000
   10.5346    4.4665    4.4665    4.4665    0.0000    0.0000    0.0000
   10.5698    4.3292    4.3292    4.3292    0.0001    0.0001    0.0001
   10.6050    4.1781    4.1781    4.1781    0.0001    0.0001    0.0001
   10.6403    4.0311    4.0311    4.0311    0.0000    0.0000    0.0000
   10.6755    3.9030    3.9030    3.9030    0.0000    0.0000    0.0000
   10.7107    3.8037    3.8037    3.8037   -0.0000   -0.0000   -0.0000
   10.7460    3.7365    3.7365    3.7365   -0.0000   -0.0000   -0.0000
   10.7812    3.6988    3.6988    3.6988   -0.0000   -0.0000   -0.0000
   10.8164    3.6833    3.6833    3.6833   -0.0000   -0.0000   -0.0000
   10.8517    3.6810    3.6810    3.6810   -0.0000   -0.0000   -0.0000
   10.8869    3.6835    3.6835    3.6835    0.0000    0.0000    0.0000
   10.9221    3.6856    3.6856    3.6856    0.0001    0.0001    0.0001
   10.9574    3.6864    3.6864    3.6864    0.0001    0.0001    0.0001
   10.9926    3.6898    3.6898    3.6898    0.0001    0.0001    0.0001
   11.0278    3.7027    3.7027    3.7027    0.0001    0.0001    0.0001
   11.0631    3.7328    3.7328    3.7328    0.0002    0.0002    0.0002
   11.0983    3.7856    3.7856    3.7856    0.0002    0.0002    0.0002
   11.1335    3.8621    3.8621    3.8621    0.0001    0.0001    0.0001
   11.1688    3.9575    3.9575    3.9575    0.0001    0.0001    0.0001
   11.2040    4.0617    4.0617    4.0617    0.0001    0.0001    0.0001
   11.2392    4.1618    4.1618    4.1618    0.0001    0.0001    0.0001
   11.2745    4.2448    4.2448    4.2448    0.0001    0.0001    0.0001
   11.3097    4.3005    4.3005    4.3005    0.0001    0.0001    0.0001
   11.3449    4.3230    4.3230    4.3230    0.0001    0.0001    0.0001
   11.3801    4.3100    4.3100    4.3100    0.0001    0.0001    0.0001
   11.4154    4.2614    4.2614    4.2614    0.0002    0.0002    0.0002
   11.4506    4.1781    4.1781    4.1781    0.0002    0.0002    0.0002
   11.4858    4.0619    4.0619    4.0619    0.0002    0.0002    0.0002
   11.5211    3.9162    3.9162    3.9162    0.0002    0.0002    0.0002
   11.5563    3.7479    3.7479    3.7479    0.0002    0.0002    0.0002
   11.5915    3.5685    3.5685    3.5685    0.0002    0.0002    0.0002
   11.6268    3.3934    3.3934    3.3934    0.0002    0.0002    0.0002
   11.6620    3.2398    3.2398    3.2398    0.0002    0.0002    0.0002
   11.6972    3.1232    3.1232    3.1232    0.0002    0.0002    0.0002
   11.7325    3.0543    3.0543    3.0543    0.0001    0.0001    0.0001
   11.7677    3.0361    3.0361    3.0361    0.0001    0.0001    0.0001
   11.8029    3.0630    3.0630    3.0630    0.0000    0.0000    0.0000
   11.8382    3.1212    3.1212    3.1212    0.0000    0.0000    0.0000
   11.8734    3.1913    3.1913    3.1913    0.0000    0.0000    0.0000
   11.9086    3.2514    3.2514    3.2514    0.0000    0.0000    0.0000
   11.9439    3.2822    3.2822    3.2822    0.0000    0.0000    0.0000
   11.9791    3.2710    3.2710    3.2710    0.0000    0.0000    0.0000
   12.0143    3.2150    3.2150    3.2150    0.0001    0.0001    0.0001
   12.0496    3.1228    3.1228    3.1228    0.0001    0.0001    0.0001
   12.0848    3.0115    3.0115    3.0115    0.0001    0.0001    0.0001
   12.1200    2.9027    2.9027    2.9027    0.0001    0.0001    0.0001
   12.1553    2.8166    2.8166    2.8166    0.0000    0.0000    0.0000
   12.1905    2.7669    2.7669    2.7669    0.0000    0.0000    0.0000
   12.2257    2.7586    2.7586    2.7586   -0.0000   -0.0000   -0.0000
   12.2610    2.7881    2.7881    2.7881   -0.0000   -0.0000   -0.0000
   12.2962    2.8463    2.8463    2.8463   -0.0000   -0.0000   -0.0000
   12.3314    2.9219    2.9219    2.9219   -0.0000   -0.0000   -0.0000
   12.3667    3.0042    3.0042    3.0042    0.0000    0.0000    0.0000
   12.4019    3.0847    3.0847    3.0847    0.0001    0.0001    0.0001
   12.4371    3.1570    3.1570    3.1570    0.0001    0.0001    0.0001
   12.4724    3.2152    3.2152    3.2152    0.0002    0.0002    0.0002
   12.5076    3.2538    3.2538    3.2538    0.0002    0.0002    0.0002
   12.5428    3.2672    3.2672    3.2672    0.0003    0.0003    0.0003
   12.5781    3.2512    3.2512    3.2512    0.0003    0.0003    0.0003
   12.6133    3.2043    3.2043    3.2043    0.0003    0.0003    0.0003
   12.6485    3.1290    3.1290    3.1290    0.0002    0.0002    0.0002
   12.6838    3.0326    3.0326    3.0326    0.0002    0.0002    0.0002
   12.7190    2.9261    2.9261    2.9261    0.0001    0.0001    0.0001
   12.7542    2.8222    2.8222    2.8222    0.0000    0.0000    0.0000
   12.7895    2.7327    2.7327    2.7327   -0.0000   -0.0000   -0.0000
   12.8247    2.6658    2.6658    2.6658   -0.0001   -0.0001   -0.0001
   12.8599    2.6243    2.6243    2.6243   -0.0001   -0.0001   -0.0001
   12.8952    2.6053    2.6053    2.6053   -0.0001   -0.0001   -0.0001
   12.9304    2.6014    2.6014    2.6014   -0.0001   -0.0001   -0.0001
   12.9656    2.6026    2.6026    2.6026   -0.0001   -0.0001   -0.0001
   13.0009    2.5990    2.5990    2.5990   -0.0001   -0.0001   -0.0001
   13.0361    2.5826    2.5826    2.5826   -0.0000   -0.0000   -0.0000
   13.0713    2.5491    2.5491    2.5491    0.0000    0.0000    0.0000
   13.1065    2.4982    2.4982    2.4982    0.0000    0.0000    0.0000
   13.1418    2.4332    2.4332    2.4332    0.0001    0.0001    0.0001
   13.1770    2.3604    2.3604    2.3604    0.0001    0.0001    0.0001
   13.2122    2.2878    2.2878    2.2878    0.0001    0.0001    0.0001
   13.2475    2.2235    2.2235    2.2235    0.0001    0.0001    0.0001
   13.2827    2.1741    2.1741    2.1741    0.0001    0.0001    0.0001
   13.3179    2.1434    2.1434    2.1434    0.0001    0.0001    0.0001
   13.3532    2.1319    2.1319    2.1319    0.0001    0.0001    0.0001
   13.3884    2.1359    2.1359    2.1359    0.0002    0.0002    0.0002
   13.4236    2.1493    2.1493    2.1493    0.0002    0.0002    0.0002
   13.4589    2.1641    2.1641    2.1641    0.0002    0.0002    0.0002
   13.4941    2.1728    2.1728    2.1728    0.0002    0.0002    0.0002
   13.5293    2.1696    2.1696    2.1696    0.0002    0.0002    0.0002
   13.5646    2.1516    2.1516    2.1516    0.0002    0.0002    0.0002
   13.5998    2.1191    2.1191    2.1191    0.0002    0.0002    0.0002
   13.6350    2.0753    2.0753    2.0753    0.0001    0.0001    0.0001
   13.6703    2.0256    2.0256    2.0256    0.0001    0.0001    0.0001
   13.7055    1.9762    1.9762    1.9762    0.0001    0.0001    0.0001
   13.7407    1.9327    1.9327    1.9327    0.0001    0.0001    0.0001
   13.7760    1.8991    1.8991    1.8991    0.0001    0.0001    0.0001
   13.8112    1.8765    1.8765    1.8765    0.0000    0.0000    0.0000
   13.8464    1.8636    1.8636    1.8636    0.0001    0.0001    0.0001
   13.8817    1.8564    1.8564    1.8564    0.0001    0.0001    0.0001
   13.9169    1.8504    1.8504    1.8504    0.0001    0.0001    0.0001
   13.9521    1.8415    1.8415    1.8415    0.0001    0.0001    0.0001
   13.9874    1.8272    1.8272    1.8272    0.0001    0.0001    0.0001
   14.0226    1.8074    1.8074    1.8074    0.0001    0.0001    0.0001
   14.0578    1.7838    1.7838    1.7838    0.0001    0.0001    0.0001
   14.0931    1.7587    1.7587    1.7587    0.0001    0.0001    0.0001
   14.1283    1.7338    1.7338    1.7338    0.0001    0.0001    0.0001
   14.1635    1.7091    1.7091    1.7091    0.0001    0.0001    0.0001
   14.1988    1.6830    1.6830    1.6830    0.0001    0.0001    0.0001
   14.2340    1.6532    1.6532    1.6532    0.0000    0.0000    0.0000
   14.2692    1.6177    1.6177    1.6177    0.0000    0.0000    0.0000
   14.3045    1.5761    1.5761    1.5761    0.0000    0.0000    0.0000
   14.3397    1.5306    1.5306    1.5306    0.0001    0.0001    0.0001
   14.3749    1.4851    1.4851    1.4851    0.0001    0.0001    0.0001
   14.4102    1.4450    1.4450    1.4450    0.0001    0.0001    0.0001
   14.4454    1.4157    1.4157    1.4157    0.0001    0.0001    0.0001
   14.4806    1.4014    1.4014    1.4014    0.0001    0.0001    0.0001
   14.5159    1.4046    1.4046    1.4046    0.0001    0.0001    0.0001
   14.5511    1.4259    1.4259    1.4259    0.0001    0.0001    0.0001
   14.5863    1.4640    1.4640    1.4640    0.0001    0.0001    0.0001
   14.6216    1.5163    1.5163    1.5163    0.0001    0.0001    0.0001
   14.6568    1.5789    1.5789    1.5789    0.0001    0.0001    0.0001
   14.6920    1.6473    1.6473    1.6473    0.0001    0.0001    0.0001
   14.7273    1.7168    1.7168    1.7168    0.0001    0.0001    0.0001
   14.7625    1.7821    1.7821    1.7821    0.0001    0.0001    0.0001
   14.7977    1.8384    1.8384    1.8384    0.0001    0.0001    0.0001
   14.8329    1.8806    1.8806    1.8806    0.0001    0.0001    0.0001
   14.8682    1.9049    1.9049    1.9049    0.0001    0.0001    0.0001
   14.9034    1.9080    1.9080    1.9080    0.0001    0.0001    0.0001
   14.9386    1.8889    1.8889    1.8889    0.0001    0.0001    0.0001
   14.9739    1.8487    1.8487    1.8487    0.0001    0.0001    0.0001
   15.0091    1.7911    1.7911    1.7911    0.0001    0.0001    0.0001
   15.0443    1.7220    1.7220    1.7220    0.0001    0.0001    0.0001
   15.0796    1.6488    1.6488    1.6488    0.0001    0.0001    0.0001
   15.1148    1.5791    1.5791    1.5791    0.0001    0.0001    0.0001
   15.1500    1.5195    1.5195    1.5195    0.0001    0.0001    0.0001
   15.1853    1.4745    1.4745    1.4745    0.0000    0.0000    0.0000
   15.2205    1.4464    1.4464    1.4464    0.0000    0.0000    0.0000
   15.2557    1.4349    1.4349    1.4349    0.0000    0.0000    0.0000
   15.2910    1.4381    1.4381    1.4381    0.0000    0.0000    0.0000
   15.3262    1.4532    1.4532    1.4532    0.0000    0.0000    0.0000
   15.3614    1.4770    1.4770    1.4770    0.0000    0.0000    0.0000
   15.3967    1.5067    1.5067    1.5067    0.0000    0.0000    0.0000
   15.4319    1.5403    1.5403    1.5403    0.0000    0.0000    0.0000
   15.4671    1.5760    1.5760    1.5760    0.0000    0.0000    0.0000
   15.5024    1.6127    1.6127    1.6127    0.0001    0.0001    0.0001
   15.5376    1.6497    1.6497    1.6497    0.0001    0.0001    0.0001
   15.5728    1.6862    1.6862    1.6862    0.0001    0.0001    0.0001
   15.6081    1.7215    1.7215    1.7215    0.0001    0.0001    0.0001
   15.6433    1.7548    1.7548    1.7548    0.0001    0.0001    0.0001
   15.6785    1.7851    1.7851    1.7851    0.0001    0.0001    0.0001
   15.7138    1.8112    1.8112    1.8112    0.0001    0.0001    0.0001
   15.7490    1.8317    1.8317    1.8317    0.0001    0.0001    0.0001
   15.7842    1.8458    1.8458    1.8458    0.0000    0.0000    0.0000
   15.8195    1.8533    1.8533    1.8533    0.0000    0.0000    0.0000
   15.8547    1.8556    1.8556    1.8556    0.0000    0.0000    0.0000
   15.8899    1.8551    1.8551    1.8551    0.0000    0.0000    0.0000
   15.9252    1.8550    1.8550    1.8550    0.0000    0.0000    0.0000
   15.9604    1.8584    1.8584    1.8584    0.0000    0.0000    0.0000
   15.9956    1.8670    1.8670    1.8670    0.0000    0.0000    0.0000
   16.0309    1.8807    1.8807    1.8807    0.0001    0.0001    0.0001
   16.0661    1.8975    1.8975    1.8975    0.0001    0.0001    0.0001
   16.1013    1.9146    1.9146    1.9146    0.0001    0.0001    0.0001
   16.1366    1.9295    1.9295    1.9295    0.0000    0.0000    0.0000
   16.1718    1.9409    1.9409    1.9409   -0.0000   -0.0000   -0.0000
   16.2070    1.9501    1.9501    1.9501   -0.0001   -0.0001   -0.0001
   16.2423    1.9599    1.9599    1.9599   -0.0002   -0.0002   -0.0002
   16.2775    1.9740    1.9740    1.9740   -0.0004   -0.0004   -0.0004
   16.3127    1.9957    1.9957    1.9957   -0.0007   -0.0007   -0.0007
   16.3480    2.0264    2.0264    2.0264   -0.0009   -0.0009   -0.0009
   16.3832    2.0659    2.0659    2.0659   -0.0012   -0.0012   -0.0012
   16.4184    2.1121    2.1121    2.1121   -0.0013   -0.0013   -0.0013
   16.4537    2.1624    2.1624    2.1624   -0.0014   -0.0014   -0.0014
   16.4889    2.2145    2.2145    2.2145   -0.0012   -0.0012   -0.0012
   16.5241    2.2670    2.2670    2.2670   -0.0009   -0.0009   -0.0009
   16.5594    2.3192    2.3192    2.3192   -0.0004   -0.0004   -0.0004
   16.5946    2.3701    2.3701    2.3701    0.0002    0.0002    0.0002
   16.6298    2.4180    2.4180    2.4180    0.0009    0.0009    0.0009
   16.6650    2.4598    2.4598    2.4598    0.0015    0.0015    0.0015
   16.7003    2.4918    2.4918    2.4918    0.0020    0.0020    0.0020
   16.7355    2.5103    2.5103    2.5103    0.0023    0.0023    0.0023
   16.7707    2.5132    2.5132    2.5132    0.0024    0.0024    0.0024
   16.8060    2.5010    2.5010    2.5010    0.0023    0.0023    0.0023
   16.8412    2.4763    2.4763    2.4763    0.0020    0.0020    0.0020
   16.8764    2.4439    2.4439    2.4439    0.0016    0.0016    0.0016
   16.9117    2.4087    2.4087    2.4087    0.0012    0.0012    0.0012
   16.9469    2.3750    2.3750    2.3750    0.0009    0.0009    0.0009
   16.9821    2.3457    2.3457    2.3457    0.0007    0.0007    0.0007
   17.0174    2.3218    2.3218    2.3218    0.0007    0.0007    0.0007
   17.0526    2.3035    2.3035    2.3035    0.0008    0.0008    0.0008
   17.0878    2.2901    2.2901    2.2901    0.0010    0.0010    0.0010
   17.1231    2.2810    2.2810    2.2810    0.0013    0.0013    0.0013
   17.1583    2.2750    2.2750    2.2750    0.0015    0.0015    0.0015
   17.1935    2.2705    2.2705    2.2705    0.0016    0.0016    0.0016
   17.2288    2.2656    2.2656    2.2656    0.0016    0.0016    0.0016
   17.2640    2.2578    2.2578    2.2578    0.0015    0.0015    0.0015
   17.2992    2.2445    2.2445    2.2445    0.0014    0.0014    0.0014
   17.3345    2.2239    2.2239    2.2239    0.0012    0.0012    0.0012
   17.3697    2.1948    2.1948    2.1948    0.0011    0.0011    0.0011
   17.4049    2.1570    2.1570    2.1570    0.0009    0.0009    0.0009
   17.4402    2.1117    2.1117    2.1117    0.0007    0.0007    0.0007
   17.4754    2.0607    2.0607    2.0607    0.0006    0.0006    0.0006
   17.5106    2.0068    2.0068    2.0068    0.0005    0.0005    0.0005
   17.5459    1.9530    1.9530    1.9530    0.0004    0.0004    0.0004
   17.5811    1.9022    1.9022    1.9022    0.0003    0.0003    0.0003
   17.6163    1.8567    1.8567    1.8567    0.0002    0.0002    0.0002
   17.6516    1.8175    1.8175    1.8175    0.0001    0.0001    0.0001
   17.6868    1.7844    1.7844    1.7844    0.0001    0.0001    0.0001
   17.7220    1.7564    1.7564    1.7564    0.0001    0.0001    0.0001
   17.7573    1.7320    1.7320    1.7320    0.0001    0.0001    0.0001
   17.7925    1.7105    1.7105    1.7105    0.0001    0.0001    0.0001
   17.8277    1.6921    1.6921    1.6921    0.0002    0.0002    0.0002
   17.8630    1.6780    1.6780    1.6780    0.0002    0.0002    0.0002
   17.8982    1.6696    1.6696    1.6696    0.0003    0.0003    0.0003
   17.9334    1.6677    1.6677    1.6677    0.0003    0.0003    0.0003
   17.9687    1.6722    1.6722    1.6722    0.0004    0.0004    0.0004
   18.0039    1.6816    1.6816    1.6816    0.0005    0.0005    0.0005
   18.0391    1.6935    1.6935    1.6935    0.0006    0.0006    0.0006
   18.0744    1.7051    1.7051    1.7051    0.0006    0.0006    0.0006
   18.1096    1.7134    1.7134    1.7134    0.0006    0.0006    0.0006
   18.1448    1.7162    1.7162    1.7162    0.0006    0.0006    0.0006
   18.1801    1.7118    1.7118    1.7118    0.0006    0.0006    0.0006
   18.2153    1.6995    1.6995    1.6995    0.0005    0.0005    0.0005
   18.2505    1.6793    1.6793    1.6793    0.0005    0.0005    0.0005
   18.2858    1.6518    1.6518    1.6518    0.0004    0.0004    0.0004
   18.3210    1.6186    1.6186    1.6186    0.0004    0.0004    0.0004
   18.3562    1.5817    1.5817    1.5817    0.0003    0.0003    0.0003
   18.3914    1.5432    1.5432    1.5432    0.0003    0.0003    0.0003
   18.4267    1.5048    1.5048    1.5048    0.0003    0.0003    0.0003
   18.4619    1.4676    1.4676    1.4676    0.0003    0.0003    0.0003
   18.4971    1.4315    1.4315    1.4315    0.0002    0.0002    0.0002
   18.5324    1.3960    1.3960    1.3960    0.0002    0.0002    0.0002
   18.5676    1.3605    1.3605    1.3605    0.0002    0.0002    0.0002
   18.6028    1.3249    1.3249    1.3249    0.0001    0.0001    0.0001
   18.6381    1.2899    1.2899    1.2899    0.0001    0.0001    0.0001
   18.6733    1.2567    1.2567    1.2567    0.0000    0.0000    0.0000
   18.7085    1.2268    1.2268    1.2268   -0.0000   -0.0000   -0.0000
   18.7438    1.2012    1.2012    1.2012   -0.0000   -0.0000   -0.0000
   18.7790    1.1801    1.1801    1.1801   -0.0001   -0.0001   -0.0001
   18.8142    1.1628    1.1628    1.1628   -0.0001   -0.0001   -0.0001
   18.8495    1.1486    1.1486    1.1486   -0.0001   -0.0001   -0.0001
   18.8847    1.1374    1.1374    1.1374   -0.0001   -0.0001   -0.0001
   18.9199    1.1302    1.1302    1.1302   -0.0001   -0.0001   -0.0001
   18.9552    1.1292    1.1292    1.1292   -0.0001   -0.0001   -0.0001
   18.9904    1.1369    1.1369    1.1369   -0.0001   -0.0001   -0.0001
   19.0256    1.1550    1.1550    1.1550   -0.0001   -0.0001   -0.0001
   19.0609    1.1830    1.1830    1.1830   -0.0001   -0.0001   -0.0001
   19.0961    1.2174    1.2174    1.2174   -0.0001   -0.0001   -0.0001
   19.1313    1.2526    1.2526    1.2526   -0.0001   -0.0001   -0.0001
   19.1666    1.2816    1.2816    1.2816   -0.0000   -0.0000   -0.0000
   19.2018    1.2981    1.2981    1.2981    0.0001    0.0001    0.0001
   19.2370    1.2974    1.2974    1.2974    0.0001    0.0001    0.0001
   19.2723    1.2781    1.2781    1.2781    0.0002    0.0002    0.0002
   19.3075    1.2415    1.2415    1.2415    0.0002    0.0002    0.0002
   19.3427    1.1913    1.1913    1.1913    0.0002    0.0002    0.0002
   19.3780    1.1322    1.1322    1.1322    0.0002    0.0002    0.0002
   19.4132    1.0693    1.0693    1.0693    0.0002    0.0002    0.0002
   19.4484    1.0065    1.0065    1.0065    0.0002    0.0002    0.0002
   19.4837    0.9465    0.9465    0.9465    0.0002    0.0002    0.0002
   19.5189    0.8902    0.8902    0.8902    0.0001    0.0001    0.0001
   19.5541    0.8375    0.8375    0.8375    0.0001    0.0001    0.0001
   19.5894    0.7873    0.7873    0.7873    0.0001    0.0001    0.0001
   19.6246    0.7384    0.7384    0.7384    0.0001    0.0001    0.0001
   19.6598    0.6901    0.6901    0.6901    0.0001    0.0001    0.0001
   19.6951    0.6422    0.6422    0.6422    0.0001    0.0001    0.0001
   19.7303    0.5954    0.5954    0.5954    0.0000    0.0000    0.0000
   19.7655    0.5507    0.5507    0.5507    0.0000    0.0000    0.0000
   19.8008    0.5094    0.5094    0.5094    0.0000    0.0000    0.0000
   19.8360    0.4726    0.4726    0.4726    0.0000    0.0000    0.0000
   19.8712    0.4409    0.4409    0.4409    0.0000    0.0000    0.0000
   19.9065    0.4147    0.4147    0.4147    0.0000    0.0000    0.0000
   19.9417    0.3934    0.3934    0.3934    0.0000    0.0000    0.0000
   19.9769    0.3764    0.3764    0.3764    0.0000    0.0000    0.0000
   20.0122    0.3625    0.3625    0.3625    0.0000    0.0000    0.0000
   20.0474    0.3508    0.3508    0.3508    0.0000    0.0000    0.0000
   20.0826    0.3404    0.3404    0.3404    0.0000    0.0000    0.0000
   20.1178    0.3305    0.3305    0.3305    0.0000    0.0000    0.0000
   20.1531    0.3206    0.3206    0.3206    0.0000    0.0000    0.0000
   20.1883    0.3103    0.3103    0.3103    0.0000    0.0000    0.0000
   20.2235    0.2992    0.2992    0.2992    0.0000    0.0000    0.0000
   20.2588    0.2869    0.2869    0.2869    0.0000    0.0000    0.0000
   20.2940    0.2733    0.2733    0.2733    0.0000    0.0000    0.0000
   20.3292    0.2586    0.2586    0.2586    0.0000    0.0000    0.0000
   20.3645    0.2431    0.2431    0.2431    0.0000    0.0000    0.0000
   20.3997    0.2273    0.2273    0.2273    0.0000    0.0000    0.0000
   20.4349    0.2117    0.2117    0.2117    0.0000    0.0000    0.0000
   20.4702    0.1970    0.1970    0.1970    0.0000    0.0000    0.0000
   20.5054    0.1835    0.1835    0.1835    0.0000    0.0000    0.0000
   20.5406    0.1715    0.1715    0.1715    0.0000    0.0000    0.0000
   20.5759    0.1612    0.1612    0.1612    0.0000    0.0000    0.0000
   20.6111    0.1526    0.1526    0.1526    0.0000    0.0000    0.0000
   20.6463    0.1458    0.1458    0.1458    0.0000    0.0000    0.0000
   20.6816    0.1406    0.1406    0.1406    0.0000    0.0000    0.0000
   20.7168    0.1367    0.1367    0.1367   -0.0000   -0.0000   -0.0000
   20.7520    0.1338    0.1338    0.1338   -0.0000   -0.0000   -0.0000
   20.7873    0.1316    0.1316    0.1316   -0.0000   -0.0000   -0.0000
   20.8225    0.1296    0.1296    0.1296   -0.0000   -0.0000   -0.0000
   20.8577    0.1276    0.1276    0.1276   -0.0000   -0.0000   -0.0000
   20.8930    0.1257    0.1257    0.1257   -0.0000   -0.0000   -0.0000
   20.9282    0.1237    0.1237    0.1237   -0.0000   -0.0000   -0.0000
   20.9634    0.1220    0.1220    0.1220   -0.0000   -0.0000   -0.0000
   20.9987    0.1206    0.1206    0.1206   -0.0000   -0.0000   -0.0000
   21.0339    0.1195    0.1195    0.1195   -0.0000   -0.0000   -0.0000
   21.0691    0.1183    0.1183    0.1183   -0.0000   -0.0000   -0.0000
   21.1044    0.1167    0.1167    0.1167   -0.0000   -0.0000   -0.0000
   21.1396    0.1142    0.1142    0.1142   -0.0000   -0.0000   -0.0000
   21.1748    0.1104    0.1104    0.1104    0.0000    0.0000    0.0000
   21.2101    0.1054    0.1054    0.1054    0.0000    0.0000    0.0000
   21.2453    0.0992    0.0992    0.0992    0.0000    0.0000    0.0000
   21.2805    0.0923    0.0923    0.0923    0.0000    0.0000    0.0000
   21.3158    0.0855    0.0855    0.0855    0.0000    0.0000    0.0000
   21.3510    0.0793    0.0793    0.0793    0.0000    0.0000    0.0000
   21.3862    0.0741    0.0741    0.0741    0.0000    0.0000    0.0000
   21.4215    0.0703    0.0703    0.0703    0.0000    0.0000    0.0000
   21.4567    0.0678    0.0678    0.0678    0.0000    0.0000    0.0000
   21.4919    0.0663    0.0663    0.0663    0.0000    0.0000    0.0000
   21.5272    0.0653    0.0653    0.0653    0.0000    0.0000    0.0000
   21.5624    0.0645    0.0645    0.0645    0.0000    0.0000    0.0000
   21.5976    0.0633    0.0633    0.0633    0.0000    0.0000    0.0000
   21.6329    0.0618    0.0618    0.0618    0.0000    0.0000    0.0000
   21.6681    0.0598    0.0598    0.0598    0.0000    0.0000    0.0000
   21.7033    0.0577    0.0577    0.0577    0.0000    0.0000    0.0000
   21.7386    0.0555    0.0555    0.0555    0.0000    0.0000    0.0000
   21.7738    0.0536    0.0536    0.0536    0.0000    0.0000    0.0000
   21.8090    0.0521    0.0521    0.0521    0.0000    0.0000    0.0000
   21.8442    0.0509    0.0509    0.0509    0.0000    0.0000    0.0000
   21.8795    0.0500    0.0500    0.0500    0.0000    0.0000    0.0000
   21.9147    0.0493    0.0493    0.0493   -0.0000   -0.0000   -0.0000
   21.9499    0.0486    0.0486    0.0486   -0.0000   -0.0000   -0.0000
   21.9852    0.0477    0.0477    0.0477   -0.0000   -0.0000   -0.0000
   22.0204    0.0467    0.0467    0.0467   -0.0000   -0.0000   -0.0000
   22.0556    0.0456    0.0456    0.0456   -0.0000   -0.0000   -0.0000
   22.0909    0.0445    0.0445    0.0445   -0.0000   -0.0000   -0.0000
   22.1261    0.0435    0.0435    0.0435   -0.0000   -0.0000   -0.0000
   22.1613    0.0426    0.0426    0.0426   -0.0000   -0.0000   -0.0000
   22.1966    0.0418    0.0418    0.0418   -0.0000   -0.0000   -0.0000
   22.2318    0.0412    0.0412    0.0412   -0.0000   -0.0000   -0.0000
   22.2670    0.0408    0.0408    0.0408   -0.0000   -0.0000   -0.0000
   22.3023    0.0405    0.0405    0.0405   -0.0000   -0.0000   -0.0000
   22.3375    0.0403    0.0403    0.0403    0.0000    0.0000    0.0000
   22.3727    0.0400    0.0400    0.0400    0.0000    0.0000    0.0000
   22.4080    0.0395    0.0395    0.0395    0.0000    0.0000    0.0000
   22.4432    0.0388    0.0388    0.0388    0.0000    0.0000    0.0000
   22.4784    0.0379    0.0379    0.0379    0.0000    0.0000    0.0000
   22.5137    0.0367    0.0367    0.0367    0.0000    0.0000    0.0000
   22.5489    0.0354    0.0354    0.0354    0.0000    0.0000    0.0000
   22.5841    0.0339    0.0339    0.0339    0.0000    0.0000    0.0000
   22.6194    0.0325    0.0325    0.0325    0.0000    0.0000    0.0000
   22.6546    0.0312    0.0312    0.0312    0.0000    0.0000    0.0000
   22.6898    0.0301    0.0301    0.0301    0.0000    0.0000    0.0000
   22.7251    0.0294    0.0294    0.0294    0.0000    0.0000    0.0000
   22.7603    0.0289    0.0289    0.0289    0.0000    0.0000    0.0000
   22.7955    0.0287    0.0287    0.0287    0.0000    0.0000    0.0000
   22.8308    0.0286    0.0286    0.0286    0.0000    0.0000    0.0000
   22.8660    0.0287    0.0287    0.0287    0.0000    0.0000    0.0000
   22.9012    0.0288    0.0288    0.0288    0.0000    0.0000    0.0000
   22.9365    0.0288    0.0288    0.0288    0.0000    0.0000    0.0000
   22.9717    0.0287    0.0287    0.0287    0.0000    0.0000    0.0000
   23.0069    0.0283    0.0283    0.0283    0.0000    0.0000    0.0000
   23.0422    0.0278    0.0278    0.0278    0.0000    0.0000    0.0000
   23.0774    0.0272    0.0272    0.0272    0.0000    0.0000    0.0000
   23.1126    0.0264    0.0264    0.0264    0.0000    0.0000    0.0000
   23.1479    0.0257    0.0257    0.0257    0.0000    0.0000    0.0000
   23.1831    0.0249    0.0249    0.0249    0.0000    0.0000    0.0000
   23.2183    0.0243    0.0243    0.0243    0.0000    0.0000    0.0000
   23.2536    0.0238    0.0238    0.0238    0.0000    0.0000    0.0000
   23.2888    0.0234    0.0234    0.0234    0.0000    0.0000    0.0000
   23.3240    0.0231    0.0231    0.0231    0.0000    0.0000    0.0000
   23.3593    0.0230    0.0230    0.0230    0.0000    0.0000    0.0000
   23.3945    0.0229    0.0229    0.0229    0.0000    0.0000    0.0000
   23.4297    0.0228    0.0228    0.0228    0.0000    0.0000    0.0000
   23.4650    0.0226    0.0226    0.0226    0.0000    0.0000    0.0000
   23.5002    0.0224    0.0224    0.0224    0.0000    0.0000    0.0000
   23.5354    0.0222    0.0222    0.0222    0.0000    0.0000    0.0000
   23.5706    0.0218    0.0218    0.0218    0.0000    0.0000    0.0000
   23.6059    0.0215    0.0215    0.0215    0.0000    0.0000    0.0000
   23.6411    0.0212    0.0212    0.0212    0.0000    0.0000    0.0000
   23.6763    0.0209    0.0209    0.0209    0.0000    0.0000    0.0000
   23.7116    0.0207    0.0207    0.0207    0.0000    0.0000    0.0000
   23.7468    0.0207    0.0207    0.0207    0.0000    0.0000    0.0000
   23.7820    0.0207    0.0207    0.0207    0.0000    0.0000    0.0000
   23.8173    0.0208    0.0208    0.0208    0.0000    0.0000    0.0000
   23.8525    0.0208    0.0208    0.0208    0.0000    0.0000    0.0000
   23.8877    0.0208    0.0208    0.0208    0.0000    0.0000    0.0000
   23.9230    0.0207    0.0207    0.0207    0.0000    0.0000    0.0000
   23.9582    0.0204    0.0204    0.0204    0.0000    0.0000    0.0000
   23.9934    0.0201    0.0201    0.0201    0.0000    0.0000    0.0000
   24.0287    0.0196    0.0196    0.0196    0.0000    0.0000    0.0000
   24.0639    0.0191    0.0191    0.0191    0.0000    0.0000    0.0000
   24.0991    0.0186    0.0186    0.0186    0.0000    0.0000    0.0000
   24.1344    0.0181    0.0181    0.0181    0.0000    0.0000    0.0000
   24.1696    0.0176    0.0176    0.0176    0.0000    0.0000    0.0000
   24.2048    0.0172    0.0172    0.0172    0.0000    0.0000    0.0000
   24.2401    0.0168    0.0168    0.0168    0.0000    0.0000    0.0000
   24.2753    0.0165    0.0165    0.0165    0.0000    0.0000    0.0000
   24.3105    0.0163    0.0163    0.0163    0.0000    0.0000    0.0000
   24.3458    0.0161    0.0161    0.0161    0.0000    0.0000    0.0000
   24.3810    0.0160    0.0160    0.0160    0.0000    0.0000    0.0000
   24.4162    0.0160    0.0160    0.0160    0.0000    0.0000    0.0000
   24.4515    0.0160    0.0160    0.0160    0.0000    0.0000    0.0000
   24.4867    0.0160    0.0160    0.0160    0.0000    0.0000    0.0000
   24.5219    0.0161    0.0161    0.0161    0.0000    0.0000    0.0000
   24.5572    0.0161    0.0161    0.0161    0.0000    0.0000    0.0000
   24.5924    0.0161    0.0161    0.0161    0.0000    0.0000    0.0000
   24.6276    0.0161    0.0161    0.0161    0.0000    0.0000    0.0000
   24.6629    0.0160    0.0160    0.0160    0.0000    0.0000    0.0000
   24.6981    0.0159    0.0159    0.0159    0.0000    0.0000    0.0000
   24.7333    0.0157    0.0157    0.0157    0.0000    0.0000    0.0000
   24.7686    0.0154    0.0154    0.0154    0.0000    0.0000    0.0000
   24.8038    0.0151    0.0151    0.0151    0.0000    0.0000    0.0000
   24.8390    0.0149    0.0149    0.0149    0.0000    0.0000    0.0000
   24.8743    0.0146    0.0146    0.0146    0.0000    0.0000    0.0000
   24.9095    0.0143    0.0143    0.0143    0.0000    0.0000    0.0000
   24.9447    0.0140    0.0140    0.0140    0.0000    0.0000    0.0000
   24.9800    0.0138    0.0138    0.0138    0.0000    0.0000    0.0000
   25.0152    0.0136    0.0136    0.0136    0.0000    0.0000    0.0000
   25.0504    0.0135    0.0135    0.0135    0.0000    0.0000    0.0000
   25.0857    0.0133    0.0133    0.0133    0.0000    0.0000    0.0000
   25.1209    0.0133    0.0133    0.0133    0.0000    0.0000    0.0000
   25.1561    0.0132    0.0132    0.0132    0.0000    0.0000    0.0000
   25.1914    0.0131    0.0131    0.0131    0.0000    0.0000    0.0000
   25.2266    0.0130    0.0130    0.0130    0.0000    0.0000    0.0000
   25.2618    0.0130    0.0130    0.0130    0.0000    0.0000    0.0000
   25.2970    0.0129    0.0129    0.0129    0.0000    0.0000    0.0000
   25.3323    0.0128    0.0128    0.0128    0.0000    0.0000    0.0000
   25.3675    0.0127    0.0127    0.0127    0.0000    0.0000    0.0000
   25.4027    0.0126    0.0126    0.0126    0.0000    0.0000    0.0000
   25.4380    0.0124    0.0124    0.0124    0.0000    0.0000    0.0000
   25.4732    0.0123    0.0123    0.0123    0.0000    0.0000    0.0000
   25.5084    0.0121    0.0121    0.0121    0.0000    0.0000    0.0000
   25.5437    0.0119    0.0119    0.0119    0.0000    0.0000    0.0000
   25.5789    0.0118    0.0118    0.0118   -0.0000   -0.0000   -0.0000
   25.6141    0.0116    0.0116    0.0116   -0.0000   -0.0000   -0.0000
   25.6494    0.0115    0.0115    0.0115   -0.0000   -0.0000   -0.0000
   25.6846    0.0113    0.0113    0.0113   -0.0000   -0.0000   -0.0000
   25.7198    0.0112    0.0112    0.0112   -0.0000   -0.0000   -0.0000
   25.7551    0.0110    0.0110    0.0110    0.0000    0.0000    0.0000
   25.7903    0.0109    0.0109    0.0109    0.0000    0.0000    0.0000
   25.8255    0.0108    0.0108    0.0108    0.0000    0.0000    0.0000
   25.8608    0.0106    0.0106    0.0106    0.0000    0.0000    0.0000
   25.8960    0.0105    0.0105    0.0105    0.0000    0.0000    0.0000
   25.9312    0.0104    0.0104    0.0104    0.0000    0.0000    0.0000
   25.9665    0.0103    0.0103    0.0103    0.0000    0.0000    0.0000
   26.0017    0.0103    0.0103    0.0103    0.0000    0.0000    0.0000
   26.0369    0.0102    0.0102    0.0102    0.0000    0.0000    0.0000
   26.0722    0.0101    0.0101    0.0101    0.0000    0.0000    0.0000
   26.1074    0.0100    0.0100    0.0100    0.0000    0.0000    0.0000
   26.1426    0.0100    0.0100    0.0100    0.0000    0.0000    0.0000
   26.1779    0.0099    0.0099    0.0099    0.0000    0.0000    0.0000
   26.2131    0.0098    0.0098    0.0098    0.0000    0.0000    0.0000
   26.2483    0.0098    0.0098    0.0098    0.0000    0.0000    0.0000
   26.2836    0.0097    0.0097    0.0097    0.0000    0.0000    0.0000
   26.3188    0.0096    0.0096    0.0096    0.0000    0.0000    0.0000
   26.3540    0.0096    0.0096    0.0096    0.0000    0.0000    0.0000
   26.3893    0.0095    0.0095    0.0095    0.0000    0.0000    0.0000
   26.4245    0.0094    0.0094    0.0094    0.0000    0.0000    0.0000
   26.4597    0.0094    0.0094    0.0094    0.0000    0.0000    0.0000
   26.4950    0.0093    0.0093    0.0093    0.0000    0.0000    0.0000
   26.5302    0.0093    0.0093    0.0093    0.0000    0.0000    0.0000
   26.5654    0.0092    0.0092    0.0092    0.0000    0.0000    0.0000
   26.6007    0.0092    0.0092    0.0092    0.0000    0.0000    0.0000
   26.6359    0.0091    0.0091    0.0091    0.0000    0.0000    0.0000
   26.6711    0.0090    0.0090    0.0090    0.0000    0.0000    0.0000
   26.7064    0.0090    0.0090    0.0090    0.0000    0.0000    0.0000
   26.7416    0.0089    0.0089    0.0089    0.0000    0.0000    0.0000
   26.7768    0.0089    0.0089    0.0089    0.0000    0.0000    0.0000
   26.8121    0.0088    0.0088    0.0088    0.0000    0.0000    0.0000
   26.8473    0.0088    0.0088    0.0088    0.0000    0.0000    0.0000
   26.8825    0.0087    0.0087    0.0087    0.0000    0.0000    0.0000
   26.9178    0.0087    0.0087    0.0087    0.0000    0.0000    0.0000
   26.9530    0.0086    0.0086    0.0086    0.0000    0.0000    0.0000
   26.9882    0.0086    0.0086    0.0086    0.0000    0.0000    0.0000
   27.0235    0.0085    0.0085    0.0085    0.0000    0.0000    0.0000
   27.0587    0.0085    0.0085    0.0085    0.0000    0.0000    0.0000
   27.0939    0.0084    0.0084    0.0084    0.0000    0.0000    0.0000
   27.1291    0.0084    0.0084    0.0084    0.0000    0.0000    0.0000
   27.1644    0.0083    0.0083    0.0083    0.0000    0.0000    0.0000
   27.1996    0.0083    0.0083    0.0083    0.0000    0.0000    0.0000
   27.2348    0.0082    0.0082    0.0082    0.0000    0.0000    0.0000
   27.2701    0.0082    0.0082    0.0082    0.0000    0.0000    0.0000
   27.3053    0.0081    0.0081    0.0081    0.0000    0.0000    0.0000
   27.3405    0.0081    0.0081    0.0081    0.0000    0.0000    0.0000
   27.3758    0.0080    0.0080    0.0080    0.0000    0.0000    0.0000
   27.4110    0.0080    0.0080    0.0080    0.0000    0.0000    0.0000
   27.4462    0.0080    0.0080    0.0080    0.0000    0.0000    0.0000
   27.4815    0.0079    0.0079    0.0079    0.0000    0.0000    0.0000
   27.5167    0.0079    0.0079    0.0079    0.0000    0.0000    0.0000
   27.5519    0.0078    0.0078    0.0078    0.0000    0.0000    0.0000
   27.5872    0.0078    0.0078    0.0078    0.0000    0.0000    0.0000
   27.6224    0.0077    0.0077    0.0077    0.0000    0.0000    0.0000
   27.6576    0.0077    0.0077    0.0077    0.0000    0.0000    0.0000
   27.6929    0.0077    0.0077    0.0077    0.0000    0.0000    0.0000
   27.7281    0.0076    0.0076    0.0076    0.0000    0.0000    0.0000
   27.7633    0.0076    0.0076    0.0076    0.0000    0.0000    0.0000
   27.7986    0.0075    0.0075    0.0075    0.0000    0.0000    0.0000
   27.8338    0.0075    0.0075    0.0075    0.0000    0.0000    0.0000
   27.8690    0.0074    0.0074    0.0074    0.0000    0.0000    0.0000
   27.9043    0.0074    0.0074    0.0074    0.0000    0.0000    0.0000
   27.9395    0.0074    0.0074    0.0074    0.0000    0.0000    0.0000
   27.9747    0.0073    0.0073    0.0073    0.0000    0.0000    0.0000
   28.0100    0.0073    0.0073    0.0073    0.0000    0.0000    0.0000
   28.0452    0.0073    0.0073    0.0073    0.0000    0.0000    0.0000
   28.0804    0.0072    0.0072    0.0072    0.0000    0.0000    0.0000
   28.1157    0.0072    0.0072    0.0072    0.0000    0.0000    0.0000
   28.1509    0.0071    0.0071    0.0071    0.0000    0.0000    0.0000
   28.1861    0.0071    0.0071    0.0071    0.0000    0.0000    0.0000
   28.2214    0.0071    0.0071    0.0071    0.0000    0.0000    0.0000
   28.2566    0.0070    0.0070    0.0070    0.0000    0.0000    0.0000
   28.2918    0.0070    0.0070    0.0070    0.0000    0.0000    0.0000
   28.3271    0.0070    0.0070    0.0070    0.0000    0.0000    0.0000
   28.3623    0.0069    0.0069    0.0069    0.0000    0.0000    0.0000
   28.3975    0.0069    0.0069    0.0069    0.0000    0.0000    0.0000
   28.4328    0.0069    0.0069    0.0069    0.0000    0.0000    0.0000
   28.4680    0.0068    0.0068    0.0068    0.0000    0.0000    0.0000
   28.5032    0.0068    0.0068    0.0068    0.0000    0.0000    0.0000
   28.5385    0.0067    0.0067    0.0067    0.0000    0.0000    0.0000
   28.5737    0.0067    0.0067    0.0067    0.0000    0.0000    0.0000
   28.6089    0.0067    0.0067    0.0067    0.0000    0.0000    0.0000
   28.6442    0.0066    0.0066    0.0066    0.0000    0.0000    0.0000
   28.6794    0.0066    0.0066    0.0066    0.0000    0.0000    0.0000
   28.7146    0.0066    0.0066    0.0066    0.0000    0.0000    0.0000
   28.7499    0.0065    0.0065    0.0065    0.0000    0.0000    0.0000
   28.7851    0.0065    0.0065    0.0065    0.0000    0.0000    0.0000
   28.8203    0.0065    0.0065    0.0065    0.0000    0.0000    0.0000
   28.8555    0.0064    0.0064    0.0064    0.0000    0.0000    0.0000
   28.8908    0.0064    0.0064    0.0064    0.0000    0.0000    0.0000
   28.9260    0.0064    0.0064    0.0064    0.0000    0.0000    0.0000
   28.9612    0.0064    0.0064    0.0064    0.0000    0.0000    0.0000
   28.9965    0.0063    0.0063    0.0063    0.0000    0.0000    0.0000
   29.0317    0.0063    0.0063    0.0063    0.0000    0.0000    0.0000
   29.0669    0.0063    0.0063    0.0063    0.0000    0.0000    0.0000
   29.1022    0.0062    0.0062    0.0062    0.0000    0.0000    0.0000
   29.1374    0.0062    0.0062    0.0062    0.0000    0.0000    0.0000
   29.1726    0.0062    0.0062    0.0062    0.0000    0.0000    0.0000
   29.2079    0.0061    0.0061    0.0061    0.0000    0.0000    0.0000
   29.2431    0.0061    0.0061    0.0061    0.0000    0.0000    0.0000
   29.2783    0.0061    0.0061    0.0061    0.0000    0.0000    0.0000
   29.3136    0.0061    0.0061    0.0061    0.0000    0.0000    0.0000
   29.3488    0.0060    0.0060    0.0060    0.0000    0.0000    0.0000
   29.3840    0.0060    0.0060    0.0060    0.0000    0.0000    0.0000
   29.4193    0.0060    0.0060    0.0060    0.0000    0.0000    0.0000
   29.4545    0.0059    0.0059    0.0059    0.0000    0.0000    0.0000
   29.4897    0.0059    0.0059    0.0059    0.0000    0.0000    0.0000
   29.5250    0.0059    0.0059    0.0059    0.0000    0.0000    0.0000
   29.5602    0.0059    0.0059    0.0059    0.0000    0.0000    0.0000
   29.5954    0.0058    0.0058    0.0058    0.0000    0.0000    0.0000
   29.6307    0.0058    0.0058    0.0058    0.0000    0.0000    0.0000
   29.6659    0.0058    0.0058    0.0058    0.0000    0.0000    0.0000
   29.7011    0.0057    0.0057    0.0057    0.0000    0.0000    0.0000
   29.7364    0.0057    0.0057    0.0057    0.0000    0.0000    0.0000
   29.7716    0.0057    0.0057    0.0057    0.0000    0.0000    0.0000
   29.8068    0.0057    0.0057    0.0057    0.0000    0.0000    0.0000
   29.8421    0.0056    0.0056    0.0056    0.0000    0.0000    0.0000
   29.8773    0.0056    0.0056    0.0056    0.0000    0.0000    0.0000
   29.9125    0.0056    0.0056    0.0056    0.0000    0.0000    0.0000
   29.9478    0.0056    0.0056    0.0056    0.0000    0.0000    0.0000
   29.9830    0.0055    0.0055    0.0055    0.0000    0.0000    0.0000
   30.0182    0.0055    0.0055    0.0055    0.0000    0.0000    0.0000
   30.0535    0.0055    0.0055    0.0055    0.0000    0.0000    0.0000
   30.0887    0.0055    0.0055    0.0055    0.0000    0.0000    0.0000
   30.1239    0.0054    0.0054    0.0054    0.0000    0.0000    0.0000
   30.1592    0.0054    0.0054    0.0054    0.0000    0.0000    0.0000
   30.1944    0.0054    0.0054    0.0054    0.0000    0.0000    0.0000
   30.2296    0.0054    0.0054    0.0054    0.0000    0.0000    0.0000
   30.2649    0.0053    0.0053    0.0053    0.0000    0.0000    0.0000
   30.3001    0.0053    0.0053    0.0053    0.0000    0.0000    0.0000
   30.3353    0.0053    0.0053    0.0053    0.0000    0.0000    0.0000
   30.3706    0.0053    0.0053    0.0053    0.0000    0.0000    0.0000
   30.4058    0.0052    0.0052    0.0052    0.0000    0.0000    0.0000
   30.4410    0.0052    0.0052    0.0052    0.0000    0.0000    0.0000
   30.4763    0.0052    0.0052    0.0052    0.0000    0.0000    0.0000
   30.5115    0.0052    0.0052    0.0052    0.0000    0.0000    0.0000
   30.5467    0.0052    0.0052    0.0052    0.0000    0.0000    0.0000
   30.5819    0.0051    0.0051    0.0051    0.0000    0.0000    0.0000
   30.6172    0.0051    0.0051    0.0051    0.0000    0.0000    0.0000
   30.6524    0.0051    0.0051    0.0051    0.0000    0.0000    0.0000
   30.6876    0.0051    0.0051    0.0051    0.0000    0.0000    0.0000
   30.7229    0.0050    0.0050    0.0050    0.0000    0.0000    0.0000
   30.7581    0.0050    0.0050    0.0050    0.0000    0.0000    0.0000
   30.7933    0.0050    0.0050    0.0050    0.0000    0.0000    0.0000
   30.8286    0.0050    0.0050    0.0050    0.0000    0.0000    0.0000
   30.8638    0.0050    0.0050    0.0050    0.0000    0.0000    0.0000
   30.8990    0.0049    0.0049    0.0049    0.0000    0.0000    0.0000
   30.9343    0.0049    0.0049    0.0049    0.0000    0.0000    0.0000
   30.9695    0.0049    0.0049    0.0049    0.0000    0.0000    0.0000
   31.0047    0.0049    0.0049    0.0049    0.0000    0.0000    0.0000
   31.0400    0.0048    0.0048    0.0048    0.0000    0.0000    0.0000
   31.0752    0.0048    0.0048    0.0048    0.0000    0.0000    0.0000
   31.1104    0.0048    0.0048    0.0048    0.0000    0.0000    0.0000
   31.1457    0.0048    0.0048    0.0048    0.0000    0.0000    0.0000
   31.1809    0.0048    0.0048    0.0048    0.0000    0.0000    0.0000
   31.2161    0.0047    0.0047    0.0047    0.0000    0.0000    0.0000
   31.2514    0.0047    0.0047    0.0047    0.0000    0.0000    0.0000
   31.2866    0.0047    0.0047    0.0047    0.0000    0.0000    0.0000
   31.3218    0.0047    0.0047    0.0047    0.0000    0.0000    0.0000
   31.3571    0.0047    0.0047    0.0047    0.0000    0.0000    0.0000
   31.3923    0.0046    0.0046    0.0046    0.0000    0.0000    0.0000
   31.4275    0.0046    0.0046    0.0046    0.0000    0.0000    0.0000
   31.4628    0.0046    0.0046    0.0046    0.0000    0.0000    0.0000
   31.4980    0.0046    0.0046    0.0046    0.0000    0.0000    0.0000
   31.5332    0.0046    0.0046    0.0046    0.0000    0.0000    0.0000
   31.5685    0.0045    0.0045    0.0045    0.0000    0.0000    0.0000
   31.6037    0.0045    0.0045    0.0045    0.0000    0.0000    0.0000
   31.6389    0.0045    0.0045    0.0045    0.0000    0.0000    0.0000
   31.6742    0.0045    0.0045    0.0045    0.0000    0.0000    0.0000
   31.7094    0.0045    0.0045    0.0045    0.0000    0.0000    0.0000
   31.7446    0.0045    0.0045    0.0045    0.0000    0.0000    0.0000
   31.7799    0.0044    0.0044    0.0044    0.0000    0.0000    0.0000
   31.8151    0.0044    0.0044    0.0044    0.0000    0.0000    0.0000
   31.8503    0.0044    0.0044    0.0044    0.0000    0.0000    0.0000
   31.8856    0.0044    0.0044    0.0044    0.0000    0.0000    0.0000
   31.9208    0.0044    0.0044    0.0044    0.0000    0.0000    0.0000
   31.9560    0.0043    0.0043    0.0043    0.0000    0.0000    0.0000
   31.9913    0.0043    0.0043    0.0043    0.0000    0.0000    0.0000
   32.0265    0.0043    0.0043    0.0043    0.0000    0.0000    0.0000
   32.0617    0.0043    0.0043    0.0043    0.0000    0.0000    0.0000
   32.0970    0.0043    0.0043    0.0043    0.0000    0.0000    0.0000
   32.1322    0.0043    0.0043    0.0043    0.0000    0.0000    0.0000
   32.1674    0.0042    0.0042    0.0042    0.0000    0.0000    0.0000
   32.2027    0.0042    0.0042    0.0042    0.0000    0.0000    0.0000
   32.2379    0.0042    0.0042    0.0042    0.0000    0.0000    0.0000
   32.2731    0.0042    0.0042    0.0042    0.0000    0.0000    0.0000
   32.3083    0.0042    0.0042    0.0042    0.0000    0.0000    0.0000
   32.3436    0.0042    0.0042    0.0042    0.0000    0.0000    0.0000
   32.3788    0.0041    0.0041    0.0041    0.0000    0.0000    0.0000
   32.4140    0.0041    0.0041    0.0041    0.0000    0.0000    0.0000
   32.4493    0.0041    0.0041    0.0041    0.0000    0.0000    0.0000
   32.4845    0.0041    0.0041    0.0041    0.0000    0.0000    0.0000
   32.5197    0.0041    0.0041    0.0041    0.0000    0.0000    0.0000
   32.5550    0.0041    0.0041    0.0041    0.0000    0.0000    0.0000
   32.5902    0.0040    0.0040    0.0040    0.0000    0.0000    0.0000
   32.6254    0.0040    0.0040    0.0040    0.0000    0.0000    0.0000
   32.6607    0.0040    0.0040    0.0040    0.0000    0.0000    0.0000
   32.6959    0.0040    0.0040    0.0040    0.0000    0.0000    0.0000
   32.7311    0.0040    0.0040    0.0040    0.0000    0.0000    0.0000
   32.7664    0.0040    0.0040    0.0040    0.0000    0.0000    0.0000
   32.8016    0.0040    0.0040    0.0040    0.0000    0.0000    0.0000
   32.8368    0.0039    0.0039    0.0039    0.0000    0.0000    0.0000
   32.8721    0.0039    0.0039    0.0039    0.0000    0.0000    0.0000
   32.9073    0.0039    0.0039    0.0039    0.0000    0.0000    0.0000
   32.9425    0.0039    0.0039    0.0039    0.0000    0.0000    0.0000
   32.9778    0.0039    0.0039    0.0039    0.0000    0.0000    0.0000
   33.0130    0.0039    0.0039    0.0039    0.0000    0.0000    0.0000
   33.0482    0.0038    0.0038    0.0038    0.0000    0.0000    0.0000
   33.0835    0.0038    0.0038    0.0038    0.0000    0.0000    0.0000
   33.1187    0.0038    0.0038    0.0038    0.0000    0.0000    0.0000
   33.1539    0.0038    0.0038    0.0038    0.0000    0.0000    0.0000
   33.1892    0.0038    0.0038    0.0038    0.0000    0.0000    0.0000
   33.2244    0.0038    0.0038    0.0038    0.0000    0.0000    0.0000
   33.2596    0.0038    0.0038    0.0038    0.0000    0.0000    0.0000
   33.2949    0.0037    0.0037    0.0037    0.0000    0.0000    0.0000
   33.3301    0.0037    0.0037    0.0037    0.0000    0.0000    0.0000
   33.3653    0.0037    0.0037    0.0037    0.0000    0.0000    0.0000
   33.4006    0.0037    0.0037    0.0037    0.0000    0.0000    0.0000
   33.4358    0.0037    0.0037    0.0037    0.0000    0.0000    0.0000
   33.4710    0.0037    0.0037    0.0037    0.0000    0.0000    0.0000
   33.5063    0.0037    0.0037    0.0037    0.0000    0.0000    0.0000
   33.5415    0.0036    0.0036    0.0036    0.0000    0.0000    0.0000
   33.5767    0.0036    0.0036    0.0036    0.0000    0.0000    0.0000
   33.6120    0.0036    0.0036    0.0036    0.0000    0.0000    0.0000
   33.6472    0.0036    0.0036    0.0036    0.0000    0.0000    0.0000
   33.6824    0.0036    0.0036    0.0036    0.0000    0.0000    0.0000
   33.7177    0.0036    0.0036    0.0036    0.0000    0.0000    0.0000
   33.7529    0.0036    0.0036    0.0036    0.0000    0.0000    0.0000
   33.7881    0.0035    0.0035    0.0035    0.0000    0.0000    0.0000
   33.8234    0.0035    0.0035    0.0035    0.0000    0.0000    0.0000
   33.8586    0.0035    0.0035    0.0035    0.0000    0.0000    0.0000
   33.8938    0.0035    0.0035    0.0035    0.0000    0.0000    0.0000
   33.9291    0.0035    0.0035    0.0035    0.0000    0.0000    0.0000
   33.9643    0.0035    0.0035    0.0035    0.0000    0.0000    0.0000
   33.9995    0.0035    0.0035    0.0035    0.0000    0.0000    0.0000
   34.0347    0.0035    0.0035    0.0035    0.0000    0.0000    0.0000
   34.0700    0.0034    0.0034    0.0034    0.0000    0.0000    0.0000
   34.1052    0.0034    0.0034    0.0034    0.0000    0.0000    0.0000
   34.1404    0.0034    0.0034    0.0034    0.0000    0.0000    0.0000
   34.1757    0.0034    0.0034    0.0034    0.0000    0.0000    0.0000
   34.2109    0.0034    0.0034    0.0034    0.0000    0.0000    0.0000
   34.2461    0.0034    0.0034    0.0034    0.0000    0.0000    0.0000
   34.2814    0.0034    0.0034    0.0034    0.0000    0.0000    0.0000
   34.3166    0.0034    0.0034    0.0034    0.0000    0.0000    0.0000
   34.3518    0.0033    0.0033    0.0033    0.0000    0.0000    0.0000
   34.3871    0.0033    0.0033    0.0033    0.0000    0.0000    0.0000
   34.4223    0.0033    0.0033    0.0033    0.0000    0.0000    0.0000
   34.4575    0.0033    0.0033    0.0033    0.0000    0.0000    0.0000
   34.4928    0.0033    0.0033    0.0033    0.0000    0.0000    0.0000
   34.5280    0.0033    0.0033    0.0033    0.0000    0.0000    0.0000
   34.5632    0.0033    0.0033    0.0033    0.0000    0.0000    0.0000
   34.5985    0.0033    0.0033    0.0033    0.0000    0.0000    0.0000
   34.6337    0.0033    0.0033    0.0033    0.0000    0.0000    0.0000
   34.6689    0.0032    0.0032    0.0032    0.0000    0.0000    0.0000
   34.7042    0.0032    0.0032    0.0032    0.0000    0.0000    0.0000
   34.7394    0.0032    0.0032    0.0032    0.0000    0.0000    0.0000
   34.7746    0.0032    0.0032    0.0032    0.0000    0.0000    0.0000
   34.8099    0.0032    0.0032    0.0032    0.0000    0.0000    0.0000
   34.8451    0.0032    0.0032    0.0032    0.0000    0.0000    0.0000
   34.8803    0.0032    0.0032    0.0032    0.0000    0.0000    0.0000
   34.9156    0.0032    0.0032    0.0032    0.0000    0.0000    0.0000
   34.9508    0.0031    0.0031    0.0031    0.0000    0.0000    0.0000
   34.9860    0.0031    0.0031    0.0031    0.0000    0.0000    0.0000
   35.0213    0.0031    0.0031    0.0031    0.0000    0.0000    0.0000
   35.0565    0.0031    0.0031    0.0031    0.0000    0.0000    0.0000
   35.0917    0.0031    0.0031    0.0031    0.0000    0.0000    0.0000
   35.1270    0.0031    0.0031    0.0031    0.0000    0.0000    0.0000
   35.1622    0.0031    0.0031    0.0031    0.0000    0.0000    0.0000
   35.1974    0.0031    0.0031    0.0031    0.0000    0.0000    0.0000
