    0.000000   58.688600   58.688600   58.688600
    0.035200   58.852900   58.852900   58.852900
    0.070500   59.317700   59.317700   59.317700
    0.105700   59.997700   59.997700   59.997700
    0.140900   60.749700   60.749700   60.749700
    0.176200   61.381300   61.381300   61.381300
    0.211400   61.677100   61.677100   61.677100
    0.246600   61.444400   61.444400   61.444400
    0.281900   60.570700   60.570700   60.570700
    0.317100   59.074600   59.074600   59.074600
    0.352300   57.126100   57.126100   57.126100
    0.387600   55.022000   55.022000   55.022000
    0.422800   53.114600   53.114600   53.114600
    0.458000   51.711600   51.711600   51.711600
    0.493300   50.977900   50.977900   50.977900
    0.528500   50.870000   50.870000   50.870000
    0.563700   51.125800   51.125800   51.125800
    0.599000   51.313300   51.313300   51.313300
    0.634200   50.928200   50.928200   50.928200
    0.669400   49.517900   49.517900   49.517900
    0.704700   46.802800   46.802800   46.802800
    0.739900   42.763400   42.763400   42.763400
    0.775100   37.668400   37.668400   37.668400
    0.810400   32.030300   32.030300   32.030300
    0.845600   26.495400   26.495400   26.495400
    0.880800   21.698900   21.698900   21.698900
    0.916000   18.126500   18.126500   18.126500
    0.951300   16.023700   16.023700   16.023700
    0.986500   15.375400   15.375400   15.375400
    1.021700   15.952500   15.952500   15.952500
    1.057000   17.399900   17.399900   17.399900
    1.092200   19.332200   19.332200   19.332200
    1.127400   21.406900   21.406900   21.406900
    1.162700   23.362700   23.362700   23.362700
    1.197900   25.023300   25.023300   25.023300
    1.233100   26.282900   26.282900   26.282900
    1.268400   27.085800   27.085800   27.085800
    1.303600   27.413100   27.413100   27.413100
    1.338800   27.277100   27.277100   27.277100
    1.374100   26.720000   26.720000   26.720000
    1.409300   25.811200   25.811200   25.811200
    1.444500   24.639400   24.639400   24.639400
    1.479800   23.300400   23.300400   23.300400
    1.515000   21.885900   21.885900   21.885900
    1.550200   20.475500   20.475500   20.475500
    1.585500   19.134800   19.134800   19.134800
    1.620700   17.918500   17.918500   17.918500
    1.655900   16.874000   16.874000   16.874000
    1.691200   16.044600   16.044600   16.044600
    1.726400   15.468500   15.468500   15.468500
    1.761600   15.173600   15.173600   15.173600
    1.796900   15.168600   15.168600   15.168600
    1.832100   15.433800   15.433800   15.433800
    1.867300   15.914200   15.914200   15.914200
    1.902600   16.519600   16.519600   16.519600
    1.937800   17.134000   17.134000   17.134000
    1.973000   17.634300   17.634300   17.634300
    2.008300   17.915500   17.915500   17.915500
    2.043500   17.914500   17.914500   17.914500
    2.078700   17.626700   17.626700   17.626700
    2.114000   17.107800   17.107800   17.107800
    2.149200   16.459300   16.459300   16.459300
    2.184400   15.800200   15.800200   15.800200
    2.219700   15.233300   15.233300   15.233300
    2.254900   14.815700   14.815700   14.815700
    2.290100   14.543900   14.543900   14.543900
    2.325400   14.356900   14.356900   14.356900
    2.360600   14.158200   14.158200   14.158200
    2.395800   13.848300   13.848300   13.848300
    2.431100   13.357400   13.357400   13.357400
    2.466300   12.668400   12.668400   12.668400
    2.501500   11.823600   11.823600   11.823600
    2.536800   10.912900   10.912900   10.912900
    2.572000   10.049800   10.049800   10.049800
    2.607200    9.341000    9.341000    9.341000
    2.642400    8.859400    8.859400    8.859400
    2.677700    8.627400    8.627400    8.627400
    2.712900    8.613000    8.613000    8.613000
    2.748100    8.741200    8.741200    8.741200
    2.783400    8.914800    8.914800    8.914800
    2.818600    9.040600    9.040600    9.040600
    2.853800    9.053600    9.053600    9.053600
    2.889100    8.931800    8.931800    8.931800
    2.924300    8.698100    8.698100    8.698100
    2.959500    8.409800    8.409800    8.409800
    2.994800    8.139200    8.139200    8.139200
    3.030000    7.952200    7.952200    7.952200
    3.065200    7.890400    7.890400    7.890400
    3.100500    7.963100    7.963100    7.963100
    3.135700    8.147000    8.147000    8.147000
    3.170900    8.394400    8.394400    8.394400
    3.206200    8.646400    8.646400    8.646400
    3.241400    8.846500    8.846500    8.846500
    3.276600    8.953100    8.953100    8.953100
    3.311900    8.946100    8.946100    8.946100
    3.347100    8.827800    8.827800    8.827800
    3.382300    8.616400    8.616400    8.616400
    3.417600    8.333700    8.333700    8.333700
    3.452800    7.993800    7.993800    7.993800
    3.488000    7.595300    7.595300    7.595300
    3.523300    7.123400    7.123400    7.123400
    3.558500    6.560800    6.560800    6.560800
    3.593700    5.903000    5.903000    5.903000
    3.629000    5.172300    5.172300    5.172300
    3.664200    4.421400    4.421400    4.421400
    3.699400    3.725400    3.725400    3.725400
    3.734700    3.163100    3.163100    3.163100
    3.769900    2.794900    2.794900    2.794900
    3.805100    2.645000    2.645000    2.645000
    3.840400    2.695300    2.695300    2.695300
    3.875600    2.892000    2.892000    2.892000
    3.910800    3.163000    3.163000    3.163000
    3.946100    3.439900    3.439900    3.439900
    3.981300    3.676100    3.676100    3.676100
    4.016500    3.856100    3.856100    3.856100
    4.051800    3.993400    3.993400    3.993400
    4.087000    4.118200    4.118200    4.118200
    4.122200    4.261800    4.261800    4.261800
    4.157500    4.440900    4.440900    4.440900
    4.192700    4.650200    4.650200    4.650200
    4.227900    4.863500    4.863500    4.863500
    4.263200    5.042200    5.042200    5.042200
    4.298400    5.148300    5.148300    5.148300
    4.333600    5.155300    5.155300    5.155300
    4.368800    5.056800    5.056800    5.056800
    4.404100    4.867600    4.867600    4.867600
    4.439300    4.621300    4.621300    4.621300
    4.474500    4.363700    4.363700    4.363700
    4.509800    4.144200    4.144200    4.144200
    4.545000    4.006500    4.006500    4.006500
    4.580200    3.981200    3.981200    3.981200
    4.615500    4.078900    4.078900    4.078900
    4.650700    4.289100    4.289100    4.289100
    4.685900    4.581400    4.581400    4.581400
    4.721200    4.911800    4.911800    4.911800
    4.756400    5.230500    5.230500    5.230500
    4.791600    5.489300    5.489300    5.489300
    4.826900    5.648000    5.648000    5.648000
    4.862100    5.678200    5.678200    5.678200
    4.897300    5.564200    5.564200    5.564200
    4.932600    5.302500    5.302500    5.302500
    4.967800    4.899700    4.899700    4.899700
    5.003000    4.369100    4.369100    4.369100
    5.038300    3.725500    3.725500    3.725500
    5.073500    2.981100    2.981100    2.981100
    5.108700    2.141800    2.141800    2.141800
    5.144000    1.205900    1.205900    1.205900
    5.179200    0.168500    0.168500    0.168500
    5.214400   -0.972300   -0.972300   -0.972300
    5.249700   -2.207200   -2.207200   -2.207200
    5.284900   -3.509300   -3.509300   -3.509300
    5.320100   -4.833100   -4.833100   -4.833100
    5.355400   -6.119900   -6.119900   -6.119900
    5.390600   -7.307600   -7.307600   -7.307600
    5.425800   -8.342100   -8.342100   -8.342100
    5.461100   -9.186300   -9.186300   -9.186300
    5.496300   -9.825100   -9.825100   -9.825100
    5.531500  -10.263500  -10.263500  -10.263500
    5.566800  -10.523000  -10.523000  -10.523000
    5.602000  -10.634800  -10.634800  -10.634800
    5.637200  -10.634200  -10.634200  -10.634200
    5.672500  -10.556400  -10.556400  -10.556400
    5.707700  -10.434800  -10.434800  -10.434800
    5.742900  -10.299400  -10.299400  -10.299400
    5.778200  -10.177800  -10.177800  -10.177800
    5.813400  -10.093500  -10.093500  -10.093500
    5.848600  -10.063600  -10.063600  -10.063600
    5.883900  -10.096300  -10.096300  -10.096300
    5.919100  -10.187000  -10.187000  -10.187000
    5.954300  -10.317900  -10.317900  -10.317900
    5.989600  -10.461300  -10.461300  -10.461300
    6.024800  -10.586000  -10.586000  -10.586000
    6.060000  -10.665500  -10.665500  -10.665500
    6.095300  -10.684900  -10.684900  -10.684900
    6.130500  -10.643000  -10.643000  -10.643000
    6.165700  -10.549600  -10.549600  -10.549600
    6.200900  -10.418400  -10.418400  -10.418400
    6.236200  -10.260800  -10.260800  -10.260800
    6.271400  -10.081300  -10.081300  -10.081300
    6.306600   -9.877900   -9.877900   -9.877900
    6.341900   -9.646100   -9.646100   -9.646100
    6.377100   -9.384600   -9.384600   -9.384600
    6.412300   -9.099500   -9.099500   -9.099500
    6.447600   -8.805200   -8.805200   -8.805200
    6.482800   -8.522600   -8.522600   -8.522600
    6.518000   -8.273000   -8.273000   -8.273000
    6.553300   -8.072900   -8.072900   -8.072900
    6.588500   -7.929300   -7.929300   -7.929300
    6.623700   -7.838200   -7.838200   -7.838200
    6.659000   -7.785800   -7.785800   -7.785800
    6.694200   -7.752400   -7.752400   -7.752400
    6.729400   -7.717400   -7.717400   -7.717400
    6.764700   -7.663300   -7.663300   -7.663300
    6.799900   -7.579300   -7.579300   -7.579300
    6.835100   -7.463200   -7.463200   -7.463200
    6.870400   -7.321200   -7.321200   -7.321200
    6.905600   -7.166400   -7.166400   -7.166400
    6.940800   -7.015800   -7.015800   -7.015800
    6.976100   -6.885700   -6.885700   -6.885700
    7.011300   -6.787900   -6.787900   -6.787900
    7.046500   -6.725700   -6.725700   -6.725700
    7.081800   -6.693400   -6.693400   -6.693400
    7.117000   -6.677800   -6.677800   -6.677800
    7.152200   -6.662000   -6.662000   -6.662000
    7.187500   -6.629900   -6.629900   -6.629900
    7.222700   -6.570500   -6.570500   -6.570500
    7.257900   -6.480100   -6.480100   -6.480100
    7.293200   -6.361100   -6.361100   -6.361100
    7.328400   -6.220300   -6.220300   -6.220300
    7.363600   -6.065600   -6.065600   -6.065600
    7.398900   -5.903700   -5.903700   -5.903700
    7.434100   -5.739400   -5.739400   -5.739400
    7.469300   -5.575500   -5.575500   -5.575500
    7.504600   -5.414900   -5.414900   -5.414900
    7.539800   -5.261200   -5.261200   -5.261200
    7.575000   -5.119100   -5.119100   -5.119100
    7.610300   -4.993700   -4.993700   -4.993700
    7.645500   -4.887800   -4.887800   -4.887800
    7.680700   -4.800500   -4.800500   -4.800500
    7.716000   -4.725600   -4.725600   -4.725600
    7.751200   -4.653200   -4.653200   -4.653200
    7.786400   -4.571500   -4.571500   -4.571500
    7.821700   -4.471400   -4.471400   -4.471400
    7.856900   -4.349200   -4.349200   -4.349200
    7.892100   -4.207800   -4.207800   -4.207800
    7.927300   -4.055700   -4.055700   -4.055700
    7.962600   -3.903600   -3.903600   -3.903600
    7.997800   -3.760500   -3.760500   -3.760500
    8.033000   -3.630700   -3.630700   -3.630700
    8.068300   -3.513200   -3.513200   -3.513200
    8.103500   -3.403000   -3.403000   -3.403000
    8.138700   -3.293700   -3.293700   -3.293700
    8.174000   -3.180500   -3.180500   -3.180500
    8.209200   -3.062600   -3.062600   -3.062600
    8.244400   -2.943600   -2.943600   -2.943600
    8.279700   -2.830900   -2.830900   -2.830900
    8.314900   -2.734200   -2.734200   -2.734200
    8.350100   -2.663000   -2.663000   -2.663000
    8.385400   -2.624200   -2.624200   -2.624200
    8.420600   -2.620500   -2.620500   -2.620500
    8.455800   -2.649200   -2.649200   -2.649200
    8.491100   -2.701800   -2.701800   -2.701800
    8.526300   -2.765300   -2.765300   -2.765300
    8.561500   -2.824900   -2.824900   -2.824900
    8.596800   -2.866800   -2.866800   -2.866800
    8.632000   -2.881600   -2.881600   -2.881600
    8.667200   -2.865900   -2.865900   -2.865900
    8.702500   -2.822700   -2.822700   -2.822700
    8.737700   -2.759800   -2.759800   -2.759800
    8.772900   -2.687200   -2.687200   -2.687200
    8.808200   -2.614000   -2.614000   -2.614000
    8.843400   -2.546100   -2.546100   -2.546100
    8.878600   -2.485500   -2.485500   -2.485500
    8.913900   -2.431000   -2.431000   -2.431000
    8.949100   -2.378900   -2.378900   -2.378900
    8.984300   -2.325400   -2.325400   -2.325400
    9.019600   -2.267100   -2.267100   -2.267100
    9.054800   -2.201800   -2.201800   -2.201800
    9.090000   -2.128600   -2.128600   -2.128600
    9.125300   -2.047200   -2.047200   -2.047200
    9.160500   -1.957900   -1.957900   -1.957900
    9.195700   -1.860900   -1.860900   -1.860900
    9.231000   -1.756000   -1.756000   -1.756000
    9.266200   -1.642900   -1.642900   -1.642900
    9.301400   -1.521100   -1.521100   -1.521100
    9.336700   -1.391400   -1.391400   -1.391400
    9.371900   -1.256300   -1.256300   -1.256300
    9.407100   -1.121600   -1.121600   -1.121600
    9.442400   -0.995700   -0.995700   -0.995700
    9.477600   -0.888800   -0.888800   -0.888800
    9.512800   -0.810700   -0.810700   -0.810700
    9.548100   -0.767500   -0.767500   -0.767500
    9.583300   -0.760800   -0.760800   -0.760800
    9.618500   -0.786300   -0.786300   -0.786300
    9.653700   -0.835900   -0.835900   -0.835900
    9.689000   -0.900000   -0.900000   -0.900000
    9.724200   -0.969700   -0.969700   -0.969700
    9.759400   -1.038900   -1.038900   -1.038900
    9.794700   -1.104400   -1.104400   -1.104400
    9.829900   -1.164800   -1.164800   -1.164800
    9.865100   -1.218700   -1.218700   -1.218700
    9.900400   -1.263600   -1.263600   -1.263600
    9.935600   -1.295100   -1.295100   -1.295100
    9.970800   -1.307200   -1.307200   -1.307200
   10.006100   -1.294500   -1.294500   -1.294500
   10.041300   -1.253600   -1.253600   -1.253600
   10.076500   -1.185800   -1.185800   -1.185800
   10.111800   -1.097200   -1.097200   -1.097200
   10.147000   -0.999100   -0.999100   -0.999100
   10.182200   -0.906300   -0.906300   -0.906300
   10.217500   -0.834700   -0.834700   -0.834700
   10.252700   -0.798700   -0.798700   -0.798700
   10.287900   -0.808800   -0.808800   -0.808800
   10.323200   -0.869900   -0.869900   -0.869900
   10.358400   -0.979900   -0.979900   -0.979900
   10.393600   -1.130100   -1.130100   -1.130100
   10.428900   -1.306200   -1.306200   -1.306200
   10.464100   -1.489800   -1.489800   -1.489800
   10.499300   -1.661600   -1.661600   -1.661600
   10.534600   -1.804200   -1.804200   -1.804200
   10.569800   -1.904800   -1.904800   -1.904800
