    0.0000   58.6886   58.6886   58.6886    0.0044    0.0044    0.0044
    0.0352   58.8529   58.8529   58.8529    0.0044    0.0044    0.0044
    0.0705   59.3177   59.3177   59.3177    0.0045    0.0045    0.0045
    0.1057   59.9977   59.9977   59.9977    0.0046    0.0046    0.0046
    0.1409   60.7497   60.7497   60.7497    0.0047    0.0047    0.0047
    0.1762   61.3813   61.3813   61.3813    0.0047    0.0047    0.0047
    0.2114   61.6771   61.6771   61.6771    0.0047    0.0047    0.0047
    0.2466   61.4444   61.4444   61.4444    0.0046    0.0046    0.0046
    0.2819   60.5707   60.5707   60.5707    0.0044    0.0044    0.0044
    0.3171   59.0746   59.0746   59.0746    0.0041    0.0041    0.0041
    0.3523   57.1261   57.1261   57.1261    0.0037    0.0037    0.0037
    0.3876   55.0220   55.0220   55.0220    0.0032    0.0032    0.0032
    0.4228   53.1146   53.1146   53.1146    0.0028    0.0028    0.0028
    0.4580   51.7116   51.7116   51.7116    0.0024    0.0024    0.0024
    0.4933   50.9779   50.9779   50.9779    0.0022    0.0022    0.0022
    0.5285   50.8700   50.8700   50.8700    0.0021    0.0021    0.0021
    0.5637   51.1258   51.1258   51.1258    0.0021    0.0021    0.0021
    0.5990   51.3133   51.3133   51.3133    0.0022    0.0022    0.0022
    0.6342   50.9282   50.9282   50.9282    0.0022    0.0022    0.0022
    0.6694   49.5179   49.5179   49.5179    0.0021    0.0021    0.0021
    0.7047   46.8028   46.8028   46.8028    0.0018    0.0018    0.0018
    0.7399   42.7634   42.7634   42.7634    0.0013    0.0013    0.0013
    0.7751   37.6684   37.6684   37.6684    0.0008    0.0008    0.0008
    0.8104   32.0303   32.0303   32.0303    0.0001    0.0001    0.0001
    0.8456   26.4954   26.4954   26.4954   -0.0005   -0.0005   -0.0005
    0.8808   21.6989   21.6989   21.6989   -0.0010   -0.0010   -0.0010
    0.9160   18.1265   18.1265   18.1265   -0.0013   -0.0013   -0.0013
    0.9513   16.0237   16.0237   16.0237   -0.0014   -0.0014   -0.0014
    0.9865   15.3754   15.3754   15.3754   -0.0013   -0.0013   -0.0013
    1.0217   15.9525   15.9525   15.9525   -0.0011   -0.0011   -0.0011
    1.0570   17.3999   17.3999   17.3999   -0.0007   -0.0007   -0.0007
    1.0922   19.3322   19.3322   19.3322   -0.0003   -0.0003   -0.0003
    1.1274   21.4069   21.4069   21.4069    0.0000    0.0000    0.0000
    1.1627   23.3627   23.3627   23.3627    0.0003    0.0003    0.0003
    1.1979   25.0233   25.0233   25.0233    0.0003    0.0003    0.0003
    1.2331   26.2829   26.2829   26.2829    0.0002    0.0002    0.0002
    1.2684   27.0858   27.0858   27.0858   -0.0000   -0.0000   -0.0000
    1.3036   27.4131   27.4131   27.4131   -0.0004   -0.0004   -0.0004
    1.3388   27.2771   27.2771   27.2771   -0.0007   -0.0007   -0.0007
    1.3741   26.7200   26.7200   26.7200   -0.0009   -0.0009   -0.0009
    1.4093   25.8112   25.8112   25.8112   -0.0011   -0.0011   -0.0011
    1.4445   24.6394   24.6394   24.6394   -0.0011   -0.0011   -0.0011
    1.4798   23.3004   23.3004   23.3004   -0.0010   -0.0010   -0.0010
    1.5150   21.8859   21.8859   21.8859   -0.0008   -0.0008   -0.0008
    1.5502   20.4755   20.4755   20.4755   -0.0007   -0.0007   -0.0007
    1.5855   19.1348   19.1348   19.1348   -0.0006   -0.0006   -0.0006
    1.6207   17.9185   17.9185   17.9185   -0.0005   -0.0005   -0.0005
    1.6559   16.8740   16.8740   16.8740   -0.0006   -0.0006   -0.0006
    1.6912   16.0446   16.0446   16.0446   -0.0006   -0.0006   -0.0006
    1.7264   15.4685   15.4685   15.4685   -0.0007   -0.0007   -0.0007
    1.7616   15.1736   15.1736   15.1736   -0.0009   -0.0009   -0.0009
    1.7969   15.1686   15.1686   15.1686   -0.0010   -0.0010   -0.0010
    1.8321   15.4338   15.4338   15.4338   -0.0011   -0.0011   -0.0011
    1.8673   15.9142   15.9142   15.9142   -0.0012   -0.0012   -0.0012
    1.9026   16.5196   16.5196   16.5196   -0.0012   -0.0012   -0.0012
    1.9378   17.1340   17.1340   17.1340   -0.0010   -0.0010   -0.0010
    1.9730   17.6343   17.6343   17.6343   -0.0008   -0.0008   -0.0008
    2.0083   17.9155   17.9155   17.9155   -0.0005   -0.0005   -0.0005
    2.0435   17.9145   17.9145   17.9145   -0.0002   -0.0002   -0.0002
    2.0787   17.6267   17.6267   17.6267    0.0001    0.0001    0.0001
    2.1140   17.1078   17.1078   17.1078    0.0003    0.0003    0.0003
    2.1492   16.4593   16.4593   16.4593    0.0003    0.0003    0.0003
    2.1844   15.8002   15.8002   15.8002    0.0001    0.0001    0.0001
    2.2197   15.2333   15.2333   15.2333   -0.0001   -0.0001   -0.0001
    2.2549   14.8157   14.8157   14.8157   -0.0004   -0.0004   -0.0004
    2.2901   14.5439   14.5439   14.5439   -0.0007   -0.0007   -0.0007
    2.3254   14.3569   14.3569   14.3569   -0.0010   -0.0010   -0.0010
    2.3606   14.1582   14.1582   14.1582   -0.0012   -0.0012   -0.0012
    2.3958   13.8483   13.8483   13.8483   -0.0013   -0.0013   -0.0013
    2.4311   13.3574   13.3574   13.3574   -0.0013   -0.0013   -0.0013
    2.4663   12.6684   12.6684   12.6684   -0.0012   -0.0012   -0.0012
    2.5015   11.8236   11.8236   11.8236   -0.0011   -0.0011   -0.0011
    2.5368   10.9129   10.9129   10.9129   -0.0009   -0.0009   -0.0009
    2.5720   10.0498   10.0498   10.0498   -0.0008   -0.0008   -0.0008
    2.6072    9.3410    9.3410    9.3410   -0.0006   -0.0006   -0.0006
    2.6424    8.8594    8.8594    8.8594   -0.0005   -0.0005   -0.0005
    2.6777    8.6274    8.6274    8.6274   -0.0004   -0.0004   -0.0004
    2.7129    8.6130    8.6130    8.6130   -0.0004   -0.0004   -0.0004
    2.7481    8.7412    8.7412    8.7412   -0.0003   -0.0003   -0.0003
    2.7834    8.9148    8.9148    8.9148   -0.0003   -0.0003   -0.0003
    2.8186    9.0406    9.0406    9.0406   -0.0002   -0.0002   -0.0002
    2.8538    9.0536    9.0536    9.0536   -0.0001   -0.0001   -0.0001
    2.8891    8.9318    8.9318    8.9318   -0.0000   -0.0000   -0.0000
    2.9243    8.6981    8.6981    8.6981    0.0001    0.0001    0.0001
    2.9595    8.4098    8.4098    8.4098    0.0001    0.0001    0.0001
    2.9948    8.1392    8.1392    8.1392    0.0002    0.0002    0.0002
    3.0300    7.9522    7.9522    7.9522    0.0002    0.0002    0.0002
    3.0652    7.8904    7.8904    7.8904    0.0002    0.0002    0.0002
    3.1005    7.9631    7.9631    7.9631    0.0002    0.0002    0.0002
    3.1357    8.1470    8.1470    8.1470    0.0002    0.0002    0.0002
    3.1709    8.3944    8.3944    8.3944    0.0002    0.0002    0.0002
    3.2062    8.6464    8.6464    8.6464    0.0002    0.0002    0.0002
    3.2414    8.8465    8.8465    8.8465    0.0002    0.0002    0.0002
    3.2766    8.9531    8.9531    8.9531    0.0001    0.0001    0.0001
    3.3119    8.9461    8.9461    8.9461    0.0001    0.0001    0.0001
    3.3471    8.8278    8.8278    8.8278    0.0000    0.0000    0.0000
    3.3823    8.6164    8.6164    8.6164   -0.0000   -0.0000   -0.0000
    3.4176    8.3337    8.3337    8.3337   -0.0001   -0.0001   -0.0001
    3.4528    7.9938    7.9938    7.9938   -0.0001   -0.0001   -0.0001
    3.4880    7.5953    7.5953    7.5953   -0.0002   -0.0002   -0.0002
    3.5233    7.1234    7.1234    7.1234   -0.0002   -0.0002   -0.0002
    3.5585    6.5608    6.5608    6.5608   -0.0003   -0.0003   -0.0003
    3.5937    5.9030    5.9030    5.9030   -0.0003   -0.0003   -0.0003
    3.6290    5.1723    5.1723    5.1723   -0.0003   -0.0003   -0.0003
    3.6642    4.4214    4.4214    4.4214   -0.0003   -0.0003   -0.0003
    3.6994    3.7254    3.7254    3.7254   -0.0003   -0.0003   -0.0003
    3.7347    3.1631    3.1631    3.1631   -0.0002   -0.0002   -0.0002
    3.7699    2.7949    2.7949    2.7949   -0.0002   -0.0002   -0.0002
    3.8051    2.6450    2.6450    2.6450   -0.0001   -0.0001   -0.0001
    3.8404    2.6953    2.6953    2.6953   -0.0000   -0.0000   -0.0000
    3.8756    2.8920    2.8920    2.8920    0.0000    0.0000    0.0000
    3.9108    3.1630    3.1630    3.1630    0.0001    0.0001    0.0001
    3.9461    3.4399    3.4399    3.4399    0.0001    0.0001    0.0001
    3.9813    3.6761    3.6761    3.6761    0.0001    0.0001    0.0001
    4.0165    3.8561    3.8561    3.8561    0.0001    0.0001    0.0001
    4.0518    3.9934    3.9934    3.9934    0.0001    0.0001    0.0001
    4.0870    4.1182    4.1182    4.1182    0.0001    0.0001    0.0001
    4.1222    4.2618    4.2618    4.2618    0.0001    0.0001    0.0001
    4.1575    4.4409    4.4409    4.4409    0.0001    0.0001    0.0001
    4.1927    4.6502    4.6502    4.6502    0.0001    0.0001    0.0001
    4.2279    4.8635    4.8635    4.8635    0.0001    0.0001    0.0001
    4.2632    5.0422    5.0422    5.0422    0.0001    0.0001    0.0001
    4.2984    5.1483    5.1483    5.1483    0.0000    0.0000    0.0000
    4.3336    5.1553    5.1553    5.1553   -0.0000   -0.0000   -0.0000
    4.3688    5.0568    5.0568    5.0568   -0.0001   -0.0001   -0.0001
    4.4041    4.8676    4.8676    4.8676   -0.0001   -0.0001   -0.0001
    4.4393    4.6213    4.6213    4.6213   -0.0002   -0.0002   -0.0002
    4.4745    4.3637    4.3637    4.3637   -0.0002   -0.0002   -0.0002
    4.5098    4.1442    4.1442    4.1442   -0.0002   -0.0002   -0.0002
    4.5450    4.0065    4.0065    4.0065   -0.0002   -0.0002   -0.0002
    4.5802    3.9812    3.9812    3.9812   -0.0002   -0.0002   -0.0002
    4.6155    4.0789    4.0789    4.0789   -0.0002   -0.0002   -0.0002
    4.6507    4.2891    4.2891    4.2891   -0.0001   -0.0001   -0.0001
    4.6859    4.5814    4.5814    4.5814   -0.0001   -0.0001   -0.0001
    4.7212    4.9118    4.9118    4.9118   -0.0000   -0.0000   -0.0000
    4.7564    5.2305    5.2305    5.2305   -0.0000   -0.0000   -0.0000
    4.7916    5.4893    5.4893    5.4893   -0.0000   -0.0000   -0.0000
    4.8269    5.6480    5.6480    5.6480   -0.0001   -0.0001   -0.0001
    4.8621    5.6782    5.6782    5.6782   -0.0001   -0.0001   -0.0001
    4.8973    5.5642    5.5642    5.5642   -0.0003   -0.0003   -0.0003
    4.9326    5.3025    5.3025    5.3025   -0.0004   -0.0004   -0.0004
    4.9678    4.8997    4.8997    4.8997   -0.0006   -0.0006   -0.0006
    5.0030    4.3691    4.3691    4.3691   -0.0007   -0.0007   -0.0007
    5.0383    3.7255    3.7255    3.7255   -0.0009   -0.0009   -0.0009
    5.0735    2.9811    2.9811    2.9811   -0.0011   -0.0011   -0.0011
    5.1087    2.1418    2.1418    2.1418   -0.0012   -0.0012   -0.0012
    5.1440    1.2059    1.2059    1.2059   -0.0014   -0.0014   -0.0014
    5.1792    0.1685    0.1685    0.1685   -0.0015   -0.0015   -0.0015
    5.2144   -0.9723   -0.9723   -0.9723   -0.0016   -0.0016   -0.0016
    5.2497   -2.2072   -2.2072   -2.2072   -0.0016   -0.0016   -0.0016
    5.2849   -3.5093   -3.5093   -3.5093   -0.0016   -0.0016   -0.0016
    5.3201   -4.8331   -4.8331   -4.8331   -0.0016   -0.0016   -0.0016
    5.3554   -6.1199   -6.1199   -6.1199   -0.0015   -0.0015   -0.0015
    5.3906   -7.3076   -7.3076   -7.3076   -0.0014   -0.0014   -0.0014
    5.4258   -8.3421   -8.3421   -8.3421   -0.0013   -0.0013   -0.0013
    5.4611   -9.1863   -9.1863   -9.1863   -0.0011   -0.0011   -0.0011
    5.4963   -9.8251   -9.8251   -9.8251   -0.0009   -0.0009   -0.0009
    5.5315  -10.2635  -10.2635  -10.2635   -0.0008   -0.0008   -0.0008
    5.5668  -10.5230  -10.5230  -10.5230   -0.0006   -0.0006   -0.0006
    5.6020  -10.6348  -10.6348  -10.6348   -0.0005   -0.0005   -0.0005
    5.6372  -10.6342  -10.6342  -10.6342   -0.0004   -0.0004   -0.0004
    5.6725  -10.5564  -10.5564  -10.5564   -0.0003   -0.0003   -0.0003
    5.7077  -10.4348  -10.4348  -10.4348   -0.0002   -0.0002   -0.0002
    5.7429  -10.2994  -10.2994  -10.2994   -0.0002   -0.0002   -0.0002
    5.7782  -10.1778  -10.1778  -10.1778   -0.0002   -0.0002   -0.0002
    5.8134  -10.0935  -10.0935  -10.0935   -0.0002   -0.0002   -0.0002
    5.8486  -10.0636  -10.0636  -10.0636   -0.0002   -0.0002   -0.0002
    5.8839  -10.0963  -10.0963  -10.0963   -0.0003   -0.0003   -0.0003
    5.9191  -10.1870  -10.1870  -10.1870   -0.0004   -0.0004   -0.0004
    5.9543  -10.3179  -10.3179  -10.3179   -0.0004   -0.0004   -0.0004
    5.9896  -10.4613  -10.4613  -10.4613   -0.0004   -0.0004   -0.0004
    6.0248  -10.5860  -10.5860  -10.5860   -0.0004   -0.0004   -0.0004
    6.0600  -10.6655  -10.6655  -10.6655   -0.0004   -0.0004   -0.0004
    6.0953  -10.6849  -10.6849  -10.6849   -0.0003   -0.0003   -0.0003
    6.1305  -10.6430  -10.6430  -10.6430   -0.0003   -0.0003   -0.0003
    6.1657  -10.5496  -10.5496  -10.5496   -0.0002   -0.0002   -0.0002
    6.2009  -10.4184  -10.4184  -10.4184   -0.0002   -0.0002   -0.0002
    6.2362  -10.2608  -10.2608  -10.2608   -0.0002   -0.0002   -0.0002
    6.2714  -10.0813  -10.0813  -10.0813   -0.0001   -0.0001   -0.0001
    6.3066   -9.8779   -9.8779   -9.8779   -0.0001   -0.0001   -0.0001
    6.3419   -9.6461   -9.6461   -9.6461   -0.0000   -0.0000   -0.0000
    6.3771   -9.3846   -9.3846   -9.3846    0.0000    0.0000    0.0000
    6.4123   -9.0995   -9.0995   -9.0995    0.0000    0.0000    0.0000
    6.4476   -8.8052   -8.8052   -8.8052    0.0001    0.0001    0.0001
    6.4828   -8.5226   -8.5226   -8.5226    0.0001    0.0001    0.0001
    6.5180   -8.2730   -8.2730   -8.2730    0.0000    0.0000    0.0000
    6.5533   -8.0729   -8.0729   -8.0729   -0.0000   -0.0000   -0.0000
    6.5885   -7.9293   -7.9293   -7.9293   -0.0001   -0.0001   -0.0001
    6.6237   -7.8382   -7.8382   -7.8382   -0.0001   -0.0001   -0.0001
    6.6590   -7.7858   -7.7858   -7.7858   -0.0002   -0.0002   -0.0002
    6.6942   -7.7524   -7.7524   -7.7524   -0.0003   -0.0003   -0.0003
    6.7294   -7.7174   -7.7174   -7.7174   -0.0003   -0.0003   -0.0003
    6.7647   -7.6633   -7.6633   -7.6633   -0.0003   -0.0003   -0.0003
    6.7999   -7.5793   -7.5793   -7.5793   -0.0003   -0.0003   -0.0003
    6.8351   -7.4632   -7.4632   -7.4632   -0.0003   -0.0003   -0.0003
    6.8704   -7.3212   -7.3212   -7.3212   -0.0002   -0.0002   -0.0002
    6.9056   -7.1664   -7.1664   -7.1664   -0.0001   -0.0001   -0.0001
    6.9408   -7.0158   -7.0158   -7.0158   -0.0000   -0.0000   -0.0000
    6.9761   -6.8857   -6.8857   -6.8857    0.0001    0.0001    0.0001
    7.0113   -6.7879   -6.7879   -6.7879    0.0002    0.0002    0.0002
    7.0465   -6.7257   -6.7257   -6.7257    0.0002    0.0002    0.0002
    7.0818   -6.6934   -6.6934   -6.6934    0.0003    0.0003    0.0003
    7.1170   -6.6778   -6.6778   -6.6778    0.0003    0.0003    0.0003
    7.1522   -6.6620   -6.6620   -6.6620    0.0004    0.0004    0.0004
    7.1875   -6.6299   -6.6299   -6.6299    0.0004    0.0004    0.0004
    7.2227   -6.5705   -6.5705   -6.5705    0.0003    0.0003    0.0003
    7.2579   -6.4801   -6.4801   -6.4801    0.0003    0.0003    0.0003
    7.2932   -6.3611   -6.3611   -6.3611    0.0002    0.0002    0.0002
    7.3284   -6.2203   -6.2203   -6.2203    0.0002    0.0002    0.0002
    7.3636   -6.0656   -6.0656   -6.0656    0.0001    0.0001    0.0001
    7.3989   -5.9037   -5.9037   -5.9037    0.0001    0.0001    0.0001
    7.4341   -5.7394   -5.7394   -5.7394    0.0001    0.0001    0.0001
    7.4693   -5.5755   -5.5755   -5.5755    0.0000    0.0000    0.0000
    7.5046   -5.4149   -5.4149   -5.4149    0.0000    0.0000    0.0000
    7.5398   -5.2612   -5.2612   -5.2612   -0.0000   -0.0000   -0.0000
    7.5750   -5.1191   -5.1191   -5.1191   -0.0000   -0.0000   -0.0000
    7.6103   -4.9937   -4.9937   -4.9937   -0.0000   -0.0000   -0.0000
    7.6455   -4.8878   -4.8878   -4.8878   -0.0000   -0.0000   -0.0000
    7.6807   -4.8005   -4.8005   -4.8005   -0.0000   -0.0000   -0.0000
    7.7160   -4.7256   -4.7256   -4.7256   -0.0000   -0.0000   -0.0000
    7.7512   -4.6532   -4.6532   -4.6532    0.0000    0.0000    0.0000
    7.7864   -4.5715   -4.5715   -4.5715    0.0000    0.0000    0.0000
    7.8217   -4.4714   -4.4714   -4.4714    0.0001    0.0001    0.0001
    7.8569   -4.3492   -4.3492   -4.3492    0.0001    0.0001    0.0001
    7.8921   -4.2078   -4.2078   -4.2078    0.0001    0.0001    0.0001
    7.9273   -4.0557   -4.0557   -4.0557    0.0001    0.0001    0.0001
    7.9626   -3.9036   -3.9036   -3.9036    0.0001    0.0001    0.0001
    7.9978   -3.7605   -3.7605   -3.7605    0.0001    0.0001    0.0001
    8.0330   -3.6307   -3.6307   -3.6307    0.0000    0.0000    0.0000
    8.0683   -3.5132   -3.5132   -3.5132   -0.0000   -0.0000   -0.0000
    8.1035   -3.4030   -3.4030   -3.4030   -0.0001   -0.0001   -0.0001
    8.1387   -3.2937   -3.2937   -3.2937   -0.0001   -0.0001   -0.0001
    8.1740   -3.1805   -3.1805   -3.1805   -0.0001   -0.0001   -0.0001
    8.2092   -3.0626   -3.0626   -3.0626   -0.0002   -0.0002   -0.0002
    8.2444   -2.9436   -2.9436   -2.9436   -0.0001   -0.0001   -0.0001
    8.2797   -2.8309   -2.8309   -2.8309   -0.0001   -0.0001   -0.0001
    8.3149   -2.7342   -2.7342   -2.7342   -0.0001   -0.0001   -0.0001
    8.3501   -2.6630   -2.6630   -2.6630   -0.0000   -0.0000   -0.0000
    8.3854   -2.6242   -2.6242   -2.6242    0.0000    0.0000    0.0000
    8.4206   -2.6205   -2.6205   -2.6205    0.0001    0.0001    0.0001
    8.4558   -2.6492   -2.6492   -2.6492    0.0002    0.0002    0.0002
    8.4911   -2.7018   -2.7018   -2.7018    0.0003    0.0003    0.0003
    8.5263   -2.7653   -2.7653   -2.7653    0.0003    0.0003    0.0003
    8.5615   -2.8249   -2.8249   -2.8249    0.0004    0.0004    0.0004
    8.5968   -2.8668   -2.8668   -2.8668    0.0004    0.0004    0.0004
    8.6320   -2.8816   -2.8816   -2.8816    0.0004    0.0004    0.0004
    8.6672   -2.8659   -2.8659   -2.8659    0.0004    0.0004    0.0004
    8.7025   -2.8227   -2.8227   -2.8227    0.0003    0.0003    0.0003
    8.7377   -2.7598   -2.7598   -2.7598    0.0003    0.0003    0.0003
    8.7729   -2.6872   -2.6872   -2.6872    0.0002    0.0002    0.0002
    8.8082   -2.6140   -2.6140   -2.6140    0.0002    0.0002    0.0002
    8.8434   -2.5461   -2.5461   -2.5461    0.0002    0.0002    0.0002
    8.8786   -2.4855   -2.4855   -2.4855    0.0001    0.0001    0.0001
    8.9139   -2.4310   -2.4310   -2.4310    0.0001    0.0001    0.0001
    8.9491   -2.3789   -2.3789   -2.3789    0.0001    0.0001    0.0001
    8.9843   -2.3254   -2.3254   -2.3254    0.0001    0.0001    0.0001
    9.0196   -2.2671   -2.2671   -2.2671    0.0001    0.0001    0.0001
    9.0548   -2.2018   -2.2018   -2.2018    0.0001    0.0001    0.0001
    9.0900   -2.1286   -2.1286   -2.1286    0.0001    0.0001    0.0001
    9.1253   -2.0472   -2.0472   -2.0472    0.0001    0.0001    0.0001
    9.1605   -1.9579   -1.9579   -1.9579    0.0001    0.0001    0.0001
    9.1957   -1.8609   -1.8609   -1.8609    0.0001    0.0001    0.0001
    9.2310   -1.7560   -1.7560   -1.7560    0.0001    0.0001    0.0001
    9.2662   -1.6429   -1.6429   -1.6429    0.0001    0.0001    0.0001
    9.3014   -1.5211   -1.5211   -1.5211    0.0001    0.0001    0.0001
    9.3367   -1.3914   -1.3914   -1.3914    0.0001    0.0001    0.0001
    9.3719   -1.2563   -1.2563   -1.2563    0.0001    0.0001    0.0001
    9.4071   -1.1216   -1.1216   -1.1216    0.0001    0.0001    0.0001
    9.4424   -0.9957   -0.9957   -0.9957    0.0001    0.0001    0.0001
    9.4776   -0.8888   -0.8888   -0.8888    0.0001    0.0001    0.0001
    9.5128   -0.8107   -0.8107   -0.8107    0.0001    0.0001    0.0001
    9.5481   -0.7675   -0.7675   -0.7675    0.0001    0.0001    0.0001
    9.5833   -0.7608   -0.7608   -0.7608    0.0001    0.0001    0.0001
    9.6185   -0.7863   -0.7863   -0.7863    0.0001    0.0001    0.0001
    9.6537   -0.8359   -0.8359   -0.8359    0.0001    0.0001    0.0001
    9.6890   -0.9000   -0.9000   -0.9000    0.0001    0.0001    0.0001
    9.7242   -0.9697   -0.9697   -0.9697    0.0001    0.0001    0.0001
    9.7594   -1.0389   -1.0389   -1.0389    0.0001    0.0001    0.0001
    9.7947   -1.1044   -1.1044   -1.1044    0.0002    0.0002    0.0002
    9.8299   -1.1648   -1.1648   -1.1648    0.0002    0.0002    0.0002
    9.8651   -1.2187   -1.2187   -1.2187    0.0003    0.0003    0.0003
    9.9004   -1.2636   -1.2636   -1.2636    0.0003    0.0003    0.0003
    9.9356   -1.2951   -1.2951   -1.2951    0.0003    0.0003    0.0003
    9.9708   -1.3072   -1.3072   -1.3072    0.0003    0.0003    0.0003
   10.0061   -1.2945   -1.2945   -1.2945    0.0002    0.0002    0.0002
   10.0413   -1.2536   -1.2536   -1.2536    0.0002    0.0002    0.0002
   10.0765   -1.1858   -1.1858   -1.1858    0.0002    0.0002    0.0002
   10.1118   -1.0972   -1.0972   -1.0972    0.0002    0.0002    0.0002
   10.1470   -0.9991   -0.9991   -0.9991    0.0002    0.0002    0.0002
   10.1822   -0.9063   -0.9063   -0.9063    0.0002    0.0002    0.0002
   10.2175   -0.8347   -0.8347   -0.8347    0.0002    0.0002    0.0002
   10.2527   -0.7987   -0.7987   -0.7987    0.0002    0.0002    0.0002
   10.2879   -0.8088   -0.8088   -0.8088    0.0003    0.0003    0.0003
   10.3232   -0.8699   -0.8699   -0.8699    0.0003    0.0003    0.0003
   10.3584   -0.9799   -0.9799   -0.9799    0.0004    0.0004    0.0004
   10.3936   -1.1301   -1.1301   -1.1301    0.0004    0.0004    0.0004
   10.4289   -1.3062   -1.3062   -1.3062    0.0004    0.0004    0.0004
   10.4641   -1.4898   -1.4898   -1.4898    0.0004    0.0004    0.0004
   10.4993   -1.6616   -1.6616   -1.6616    0.0004    0.0004    0.0004
   10.5346   -1.8042   -1.8042   -1.8042    0.0004    0.0004    0.0004
   10.5698   -1.9048   -1.9048   -1.9048    0.0003    0.0003    0.0003
   10.6050   -1.9575   -1.9575   -1.9575    0.0003    0.0003    0.0003
   10.6403   -1.9634   -1.9634   -1.9634    0.0003    0.0003    0.0003
   10.6755   -1.9303   -1.9303   -1.9303    0.0002    0.0002    0.0002
   10.7107   -1.8707   -1.8707   -1.8707    0.0003    0.0003    0.0003
   10.7460   -1.7984   -1.7984   -1.7984    0.0003    0.0003    0.0003
   10.7812   -1.7262   -1.7262   -1.7262    0.0003    0.0003    0.0003
   10.8164   -1.6631   -1.6631   -1.6631    0.0003    0.0003    0.0003
   10.8517   -1.6128   -1.6128   -1.6128    0.0004    0.0004    0.0004
   10.8869   -1.5741   -1.5741   -1.5741    0.0004    0.0004    0.0004
   10.9221   -1.5419   -1.5419   -1.5419    0.0004    0.0004    0.0004
   10.9574   -1.5098   -1.5098   -1.5098    0.0004    0.0004    0.0004
   10.9926   -1.4724   -1.4724   -1.4724    0.0003    0.0003    0.0003
   11.0278   -1.4280   -1.4280   -1.4280    0.0003    0.0003    0.0003
   11.0631   -1.3795   -1.3795   -1.3795    0.0003    0.0003    0.0003
   11.0983   -1.3350   -1.3350   -1.3350    0.0002    0.0002    0.0002
   11.1335   -1.3052   -1.3052   -1.3052    0.0002    0.0002    0.0002
   11.1688   -1.3014   -1.3014   -1.3014    0.0002    0.0002    0.0002
   11.2040   -1.3316   -1.3316   -1.3316    0.0002    0.0002    0.0002
   11.2392   -1.3989   -1.3989   -1.3989    0.0002    0.0002    0.0002
   11.2745   -1.5005   -1.5005   -1.5005    0.0002    0.0002    0.0002
   11.3097   -1.6288   -1.6288   -1.6288    0.0003    0.0003    0.0003
   11.3449   -1.7740   -1.7740   -1.7740    0.0003    0.0003    0.0003
   11.3801   -1.9266   -1.9266   -1.9266    0.0003    0.0003    0.0003
   11.4154   -2.0778   -2.0778   -2.0778    0.0003    0.0003    0.0003
   11.4506   -2.2197   -2.2197   -2.2197    0.0003    0.0003    0.0003
   11.4858   -2.3442   -2.3442   -2.3442    0.0002    0.0002    0.0002
   11.5211   -2.4420   -2.4420   -2.4420    0.0002    0.0002    0.0002
   11.5563   -2.5035   -2.5035   -2.5035    0.0002    0.0002    0.0002
   11.5915   -2.5209   -2.5209   -2.5209    0.0001    0.0001    0.0001
   11.6268   -2.4904   -2.4904   -2.4904    0.0001    0.0001    0.0001
   11.6620   -2.4149   -2.4149   -2.4149    0.0001    0.0001    0.0001
   11.6972   -2.3047   -2.3047   -2.3047    0.0000    0.0000    0.0000
   11.7325   -2.1761   -2.1761   -2.1761    0.0000    0.0000    0.0000
   11.7677   -2.0491   -2.0491   -2.0491    0.0000    0.0000    0.0000
   11.8029   -1.9437   -1.9437   -1.9437    0.0000    0.0000    0.0000
   11.8382   -1.8757   -1.8757   -1.8757    0.0001    0.0001    0.0001
   11.8734   -1.8540   -1.8540   -1.8540    0.0001    0.0001    0.0001
   11.9086   -1.8780   -1.8780   -1.8780    0.0001    0.0001    0.0001
   11.9439   -1.9372   -1.9372   -1.9372    0.0002    0.0002    0.0002
   11.9791   -2.0132   -2.0132   -2.0132    0.0002    0.0002    0.0002
   12.0143   -2.0837   -2.0837   -2.0837    0.0002    0.0002    0.0002
   12.0496   -2.1277   -2.1277   -2.1277    0.0001    0.0001    0.0001
   12.0848   -2.1309   -2.1309   -2.1309    0.0001    0.0001    0.0001
   12.1200   -2.0894   -2.0894   -2.0894    0.0001    0.0001    0.0001
   12.1553   -2.0097   -2.0097   -2.0097    0.0001    0.0001    0.0001
   12.1905   -1.9065   -1.9065   -1.9065    0.0001    0.0001    0.0001
   12.2257   -1.7980   -1.7980   -1.7980    0.0001    0.0001    0.0001
   12.2610   -1.7006   -1.7006   -1.7006    0.0002    0.0002    0.0002
   12.2962   -1.6263   -1.6263   -1.6263    0.0002    0.0002    0.0002
   12.3314   -1.5810   -1.5810   -1.5810    0.0002    0.0002    0.0002
   12.3667   -1.5661   -1.5661   -1.5661    0.0003    0.0003    0.0003
   12.4019   -1.5799   -1.5799   -1.5799    0.0003    0.0003    0.0003
   12.4371   -1.6198   -1.6198   -1.6198    0.0003    0.0003    0.0003
   12.4724   -1.6828   -1.6828   -1.6828    0.0003    0.0003    0.0003
   12.5076   -1.7650   -1.7650   -1.7650    0.0003    0.0003    0.0003
   12.5428   -1.8610   -1.8610   -1.8610    0.0002    0.0002    0.0002
   12.5781   -1.9630   -1.9630   -1.9630    0.0001    0.0001    0.0001
   12.6133   -2.0609   -2.0609   -2.0609    0.0001    0.0001    0.0001
   12.6485   -2.1440   -2.1440   -2.1440    0.0000    0.0000    0.0000
   12.6838   -2.2025   -2.2025   -2.2025   -0.0000   -0.0000   -0.0000
   12.7190   -2.2307   -2.2307   -2.2307   -0.0001   -0.0001   -0.0001
   12.7542   -2.2280   -2.2280   -2.2280   -0.0001   -0.0001   -0.0001
   12.7895   -2.1992   -2.1992   -2.1992   -0.0001   -0.0001   -0.0001
   12.8247   -2.1542   -2.1542   -2.1542   -0.0000   -0.0000   -0.0000
   12.8599   -2.1048   -2.1048   -2.1048    0.0000    0.0000    0.0000
   12.8952   -2.0625   -2.0625   -2.0625    0.0001    0.0001    0.0001
   12.9304   -2.0358   -2.0358   -2.0358    0.0002    0.0002    0.0002
   12.9656   -2.0284   -2.0284   -2.0284    0.0002    0.0002    0.0002
   13.0009   -2.0390   -2.0390   -2.0390    0.0002    0.0002    0.0002
   13.0361   -2.0624   -2.0624   -2.0624    0.0003    0.0003    0.0003
   13.0713   -2.0906   -2.0906   -2.0906    0.0003    0.0003    0.0003
   13.1065   -2.1150   -2.1150   -2.1150    0.0003    0.0003    0.0003
   13.1418   -2.1279   -2.1279   -2.1279    0.0003    0.0003    0.0003
   13.1770   -2.1239   -2.1239   -2.1239    0.0003    0.0003    0.0003
   13.2122   -2.1008   -2.1008   -2.1008    0.0002    0.0002    0.0002
   13.2475   -2.0601   -2.0601   -2.0601    0.0002    0.0002    0.0002
   13.2827   -2.0068   -2.0068   -2.0068    0.0002    0.0002    0.0002
   13.3179   -1.9482   -1.9482   -1.9482    0.0002    0.0002    0.0002
   13.3532   -1.8927   -1.8927   -1.8927    0.0002    0.0002    0.0002
   13.3884   -1.8477   -1.8477   -1.8477    0.0002    0.0002    0.0002
   13.4236   -1.8184   -1.8184   -1.8184    0.0002    0.0002    0.0002
   13.4589   -1.8066   -1.8066   -1.8066    0.0002    0.0002    0.0002
   13.4941   -1.8104   -1.8104   -1.8104    0.0002    0.0002    0.0002
   13.5293   -1.8250   -1.8250   -1.8250    0.0001    0.0001    0.0001
   13.5646   -1.8438   -1.8438   -1.8438    0.0001    0.0001    0.0001
   13.5998   -1.8598   -1.8598   -1.8598    0.0001    0.0001    0.0001
   13.6350   -1.8671   -1.8671   -1.8671    0.0001    0.0001    0.0001
   13.6703   -1.8620   -1.8620   -1.8620    0.0001    0.0001    0.0001
   13.7055   -1.8436   -1.8436   -1.8436    0.0001    0.0001    0.0001
   13.7407   -1.8141   -1.8141   -1.8141    0.0001    0.0001    0.0001
   13.7760   -1.7778   -1.7778   -1.7778    0.0001    0.0001    0.0001
   13.8112   -1.7402   -1.7402   -1.7402    0.0001    0.0001    0.0001
   13.8464   -1.7064   -1.7064   -1.7064    0.0001    0.0001    0.0001
   13.8817   -1.6798   -1.6798   -1.6798    0.0001    0.0001    0.0001
   13.9169   -1.6615   -1.6615   -1.6615    0.0002    0.0002    0.0002
   13.9521   -1.6499   -1.6499   -1.6499    0.0002    0.0002    0.0002
   13.9874   -1.6418   -1.6418   -1.6418    0.0001    0.0001    0.0001
   14.0226   -1.6338   -1.6338   -1.6338    0.0001    0.0001    0.0001
   14.0578   -1.6233   -1.6233   -1.6233    0.0001    0.0001    0.0001
   14.0931   -1.6098   -1.6098   -1.6098    0.0001    0.0001    0.0001
   14.1283   -1.5943   -1.5943   -1.5943    0.0001    0.0001    0.0001
   14.1635   -1.5785   -1.5785   -1.5785    0.0001    0.0001    0.0001
   14.1988   -1.5635   -1.5635   -1.5635    0.0001    0.0001    0.0001
   14.2340   -1.5488   -1.5488   -1.5488    0.0001    0.0001    0.0001
   14.2692   -1.5320   -1.5320   -1.5320    0.0001    0.0001    0.0001
   14.3045   -1.5091   -1.5091   -1.5091    0.0002    0.0002    0.0002
   14.3397   -1.4763   -1.4763   -1.4763    0.0002    0.0002    0.0002
   14.3749   -1.4307   -1.4307   -1.4307    0.0002    0.0002    0.0002
   14.4102   -1.3715   -1.3715   -1.3715    0.0002    0.0002    0.0002
   14.4454   -1.3005   -1.3005   -1.3005    0.0002    0.0002    0.0002
   14.4806   -1.2214   -1.2214   -1.2214    0.0002    0.0002    0.0002
   14.5159   -1.1393   -1.1393   -1.1393    0.0002    0.0002    0.0002
   14.5511   -1.0597   -1.0597   -1.0597    0.0001    0.0001    0.0001
   14.5863   -0.9879   -0.9879   -0.9879    0.0001    0.0001    0.0001
   14.6216   -0.9285   -0.9285   -0.9285    0.0001    0.0001    0.0001
   14.6568   -0.8848   -0.8848   -0.8848    0.0001    0.0001    0.0001
   14.6920   -0.8591   -0.8591   -0.8591    0.0001    0.0001    0.0001
   14.7273   -0.8527   -0.8527   -0.8527    0.0001    0.0001    0.0001
   14.7625   -0.8653   -0.8653   -0.8653    0.0001    0.0001    0.0001
   14.7977   -0.8956   -0.8956   -0.8956    0.0001    0.0001    0.0001
   14.8329   -0.9408   -0.9408   -0.9408    0.0001    0.0001    0.0001
   14.8682   -0.9968   -0.9968   -0.9968    0.0001    0.0001    0.0001
   14.9034   -1.0580   -1.0580   -1.0580    0.0001    0.0001    0.0001
   14.9386   -1.1178   -1.1178   -1.1178    0.0001    0.0001    0.0001
   14.9739   -1.1690   -1.1690   -1.1690    0.0001    0.0001    0.0001
   15.0091   -1.2051   -1.2051   -1.2051    0.0001    0.0001    0.0001
   15.0443   -1.2213   -1.2213   -1.2213    0.0001    0.0001    0.0001
   15.0796   -1.2151   -1.2151   -1.2151    0.0001    0.0001    0.0001
   15.1148   -1.1871   -1.1871   -1.1871    0.0001    0.0001    0.0001
   15.1500   -1.1404   -1.1404   -1.1404    0.0001    0.0001    0.0001
   15.1853   -1.0804   -1.0804   -1.0804    0.0001    0.0001    0.0001
   15.2205   -1.0128   -1.0128   -1.0128    0.0001    0.0001    0.0001
   15.2557   -0.9434   -0.9434   -0.9434    0.0001    0.0001    0.0001
   15.2910   -0.8767   -0.8767   -0.8767    0.0001    0.0001    0.0001
   15.3262   -0.8159   -0.8159   -0.8159    0.0002    0.0002    0.0002
   15.3614   -0.7626   -0.7626   -0.7626    0.0002    0.0002    0.0002
   15.3967   -0.7172   -0.7172   -0.7172    0.0002    0.0002    0.0002
   15.4319   -0.6796   -0.6796   -0.6796    0.0002    0.0002    0.0002
   15.4671   -0.6492   -0.6492   -0.6492    0.0002    0.0002    0.0002
   15.5024   -0.6253   -0.6253   -0.6253    0.0002    0.0002    0.0002
   15.5376   -0.6077   -0.6077   -0.6077    0.0002    0.0002    0.0002
   15.5728   -0.5959   -0.5959   -0.5959    0.0002    0.0002    0.0002
   15.6081   -0.5895   -0.5895   -0.5895    0.0002    0.0002    0.0002
   15.6433   -0.5885   -0.5885   -0.5885    0.0002    0.0002    0.0002
   15.6785   -0.5925   -0.5925   -0.5925    0.0002    0.0002    0.0002
   15.7138   -0.6009   -0.6009   -0.6009    0.0002    0.0002    0.0002
   15.7490   -0.6124   -0.6124   -0.6124    0.0002    0.0002    0.0002
   15.7842   -0.6250   -0.6250   -0.6250    0.0002    0.0002    0.0002
   15.8195   -0.6362   -0.6362   -0.6362    0.0002    0.0002    0.0002
   15.8547   -0.6434   -0.6434   -0.6434    0.0002    0.0002    0.0002
   15.8899   -0.6447   -0.6447   -0.6447    0.0002    0.0002    0.0002
   15.9252   -0.6397   -0.6397   -0.6397    0.0002    0.0002    0.0002
   15.9604   -0.6299   -0.6299   -0.6299    0.0002    0.0002    0.0002
   15.9956   -0.6178   -0.6178   -0.6178    0.0002    0.0002    0.0002
   16.0309   -0.6068   -0.6068   -0.6068    0.0002    0.0002    0.0002
   16.0661   -0.5990   -0.5990   -0.5990    0.0001    0.0001    0.0001
   16.1013   -0.5952   -0.5952   -0.5952    0.0001    0.0001    0.0001
   16.1366   -0.5939   -0.5939   -0.5939    0.0000    0.0000    0.0000
   16.1718   -0.5923   -0.5923   -0.5923   -0.0000   -0.0000   -0.0000
   16.2070   -0.5872   -0.5872   -0.5872   -0.0001   -0.0001   -0.0001
   16.2423   -0.5768   -0.5768   -0.5768   -0.0001   -0.0001   -0.0001
   16.2775   -0.5612   -0.5612   -0.5612   -0.0002   -0.0002   -0.0002
   16.3127   -0.5425   -0.5425   -0.5425   -0.0001   -0.0001   -0.0001
   16.3480   -0.5244   -0.5244   -0.5244    0.0001    0.0001    0.0001
   16.3832   -0.5106   -0.5106   -0.5106    0.0003    0.0003    0.0003
   16.4184   -0.5040   -0.5040   -0.5040    0.0007    0.0007    0.0007
   16.4537   -0.5059   -0.5059   -0.5059    0.0012    0.0012    0.0012
   16.4889   -0.5166   -0.5166   -0.5166    0.0017    0.0017    0.0017
   16.5241   -0.5356   -0.5356   -0.5356    0.0022    0.0022    0.0022
   16.5594   -0.5630   -0.5630   -0.5630    0.0025    0.0025    0.0025
   16.5946   -0.5994   -0.5994   -0.5994    0.0028    0.0028    0.0028
   16.6298   -0.6459   -0.6459   -0.6459    0.0027    0.0027    0.0027
   16.6650   -0.7032   -0.7032   -0.7032    0.0025    0.0025    0.0025
   16.7003   -0.7701   -0.7701   -0.7701    0.0021    0.0021    0.0021
   16.7355   -0.8436   -0.8436   -0.8436    0.0015    0.0015    0.0015
   16.7707   -0.9190   -0.9190   -0.9190    0.0009    0.0009    0.0009
   16.8060   -0.9906   -0.9906   -0.9906    0.0003    0.0003    0.0003
   16.8412   -1.0538   -1.0538   -1.0538   -0.0001   -0.0001   -0.0001
   16.8764   -1.1054   -1.1054   -1.1054   -0.0003   -0.0003   -0.0003
   16.9117   -1.1451   -1.1451   -1.1451   -0.0004   -0.0004   -0.0004
   16.9469   -1.1743   -1.1743   -1.1743   -0.0003   -0.0003   -0.0003
   16.9821   -1.1959   -1.1959   -1.1959   -0.0000   -0.0000   -0.0000
   17.0174   -1.2128   -1.2128   -1.2128    0.0002    0.0002    0.0002
   17.0526   -1.2278   -1.2278   -1.2278    0.0004    0.0004    0.0004
   17.0878   -1.2430   -1.2430   -1.2430    0.0005    0.0005    0.0005
   17.1231   -1.2600   -1.2600   -1.2600    0.0004    0.0004    0.0004
   17.1583   -1.2803   -1.2803   -1.2803    0.0003    0.0003    0.0003
   17.1935   -1.3052   -1.3052   -1.3052    0.0000    0.0000    0.0000
   17.2288   -1.3356   -1.3356   -1.3356   -0.0002   -0.0002   -0.0002
   17.2640   -1.3716   -1.3716   -1.3716   -0.0004   -0.0004   -0.0004
   17.2992   -1.4122   -1.4122   -1.4122   -0.0006   -0.0006   -0.0006
   17.3345   -1.4556   -1.4556   -1.4556   -0.0008   -0.0008   -0.0008
   17.3697   -1.4989   -1.4989   -1.4989   -0.0009   -0.0009   -0.0009
   17.4049   -1.5394   -1.5394   -1.5394   -0.0009   -0.0009   -0.0009
   17.4402   -1.5742   -1.5742   -1.5742   -0.0009   -0.0009   -0.0009
   17.4754   -1.6011   -1.6011   -1.6011   -0.0009   -0.0009   -0.0009
   17.5106   -1.6186   -1.6186   -1.6186   -0.0009   -0.0009   -0.0009
   17.5459   -1.6264   -1.6264   -1.6264   -0.0008   -0.0008   -0.0008
   17.5811   -1.6253   -1.6253   -1.6253   -0.0007   -0.0007   -0.0007
   17.6163   -1.6174   -1.6174   -1.6174   -0.0006   -0.0006   -0.0006
   17.6516   -1.6051   -1.6051   -1.6051   -0.0006   -0.0006   -0.0006
   17.6868   -1.5908   -1.5908   -1.5908   -0.0005   -0.0005   -0.0005
   17.7220   -1.5762   -1.5762   -1.5762   -0.0004   -0.0004   -0.0004
   17.7573   -1.5616   -1.5616   -1.5616   -0.0003   -0.0003   -0.0003
   17.7925   -1.5467   -1.5467   -1.5467   -0.0002   -0.0002   -0.0002
   17.8277   -1.5307   -1.5307   -1.5307   -0.0002   -0.0002   -0.0002
   17.8630   -1.5134   -1.5134   -1.5134   -0.0001   -0.0001   -0.0001
   17.8982   -1.4959   -1.4959   -1.4959   -0.0001   -0.0001   -0.0001
   17.9334   -1.4799   -1.4799   -1.4799   -0.0001   -0.0001   -0.0001
   17.9687   -1.4681   -1.4681   -1.4681   -0.0001   -0.0001   -0.0001
   18.0039   -1.4629   -1.4629   -1.4629   -0.0001   -0.0001   -0.0001
   18.0391   -1.4658   -1.4658   -1.4658   -0.0001   -0.0001   -0.0001
   18.0744   -1.4775   -1.4775   -1.4775   -0.0002   -0.0002   -0.0002
   18.1096   -1.4972   -1.4972   -1.4972   -0.0003   -0.0003   -0.0003
   18.1448   -1.5234   -1.5234   -1.5234   -0.0004   -0.0004   -0.0004
   18.1801   -1.5540   -1.5540   -1.5540   -0.0004   -0.0004   -0.0004
   18.2153   -1.5867   -1.5867   -1.5867   -0.0005   -0.0005   -0.0005
   18.2505   -1.6189   -1.6189   -1.6189   -0.0005   -0.0005   -0.0005
   18.2858   -1.6484   -1.6484   -1.6484   -0.0006   -0.0006   -0.0006
   18.3210   -1.6733   -1.6733   -1.6733   -0.0006   -0.0006   -0.0006
   18.3562   -1.6926   -1.6926   -1.6926   -0.0005   -0.0005   -0.0005
   18.3914   -1.7060   -1.7060   -1.7060   -0.0005   -0.0005   -0.0005
   18.4267   -1.7143   -1.7143   -1.7143   -0.0005   -0.0005   -0.0005
   18.4619   -1.7187   -1.7187   -1.7187   -0.0005   -0.0005   -0.0005
   18.4971   -1.7205   -1.7205   -1.7205   -0.0005   -0.0005   -0.0005
   18.5324   -1.7201   -1.7201   -1.7201   -0.0006   -0.0006   -0.0006
   18.5676   -1.7176   -1.7176   -1.7176   -0.0006   -0.0006   -0.0006
   18.6028   -1.7120   -1.7120   -1.7120   -0.0006   -0.0006   -0.0006
   18.6381   -1.7026   -1.7026   -1.7026   -0.0005   -0.0005   -0.0005
   18.6733   -1.6890   -1.6890   -1.6890   -0.0005   -0.0005   -0.0005
   18.7085   -1.6716   -1.6716   -1.6716   -0.0005   -0.0005   -0.0005
   18.7438   -1.6517   -1.6517   -1.6517   -0.0005   -0.0005   -0.0005
   18.7790   -1.6306   -1.6306   -1.6306   -0.0004   -0.0004   -0.0004
   18.8142   -1.6094   -1.6094   -1.6094   -0.0004   -0.0004   -0.0004
   18.8495   -1.5881   -1.5881   -1.5881   -0.0004   -0.0004   -0.0004
   18.8847   -1.5660   -1.5660   -1.5660   -0.0003   -0.0003   -0.0003
   18.9199   -1.5423   -1.5423   -1.5423   -0.0003   -0.0003   -0.0003
   18.9552   -1.5172   -1.5172   -1.5172   -0.0003   -0.0003   -0.0003
   18.9904   -1.4925   -1.4925   -1.4925   -0.0002   -0.0002   -0.0002
   19.0256   -1.4722   -1.4722   -1.4722   -0.0002   -0.0002   -0.0002
   19.0609   -1.4611   -1.4611   -1.4611   -0.0001   -0.0001   -0.0001
   19.0961   -1.4642   -1.4642   -1.4642   -0.0001   -0.0001   -0.0001
   19.1313   -1.4845   -1.4845   -1.4845   -0.0001   -0.0001   -0.0001
   19.1666   -1.5222   -1.5222   -1.5222   -0.0000   -0.0000   -0.0000
   19.2018   -1.5741   -1.5741   -1.5741   -0.0000   -0.0000   -0.0000
   19.2370   -1.6347   -1.6347   -1.6347   -0.0000   -0.0000   -0.0000
   19.2723   -1.6971   -1.6971   -1.6971   -0.0000   -0.0000   -0.0000
   19.3075   -1.7550   -1.7550   -1.7550   -0.0001   -0.0001   -0.0001
   19.3427   -1.8034   -1.8034   -1.8034   -0.0001   -0.0001   -0.0001
   19.3780   -1.8395   -1.8395   -1.8395   -0.0002   -0.0002   -0.0002
   19.4132   -1.8630   -1.8630   -1.8630   -0.0002   -0.0002   -0.0002
   19.4484   -1.8752   -1.8752   -1.8752   -0.0002   -0.0002   -0.0002
   19.4837   -1.8787   -1.8787   -1.8787   -0.0003   -0.0003   -0.0003
   19.5189   -1.8760   -1.8760   -1.8760   -0.0003   -0.0003   -0.0003
   19.5541   -1.8696   -1.8696   -1.8696   -0.0003   -0.0003   -0.0003
   19.5894   -1.8608   -1.8608   -1.8608   -0.0003   -0.0003   -0.0003
   19.6246   -1.8499   -1.8499   -1.8499   -0.0003   -0.0003   -0.0003
   19.6598   -1.8365   -1.8365   -1.8365   -0.0003   -0.0003   -0.0003
   19.6951   -1.8199   -1.8199   -1.8199   -0.0002   -0.0002   -0.0002
   19.7303   -1.7991   -1.7991   -1.7991   -0.0002   -0.0002   -0.0002
   19.7655   -1.7740   -1.7740   -1.7740   -0.0002   -0.0002   -0.0002
   19.8008   -1.7447   -1.7447   -1.7447   -0.0002   -0.0002   -0.0002
   19.8360   -1.7121   -1.7121   -1.7121   -0.0002   -0.0002   -0.0002
   19.8712   -1.6775   -1.6775   -1.6775   -0.0002   -0.0002   -0.0002
   19.9065   -1.6423   -1.6423   -1.6423   -0.0002   -0.0002   -0.0002
   19.9417   -1.6079   -1.6079   -1.6079   -0.0002   -0.0002   -0.0002
   19.9769   -1.5753   -1.5753   -1.5753   -0.0002   -0.0002   -0.0002
   20.0122   -1.5452   -1.5452   -1.5452   -0.0002   -0.0002   -0.0002
   20.0474   -1.5179   -1.5179   -1.5179   -0.0002   -0.0002   -0.0002
   20.0826   -1.4933   -1.4933   -1.4933   -0.0002   -0.0002   -0.0002
   20.1178   -1.4712   -1.4712   -1.4712   -0.0002   -0.0002   -0.0002
   20.1531   -1.4512   -1.4512   -1.4512   -0.0002   -0.0002   -0.0002
   20.1883   -1.4330   -1.4330   -1.4330   -0.0002   -0.0002   -0.0002
   20.2235   -1.4161   -1.4161   -1.4161   -0.0002   -0.0002   -0.0002
   20.2588   -1.4001   -1.4001   -1.4001   -0.0002   -0.0002   -0.0002
   20.2940   -1.3843   -1.3843   -1.3843   -0.0002   -0.0002   -0.0002
   20.3292   -1.3682   -1.3682   -1.3682   -0.0002   -0.0002   -0.0002
   20.3645   -1.3510   -1.3510   -1.3510   -0.0002   -0.0002   -0.0002
   20.3997   -1.3325   -1.3325   -1.3325   -0.0002   -0.0002   -0.0002
   20.4349   -1.3126   -1.3126   -1.3126   -0.0002   -0.0002   -0.0002
   20.4702   -1.2912   -1.2912   -1.2912   -0.0002   -0.0002   -0.0002
   20.5054   -1.2688   -1.2688   -1.2688   -0.0002   -0.0002   -0.0002
   20.5406   -1.2457   -1.2457   -1.2457   -0.0002   -0.0002   -0.0002
   20.5759   -1.2221   -1.2221   -1.2221   -0.0002   -0.0002   -0.0002
   20.6111   -1.1985   -1.1985   -1.1985   -0.0002   -0.0002   -0.0002
   20.6463   -1.1752   -1.1752   -1.1752   -0.0002   -0.0002   -0.0002
   20.6816   -1.1527   -1.1527   -1.1527   -0.0002   -0.0002   -0.0002
   20.7168   -1.1311   -1.1311   -1.1311   -0.0002   -0.0002   -0.0002
   20.7520   -1.1109   -1.1109   -1.1109   -0.0002   -0.0002   -0.0002
   20.7873   -1.0919   -1.0919   -1.0919   -0.0002   -0.0002   -0.0002
   20.8225   -1.0742   -1.0742   -1.0742   -0.0002   -0.0002   -0.0002
   20.8577   -1.0574   -1.0574   -1.0574   -0.0002   -0.0002   -0.0002
   20.8930   -1.0413   -1.0413   -1.0413   -0.0001   -0.0001   -0.0001
   20.9282   -1.0258   -1.0258   -1.0258   -0.0001   -0.0001   -0.0001
   20.9634   -1.0108   -1.0108   -1.0108   -0.0001   -0.0001   -0.0001
   20.9987   -0.9965   -0.9965   -0.9965   -0.0001   -0.0001   -0.0001
   21.0339   -0.9831   -0.9831   -0.9831   -0.0001   -0.0001   -0.0001
   21.0691   -0.9707   -0.9707   -0.9707   -0.0001   -0.0001   -0.0001
   21.1044   -0.9596   -0.9596   -0.9596   -0.0001   -0.0001   -0.0001
   21.1396   -0.9494   -0.9494   -0.9494   -0.0001   -0.0001   -0.0001
   21.1748   -0.9396   -0.9396   -0.9396   -0.0001   -0.0001   -0.0001
   21.2101   -0.9298   -0.9298   -0.9298   -0.0001   -0.0001   -0.0001
   21.2453   -0.9193   -0.9193   -0.9193   -0.0001   -0.0001   -0.0001
   21.2805   -0.9076   -0.9076   -0.9076   -0.0001   -0.0001   -0.0001
   21.3158   -0.8945   -0.8945   -0.8945   -0.0001   -0.0001   -0.0001
   21.3510   -0.8803   -0.8803   -0.8803   -0.0001   -0.0001   -0.0001
   21.3862   -0.8653   -0.8653   -0.8653   -0.0001   -0.0001   -0.0001
   21.4215   -0.8500   -0.8500   -0.8500   -0.0001   -0.0001   -0.0001
   21.4567   -0.8350   -0.8350   -0.8350   -0.0001   -0.0001   -0.0001
   21.4919   -0.8207   -0.8207   -0.8207   -0.0001   -0.0001   -0.0001
   21.5272   -0.8075   -0.8075   -0.8075   -0.0001   -0.0001   -0.0001
   21.5624   -0.7952   -0.7952   -0.7952   -0.0001   -0.0001   -0.0001
   21.5976   -0.7836   -0.7836   -0.7836   -0.0001   -0.0001   -0.0001
   21.6329   -0.7725   -0.7725   -0.7725   -0.0001   -0.0001   -0.0001
   21.6681   -0.7615   -0.7615   -0.7615   -0.0001   -0.0001   -0.0001
   21.7033   -0.7504   -0.7504   -0.7504   -0.0001   -0.0001   -0.0001
   21.7386   -0.7390   -0.7390   -0.7390   -0.0001   -0.0001   -0.0001
   21.7738   -0.7275   -0.7275   -0.7275   -0.0001   -0.0001   -0.0001
   21.8090   -0.7160   -0.7160   -0.7160   -0.0001   -0.0001   -0.0001
   21.8442   -0.7047   -0.7047   -0.7047   -0.0001   -0.0001   -0.0001
   21.8795   -0.6937   -0.6937   -0.6937   -0.0001   -0.0001   -0.0001
   21.9147   -0.6832   -0.6832   -0.6832   -0.0001   -0.0001   -0.0001
   21.9499   -0.6730   -0.6730   -0.6730   -0.0001   -0.0001   -0.0001
   21.9852   -0.6631   -0.6631   -0.6631   -0.0001   -0.0001   -0.0001
   22.0204   -0.6534   -0.6534   -0.6534   -0.0001   -0.0001   -0.0001
   22.0556   -0.6438   -0.6438   -0.6438   -0.0001   -0.0001   -0.0001
   22.0909   -0.6341   -0.6341   -0.6341   -0.0001   -0.0001   -0.0001
   22.1261   -0.6245   -0.6245   -0.6245   -0.0001   -0.0001   -0.0001
   22.1613   -0.6149   -0.6149   -0.6149   -0.0001   -0.0001   -0.0001
   22.1966   -0.6054   -0.6054   -0.6054   -0.0001   -0.0001   -0.0001
   22.2318   -0.5960   -0.5960   -0.5960   -0.0001   -0.0001   -0.0001
   22.2670   -0.5869   -0.5869   -0.5869   -0.0001   -0.0001   -0.0001
   22.3023   -0.5780   -0.5780   -0.5780   -0.0001   -0.0001   -0.0001
   22.3375   -0.5695   -0.5695   -0.5695   -0.0001   -0.0001   -0.0001
   22.3727   -0.5612   -0.5612   -0.5612   -0.0001   -0.0001   -0.0001
   22.4080   -0.5533   -0.5533   -0.5533   -0.0001   -0.0001   -0.0001
   22.4432   -0.5456   -0.5456   -0.5456   -0.0001   -0.0001   -0.0001
   22.4784   -0.5379   -0.5379   -0.5379   -0.0001   -0.0001   -0.0001
   22.5137   -0.5303   -0.5303   -0.5303   -0.0001   -0.0001   -0.0001
   22.5489   -0.5226   -0.5226   -0.5226   -0.0001   -0.0001   -0.0001
   22.5841   -0.5146   -0.5146   -0.5146   -0.0001   -0.0001   -0.0001
   22.6194   -0.5065   -0.5065   -0.5065   -0.0001   -0.0001   -0.0001
   22.6546   -0.4982   -0.4982   -0.4982   -0.0001   -0.0001   -0.0001
   22.6898   -0.4897   -0.4897   -0.4897   -0.0001   -0.0001   -0.0001
   22.7251   -0.4813   -0.4813   -0.4813   -0.0001   -0.0001   -0.0001
   22.7603   -0.4729   -0.4729   -0.4729   -0.0001   -0.0001   -0.0001
   22.7955   -0.4648   -0.4648   -0.4648   -0.0001   -0.0001   -0.0001
   22.8308   -0.4569   -0.4569   -0.4569   -0.0001   -0.0001   -0.0001
   22.8660   -0.4493   -0.4493   -0.4493   -0.0001   -0.0001   -0.0001
   22.9012   -0.4420   -0.4420   -0.4420   -0.0001   -0.0001   -0.0001
   22.9365   -0.4350   -0.4350   -0.4350   -0.0001   -0.0001   -0.0001
   22.9717   -0.4282   -0.4282   -0.4282   -0.0001   -0.0001   -0.0001
   23.0069   -0.4216   -0.4216   -0.4216   -0.0001   -0.0001   -0.0001
   23.0422   -0.4150   -0.4150   -0.4150   -0.0001   -0.0001   -0.0001
   23.0774   -0.4084   -0.4084   -0.4084   -0.0001   -0.0001   -0.0001
   23.1126   -0.4018   -0.4018   -0.4018   -0.0001   -0.0001   -0.0001
   23.1479   -0.3950   -0.3950   -0.3950   -0.0001   -0.0001   -0.0001
   23.1831   -0.3882   -0.3882   -0.3882   -0.0001   -0.0001   -0.0001
   23.2183   -0.3813   -0.3813   -0.3813   -0.0001   -0.0001   -0.0001
   23.2536   -0.3744   -0.3744   -0.3744   -0.0001   -0.0001   -0.0001
   23.2888   -0.3675   -0.3675   -0.3675   -0.0001   -0.0001   -0.0001
   23.3240   -0.3608   -0.3608   -0.3608   -0.0001   -0.0001   -0.0001
   23.3593   -0.3542   -0.3542   -0.3542   -0.0001   -0.0001   -0.0001
   23.3945   -0.3477   -0.3477   -0.3477   -0.0001   -0.0001   -0.0001
   23.4297   -0.3414   -0.3414   -0.3414   -0.0001   -0.0001   -0.0001
   23.4650   -0.3352   -0.3352   -0.3352   -0.0001   -0.0001   -0.0001
   23.5002   -0.3292   -0.3292   -0.3292   -0.0001   -0.0001   -0.0001
   23.5354   -0.3232   -0.3232   -0.3232   -0.0001   -0.0001   -0.0001
   23.5706   -0.3172   -0.3172   -0.3172   -0.0001   -0.0001   -0.0001
   23.6059   -0.3112   -0.3112   -0.3112   -0.0001   -0.0001   -0.0001
   23.6411   -0.3052   -0.3052   -0.3052   -0.0001   -0.0001   -0.0001
   23.6763   -0.2991   -0.2991   -0.2991   -0.0001   -0.0001   -0.0001
   23.7116   -0.2931   -0.2931   -0.2931   -0.0001   -0.0001   -0.0001
   23.7468   -0.2872   -0.2872   -0.2872   -0.0001   -0.0001   -0.0001
   23.7820   -0.2814   -0.2814   -0.2814   -0.0001   -0.0001   -0.0001
   23.8173   -0.2758   -0.2758   -0.2758   -0.0001   -0.0001   -0.0001
   23.8525   -0.2704   -0.2704   -0.2704   -0.0001   -0.0001   -0.0001
   23.8877   -0.2651   -0.2651   -0.2651   -0.0001   -0.0001   -0.0001
   23.9230   -0.2599   -0.2599   -0.2599   -0.0001   -0.0001   -0.0001
   23.9582   -0.2548   -0.2548   -0.2548   -0.0001   -0.0001   -0.0001
   23.9934   -0.2497   -0.2497   -0.2497   -0.0001   -0.0001   -0.0001
   24.0287   -0.2446   -0.2446   -0.2446   -0.0001   -0.0001   -0.0001
   24.0639   -0.2394   -0.2394   -0.2394   -0.0001   -0.0001   -0.0001
   24.0991   -0.2342   -0.2342   -0.2342   -0.0001   -0.0001   -0.0001
   24.1344   -0.2290   -0.2290   -0.2290   -0.0001   -0.0001   -0.0001
   24.1696   -0.2237   -0.2237   -0.2237   -0.0001   -0.0001   -0.0001
   24.2048   -0.2183   -0.2183   -0.2183   -0.0001   -0.0001   -0.0001
   24.2401   -0.2130   -0.2130   -0.2130   -0.0001   -0.0001   -0.0001
   24.2753   -0.2077   -0.2077   -0.2077   -0.0001   -0.0001   -0.0001
   24.3105   -0.2024   -0.2024   -0.2024   -0.0001   -0.0001   -0.0001
   24.3458   -0.1972   -0.1972   -0.1972   -0.0001   -0.0001   -0.0001
   24.3810   -0.1920   -0.1920   -0.1920   -0.0001   -0.0001   -0.0001
   24.4162   -0.1869   -0.1869   -0.1869   -0.0001   -0.0001   -0.0001
   24.4515   -0.1819   -0.1819   -0.1819   -0.0001   -0.0001   -0.0001
   24.4867   -0.1770   -0.1770   -0.1770   -0.0001   -0.0001   -0.0001
   24.5219   -0.1722   -0.1722   -0.1722   -0.0001   -0.0001   -0.0001
   24.5572   -0.1675   -0.1675   -0.1675   -0.0001   -0.0001   -0.0001
   24.5924   -0.1628   -0.1628   -0.1628   -0.0001   -0.0001   -0.0001
   24.6276   -0.1583   -0.1583   -0.1583   -0.0001   -0.0001   -0.0001
   24.6629   -0.1538   -0.1538   -0.1538   -0.0001   -0.0001   -0.0001
   24.6981   -0.1494   -0.1494   -0.1494   -0.0001   -0.0001   -0.0001
   24.7333   -0.1450   -0.1450   -0.1450   -0.0001   -0.0001   -0.0001
   24.7686   -0.1406   -0.1406   -0.1406   -0.0001   -0.0001   -0.0001
   24.8038   -0.1361   -0.1361   -0.1361   -0.0001   -0.0001   -0.0001
   24.8390   -0.1317   -0.1317   -0.1317   -0.0001   -0.0001   -0.0001
   24.8743   -0.1273   -0.1273   -0.1273   -0.0001   -0.0001   -0.0001
   24.9095   -0.1228   -0.1228   -0.1228   -0.0001   -0.0001   -0.0001
   24.9447   -0.1184   -0.1184   -0.1184   -0.0001   -0.0001   -0.0001
   24.9800   -0.1139   -0.1139   -0.1139   -0.0001   -0.0001   -0.0001
   25.0152   -0.1095   -0.1095   -0.1095   -0.0001   -0.0001   -0.0001
   25.0504   -0.1051   -0.1051   -0.1051   -0.0001   -0.0001   -0.0001
   25.0857   -0.1008   -0.1008   -0.1008   -0.0001   -0.0001   -0.0001
   25.1209   -0.0965   -0.0965   -0.0965   -0.0001   -0.0001   -0.0001
   25.1561   -0.0922   -0.0922   -0.0922   -0.0001   -0.0001   -0.0001
   25.1914   -0.0880   -0.0880   -0.0880   -0.0001   -0.0001   -0.0001
   25.2266   -0.0839   -0.0839   -0.0839   -0.0001   -0.0001   -0.0001
   25.2618   -0.0798   -0.0798   -0.0798   -0.0001   -0.0001   -0.0001
   25.2970   -0.0757   -0.0757   -0.0757   -0.0001   -0.0001   -0.0001
   25.3323   -0.0717   -0.0717   -0.0717   -0.0001   -0.0001   -0.0001
   25.3675   -0.0677   -0.0677   -0.0677   -0.0001   -0.0001   -0.0001
   25.4027   -0.0638   -0.0638   -0.0638   -0.0001   -0.0001   -0.0001
   25.4380   -0.0598   -0.0598   -0.0598   -0.0001   -0.0001   -0.0001
   25.4732   -0.0559   -0.0559   -0.0559   -0.0001   -0.0001   -0.0001
   25.5084   -0.0520   -0.0520   -0.0520   -0.0001   -0.0001   -0.0001
   25.5437   -0.0481   -0.0481   -0.0481   -0.0000   -0.0000   -0.0000
   25.5789   -0.0442   -0.0442   -0.0442   -0.0000   -0.0000   -0.0000
   25.6141   -0.0404   -0.0404   -0.0404   -0.0000   -0.0000   -0.0000
   25.6494   -0.0366   -0.0366   -0.0366   -0.0000   -0.0000   -0.0000
   25.6846   -0.0327   -0.0327   -0.0327   -0.0000   -0.0000   -0.0000
   25.7198   -0.0289   -0.0289   -0.0289   -0.0000   -0.0000   -0.0000
   25.7551   -0.0252   -0.0252   -0.0252   -0.0000   -0.0000   -0.0000
   25.7903   -0.0214   -0.0214   -0.0214   -0.0000   -0.0000   -0.0000
   25.8255   -0.0176   -0.0176   -0.0176   -0.0000   -0.0000   -0.0000
   25.8608   -0.0139   -0.0139   -0.0139   -0.0000   -0.0000   -0.0000
   25.8960   -0.0102   -0.0102   -0.0102   -0.0000   -0.0000   -0.0000
   25.9312   -0.0065   -0.0065   -0.0065   -0.0000   -0.0000   -0.0000
   25.9665   -0.0029   -0.0029   -0.0029   -0.0000   -0.0000   -0.0000
   26.0017    0.0007    0.0007    0.0007   -0.0000   -0.0000   -0.0000
   26.0369    0.0043    0.0043    0.0043   -0.0000   -0.0000   -0.0000
   26.0722    0.0079    0.0079    0.0079   -0.0000   -0.0000   -0.0000
   26.1074    0.0115    0.0115    0.0115   -0.0000   -0.0000   -0.0000
   26.1426    0.0150    0.0150    0.0150   -0.0000   -0.0000   -0.0000
   26.1779    0.0185    0.0185    0.0185   -0.0000   -0.0000   -0.0000
   26.2131    0.0220    0.0220    0.0220   -0.0000   -0.0000   -0.0000
   26.2483    0.0254    0.0254    0.0254   -0.0000   -0.0000   -0.0000
   26.2836    0.0288    0.0288    0.0288   -0.0000   -0.0000   -0.0000
   26.3188    0.0322    0.0322    0.0322   -0.0000   -0.0000   -0.0000
   26.3540    0.0356    0.0356    0.0356   -0.0000   -0.0000   -0.0000
   26.3893    0.0390    0.0390    0.0390   -0.0000   -0.0000   -0.0000
   26.4245    0.0423    0.0423    0.0423   -0.0000   -0.0000   -0.0000
   26.4597    0.0456    0.0456    0.0456   -0.0000   -0.0000   -0.0000
   26.4950    0.0489    0.0489    0.0489   -0.0000   -0.0000   -0.0000
   26.5302    0.0522    0.0522    0.0522   -0.0000   -0.0000   -0.0000
   26.5654    0.0555    0.0555    0.0555   -0.0000   -0.0000   -0.0000
   26.6007    0.0587    0.0587    0.0587   -0.0000   -0.0000   -0.0000
   26.6359    0.0619    0.0619    0.0619   -0.0000   -0.0000   -0.0000
   26.6711    0.0651    0.0651    0.0651   -0.0000   -0.0000   -0.0000
   26.7064    0.0683    0.0683    0.0683   -0.0000   -0.0000   -0.0000
   26.7416    0.0715    0.0715    0.0715   -0.0000   -0.0000   -0.0000
   26.7768    0.0746    0.0746    0.0746   -0.0000   -0.0000   -0.0000
   26.8121    0.0777    0.0777    0.0777   -0.0000   -0.0000   -0.0000
   26.8473    0.0808    0.0808    0.0808   -0.0000   -0.0000   -0.0000
   26.8825    0.0839    0.0839    0.0839   -0.0000   -0.0000   -0.0000
   26.9178    0.0870    0.0870    0.0870   -0.0000   -0.0000   -0.0000
   26.9530    0.0900    0.0900    0.0900   -0.0000   -0.0000   -0.0000
   26.9882    0.0930    0.0930    0.0930   -0.0000   -0.0000   -0.0000
   27.0235    0.0960    0.0960    0.0960   -0.0000   -0.0000   -0.0000
   27.0587    0.0990    0.0990    0.0990   -0.0000   -0.0000   -0.0000
   27.0939    0.1020    0.1020    0.1020   -0.0000   -0.0000   -0.0000
   27.1291    0.1050    0.1050    0.1050   -0.0000   -0.0000   -0.0000
   27.1644    0.1079    0.1079    0.1079   -0.0000   -0.0000   -0.0000
   27.1996    0.1108    0.1108    0.1108   -0.0000   -0.0000   -0.0000
   27.2348    0.1137    0.1137    0.1137   -0.0000   -0.0000   -0.0000
   27.2701    0.1166    0.1166    0.1166   -0.0000   -0.0000   -0.0000
   27.3053    0.1195    0.1195    0.1195   -0.0000   -0.0000   -0.0000
   27.3405    0.1224    0.1224    0.1224   -0.0000   -0.0000   -0.0000
   27.3758    0.1252    0.1252    0.1252   -0.0000   -0.0000   -0.0000
   27.4110    0.1280    0.1280    0.1280   -0.0000   -0.0000   -0.0000
   27.4462    0.1308    0.1308    0.1308   -0.0000   -0.0000   -0.0000
   27.4815    0.1336    0.1336    0.1336   -0.0000   -0.0000   -0.0000
   27.5167    0.1364    0.1364    0.1364   -0.0000   -0.0000   -0.0000
   27.5519    0.1392    0.1392    0.1392   -0.0000   -0.0000   -0.0000
   27.5872    0.1419    0.1419    0.1419   -0.0000   -0.0000   -0.0000
   27.6224    0.1447    0.1447    0.1447   -0.0000   -0.0000   -0.0000
   27.6576    0.1474    0.1474    0.1474   -0.0000   -0.0000   -0.0000
   27.6929    0.1501    0.1501    0.1501   -0.0000   -0.0000   -0.0000
   27.7281    0.1528    0.1528    0.1528   -0.0000   -0.0000   -0.0000
   27.7633    0.1554    0.1554    0.1554   -0.0000   -0.0000   -0.0000
   27.7986    0.1581    0.1581    0.1581   -0.0000   -0.0000   -0.0000
   27.8338    0.1607    0.1607    0.1607   -0.0000   -0.0000   -0.0000
   27.8690    0.1634    0.1634    0.1634   -0.0000   -0.0000   -0.0000
   27.9043    0.1660    0.1660    0.1660   -0.0000   -0.0000   -0.0000
   27.9395    0.1686    0.1686    0.1686   -0.0000   -0.0000   -0.0000
   27.9747    0.1712    0.1712    0.1712   -0.0000   -0.0000   -0.0000
   28.0100    0.1738    0.1738    0.1738   -0.0000   -0.0000   -0.0000
   28.0452    0.1763    0.1763    0.1763   -0.0000   -0.0000   -0.0000
   28.0804    0.1789    0.1789    0.1789   -0.0000   -0.0000   -0.0000
   28.1157    0.1814    0.1814    0.1814   -0.0000   -0.0000   -0.0000
   28.1509    0.1839    0.1839    0.1839   -0.0000   -0.0000   -0.0000
   28.1861    0.1864    0.1864    0.1864   -0.0000   -0.0000   -0.0000
   28.2214    0.1889    0.1889    0.1889   -0.0000   -0.0000   -0.0000
   28.2566    0.1914    0.1914    0.1914   -0.0000   -0.0000   -0.0000
   28.2918    0.1939    0.1939    0.1939   -0.0000   -0.0000   -0.0000
   28.3271    0.1963    0.1963    0.1963   -0.0000   -0.0000   -0.0000
   28.3623    0.1988    0.1988    0.1988   -0.0000   -0.0000   -0.0000
   28.3975    0.2012    0.2012    0.2012   -0.0000   -0.0000   -0.0000
   28.4328    0.2036    0.2036    0.2036   -0.0000   -0.0000   -0.0000
   28.4680    0.2061    0.2061    0.2061   -0.0000   -0.0000   -0.0000
   28.5032    0.2084    0.2084    0.2084   -0.0000   -0.0000   -0.0000
   28.5385    0.2108    0.2108    0.2108   -0.0000   -0.0000   -0.0000
   28.5737    0.2132    0.2132    0.2132   -0.0000   -0.0000   -0.0000
   28.6089    0.2156    0.2156    0.2156   -0.0000   -0.0000   -0.0000
   28.6442    0.2179    0.2179    0.2179   -0.0000   -0.0000   -0.0000
   28.6794    0.2202    0.2202    0.2202   -0.0000   -0.0000   -0.0000
   28.7146    0.2226    0.2226    0.2226   -0.0000   -0.0000   -0.0000
   28.7499    0.2249    0.2249    0.2249   -0.0000   -0.0000   -0.0000
   28.7851    0.2272    0.2272    0.2272   -0.0000   -0.0000   -0.0000
   28.8203    0.2295    0.2295    0.2295   -0.0000   -0.0000   -0.0000
   28.8555    0.2317    0.2317    0.2317   -0.0000   -0.0000   -0.0000
   28.8908    0.2340    0.2340    0.2340   -0.0000   -0.0000   -0.0000
   28.9260    0.2363    0.2363    0.2363   -0.0000   -0.0000   -0.0000
   28.9612    0.2385    0.2385    0.2385   -0.0000   -0.0000   -0.0000
   28.9965    0.2407    0.2407    0.2407   -0.0000   -0.0000   -0.0000
   29.0317    0.2430    0.2430    0.2430   -0.0000   -0.0000   -0.0000
   29.0669    0.2452    0.2452    0.2452   -0.0000   -0.0000   -0.0000
   29.1022    0.2474    0.2474    0.2474   -0.0000   -0.0000   -0.0000
   29.1374    0.2496    0.2496    0.2496   -0.0000   -0.0000   -0.0000
   29.1726    0.2517    0.2517    0.2517   -0.0000   -0.0000   -0.0000
   29.2079    0.2539    0.2539    0.2539   -0.0000   -0.0000   -0.0000
   29.2431    0.2561    0.2561    0.2561   -0.0000   -0.0000   -0.0000
   29.2783    0.2582    0.2582    0.2582   -0.0000   -0.0000   -0.0000
   29.3136    0.2604    0.2604    0.2604   -0.0000   -0.0000   -0.0000
   29.3488    0.2625    0.2625    0.2625   -0.0000   -0.0000   -0.0000
   29.3840    0.2646    0.2646    0.2646   -0.0000   -0.0000   -0.0000
   29.4193    0.2667    0.2667    0.2667   -0.0000   -0.0000   -0.0000
   29.4545    0.2688    0.2688    0.2688   -0.0000   -0.0000   -0.0000
   29.4897    0.2709    0.2709    0.2709   -0.0000   -0.0000   -0.0000
   29.5250    0.2730    0.2730    0.2730   -0.0000   -0.0000   -0.0000
   29.5602    0.2750    0.2750    0.2750   -0.0000   -0.0000   -0.0000
   29.5954    0.2771    0.2771    0.2771   -0.0000   -0.0000   -0.0000
   29.6307    0.2791    0.2791    0.2791   -0.0000   -0.0000   -0.0000
   29.6659    0.2812    0.2812    0.2812   -0.0000   -0.0000   -0.0000
   29.7011    0.2832    0.2832    0.2832   -0.0000   -0.0000   -0.0000
   29.7364    0.2852    0.2852    0.2852   -0.0000   -0.0000   -0.0000
   29.7716    0.2872    0.2872    0.2872   -0.0000   -0.0000   -0.0000
   29.8068    0.2892    0.2892    0.2892   -0.0000   -0.0000   -0.0000
   29.8421    0.2912    0.2912    0.2912   -0.0000   -0.0000   -0.0000
   29.8773    0.2932    0.2932    0.2932   -0.0000   -0.0000   -0.0000
   29.9125    0.2952    0.2952    0.2952   -0.0000   -0.0000   -0.0000
   29.9478    0.2972    0.2972    0.2972   -0.0000   -0.0000   -0.0000
   29.9830    0.2991    0.2991    0.2991   -0.0000   -0.0000   -0.0000
   30.0182    0.3011    0.3011    0.3011   -0.0000   -0.0000   -0.0000
   30.0535    0.3030    0.3030    0.3030   -0.0000   -0.0000   -0.0000
   30.0887    0.3049    0.3049    0.3049   -0.0000   -0.0000   -0.0000
   30.1239    0.3068    0.3068    0.3068   -0.0000   -0.0000   -0.0000
   30.1592    0.3088    0.3088    0.3088   -0.0000   -0.0000   -0.0000
   30.1944    0.3107    0.3107    0.3107   -0.0000   -0.0000   -0.0000
   30.2296    0.3126    0.3126    0.3126   -0.0000   -0.0000   -0.0000
   30.2649    0.3144    0.3144    0.3144   -0.0000   -0.0000   -0.0000
   30.3001    0.3163    0.3163    0.3163   -0.0000   -0.0000   -0.0000
   30.3353    0.3182    0.3182    0.3182   -0.0000   -0.0000   -0.0000
   30.3706    0.3200    0.3200    0.3200   -0.0000   -0.0000   -0.0000
   30.4058    0.3219    0.3219    0.3219   -0.0000   -0.0000   -0.0000
   30.4410    0.3237    0.3237    0.3237   -0.0000   -0.0000   -0.0000
   30.4763    0.3256    0.3256    0.3256   -0.0000   -0.0000   -0.0000
   30.5115    0.3274    0.3274    0.3274   -0.0000   -0.0000   -0.0000
   30.5467    0.3292    0.3292    0.3292   -0.0000   -0.0000   -0.0000
   30.5819    0.3310    0.3310    0.3310   -0.0000   -0.0000   -0.0000
   30.6172    0.3328    0.3328    0.3328   -0.0000   -0.0000   -0.0000
   30.6524    0.3346    0.3346    0.3346   -0.0000   -0.0000   -0.0000
   30.6876    0.3364    0.3364    0.3364   -0.0000   -0.0000   -0.0000
   30.7229    0.3382    0.3382    0.3382   -0.0000   -0.0000   -0.0000
   30.7581    0.3400    0.3400    0.3400   -0.0000   -0.0000   -0.0000
   30.7933    0.3417    0.3417    0.3417   -0.0000   -0.0000   -0.0000
   30.8286    0.3435    0.3435    0.3435   -0.0000   -0.0000   -0.0000
   30.8638    0.3452    0.3452    0.3452   -0.0000   -0.0000   -0.0000
   30.8990    0.3470    0.3470    0.3470   -0.0000   -0.0000   -0.0000
   30.9343    0.3487    0.3487    0.3487   -0.0000   -0.0000   -0.0000
   30.9695    0.3504    0.3504    0.3504   -0.0000   -0.0000   -0.0000
   31.0047    0.3522    0.3522    0.3522   -0.0000   -0.0000   -0.0000
   31.0400    0.3539    0.3539    0.3539   -0.0000   -0.0000   -0.0000
   31.0752    0.3556    0.3556    0.3556   -0.0000   -0.0000   -0.0000
   31.1104    0.3573    0.3573    0.3573   -0.0000   -0.0000   -0.0000
   31.1457    0.3590    0.3590    0.3590   -0.0000   -0.0000   -0.0000
   31.1809    0.3607    0.3607    0.3607   -0.0000   -0.0000   -0.0000
   31.2161    0.3623    0.3623    0.3623   -0.0000   -0.0000   -0.0000
   31.2514    0.3640    0.3640    0.3640   -0.0000   -0.0000   -0.0000
   31.2866    0.3657    0.3657    0.3657   -0.0000   -0.0000   -0.0000
   31.3218    0.3673    0.3673    0.3673   -0.0000   -0.0000   -0.0000
   31.3571    0.3690    0.3690    0.3690   -0.0000   -0.0000   -0.0000
   31.3923    0.3706    0.3706    0.3706   -0.0000   -0.0000   -0.0000
   31.4275    0.3722    0.3722    0.3722   -0.0000   -0.0000   -0.0000
   31.4628    0.3739    0.3739    0.3739   -0.0000   -0.0000   -0.0000
   31.4980    0.3755    0.3755    0.3755   -0.0000   -0.0000   -0.0000
   31.5332    0.3771    0.3771    0.3771   -0.0000   -0.0000   -0.0000
   31.5685    0.3787    0.3787    0.3787   -0.0000   -0.0000   -0.0000
   31.6037    0.3803    0.3803    0.3803   -0.0000   -0.0000   -0.0000
   31.6389    0.3819    0.3819    0.3819   -0.0000   -0.0000   -0.0000
   31.6742    0.3835    0.3835    0.3835   -0.0000   -0.0000   -0.0000
   31.7094    0.3851    0.3851    0.3851   -0.0000   -0.0000   -0.0000
   31.7446    0.3866    0.3866    0.3866   -0.0000   -0.0000   -0.0000
   31.7799    0.3882    0.3882    0.3882   -0.0000   -0.0000   -0.0000
   31.8151    0.3898    0.3898    0.3898   -0.0000   -0.0000   -0.0000
   31.8503    0.3913    0.3913    0.3913   -0.0000   -0.0000   -0.0000
   31.8856    0.3929    0.3929    0.3929   -0.0000   -0.0000   -0.0000
   31.9208    0.3944    0.3944    0.3944   -0.0000   -0.0000   -0.0000
   31.9560    0.3959    0.3959    0.3959   -0.0000   -0.0000   -0.0000
   31.9913    0.3975    0.3975    0.3975   -0.0000   -0.0000   -0.0000
   32.0265    0.3990    0.3990    0.3990   -0.0000   -0.0000   -0.0000
   32.0617    0.4005    0.4005    0.4005   -0.0000   -0.0000   -0.0000
   32.0970    0.4020    0.4020    0.4020   -0.0000   -0.0000   -0.0000
   32.1322    0.4035    0.4035    0.4035   -0.0000   -0.0000   -0.0000
   32.1674    0.4050    0.4050    0.4050   -0.0000   -0.0000   -0.0000
   32.2027    0.4065    0.4065    0.4065   -0.0000   -0.0000   -0.0000
   32.2379    0.4080    0.4080    0.4080   -0.0000   -0.0000   -0.0000
   32.2731    0.4095    0.4095    0.4095   -0.0000   -0.0000   -0.0000
   32.3083    0.4109    0.4109    0.4109   -0.0000   -0.0000   -0.0000
   32.3436    0.4124    0.4124    0.4124   -0.0000   -0.0000   -0.0000
   32.3788    0.4139    0.4139    0.4139   -0.0000   -0.0000   -0.0000
   32.4140    0.4153    0.4153    0.4153   -0.0000   -0.0000   -0.0000
   32.4493    0.4168    0.4168    0.4168   -0.0000   -0.0000   -0.0000
   32.4845    0.4182    0.4182    0.4182   -0.0000   -0.0000   -0.0000
   32.5197    0.4197    0.4197    0.4197   -0.0000   -0.0000   -0.0000
   32.5550    0.4211    0.4211    0.4211   -0.0000   -0.0000   -0.0000
   32.5902    0.4225    0.4225    0.4225   -0.0000   -0.0000   -0.0000
   32.6254    0.4240    0.4240    0.4240   -0.0000   -0.0000   -0.0000
   32.6607    0.4254    0.4254    0.4254   -0.0000   -0.0000   -0.0000
   32.6959    0.4268    0.4268    0.4268   -0.0000   -0.0000   -0.0000
   32.7311    0.4282    0.4282    0.4282   -0.0000   -0.0000   -0.0000
   32.7664    0.4296    0.4296    0.4296   -0.0000   -0.0000   -0.0000
   32.8016    0.4310    0.4310    0.4310   -0.0000   -0.0000   -0.0000
   32.8368    0.4324    0.4324    0.4324   -0.0000   -0.0000   -0.0000
   32.8721    0.4338    0.4338    0.4338   -0.0000   -0.0000   -0.0000
   32.9073    0.4351    0.4351    0.4351   -0.0000   -0.0000   -0.0000
   32.9425    0.4365    0.4365    0.4365   -0.0000   -0.0000   -0.0000
   32.9778    0.4379    0.4379    0.4379   -0.0000   -0.0000   -0.0000
   33.0130    0.4392    0.4392    0.4392   -0.0000   -0.0000   -0.0000
   33.0482    0.4406    0.4406    0.4406   -0.0000   -0.0000   -0.0000
   33.0835    0.4419    0.4419    0.4419   -0.0000   -0.0000   -0.0000
   33.1187    0.4433    0.4433    0.4433   -0.0000   -0.0000   -0.0000
   33.1539    0.4446    0.4446    0.4446   -0.0000   -0.0000   -0.0000
   33.1892    0.4460    0.4460    0.4460   -0.0000   -0.0000   -0.0000
   33.2244    0.4473    0.4473    0.4473   -0.0000   -0.0000   -0.0000
   33.2596    0.4486    0.4486    0.4486   -0.0000   -0.0000   -0.0000
   33.2949    0.4499    0.4499    0.4499   -0.0000   -0.0000   -0.0000
   33.3301    0.4513    0.4513    0.4513   -0.0000   -0.0000   -0.0000
   33.3653    0.4526    0.4526    0.4526   -0.0000   -0.0000   -0.0000
   33.4006    0.4539    0.4539    0.4539   -0.0000   -0.0000   -0.0000
   33.4358    0.4552    0.4552    0.4552   -0.0000   -0.0000   -0.0000
   33.4710    0.4565    0.4565    0.4565   -0.0000   -0.0000   -0.0000
   33.5063    0.4578    0.4578    0.4578   -0.0000   -0.0000   -0.0000
   33.5415    0.4590    0.4590    0.4590   -0.0000   -0.0000   -0.0000
   33.5767    0.4603    0.4603    0.4603   -0.0000   -0.0000   -0.0000
   33.6120    0.4616    0.4616    0.4616   -0.0000   -0.0000   -0.0000
   33.6472    0.4629    0.4629    0.4629   -0.0000   -0.0000   -0.0000
   33.6824    0.4641    0.4641    0.4641   -0.0000   -0.0000   -0.0000
   33.7177    0.4654    0.4654    0.4654   -0.0000   -0.0000   -0.0000
   33.7529    0.4667    0.4667    0.4667   -0.0000   -0.0000   -0.0000
   33.7881    0.4679    0.4679    0.4679   -0.0000   -0.0000   -0.0000
   33.8234    0.4692    0.4692    0.4692   -0.0000   -0.0000   -0.0000
   33.8586    0.4704    0.4704    0.4704   -0.0000   -0.0000   -0.0000
   33.8938    0.4716    0.4716    0.4716   -0.0000   -0.0000   -0.0000
   33.9291    0.4729    0.4729    0.4729   -0.0000   -0.0000   -0.0000
   33.9643    0.4741    0.4741    0.4741   -0.0000   -0.0000   -0.0000
   33.9995    0.4753    0.4753    0.4753   -0.0000   -0.0000   -0.0000
   34.0347    0.4766    0.4766    0.4766   -0.0000   -0.0000   -0.0000
   34.0700    0.4778    0.4778    0.4778   -0.0000   -0.0000   -0.0000
   34.1052    0.4790    0.4790    0.4790   -0.0000   -0.0000   -0.0000
   34.1404    0.4802    0.4802    0.4802   -0.0000   -0.0000   -0.0000
   34.1757    0.4814    0.4814    0.4814   -0.0000   -0.0000   -0.0000
   34.2109    0.4826    0.4826    0.4826   -0.0000   -0.0000   -0.0000
   34.2461    0.4838    0.4838    0.4838   -0.0000   -0.0000   -0.0000
   34.2814    0.4850    0.4850    0.4850   -0.0000   -0.0000   -0.0000
   34.3166    0.4862    0.4862    0.4862   -0.0000   -0.0000   -0.0000
   34.3518    0.4873    0.4873    0.4873   -0.0000   -0.0000   -0.0000
   34.3871    0.4885    0.4885    0.4885   -0.0000   -0.0000   -0.0000
   34.4223    0.4897    0.4897    0.4897   -0.0000   -0.0000   -0.0000
   34.4575    0.4909    0.4909    0.4909   -0.0000   -0.0000   -0.0000
   34.4928    0.4920    0.4920    0.4920   -0.0000   -0.0000   -0.0000
   34.5280    0.4932    0.4932    0.4932   -0.0000   -0.0000   -0.0000
   34.5632    0.4943    0.4943    0.4943   -0.0000   -0.0000   -0.0000
   34.5985    0.4955    0.4955    0.4955   -0.0000   -0.0000   -0.0000
   34.6337    0.4966    0.4966    0.4966   -0.0000   -0.0000   -0.0000
   34.6689    0.4978    0.4978    0.4978   -0.0000   -0.0000   -0.0000
   34.7042    0.4989    0.4989    0.4989   -0.0000   -0.0000   -0.0000
   34.7394    0.5001    0.5001    0.5001   -0.0000   -0.0000   -0.0000
   34.7746    0.5012    0.5012    0.5012   -0.0000   -0.0000   -0.0000
   34.8099    0.5023    0.5023    0.5023   -0.0000   -0.0000   -0.0000
   34.8451    0.5034    0.5034    0.5034   -0.0000   -0.0000   -0.0000
   34.8803    0.5046    0.5046    0.5046   -0.0000   -0.0000   -0.0000
   34.9156    0.5057    0.5057    0.5057   -0.0000   -0.0000   -0.0000
   34.9508    0.5068    0.5068    0.5068   -0.0000   -0.0000   -0.0000
   34.9860    0.5079    0.5079    0.5079   -0.0000   -0.0000   -0.0000
   35.0213    0.5090    0.5090    0.5090   -0.0000   -0.0000   -0.0000
   35.0565    0.5101    0.5101    0.5101   -0.0000   -0.0000   -0.0000
   35.0917    0.5112    0.5112    0.5112   -0.0000   -0.0000   -0.0000
   35.1270    0.5123    0.5123    0.5123   -0.0000   -0.0000   -0.0000
   35.1622    0.5134    0.5134    0.5134   -0.0000   -0.0000   -0.0000
   35.1974    0.5144    0.5144    0.5144   -0.0000   -0.0000   -0.0000
