  #energy          xx             yy              zz              xy              yz              zx
  0.00000000E+00  0.59147750E+00  0.59147750E+00  0.59147750E+00  0.76665363E+00  0.76665363E+00  0.76665363E+00
  0.35200000E-01  0.59194554E+00  0.59194554E+00  0.59194554E+00  0.76664056E+00  0.76664056E+00  0.76664056E+00
  0.70500000E-01  0.59328457E+00  0.59328457E+00  0.59328457E+00  0.76423502E+00  0.76423502E+00  0.76423502E+00
  0.10570000E+00  0.59530709E+00  0.59530709E+00  0.59530709E+00  0.76177225E+00  0.76177225E+00  0.76177225E+00
  0.14090000E+00  0.59772446E+00  0.59772446E+00  0.59772446E+00  0.75908876E+00  0.75908876E+00  0.75908876E+00
  0.17620000E+00  0.60018363E+00  0.60018363E+00  0.60018363E+00  0.75843781E+00  0.75843781E+00  0.75843781E+00
  0.21140000E+00  0.60231280E+00  0.60231280E+00  0.60231280E+00  0.75693719E+00  0.75693719E+00  0.75693719E+00
  0.24660000E+00  0.60376699E+00  0.60376699E+00  0.60376699E+00  0.75748907E+00  0.75748907E+00  0.75748907E+00
  0.28190000E+00  0.60426982E+00  0.60426982E+00  0.60426982E+00  0.75922850E+00  0.75922850E+00  0.75922850E+00
  0.31710000E+00  0.60365728E+00  0.60365728E+00  0.60365728E+00  0.76305421E+00  0.76305421E+00  0.76305421E+00
  0.35230000E+00  0.60193000E+00  0.60193000E+00  0.60193000E+00  0.76920957E+00  0.76920957E+00  0.76920957E+00
  0.38760000E+00  0.59932427E+00  0.59932427E+00  0.59932427E+00  0.77888076E+00  0.77888076E+00  0.77888076E+00
  0.42280000E+00  0.59637626E+00  0.59637626E+00  0.59637626E+00  0.78749786E+00  0.78749786E+00  0.78749786E+00
  0.45800000E+00  0.59390349E+00  0.59390349E+00  0.59390349E+00  0.79745174E+00  0.79745174E+00  0.79745174E+00
  0.49330000E+00  0.59281184E+00  0.59281184E+00  0.59281184E+00  0.80319621E+00  0.80319621E+00  0.80319621E+00
  0.52850000E+00  0.59373423E+00  0.59373423E+00  0.59373423E+00  0.80675343E+00  0.80675343E+00  0.80675343E+00
  0.56370000E+00  0.59672337E+00  0.59672337E+00  0.59672337E+00  0.80797867E+00  0.80797867E+00  0.80797867E+00
  0.59900000E+00  0.60124726E+00  0.60124726E+00  0.60124726E+00  0.80438576E+00  0.80438576E+00  0.80438576E+00
  0.63420000E+00  0.60646210E+00  0.60646210E+00  0.60646210E+00  0.80200374E+00  0.80200374E+00  0.80200374E+00
  0.66940000E+00  0.61150975E+00  0.61150975E+00  0.61150975E+00  0.80060379E+00  0.80060379E+00  0.80060379E+00
  0.70470000E+00  0.61566217E+00  0.61566217E+00  0.61566217E+00  0.80190043E+00  0.80190043E+00  0.80190043E+00
  0.73990000E+00  0.61831727E+00  0.61831727E+00  0.61831727E+00  0.80787430E+00  0.80787430E+00  0.80787430E+00
  0.77510000E+00  0.61892448E+00  0.61892448E+00  0.61892448E+00  0.81606852E+00  0.81606852E+00  0.81606852E+00
  0.81040000E+00  0.61689502E+00  0.61689502E+00  0.61689502E+00  0.82912514E+00  0.82912514E+00  0.82912514E+00
  0.84560000E+00  0.61153253E+00  0.61153253E+00  0.61153253E+00  0.84552949E+00  0.84552949E+00  0.84552949E+00
  0.88080000E+00  0.60202611E+00  0.60202611E+00  0.60202611E+00  0.86271465E+00  0.86271465E+00  0.86271465E+00
  0.91600000E+00  0.58760187E+00  0.58760187E+00  0.58760187E+00  0.88225052E+00  0.88225052E+00  0.88225052E+00
  0.95130000E+00  0.56801394E+00  0.56801394E+00  0.56801394E+00  0.90048772E+00  0.90048772E+00  0.90048772E+00
  0.98650000E+00  0.54453287E+00  0.54453287E+00  0.54453287E+00  0.91448551E+00  0.91448551E+00  0.91448551E+00
  0.10217000E+01  0.52094003E+00  0.52094003E+00  0.52094003E+00  0.92896621E+00  0.92896621E+00  0.92896621E+00
  0.10570000E+01  0.50270698E+00  0.50270698E+00  0.50270698E+00  0.93291536E+00  0.93291536E+00  0.93291536E+00
  0.10922000E+01  0.49354604E+00  0.49354604E+00  0.49354604E+00  0.92133036E+00  0.92133036E+00  0.92133036E+00
  0.11274000E+01  0.49301679E+00  0.49301679E+00  0.49301679E+00  0.90670297E+00  0.90670297E+00  0.90670297E+00
  0.11627000E+01  0.49809968E+00  0.49809968E+00  0.49809968E+00  0.88898812E+00  0.88898812E+00  0.88898812E+00
  0.11979000E+01  0.50579978E+00  0.50579978E+00  0.50579978E+00  0.88049488E+00  0.88049488E+00  0.88049488E+00
  0.12331000E+01  0.51417311E+00  0.51417311E+00  0.51417311E+00  0.87555796E+00  0.87555796E+00  0.87555796E+00
  0.12684000E+01  0.52218579E+00  0.52218579E+00  0.52218579E+00  0.87584375E+00  0.87584375E+00  0.87584375E+00
  0.13036000E+01  0.52933613E+00  0.52933613E+00  0.52933613E+00  0.88596876E+00  0.88596876E+00  0.88596876E+00
  0.13388000E+01  0.53538758E+00  0.53538758E+00  0.53538758E+00  0.89591723E+00  0.89591723E+00  0.89591723E+00
  0.13741000E+01  0.54022953E+00  0.54022953E+00  0.54022953E+00  0.90669500E+00  0.90669500E+00  0.90669500E+00
  0.14093000E+01  0.54382037E+00  0.54382037E+00  0.54382037E+00  0.91769056E+00  0.91769056E+00  0.91769056E+00
  0.14445000E+01  0.54615857E+00  0.54615857E+00  0.54615857E+00  0.92896621E+00  0.92896621E+00  0.92896621E+00
  0.14798000E+01  0.54726957E+00  0.54726957E+00  0.54726957E+00  0.93521798E+00  0.93521798E+00  0.93521798E+00
  0.15150000E+01  0.54719191E+00  0.54719191E+00  0.54719191E+00  0.93993124E+00  0.93993124E+00  0.93993124E+00
  0.15502000E+01  0.54596213E+00  0.54596213E+00  0.54596213E+00  0.93755266E+00  0.93755266E+00  0.93755266E+00
  0.15855000E+01  0.54360111E+00  0.54360111E+00  0.54360111E+00  0.93496268E+00  0.93496268E+00  0.93496268E+00
  0.16207000E+01  0.54011778E+00  0.54011778E+00  0.54011778E+00  0.92753909E+00  0.92753909E+00  0.92753909E+00
  0.16559000E+01  0.53552311E+00  0.53552311E+00  0.53552311E+00  0.93032809E+00  0.93032809E+00  0.93032809E+00
  0.16912000E+01  0.52987688E+00  0.52987688E+00  0.52987688E+00  0.92592545E+00  0.92592545E+00  0.92592545E+00
  0.17264000E+01  0.52336147E+00  0.52336147E+00  0.52336147E+00  0.92849805E+00  0.92849805E+00  0.92849805E+00
  0.17616000E+01  0.51636651E+00  0.51636651E+00  0.51636651E+00  0.93313455E+00  0.93313455E+00  0.93313455E+00
  0.17969000E+01  0.50954509E+00  0.50954509E+00  0.50954509E+00  0.93958190E+00  0.93958190E+00  0.93958190E+00
  0.18321000E+01  0.50376879E+00  0.50376879E+00  0.50376879E+00  0.95062523E+00  0.95062523E+00  0.95062523E+00
  0.18673000E+01  0.49991167E+00  0.49991167E+00  0.49991167E+00  0.96693887E+00  0.96693887E+00  0.96693887E+00
  0.19026000E+01  0.49853410E+00  0.49853410E+00  0.49853410E+00  0.97749696E+00  0.97749696E+00  0.97749696E+00
  0.19378000E+01  0.49965229E+00  0.49965229E+00  0.49965229E+00  0.99370951E+00  0.99370951E+00  0.99370951E+00
  0.19730000E+01  0.50274680E+00  0.50274680E+00  0.50274680E+00  0.10000000E+01  0.10000000E+01  0.10000000E+01
  0.20083000E+01  0.50698455E+00  0.50698455E+00  0.50698455E+00  0.99114361E+00  0.99114361E+00  0.99114361E+00
  0.20435000E+01  0.51148585E+00  0.51148585E+00  0.51148585E+00  0.98635438E+00  0.98635438E+00  0.98635438E+00
  0.20787000E+01  0.51550100E+00  0.51550100E+00  0.51550100E+00  0.95700351E+00  0.95700351E+00  0.95700351E+00
  0.21140000E+01  0.51850136E+00  0.51850136E+00  0.51850136E+00  0.92311389E+00  0.92311389E+00  0.92311389E+00
  0.21492000E+01  0.52021589E+00  0.52021589E+00  0.52021589E+00  0.91196795E+00  0.91196795E+00  0.91196795E+00
  0.21844000E+01  0.52065272E+00  0.52065272E+00  0.52065272E+00  0.91028686E+00  0.91028686E+00  0.91028686E+00
  0.22197000E+01  0.52011258E+00  0.52011258E+00  0.52011258E+00  0.91033602E+00  0.91033602E+00  0.91033602E+00
  0.22549000E+01  0.51915365E+00  0.51915365E+00  0.51915365E+00  0.91614630E+00  0.91614630E+00  0.91614630E+00
  0.22901000E+01  0.51845133E+00  0.51845133E+00  0.51845133E+00  0.92428039E+00  0.92428039E+00  0.92428039E+00
  0.23254000E+01  0.51857771E+00  0.51857771E+00  0.51857771E+00  0.93958190E+00  0.93958190E+00  0.93958190E+00
  0.23606000E+01  0.51977914E+00  0.51977914E+00  0.51977914E+00  0.95225142E+00  0.95225142E+00  0.95225142E+00
  0.23958000E+01  0.52189936E+00  0.52189936E+00  0.52189936E+00  0.96809434E+00  0.96809434E+00  0.96809434E+00
  0.24311000E+01  0.52446260E+00  0.52446260E+00  0.52446260E+00  0.98362448E+00  0.98362448E+00  0.98362448E+00
  0.24663000E+01  0.52684274E+00  0.52684274E+00  0.52684274E+00  0.99425498E+00  0.99425498E+00  0.99425498E+00
  0.25015000E+01  0.52841915E+00  0.52841915E+00  0.52841915E+00  0.99400068E+00  0.99400068E+00  0.99400068E+00
  0.25368000E+01  0.52868012E+00  0.52868012E+00  0.52868012E+00  0.98684653E+00  0.98684653E+00  0.98684653E+00
  0.25720000E+01  0.52729922E+00  0.52729922E+00  0.52729922E+00  0.98607464E+00  0.98607464E+00  0.98607464E+00
  0.26072000E+01  0.52420679E+00  0.52420679E+00  0.52420679E+00  0.97649295E+00  0.97649295E+00  0.97649295E+00
  0.26424000E+01  0.51966721E+00  0.51966721E+00  0.51966721E+00  0.98260833E+00  0.98260833E+00  0.98260833E+00
  0.26777000E+01  0.51430978E+00  0.51430978E+00  0.51430978E+00  0.98076083E+00  0.98076083E+00  0.98076083E+00
  0.27129000E+01  0.50903664E+00  0.50903664E+00  0.50903664E+00  0.98076083E+00  0.98076083E+00  0.98076083E+00
  0.27481000E+01  0.50475800E+00  0.50475800E+00  0.50475800E+00  0.97823732E+00  0.97823732E+00  0.97823732E+00
  0.27834000E+01  0.50205915E+00  0.50205915E+00  0.50205915E+00  0.97823732E+00  0.97823732E+00  0.97823732E+00
  0.28186000E+01  0.50099321E+00  0.50099321E+00  0.50099321E+00  0.96480428E+00  0.96480428E+00  0.96480428E+00
  0.28538000E+01  0.50112573E+00  0.50112573E+00  0.50112573E+00  0.95926878E+00  0.95926878E+00  0.95926878E+00
  0.28891000E+01  0.50176221E+00  0.50176221E+00  0.50176221E+00  0.95219551E+00  0.95219551E+00  0.95219551E+00
  0.29243000E+01  0.50218946E+00  0.50218946E+00  0.50218946E+00  0.95039234E+00  0.95039234E+00  0.95039234E+00
  0.29595000E+01  0.50184991E+00  0.50184991E+00  0.50184991E+00  0.95700351E+00  0.95700351E+00  0.95700351E+00
  0.29948000E+01  0.50044385E+00  0.50044385E+00  0.50044385E+00  0.94499815E+00  0.94499815E+00  0.94499815E+00
  0.30300000E+01  0.49798599E+00  0.49798599E+00  0.49798599E+00  0.94499815E+00  0.94499815E+00  0.94499815E+00
  0.30652000E+01  0.49481072E+00  0.49481072E+00  0.49481072E+00  0.94344492E+00  0.94344492E+00  0.94344492E+00
  0.31005000E+01  0.49150871E+00  0.49150871E+00  0.49150871E+00  0.94344492E+00  0.94344492E+00  0.94344492E+00
  0.31357000E+01  0.48877640E+00  0.48877640E+00  0.48877640E+00  0.93973873E+00  0.93973873E+00  0.93973873E+00
  0.31709000E+01  0.48720758E+00  0.48720758E+00  0.48720758E+00  0.93973873E+00  0.93973873E+00  0.93973873E+00
  0.32062000E+01  0.48710455E+00  0.48710455E+00  0.48710455E+00  0.93522621E+00  0.93522621E+00  0.93522621E+00
  0.32414000E+01  0.48842684E+00  0.48842684E+00  0.48842684E+00  0.93522621E+00  0.93522621E+00  0.93522621E+00
  0.32766000E+01  0.49086594E+00  0.49086594E+00  0.49086594E+00  0.93799105E+00  0.93799105E+00  0.93799105E+00
  0.33119000E+01  0.49399375E+00  0.49399375E+00  0.49399375E+00  0.93799105E+00  0.93799105E+00  0.93799105E+00
  0.33471000E+01  0.49740947E+00  0.49740947E+00  0.49740947E+00  0.93872284E+00  0.93872284E+00  0.93872284E+00
  0.33823000E+01  0.50083861E+00  0.50083861E+00  0.50083861E+00  0.93872284E+00  0.93872284E+00  0.93872284E+00
  0.34176000E+01  0.50417429E+00  0.50417429E+00  0.50417429E+00  0.94435712E+00  0.94435712E+00  0.94435712E+00
  0.34528000E+01  0.50744700E+00  0.50744700E+00  0.50744700E+00  0.94435712E+00  0.94435712E+00  0.94435712E+00
  0.34880000E+01  0.51075710E+00  0.51075710E+00  0.51075710E+00  0.94930662E+00  0.94930662E+00  0.94930662E+00
  0.35233000E+01  0.51416524E+00  0.51416524E+00  0.51416524E+00  0.95651493E+00  0.95651493E+00  0.95651493E+00
  0.35585000E+01  0.51760483E+00  0.51760483E+00  0.51760483E+00  0.96080353E+00  0.96080353E+00  0.96080353E+00
  0.35937000E+01  0.52083366E+00  0.52083366E+00  0.52083366E+00  0.96897275E+00  0.96897275E+00  0.96897275E+00
  0.36290000E+01  0.52345577E+00  0.52345577E+00  0.52345577E+00  0.96897275E+00  0.96897275E+00  0.96897275E+00
  0.36642000E+01  0.52498858E+00  0.52498858E+00  0.52498858E+00  0.97823732E+00  0.97823732E+00  0.97823732E+00
  0.36994000E+01  0.52495329E+00  0.52495329E+00  0.52495329E+00  0.97823732E+00  0.97823732E+00  0.97823732E+00
  0.37347000E+01  0.52299314E+00  0.52299314E+00  0.52299314E+00  0.98635438E+00  0.98635438E+00  0.98635438E+00
  0.37699000E+01  0.51900323E+00  0.51900323E+00  0.51900323E+00  0.98635438E+00  0.98635438E+00  0.98635438E+00
  0.38051000E+01  0.51326217E+00  0.51326217E+00  0.51326217E+00  0.98196312E+00  0.98196312E+00  0.98196312E+00
  0.38404000E+01  0.50647142E+00  0.50647142E+00  0.50647142E+00  0.97211290E+00  0.97211290E+00  0.97211290E+00
  0.38756000E+01  0.49961699E+00  0.49961699E+00  0.49961699E+00  0.97211290E+00  0.97211290E+00  0.97211290E+00
  0.39108000E+01  0.49364464E+00  0.49364464E+00  0.49364464E+00  0.95700351E+00  0.95700351E+00  0.95700351E+00
  0.39461000E+01  0.48909191E+00  0.48909191E+00  0.48909191E+00  0.95039234E+00  0.95039234E+00  0.95039234E+00
  0.39813000E+01  0.48595494E+00  0.48595494E+00  0.48595494E+00  0.95039234E+00  0.95039234E+00  0.95039234E+00
  0.40165000E+01  0.48381296E+00  0.48381296E+00  0.48381296E+00  0.94393084E+00  0.94393084E+00  0.94393084E+00
  0.40518000E+01  0.48211379E+00  0.48211379E+00  0.48211379E+00  0.94393084E+00  0.94393084E+00  0.94393084E+00
  0.40870000E+01  0.48044518E+00  0.48044518E+00  0.48044518E+00  0.94393084E+00  0.94393084E+00  0.94393084E+00
  0.41222000E+01  0.47868883E+00  0.47868883E+00  0.47868883E+00  0.94393084E+00  0.94393084E+00  0.94393084E+00
  0.41575000E+01  0.47705140E+00  0.47705140E+00  0.47705140E+00  0.93799105E+00  0.93799105E+00  0.93799105E+00
  0.41927000E+01  0.47595659E+00  0.47595659E+00  0.47595659E+00  0.93799105E+00  0.93799105E+00  0.93799105E+00
  0.42279000E+01  0.47583958E+00  0.47583958E+00  0.47583958E+00  0.93253913E+00  0.93253913E+00  0.93253913E+00
  0.42632000E+01  0.47694180E+00  0.47694180E+00  0.47694180E+00  0.93253913E+00  0.93253913E+00  0.93253913E+00
  0.42984000E+01  0.47921149E+00  0.47921149E+00  0.47921149E+00  0.93307642E+00  0.93307642E+00  0.93307642E+00
  0.43336000E+01  0.48232522E+00  0.48232522E+00  0.48232522E+00  0.93307642E+00  0.93307642E+00  0.93307642E+00
  0.43688000E+01  0.48580772E+00  0.48580772E+00  0.48580772E+00  0.93823985E+00  0.93823985E+00  0.93823985E+00
  0.44041000E+01  0.48914488E+00  0.48914488E+00  0.48914488E+00  0.93823985E+00  0.93823985E+00  0.93823985E+00
  0.44393000E+01  0.49187344E+00  0.49187344E+00  0.49187344E+00  0.94289675E+00  0.94289675E+00  0.94289675E+00
  0.44745000E+01  0.49363326E+00  0.49363326E+00  0.49363326E+00  0.94289675E+00  0.94289675E+00  0.94289675E+00
  0.45098000E+01  0.49420912E+00  0.49420912E+00  0.49420912E+00  0.94930662E+00  0.94930662E+00  0.94930662E+00
  0.45450000E+01  0.49357857E+00  0.49357857E+00  0.49357857E+00  0.94930662E+00  0.94930662E+00  0.94930662E+00
  0.45802000E+01  0.49194520E+00  0.49194520E+00  0.49194520E+00  0.94930662E+00  0.94930662E+00  0.94930662E+00
  0.46155000E+01  0.48976549E+00  0.48976549E+00  0.48976549E+00  0.95651493E+00  0.95651493E+00  0.95651493E+00
  0.46507000E+01  0.48769533E+00  0.48769533E+00  0.48769533E+00  0.94435712E+00  0.94435712E+00  0.94435712E+00
  0.46859000E+01  0.48645731E+00  0.48645731E+00  0.48645731E+00  0.94435712E+00  0.94435712E+00  0.94435712E+00
  0.47212000E+01  0.48665713E+00  0.48665713E+00  0.48665713E+00  0.93872284E+00  0.93872284E+00  0.93872284E+00
  0.47564000E+01  0.48862792E+00  0.48862792E+00  0.48862792E+00  0.93307642E+00  0.93307642E+00  0.93307642E+00
  0.47916000E+01  0.49239369E+00  0.49239369E+00  0.49239369E+00  0.92791450E+00  0.92791450E+00  0.92791450E+00
  0.48269000E+01  0.49773304E+00  0.49773304E+00  0.49773304E+00  0.92761363E+00  0.92761363E+00  0.92761363E+00
  0.48621000E+01  0.50429277E+00  0.50429277E+00  0.50429277E+00  0.92288850E+00  0.92288850E+00  0.92288850E+00
  0.48973000E+01  0.51169816E+00  0.51169816E+00  0.51169816E+00  0.92578939E+00  0.92578939E+00  0.92578939E+00
  0.49326000E+01  0.51961759E+00  0.51961759E+00  0.51961759E+00  0.92454084E+00  0.92454084E+00  0.92454084E+00
  0.49678000E+01  0.52779888E+00  0.52779888E+00  0.52779888E+00  0.93032809E+00  0.93032809E+00  0.93032809E+00
  0.50030000E+01  0.53607252E+00  0.53607252E+00  0.53607252E+00  0.93291536E+00  0.93291536E+00  0.93291536E+00
  0.50383000E+01  0.54436239E+00  0.54436239E+00  0.54436239E+00  0.93752927E+00  0.93752927E+00  0.93752927E+00
  0.50735000E+01  0.55266451E+00  0.55266451E+00  0.55266451E+00  0.94596930E+00  0.94596930E+00  0.94596930E+00
  0.51087000E+01  0.56103061E+00  0.56103061E+00  0.56103061E+00  0.95225142E+00  0.95225142E+00  0.95225142E+00
  0.51440000E+01  0.56954023E+00  0.56954023E+00  0.56954023E+00  0.95967000E+00  0.95967000E+00  0.95967000E+00
  0.51792000E+01  0.57825655E+00  0.57825655E+00  0.57825655E+00  0.97009899E+00  0.97009899E+00  0.97009899E+00
  0.52144000E+01  0.58719315E+00  0.58719315E+00  0.58719315E+00  0.97563468E+00  0.97563468E+00  0.97563468E+00
  0.52497000E+01  0.59629420E+00  0.59629420E+00  0.59629420E+00  0.98519954E+00  0.98519954E+00  0.98519954E+00
  0.52849000E+01  0.60542792E+00  0.60542792E+00  0.60542792E+00  0.99502285E+00  0.99502285E+00  0.99502285E+00
  0.53201000E+01  0.61440089E+00  0.61440089E+00  0.61440089E+00  0.99008487E+00  0.99008487E+00  0.99008487E+00
  0.53554000E+01  0.62298599E+00  0.62298599E+00  0.62298599E+00  0.97976086E+00  0.97976086E+00  0.97976086E+00
  0.53906000E+01  0.63094610E+00  0.63094610E+00  0.63094610E+00  0.97405785E+00  0.97405785E+00  0.97405785E+00
  0.54258000E+01  0.63806135E+00  0.63806135E+00  0.63806135E+00  0.96317158E+00  0.96317158E+00  0.96317158E+00
  0.54611000E+01  0.64414731E+00  0.64414731E+00  0.64414731E+00  0.95545670E+00  0.95545670E+00  0.95545670E+00
  0.54963000E+01  0.64907877E+00  0.64907877E+00  0.64907877E+00  0.95191562E+00  0.95191562E+00  0.95191562E+00
  0.55315000E+01  0.65278890E+00  0.65278890E+00  0.65278890E+00  0.94985998E+00  0.94985998E+00  0.94985998E+00
  0.55668000E+01  0.65528556E+00  0.65528556E+00  0.65528556E+00  0.94504089E+00  0.94504089E+00  0.94504089E+00
  0.56020000E+01  0.65664402E+00  0.65664402E+00  0.65664402E+00  0.94221699E+00  0.94221699E+00  0.94221699E+00
  0.56372000E+01  0.65700430E+00  0.65700430E+00  0.65700430E+00  0.94461621E+00  0.94461621E+00  0.94461621E+00
  0.56725000E+01  0.65656434E+00  0.65656434E+00  0.65656434E+00  0.94106850E+00  0.94106850E+00  0.94106850E+00
  0.57077000E+01  0.65558228E+00  0.65558228E+00  0.65558228E+00  0.94289675E+00  0.94289675E+00  0.94289675E+00
  0.57429000E+01  0.65436130E+00  0.65436130E+00  0.65436130E+00  0.94930662E+00  0.94930662E+00  0.94930662E+00
  0.57782000E+01  0.65325848E+00  0.65325848E+00  0.65325848E+00  0.95651493E+00  0.95651493E+00  0.95651493E+00
  0.58134000E+01  0.65264595E+00  0.65264595E+00  0.65264595E+00  0.95651493E+00  0.95651493E+00  0.95651493E+00
  0.58486000E+01  0.65285711E+00  0.65285711E+00  0.65285711E+00  0.96480428E+00  0.96480428E+00  0.96480428E+00
  0.58839000E+01  0.65412751E+00  0.65412751E+00  0.65412751E+00  0.96897275E+00  0.96897275E+00  0.96897275E+00
  0.59191000E+01  0.65651763E+00  0.65651763E+00  0.65651763E+00  0.97212389E+00  0.97212389E+00  0.97212389E+00
  0.59543000E+01  0.65989033E+00  0.65989033E+00  0.65989033E+00  0.97212389E+00  0.97212389E+00  0.97212389E+00
  0.59896000E+01  0.66393842E+00  0.66393842E+00  0.66393842E+00  0.96426356E+00  0.96426356E+00  0.96426356E+00
  0.60248000E+01  0.66824769E+00  0.66824769E+00  0.66824769E+00  0.96426356E+00  0.96426356E+00  0.96426356E+00
  0.60600000E+01  0.67238735E+00  0.67238735E+00  0.67238735E+00  0.95712118E+00  0.95712118E+00  0.95712118E+00
  0.60953000E+01  0.67600703E+00  0.67600703E+00  0.67600703E+00  0.95354301E+00  0.95354301E+00  0.95354301E+00
  0.61305000E+01  0.67890688E+00  0.67890688E+00  0.67890688E+00  0.95354301E+00  0.95354301E+00  0.95354301E+00
  0.61657000E+01  0.68106207E+00  0.68106207E+00  0.68106207E+00  0.94930662E+00  0.94930662E+00  0.94930662E+00
  0.62009000E+01  0.68257097E+00  0.68257097E+00  0.68257097E+00  0.94930662E+00  0.94930662E+00  0.94930662E+00
  0.62362000E+01  0.68357108E+00  0.68357108E+00  0.68357108E+00  0.94930662E+00  0.94930662E+00  0.94930662E+00
  0.62714000E+01  0.68411569E+00  0.68411569E+00  0.68411569E+00  0.94435712E+00  0.94435712E+00  0.94435712E+00
  0.63066000E+01  0.68410422E+00  0.68410422E+00  0.68410422E+00  0.94435712E+00  0.94435712E+00  0.94435712E+00
  0.63419000E+01  0.68329647E+00  0.68329647E+00  0.68329647E+00  0.93872284E+00  0.93872284E+00  0.93872284E+00
  0.63771000E+01  0.68139805E+00  0.68139805E+00  0.68139805E+00  0.94500884E+00  0.94500884E+00  0.94500884E+00
  0.64123000E+01  0.67821954E+00  0.67821954E+00  0.67821954E+00  0.94500884E+00  0.94500884E+00  0.94500884E+00
  0.64476000E+01  0.67381482E+00  0.67381482E+00  0.67381482E+00  0.94393084E+00  0.94393084E+00  0.94393084E+00
  0.64828000E+01  0.66859517E+00  0.66859517E+00  0.66859517E+00  0.94393084E+00  0.94393084E+00  0.94393084E+00
  0.65180000E+01  0.66324589E+00  0.66324589E+00  0.66324589E+00  0.96079200E+00  0.96079200E+00  0.96079200E+00
  0.65533000E+01  0.65856569E+00  0.65856569E+00  0.65856569E+00  0.96079200E+00  0.96079200E+00  0.96079200E+00
  0.65885000E+01  0.65520074E+00  0.65520074E+00  0.65520074E+00  0.98196312E+00  0.98196312E+00  0.98196312E+00
  0.66237000E+01  0.65346391E+00  0.65346391E+00  0.65346391E+00  0.98196312E+00  0.98196312E+00  0.98196312E+00
  0.66590000E+01  0.65328529E+00  0.65328529E+00  0.65328529E+00  0.98635438E+00  0.98635438E+00  0.98635438E+00
  0.66942000E+01  0.65428317E+00  0.65428317E+00  0.65428317E+00  0.97823732E+00  0.97823732E+00  0.97823732E+00
  0.67294000E+01  0.65589874E+00  0.65589874E+00  0.65589874E+00  0.97823732E+00  0.97823732E+00  0.97823732E+00
  0.67647000E+01  0.65750720E+00  0.65750720E+00  0.65750720E+00  0.96897275E+00  0.96897275E+00  0.96897275E+00
  0.67999000E+01  0.65853314E+00  0.65853314E+00  0.65853314E+00  0.96080353E+00  0.96080353E+00  0.96080353E+00
  0.68351000E+01  0.65854837E+00  0.65854837E+00  0.65854837E+00  0.95354301E+00  0.95354301E+00  0.95354301E+00
  0.68704000E+01  0.65735294E+00  0.65735294E+00  0.65735294E+00  0.94289675E+00  0.94289675E+00  0.94289675E+00
  0.69056000E+01  0.65505637E+00  0.65505637E+00  0.65505637E+00  0.93823985E+00  0.93823985E+00  0.93823985E+00
  0.69408000E+01  0.65210220E+00  0.65210220E+00  0.65210220E+00  0.93307642E+00  0.93307642E+00  0.93307642E+00
  0.69761000E+01  0.64916945E+00  0.64916945E+00  0.64916945E+00  0.92749861E+00  0.92749861E+00  0.92749861E+00
  0.70113000E+01  0.64700125E+00  0.64700125E+00  0.64700125E+00  0.92164025E+00  0.92164025E+00  0.92164025E+00
  0.70465000E+01  0.64615523E+00  0.64615523E+00  0.64615523E+00  0.92164025E+00  0.92164025E+00  0.92164025E+00
  0.70818000E+01  0.64685371E+00  0.64685371E+00  0.64685371E+00  0.91938289E+00  0.91938289E+00  0.91938289E+00
  0.71170000E+01  0.64893896E+00  0.64893896E+00  0.64893896E+00  0.92311389E+00  0.92311389E+00  0.92311389E+00
  0.71522000E+01  0.65194803E+00  0.65194803E+00  0.65194803E+00  0.91863969E+00  0.91863969E+00  0.91863969E+00
  0.71875000E+01  0.65525707E+00  0.65525707E+00  0.65525707E+00  0.92096198E+00  0.92096198E+00  0.92096198E+00
  0.72227000E+01  0.65822915E+00  0.65822915E+00  0.65822915E+00  0.92987979E+00  0.92987979E+00  0.92987979E+00
  0.72579000E+01  0.66035694E+00  0.66035694E+00  0.66035694E+00  0.93218934E+00  0.93218934E+00  0.93218934E+00
  0.72932000E+01  0.66131232E+00  0.66131232E+00  0.66131232E+00  0.94344492E+00  0.94344492E+00  0.94344492E+00
  0.73284000E+01  0.66100175E+00  0.66100175E+00  0.66100175E+00  0.94499815E+00  0.94499815E+00  0.94499815E+00
  0.73636000E+01  0.65948873E+00  0.65948873E+00  0.65948873E+00  0.96078816E+00  0.96078816E+00  0.96078816E+00
  0.73989000E+01  0.65692511E+00  0.65692511E+00  0.65692511E+00  0.96078816E+00  0.96078816E+00  0.96078816E+00
  0.74341000E+01  0.65347625E+00  0.65347625E+00  0.65347625E+00  0.96078816E+00  0.96078816E+00  0.96078816E+00
  0.74693000E+01  0.64923437E+00  0.64923437E+00  0.64923437E+00  0.10000000E+01  0.10000000E+01  0.10000000E+01
  0.75046000E+01  0.64430227E+00  0.64430227E+00  0.64430227E+00  0.97211290E+00  0.97211290E+00  0.97211290E+00
  0.75398000E+01  0.63884542E+00  0.63884542E+00  0.63884542E+00  0.97211290E+00  0.97211290E+00  0.97211290E+00
  0.75750000E+01  0.63318853E+00  0.63318853E+00  0.63318853E+00  0.97211290E+00  0.97211290E+00  0.97211290E+00
  0.76103000E+01  0.62780863E+00  0.62780863E+00  0.62780863E+00  0.97211290E+00  0.97211290E+00  0.97211290E+00
  0.76455000E+01  0.62322134E+00  0.62322134E+00  0.62322134E+00  0.97211290E+00  0.97211290E+00  0.97211290E+00
  0.76807000E+01  0.61981750E+00  0.61981750E+00  0.61981750E+00  0.96079200E+00  0.96079200E+00  0.96079200E+00
  0.77160000E+01  0.61764205E+00  0.61764205E+00  0.61764205E+00  0.96079200E+00  0.96079200E+00  0.96079200E+00
  0.77512000E+01  0.61635516E+00  0.61635516E+00  0.61635516E+00  0.96079200E+00  0.96079200E+00  0.96079200E+00
  0.77864000E+01  0.61524284E+00  0.61524284E+00  0.61524284E+00  0.96079200E+00  0.96079200E+00  0.96079200E+00
  0.78217000E+01  0.61342456E+00  0.61342456E+00  0.61342456E+00  0.95039234E+00  0.95039234E+00  0.95039234E+00
  0.78569000E+01  0.61007576E+00  0.61007576E+00  0.61007576E+00  0.95039234E+00  0.95039234E+00  0.95039234E+00
  0.78921000E+01  0.60468676E+00  0.60468676E+00  0.60468676E+00  0.95039234E+00  0.95039234E+00  0.95039234E+00
  0.79273000E+01  0.59727318E+00  0.59727318E+00  0.59727318E+00  0.95700351E+00  0.95700351E+00  0.95700351E+00
  0.79626000E+01  0.58837471E+00  0.58837471E+00  0.58837471E+00  0.95700351E+00  0.95700351E+00  0.95700351E+00
  0.79978000E+01  0.57884296E+00  0.57884296E+00  0.57884296E+00  0.95700351E+00  0.95700351E+00  0.95700351E+00
  0.80330000E+01  0.56945087E+00  0.56945087E+00  0.56945087E+00  0.97211290E+00  0.97211290E+00  0.97211290E+00
  0.80683000E+01  0.56058810E+00  0.56058810E+00  0.56058810E+00  0.97211290E+00  0.97211290E+00  0.97211290E+00
  0.81035000E+01  0.55214423E+00  0.55214423E+00  0.55214423E+00  0.98196312E+00  0.98196312E+00  0.98196312E+00
  0.81387000E+01  0.54364356E+00  0.54364356E+00  0.54364356E+00  0.98196312E+00  0.98196312E+00  0.98196312E+00
  0.81740000E+01  0.53451624E+00  0.53451624E+00  0.53451624E+00  0.96904753E+00  0.96904753E+00  0.96904753E+00
  0.82092000E+01  0.52441630E+00  0.52441630E+00  0.52441630E+00  0.97459049E+00  0.97459049E+00  0.97459049E+00
  0.82444000E+01  0.51344032E+00  0.51344032E+00  0.51344032E+00  0.95926878E+00  0.95926878E+00  0.95926878E+00
  0.82797000E+01  0.50220265E+00  0.50220265E+00  0.50220265E+00  0.95926878E+00  0.95926878E+00  0.95926878E+00
  0.83149000E+01  0.49176333E+00  0.49176333E+00  0.49176333E+00  0.95125355E+00  0.95125355E+00  0.95125355E+00
  0.83501000E+01  0.48327566E+00  0.48327566E+00  0.48327566E+00  0.94500884E+00  0.94500884E+00  0.94500884E+00
  0.83854000E+01  0.47764820E+00  0.47764820E+00  0.47764820E+00  0.93872284E+00  0.93872284E+00  0.93872284E+00
  0.84206000E+01  0.47530136E+00  0.47530136E+00  0.47530136E+00  0.93253913E+00  0.93253913E+00  0.93253913E+00
  0.84558000E+01  0.47611071E+00  0.47611071E+00  0.47611071E+00  0.92601873E+00  0.92601873E+00  0.92601873E+00
  0.84911000E+01  0.47947366E+00  0.47947366E+00  0.47947366E+00  0.92311389E+00  0.92311389E+00  0.92311389E+00
  0.85263000E+01  0.48447805E+00  0.48447805E+00  0.48447805E+00  0.92311389E+00  0.92311389E+00  0.92311389E+00
  0.85615000E+01  0.49008315E+00  0.49008315E+00  0.49008315E+00  0.91863969E+00  0.91863969E+00  0.91863969E+00
  0.85968000E+01  0.49523792E+00  0.49523792E+00  0.49523792E+00  0.92096198E+00  0.92096198E+00  0.92096198E+00
  0.86320000E+01  0.49902189E+00  0.49902189E+00  0.49902189E+00  0.92254087E+00  0.92254087E+00  0.92254087E+00
  0.86672000E+01  0.50078060E+00  0.50078060E+00  0.50078060E+00  0.92254087E+00  0.92254087E+00  0.92254087E+00
  0.87025000E+01  0.50023539E+00  0.50023539E+00  0.50023539E+00  0.93305702E+00  0.93305702E+00  0.93305702E+00
  0.87377000E+01  0.49756715E+00  0.49756715E+00  0.49756715E+00  0.93305702E+00  0.93305702E+00  0.93305702E+00
  0.87729000E+01  0.49336296E+00  0.49336296E+00  0.49336296E+00  0.94499815E+00  0.94499815E+00  0.94499815E+00
  0.88082000E+01  0.48841667E+00  0.48841667E+00  0.48841667E+00  0.94499815E+00  0.94499815E+00  0.94499815E+00
  0.88434000E+01  0.48344048E+00  0.48344048E+00  0.48344048E+00  0.94499815E+00  0.94499815E+00  0.94499815E+00
  0.88786000E+01  0.47887177E+00  0.47887177E+00  0.47887177E+00  0.96078816E+00  0.96078816E+00  0.96078816E+00
  0.89139000E+01  0.47481502E+00  0.47481502E+00  0.47481502E+00  0.95700351E+00  0.95700351E+00  0.95700351E+00
  0.89491000E+01  0.47105220E+00  0.47105220E+00  0.47105220E+00  0.95700351E+00  0.95700351E+00  0.95700351E+00
  0.89843000E+01  0.46725016E+00  0.46725016E+00  0.46725016E+00  0.95700351E+00  0.95700351E+00  0.95700351E+00
  0.90196000E+01  0.46303131E+00  0.46303131E+00  0.46303131E+00  0.95700351E+00  0.95700351E+00  0.95700351E+00
  0.90548000E+01  0.45807515E+00  0.45807515E+00  0.45807515E+00  0.95700351E+00  0.95700351E+00  0.95700351E+00
  0.90900000E+01  0.45216683E+00  0.45216683E+00  0.45216683E+00  0.95700351E+00  0.95700351E+00  0.95700351E+00
  0.91253000E+01  0.44515281E+00  0.44515281E+00  0.44515281E+00  0.95700351E+00  0.95700351E+00  0.95700351E+00
  0.91605000E+01  0.43695705E+00  0.43695705E+00  0.43695705E+00  0.95700351E+00  0.95700351E+00  0.95700351E+00
  0.91957000E+01  0.42752970E+00  0.42752970E+00  0.42752970E+00  0.95700351E+00  0.95700351E+00  0.95700351E+00
  0.92310000E+01  0.41679746E+00  0.41679746E+00  0.41679746E+00  0.95700351E+00  0.95700351E+00  0.95700351E+00
  0.92662000E+01  0.40470835E+00  0.40470835E+00  0.40470835E+00  0.95700351E+00  0.95700351E+00  0.95700351E+00
  0.93014000E+01  0.39122320E+00  0.39122320E+00  0.39122320E+00  0.95700351E+00  0.95700351E+00  0.95700351E+00
  0.93367000E+01  0.37655347E+00  0.37655347E+00  0.37655347E+00  0.95700351E+00  0.95700351E+00  0.95700351E+00
  0.93719000E+01  0.36125485E+00  0.36125485E+00  0.36125485E+00  0.95700351E+00  0.95700351E+00  0.95700351E+00
  0.94071000E+01  0.34643216E+00  0.34643216E+00  0.34643216E+00  0.95700351E+00  0.95700351E+00  0.95700351E+00
  0.94424000E+01  0.33351694E+00  0.33351694E+00  0.33351694E+00  0.95700351E+00  0.95700351E+00  0.95700351E+00
  0.94776000E+01  0.32388200E+00  0.32388200E+00  0.32388200E+00  0.95700351E+00  0.95700351E+00  0.95700351E+00
  0.95128000E+01  0.31835405E+00  0.31835405E+00  0.31835405E+00  0.95700351E+00  0.95700351E+00  0.95700351E+00
  0.95481000E+01  0.31691511E+00  0.31691511E+00  0.31691511E+00  0.95700351E+00  0.95700351E+00  0.95700351E+00
  0.95833000E+01  0.31891942E+00  0.31891942E+00  0.31891942E+00  0.95700351E+00  0.95700351E+00  0.95700351E+00
  0.96185000E+01  0.32332379E+00  0.32332379E+00  0.32332379E+00  0.95700351E+00  0.95700351E+00  0.95700351E+00
  0.96537000E+01  0.32908135E+00  0.32908135E+00  0.32908135E+00  0.95039234E+00  0.95039234E+00  0.95039234E+00
  0.96890000E+01  0.33532781E+00  0.33532781E+00  0.33532781E+00  0.95039234E+00  0.95039234E+00  0.95039234E+00
  0.97242000E+01  0.34145008E+00  0.34145008E+00  0.34145008E+00  0.95039234E+00  0.95039234E+00  0.95039234E+00
  0.97594000E+01  0.34712794E+00  0.34712794E+00  0.34712794E+00  0.94393084E+00  0.94393084E+00  0.94393084E+00
  0.97947000E+01  0.35225238E+00  0.35225238E+00  0.35225238E+00  0.93522621E+00  0.93522621E+00  0.93522621E+00
  0.98299000E+01  0.35681391E+00  0.35681391E+00  0.35681391E+00  0.93522621E+00  0.93522621E+00  0.93522621E+00
  0.98651000E+01  0.36076336E+00  0.36076336E+00  0.36076336E+00  0.92987979E+00  0.92987979E+00  0.92987979E+00
  0.99004000E+01  0.36394826E+00  0.36394826E+00  0.36394826E+00  0.92987979E+00  0.92987979E+00  0.92987979E+00
  0.99356000E+01  0.36605522E+00  0.36605522E+00  0.36605522E+00  0.93218934E+00  0.93218934E+00  0.93218934E+00
  0.99708000E+01  0.36662275E+00  0.36662275E+00  0.36662275E+00  0.93218934E+00  0.93218934E+00  0.93218934E+00
  0.10006100E+02  0.36520413E+00  0.36520413E+00  0.36520413E+00  0.94344492E+00  0.94344492E+00  0.94344492E+00
  0.10041300E+02  0.36149145E+00  0.36149145E+00  0.36149145E+00  0.94344492E+00  0.94344492E+00  0.94344492E+00
  0.10076500E+02  0.35561069E+00  0.35561069E+00  0.35561069E+00  0.94344492E+00  0.94344492E+00  0.94344492E+00
  0.10111800E+02  0.34822485E+00  0.34822485E+00  0.34822485E+00  0.94344492E+00  0.94344492E+00  0.94344492E+00
  0.10147000E+02  0.34059485E+00  0.34059485E+00  0.34059485E+00  0.94344492E+00  0.94344492E+00  0.94344492E+00
  0.10182200E+02  0.33429140E+00  0.33429140E+00  0.33429140E+00  0.93973873E+00  0.93973873E+00  0.93973873E+00
  0.10217500E+02  0.33071866E+00  0.33071866E+00  0.33071866E+00  0.93973873E+00  0.93973873E+00  0.93973873E+00
  0.10252700E+02  0.33071564E+00  0.33071564E+00  0.33071564E+00  0.93973873E+00  0.93973873E+00  0.93973873E+00
  0.10287900E+02  0.33442200E+00  0.33442200E+00  0.33442200E+00  0.92987979E+00  0.92987979E+00  0.92987979E+00
  0.10323200E+02  0.34142111E+00  0.34142111E+00  0.34142111E+00  0.92987979E+00  0.92987979E+00  0.92987979E+00
  0.10358400E+02  0.35095111E+00  0.35095111E+00  0.35095111E+00  0.92096198E+00  0.92096198E+00  0.92096198E+00
  0.10393600E+02  0.36214083E+00  0.36214083E+00  0.36214083E+00  0.92096198E+00  0.92096198E+00  0.92096198E+00
  0.10428900E+02  0.37411900E+00  0.37411900E+00  0.37411900E+00  0.92254087E+00  0.92254087E+00  0.92254087E+00
  0.10464100E+02  0.38602839E+00  0.38602839E+00  0.38602839E+00  0.92254087E+00  0.92254087E+00  0.92254087E+00
  0.10499300E+02  0.39706712E+00  0.39706712E+00  0.39706712E+00  0.92310650E+00  0.92310650E+00  0.92310650E+00
  0.10534600E+02  0.40648101E+00  0.40648101E+00  0.40648101E+00  0.92310650E+00  0.92310650E+00  0.92310650E+00
  0.10569800E+02  0.41358354E+00  0.41358354E+00  0.41358354E+00  0.93218934E+00  0.93218934E+00  0.93218934E+00
