     #Energy           s          py          pz          px         dxy         dyz         dz2         dxz         dx2       tot  
   -19.74703     0.00000     0.00000     0.00000     0.00000     0.00000     0.00000     0.00000     0.00000     0.00000     0.00000
   -19.64903     0.00000     0.00000     0.00000     0.00000     0.00000     0.00000     0.00000     0.00000     0.00000     0.00000
   -19.55203     0.00000     0.00000     0.00000     0.00000     0.00000     0.00000     0.00000     0.00000     0.00000     0.00000
   -19.45403     0.00000     0.00000     0.00000     0.00000     0.00000     0.00000     0.00000     0.00000     0.00000     0.00000
   -19.35603     0.00000     0.00000     0.00000     0.00000     0.00000     0.00000     0.00000     0.00000     0.00000     0.00000
   -19.25903     0.00000     0.00000     0.00000     0.00000     0.00000     0.00000     0.00000     0.00000     0.00000     0.00000
   -19.16103     0.00000     0.00000     0.00000     0.00000     0.00000     0.00000     0.00000     0.00000     0.00000     0.00000
   -19.06303     0.00000     0.00000     0.00000     0.00000     0.00000     0.00000     0.00000     0.00000     0.00000     0.00000
   -18.96603     0.00000     0.00000     0.00000     0.00000     0.00000     0.00000     0.00000     0.00000     0.00000     0.00000
   -18.86803     0.00000     0.00000     0.00000     0.00000     0.00000     0.00000     0.00000     0.00000     0.00000     0.00000
   -18.77003     0.00000     0.00000     0.00000     0.00000     0.00000     0.00000     0.00000     0.00000     0.00000     0.00000
   -18.67303     0.00000     0.00000     0.00000     0.00000     0.00000     0.00000     0.00000     0.00000     0.00000     0.00000
   -18.57503     0.00000     0.00000     0.00000     0.00000     0.00000     0.00000     0.00000     0.00000     0.00000     0.00000
   -18.47803     0.00000     0.00000     0.00000     0.00000     0.00000     0.00000     0.00000     0.00000     0.00000     0.00000
   -18.38003     0.00000     0.00000     0.00000     0.00000     0.00000     0.00000     0.00000     0.00000     0.00000     0.00000
   -18.28203     0.00000     0.00000     0.00000     0.00000     0.00000     0.00000     0.00000     0.00000     0.00000     0.00000
   -18.18503     0.00000     0.00000     0.00000     0.00000     0.00000     0.00000     0.00000     0.00000     0.00000     0.00000
   -18.08703     0.00000     0.00000     0.00000     0.00000     0.00000     0.00000     0.00000     0.00000     0.00000     0.00000
   -17.98903     0.00000     0.00000     0.00000     0.00000     0.00000     0.00000     0.00000     0.00000     0.00000     0.00000
   -17.89203     0.00000     0.00000     0.00000     0.00000     0.00000     0.00000     0.00000     0.00000     0.00000     0.00000
   -17.79403     0.00000     0.00000     0.00000     0.00000     0.00000     0.00000     0.00000     0.00000     0.00000     0.00000
   -17.69603    -0.00235    -0.00000    -0.00000    -0.00000     0.00000     0.00000     0.00000     0.00000     0.00000    -0.00235
   -17.59903    -0.00945    -0.00000    -0.00000    -0.00000     0.00000     0.00000     0.00000     0.00000     0.00000    -0.00945
   -17.50103    -0.02108    -0.00000    -0.00000    -0.00001     0.00000     0.00000     0.00000     0.00000     0.00000    -0.02109
   -17.40403    -0.03724    -0.00001    -0.00000    -0.00001     0.00000     0.00000     0.00000     0.00000     0.00000    -0.03726
   -17.30603    -0.05892    -0.00001    -0.00000    -0.00002     0.00000     0.00000     0.00000     0.00000     0.00000    -0.05896
   -17.20803    -0.08735    -0.00002    -0.00001    -0.00003     0.00000     0.00000     0.00000     0.00000     0.00000    -0.08741
   -17.11103    -0.12522    -0.00002    -0.00001    -0.00005     0.00000     0.00000     0.00000     0.00000     0.00000    -0.12530
   -17.01303    -0.17831    -0.00003    -0.00002    -0.00006     0.00000     0.00000     0.00000     0.00000     0.00000    -0.17843
   -16.91503    -0.26096    -0.00004    -0.00004    -0.00008     0.00000     0.00000     0.00000     0.00000     0.00000    -0.26112
   -16.81803    -0.41137    -0.00006    -0.00005    -0.00009     0.00000     0.00000     0.00000     0.00000     0.00000    -0.41156
   -16.72003    -0.73010    -0.00007    -0.00006    -0.00010     0.00000     0.00000     0.00000     0.00000     0.00000    -0.73034
   -16.62203    -0.94983    -0.00008    -0.00006    -0.00011     0.00000     0.00000     0.00000     0.00000     0.00000    -0.95009
   -16.52503    -0.94983    -0.00008    -0.00006    -0.00011     0.00000     0.00000     0.00000     0.00000     0.00000    -0.95009
   -16.42703    -0.94983    -0.00008    -0.00006    -0.00011     0.00000     0.00000     0.00000     0.00000     0.00000    -0.95009
   -16.33003    -0.94983    -0.00008    -0.00006    -0.00011     0.00000     0.00000     0.00000     0.00000     0.00000    -0.95009
   -16.23203    -0.94983    -0.00008    -0.00006    -0.00011     0.00000     0.00000     0.00000     0.00000     0.00000    -0.95009
   -16.13403    -0.94983    -0.00008    -0.00006    -0.00011     0.00000     0.00000     0.00000     0.00000     0.00000    -0.95009
   -16.03703    -0.94983    -0.00008    -0.00006    -0.00011     0.00000     0.00000     0.00000     0.00000     0.00000    -0.95009
   -15.93903    -0.94983    -0.00008    -0.00006    -0.00011     0.00000     0.00000     0.00000     0.00000     0.00000    -0.95009
   -15.84103    -0.94983    -0.00008    -0.00006    -0.00011     0.00000     0.00000     0.00000     0.00000     0.00000    -0.95009
   -15.74403    -0.94983    -0.00008    -0.00006    -0.00011     0.00000     0.00000     0.00000     0.00000     0.00000    -0.95009
   -15.64603    -0.94983    -0.00008    -0.00006    -0.00011     0.00000     0.00000     0.00000     0.00000     0.00000    -0.95009
   -15.54803    -0.94983    -0.00008    -0.00006    -0.00011     0.00000     0.00000     0.00000     0.00000     0.00000    -0.95009
   -15.45103    -0.94983    -0.00008    -0.00006    -0.00011     0.00000     0.00000     0.00000     0.00000     0.00000    -0.95009
   -15.35303    -0.94983    -0.00008    -0.00006    -0.00011     0.00000     0.00000     0.00000     0.00000     0.00000    -0.95009
   -15.25603    -0.94983    -0.00008    -0.00006    -0.00011     0.00000     0.00000     0.00000     0.00000     0.00000    -0.95009
   -15.15803    -0.94983    -0.00008    -0.00006    -0.00011     0.00000     0.00000     0.00000     0.00000     0.00000    -0.95009
   -15.06003    -0.94983    -0.00008    -0.00006    -0.00011     0.00000     0.00000     0.00000     0.00000     0.00000    -0.95009
   -14.96303    -0.94983    -0.00008    -0.00006    -0.00011     0.00000     0.00000     0.00000     0.00000     0.00000    -0.95009
   -14.86503    -0.94983    -0.00008    -0.00006    -0.00011     0.00000     0.00000     0.00000     0.00000     0.00000    -0.95009
   -14.76703    -0.94983    -0.00008    -0.00006    -0.00011     0.00000     0.00000     0.00000     0.00000     0.00000    -0.95009
   -14.67003    -0.94983    -0.00008    -0.00006    -0.00011     0.00000     0.00000     0.00000     0.00000     0.00000    -0.95009
   -14.57203    -0.94983    -0.00008    -0.00006    -0.00011     0.00000     0.00000     0.00000     0.00000     0.00000    -0.95009
   -14.47403    -0.94983    -0.00008    -0.00006    -0.00011     0.00000     0.00000     0.00000     0.00000     0.00000    -0.95009
   -14.37703    -0.94983    -0.00008    -0.00006    -0.00011     0.00000     0.00000     0.00000     0.00000     0.00000    -0.95009
   -14.27903    -0.94983    -0.00008    -0.00006    -0.00011     0.00000     0.00000     0.00000     0.00000     0.00000    -0.95009
   -14.18203    -0.94983    -0.00008    -0.00006    -0.00011     0.00000     0.00000     0.00000     0.00000     0.00000    -0.95009
   -14.08403    -0.94983    -0.00008    -0.00006    -0.00011     0.00000     0.00000     0.00000     0.00000     0.00000    -0.95009
   -13.98603    -0.94983    -0.00008    -0.00006    -0.00011     0.00000     0.00000     0.00000     0.00000     0.00000    -0.95009
   -13.88903    -0.94983    -0.00008    -0.00006    -0.00011     0.00000     0.00000     0.00000     0.00000     0.00000    -0.95009
   -13.79103    -0.94983    -0.00008    -0.00006    -0.00011     0.00000     0.00000     0.00000     0.00000     0.00000    -0.95009
   -13.69303    -0.94983    -0.00008    -0.00006    -0.00011     0.00000     0.00000     0.00000     0.00000     0.00000    -0.95009
   -13.59603    -0.94983    -0.00008    -0.00006    -0.00011     0.00000     0.00000     0.00000     0.00000     0.00000    -0.95009
   -13.49803    -0.94983    -0.00008    -0.00006    -0.00011     0.00000     0.00000     0.00000     0.00000     0.00000    -0.95009
   -13.40103    -0.94983    -0.00008    -0.00006    -0.00011     0.00000     0.00000     0.00000     0.00000     0.00000    -0.95009
   -13.30303    -0.94983    -0.00008    -0.00006    -0.00011     0.00000     0.00000     0.00000     0.00000     0.00000    -0.95009
   -13.20503    -0.94983    -0.00008    -0.00006    -0.00011     0.00000     0.00000     0.00000     0.00000     0.00000    -0.95009
   -13.10803    -0.94983    -0.00008    -0.00006    -0.00011     0.00000     0.00000     0.00000     0.00000     0.00000    -0.95009
   -13.01003    -0.94983    -0.00008    -0.00006    -0.00011     0.00000     0.00000     0.00000     0.00000     0.00000    -0.95009
   -12.91203    -0.94983    -0.00008    -0.00006    -0.00011     0.00000     0.00000     0.00000     0.00000     0.00000    -0.95009
   -12.81503    -0.94983    -0.00008    -0.00006    -0.00011     0.00000     0.00000     0.00000     0.00000     0.00000    -0.95009
   -12.71703    -0.94983    -0.00008    -0.00006    -0.00011     0.00000     0.00000     0.00000     0.00000     0.00000    -0.95009
   -12.61903    -0.94983    -0.00008    -0.00006    -0.00011     0.00000     0.00000     0.00000     0.00000     0.00000    -0.95009
   -12.52203    -0.94983    -0.00008    -0.00006    -0.00011     0.00000     0.00000     0.00000     0.00000     0.00000    -0.95009
   -12.42403    -0.94983    -0.00008    -0.00006    -0.00011     0.00000     0.00000     0.00000     0.00000     0.00000    -0.95009
   -12.32703    -0.94983    -0.00008    -0.00006    -0.00011     0.00000     0.00000     0.00000     0.00000     0.00000    -0.95009
   -12.22903    -0.94983    -0.00008    -0.00006    -0.00011     0.00000     0.00000     0.00000     0.00000     0.00000    -0.95009
   -12.13103    -0.94983    -0.00008    -0.00006    -0.00011     0.00000     0.00000     0.00000     0.00000     0.00000    -0.95009
   -12.03403    -0.94983    -0.00008    -0.00006    -0.00011     0.00000     0.00000     0.00000     0.00000     0.00000    -0.95009
   -11.93603    -0.94983    -0.00008    -0.00006    -0.00011     0.00000     0.00000     0.00000     0.00000     0.00000    -0.95009
   -11.83803    -0.94983    -0.00008    -0.00006    -0.00011     0.00000     0.00000     0.00000     0.00000     0.00000    -0.95009
   -11.74103    -0.94983    -0.00008    -0.00006    -0.00011     0.00000     0.00000     0.00000     0.00000     0.00000    -0.95009
   -11.64303    -0.94983    -0.00008    -0.00006    -0.00011     0.00000     0.00000     0.00000     0.00000     0.00000    -0.95009
   -11.54503    -0.94983    -0.00008    -0.00006    -0.00011     0.00000     0.00000     0.00000     0.00000     0.00000    -0.95009
   -11.44803    -0.94983    -0.00008    -0.00006    -0.00011     0.00000     0.00000     0.00000     0.00000     0.00000    -0.95009
   -11.35003    -0.94983    -0.00008    -0.00006    -0.00011     0.00000     0.00000     0.00000     0.00000     0.00000    -0.95009
   -11.25303    -0.94983    -0.00008    -0.00006    -0.00011     0.00000     0.00000     0.00000     0.00000     0.00000    -0.95009
   -11.15503    -0.94983    -0.00008    -0.00006    -0.00011     0.00000     0.00000     0.00000     0.00000     0.00000    -0.95009
   -11.05703    -0.94983    -0.00008    -0.00006    -0.00011     0.00000     0.00000     0.00000     0.00000     0.00000    -0.95009
   -10.96003    -0.94983    -0.00008    -0.00006    -0.00011     0.00000     0.00000     0.00000     0.00000     0.00000    -0.95009
   -10.86203    -0.94983    -0.00008    -0.00006    -0.00011     0.00000     0.00000     0.00000     0.00000     0.00000    -0.95009
   -10.76403    -0.94983    -0.00008    -0.00006    -0.00011     0.00000     0.00000     0.00000     0.00000     0.00000    -0.95009
   -10.66703    -0.94983    -0.00008    -0.00006    -0.00011     0.00000     0.00000     0.00000     0.00000     0.00000    -0.95009
   -10.56903    -0.94983    -0.00008    -0.00006    -0.00011     0.00000     0.00000     0.00000     0.00000     0.00000    -0.95009
   -10.47103    -0.94983    -0.00008    -0.00006    -0.00011     0.00000     0.00000     0.00000     0.00000     0.00000    -0.95009
   -10.37403    -0.94983    -0.00008    -0.00006    -0.00011     0.00000     0.00000     0.00000     0.00000     0.00000    -0.95009
   -10.27603    -0.94983    -0.00008    -0.00006    -0.00011     0.00000     0.00000     0.00000     0.00000     0.00000    -0.95009
   -10.17903    -0.94983    -0.00008    -0.00006    -0.00011     0.00000     0.00000     0.00000     0.00000     0.00000    -0.95009
   -10.08103    -0.94983    -0.00008    -0.00006    -0.00011     0.00000     0.00000     0.00000     0.00000     0.00000    -0.95009
    -9.98303    -0.94983    -0.00008    -0.00006    -0.00011     0.00000     0.00000     0.00000     0.00000     0.00000    -0.95009
    -9.88603    -0.94983    -0.00008    -0.00006    -0.00011     0.00000     0.00000     0.00000     0.00000     0.00000    -0.95009
    -9.78803    -0.94983    -0.00008    -0.00006    -0.00011     0.00000     0.00000     0.00000     0.00000     0.00000    -0.95009
    -9.69003    -0.94983    -0.00008    -0.00006    -0.00011     0.00000     0.00000     0.00000     0.00000     0.00000    -0.95009
    -9.59303    -0.94983    -0.00008    -0.00006    -0.00011     0.00000     0.00000     0.00000     0.00000     0.00000    -0.95009
    -9.49503    -0.94983    -0.00008    -0.00006    -0.00011     0.00000     0.00000     0.00000     0.00000     0.00000    -0.95009
    -9.39703    -0.94983    -0.00008    -0.00006    -0.00011     0.00000     0.00000     0.00000     0.00000     0.00000    -0.95009
    -9.30003    -0.94983    -0.00008    -0.00006    -0.00011     0.00000     0.00000     0.00000     0.00000     0.00000    -0.95009
    -9.20203    -0.94983    -0.00008    -0.00006    -0.00011     0.00000     0.00000     0.00000     0.00000     0.00000    -0.95009
    -9.10503    -0.94983    -0.00008    -0.00006    -0.00011     0.00000     0.00000     0.00000     0.00000     0.00000    -0.95009
    -9.00703    -0.94983    -0.00008    -0.00006    -0.00011     0.00000     0.00000     0.00000     0.00000     0.00000    -0.95009
    -8.90903    -0.94983    -0.00008    -0.00006    -0.00011     0.00000     0.00000     0.00000     0.00000     0.00000    -0.95009
    -8.81203    -0.94983    -0.00008    -0.00006    -0.00011     0.00000     0.00000     0.00000     0.00000     0.00000    -0.95009
    -8.71403    -0.94983    -0.00008    -0.00006    -0.00011     0.00000     0.00000     0.00000     0.00000     0.00000    -0.95009
    -8.61603    -0.94983    -0.00008    -0.00006    -0.00011     0.00000     0.00000     0.00000     0.00000     0.00000    -0.95009
    -8.51903    -0.94983    -0.00008    -0.00006    -0.00011     0.00000     0.00000     0.00000     0.00000     0.00000    -0.95009
    -8.42103    -0.94983    -0.00008    -0.00006    -0.00011     0.00000     0.00000     0.00000     0.00000     0.00000    -0.95009
    -8.32303    -0.94983    -0.00008    -0.00006    -0.00011     0.00000     0.00000     0.00000     0.00000     0.00000    -0.95009
    -8.22603    -0.94983    -0.00008    -0.00006    -0.00011     0.00000     0.00000     0.00000     0.00000     0.00000    -0.95009
    -8.12803    -0.94983    -0.00008    -0.00006    -0.00011     0.00000     0.00000     0.00000     0.00000     0.00000    -0.95009
    -8.03103    -0.94983    -0.00008    -0.00006    -0.00011     0.00000     0.00000     0.00000     0.00000     0.00000    -0.95009
    -7.93303    -0.94983    -0.00008    -0.00006    -0.00011     0.00000     0.00000     0.00000     0.00000     0.00000    -0.95009
    -7.83503    -0.94983    -0.00008    -0.00006    -0.00011     0.00000     0.00000     0.00000     0.00000     0.00000    -0.95009
    -7.73803    -0.94983    -0.00008    -0.00006    -0.00011     0.00000     0.00000     0.00000     0.00000     0.00000    -0.95009
    -7.64003    -0.94983    -0.00008    -0.00006    -0.00011     0.00000     0.00000     0.00000     0.00000     0.00000    -0.95009
    -7.54203    -0.94983    -0.00008    -0.00006    -0.00011     0.00000     0.00000     0.00000     0.00000     0.00000    -0.95009
    -7.44503    -0.94983    -0.00008    -0.00006    -0.00011     0.00000     0.00000     0.00000     0.00000     0.00000    -0.95009
    -7.34703    -0.94983    -0.00008    -0.00006    -0.00011     0.00000     0.00000     0.00000     0.00000     0.00000    -0.95009
    -7.24903    -0.94983    -0.00008    -0.00006    -0.00011     0.00000     0.00000     0.00000     0.00000     0.00000    -0.95009
    -7.15203    -0.94983    -0.00008    -0.00006    -0.00011     0.00000     0.00000     0.00000     0.00000     0.00000    -0.95009
    -7.05403    -0.94983    -0.00008    -0.00006    -0.00011     0.00000     0.00000     0.00000     0.00000     0.00000    -0.95009
    -6.95703    -0.94983    -0.00008    -0.00006    -0.00011     0.00000     0.00000     0.00000     0.00000     0.00000    -0.95009
    -6.85903    -0.94983    -0.00008    -0.00006    -0.00011     0.00000     0.00000     0.00000     0.00000     0.00000    -0.95009
    -6.76103    -0.94983    -0.00008    -0.00006    -0.00011     0.00000     0.00000     0.00000     0.00000     0.00000    -0.95009
    -6.66403    -0.94983    -0.00008    -0.00006    -0.00011     0.00000     0.00000     0.00000     0.00000     0.00000    -0.95009
    -6.56603    -0.94983    -0.00008    -0.00006    -0.00011     0.00000     0.00000     0.00000     0.00000     0.00000    -0.95009
    -6.46803    -0.94983    -0.00008    -0.00006    -0.00011     0.00000     0.00000     0.00000     0.00000     0.00000    -0.95009
    -6.37103    -0.94983    -0.00008    -0.00006    -0.00011     0.00000     0.00000     0.00000     0.00000     0.00000    -0.95009
    -6.27303    -0.94983    -0.00008    -0.00006    -0.00011     0.00000     0.00000     0.00000     0.00000     0.00000    -0.95009
    -6.17503    -0.94983    -0.00038    -0.00034    -0.00041     0.00000     0.00000     0.00000     0.00000     0.00000    -0.95096
    -6.07803    -0.94985    -0.00141    -0.00131    -0.00141     0.00000     0.00000     0.00000     0.00000     0.00000    -0.95398
    -5.98003    -0.94988    -0.00322    -0.00303    -0.00316     0.00000     0.00000     0.00000     0.00000     0.00000    -0.95928
    -5.88303    -0.94994    -0.00582    -0.00550    -0.00564     0.00000     0.00000     0.00000     0.00000     0.00000    -0.96690
    -5.78503    -0.95004    -0.00965    -0.00923    -0.00929     0.00000     0.00000     0.00000     0.00000     0.00000    -0.97820
    -5.68703    -0.95018    -0.01578    -0.01574    -0.01517     0.00000     0.00000     0.00000     0.00000     0.00000    -0.99688
    -5.59003    -0.95038    -0.02460    -0.02515    -0.02415     0.00000     0.00000     0.00000     0.00000     0.00000    -1.02427
    -5.49203    -0.95059    -0.03412    -0.03505    -0.03353     0.00000     0.00000     0.00000     0.00000     0.00000    -1.05328
    -5.39403    -0.95079    -0.04010    -0.04160    -0.04114     0.00000     0.00000     0.00000     0.00000     0.00000    -1.07362
    -5.29703    -0.95098    -0.04309    -0.04654    -0.04927     0.00000     0.00000     0.00000     0.00000     0.00000    -1.08988
    -5.19903    -0.95131    -0.04804    -0.05658    -0.05938     0.00000     0.00000     0.00000     0.00000     0.00000    -1.11532
    -5.10103    -0.95183    -0.05502    -0.07089    -0.07157     0.00000     0.00000     0.00000     0.00000     0.00000    -1.14930
    -5.00403    -0.95237    -0.06585    -0.08545    -0.08470     0.00000     0.00000     0.00000     0.00000     0.00000    -1.18837
    -4.90603    -0.95305    -0.08358    -0.10064    -0.09979     0.00000     0.00000     0.00000     0.00000     0.00000    -1.23705
    -4.80903    -0.95369    -0.09633    -0.11096    -0.11048     0.00000     0.00000     0.00000     0.00000     0.00000    -1.27147
    -4.71103    -0.95411    -0.10029    -0.11581    -0.11460     0.00000     0.00000     0.00000     0.00000     0.00000    -1.28481
    -4.61303    -0.95469    -0.10603    -0.12316    -0.12061     0.00000     0.00000     0.00000     0.00000     0.00000    -1.30449
    -4.51603    -0.95536    -0.11237    -0.13433    -0.12811     0.00000     0.00000     0.00000     0.00000     0.00000    -1.33018
    -4.41803    -0.95598    -0.11720    -0.14612    -0.13791     0.00000     0.00000     0.00000     0.00000     0.00000    -1.35721
    -4.32003    -0.95667    -0.12296    -0.15432    -0.14946     0.00000     0.00000     0.00000     0.00000     0.00000    -1.38341
    -4.22303    -0.95727    -0.12851    -0.15875    -0.15687     0.00000     0.00000     0.00000     0.00000     0.00000    -1.40140
    -4.12503    -0.95773    -0.13277    -0.16193    -0.16053     0.00000     0.00000     0.00000     0.00000     0.00000    -1.41295
    -4.02703    -0.95815    -0.13639    -0.16469    -0.16328     0.00000     0.00000     0.00000     0.00000     0.00000    -1.42251
    -3.93003    -0.95850    -0.13917    -0.16679    -0.16517     0.00000     0.00000     0.00000     0.00000     0.00000    -1.42963
    -3.83203    -0.95873    -0.14068    -0.16803    -0.16626     0.00000     0.00000     0.00000     0.00000     0.00000    -1.43370
    -3.73503    -0.95882    -0.14131    -0.16879    -0.16695     0.00000     0.00000     0.00000     0.00000     0.00000    -1.43587
    -3.63703    -0.95891    -0.14266    -0.17127    -0.16865     0.00000     0.00000     0.00000     0.00000     0.00000    -1.44148
    -3.53903    -0.95917    -0.14593    -0.17693    -0.17297     0.00000     0.00000     0.00000     0.00000     0.00000    -1.45500
    -3.44203    -0.95974    -0.15224    -0.18765    -0.18182     0.00000     0.00000     0.00000     0.00000     0.00000    -1.48144
    -3.34403    -0.96053    -0.16034    -0.20267    -0.19286     0.00000     0.00000     0.00000     0.00000     0.00000    -1.51639
    -3.24603    -0.96129    -0.16738    -0.21470    -0.20162     0.00000     0.00000     0.00000     0.00000     0.00000    -1.54499
    -3.14903    -0.96190    -0.17439    -0.22307    -0.20883     0.00000     0.00000     0.00000     0.00000     0.00000    -1.56819
    -3.05103    -0.96226    -0.18277    -0.23168    -0.21684     0.00000     0.00000     0.00000     0.00000     0.00000    -1.59355
    -2.95303    -0.96251    -0.19294    -0.24073    -0.22606     0.00000     0.00000     0.00000     0.00000     0.00000    -1.62224
    -2.85603    -0.96283    -0.20258    -0.24875    -0.23459     0.00000     0.00000     0.00000     0.00000     0.00000    -1.64876
    -2.75803    -0.96320    -0.21029    -0.25466    -0.24214     0.00000     0.00000     0.00000     0.00000     0.00000    -1.67029
    -2.66103    -0.96367    -0.22071    -0.26146    -0.25199     0.00000     0.00000     0.00000     0.00000     0.00000    -1.69783
    -2.56303    -0.96427    -0.23545    -0.27142    -0.26649     0.00000     0.00000     0.00000     0.00000     0.00000    -1.73763
    -2.46503    -0.96491    -0.25175    -0.28391    -0.28990     0.00000     0.00000     0.00000     0.00000     0.00000    -1.79048
    -2.36803    -0.96549    -0.26470    -0.29480    -0.31460     0.00000     0.00000     0.00000     0.00000     0.00000    -1.83959
    -2.27003    -0.96591    -0.28380    -0.30472    -0.33444     0.00000     0.00000     0.00000     0.00000     0.00000    -1.88887
    -2.17203    -0.96628    -0.31269    -0.31749    -0.35213     0.00000     0.00000     0.00000     0.00000     0.00000    -1.94859
    -2.07503    -0.96664    -0.33924    -0.33042    -0.36602     0.00000     0.00000     0.00000     0.00000     0.00000    -2.00232
    -1.97703    -0.96694    -0.35916    -0.34164    -0.37769     0.00000     0.00000     0.00000     0.00000     0.00000    -2.04544
    -1.87903    -0.96720    -0.37344    -0.35181    -0.38816     0.00000     0.00000     0.00000     0.00000     0.00000    -2.08062
    -1.78203    -0.96742    -0.38979    -0.36240    -0.40109     0.00000     0.00000     0.00000     0.00000     0.00000    -2.12069
    -1.68403    -0.96758    -0.40620    -0.37346    -0.41308     0.00000     0.00000     0.00000     0.00000     0.00000    -2.16033
    -1.58703    -0.96771    -0.41811    -0.38445    -0.42050     0.00000     0.00000     0.00000     0.00000     0.00000    -2.19077
    -1.48903    -0.96781    -0.42819    -0.39688    -0.42713     0.00000     0.00000     0.00000     0.00000     0.00000    -2.22001
    -1.39103    -0.96791    -0.43638    -0.40950    -0.43217     0.00000     0.00000     0.00000     0.00000     0.00000    -2.24596
    -1.29403    -0.96802    -0.44204    -0.41867    -0.43470     0.00000     0.00000     0.00000     0.00000     0.00000    -2.26344
    -1.19603    -0.96827    -0.44528    -0.42395    -0.43697     0.00000     0.00000     0.00000     0.00000     0.00000    -2.27447
    -1.09803    -0.96878    -0.44814    -0.42964    -0.44098     0.00000     0.00000     0.00000     0.00000     0.00000    -2.28755
    -1.00103    -0.96953    -0.45247    -0.43847    -0.44775     0.00000     0.00000     0.00000     0.00000     0.00000    -2.30822
    -0.90303    -0.97048    -0.45800    -0.45010    -0.45784     0.00000     0.00000     0.00000     0.00000     0.00000    -2.33641
    -0.80503    -0.97188    -0.46499    -0.46781    -0.47367     0.00000     0.00000     0.00000     0.00000     0.00000    -2.37835
    -0.70803    -0.97323    -0.47245    -0.48524    -0.49088     0.00000     0.00000     0.00000     0.00000     0.00000    -2.42181
    -0.61003    -0.97425    -0.48464    -0.50079    -0.50687     0.00000     0.00000     0.00000     0.00000     0.00000    -2.46655
    -0.51303    -0.97537    -0.51401    -0.52792    -0.52661     0.00000     0.00000     0.00000     0.00000     0.00000    -2.54391
    -0.41503    -0.97651    -0.55687    -0.56052    -0.54831     0.00000     0.00000     0.00000     0.00000     0.00000    -2.64222
    -0.31703    -0.97725    -0.58856    -0.57957    -0.56291     0.00000     0.00000     0.00000     0.00000     0.00000    -2.70829
    -0.22003    -0.97743    -0.60047    -0.58454    -0.56828     0.00000     0.00000     0.00000     0.00000     0.00000    -2.73072
    -0.12203    -0.97743    -0.60410    -0.58551    -0.57034     0.00000     0.00000     0.00000     0.00000     0.00000    -2.73738
    -0.02403    -0.97744    -0.60527    -0.58589    -0.57100     0.00000     0.00000     0.00000     0.00000     0.00000    -2.73959
     0.07297    -0.97744    -0.60527    -0.58589    -0.57100     0.00000     0.00000     0.00000     0.00000     0.00000    -2.73959
     0.17097    -0.97744    -0.60527    -0.58589    -0.57100     0.00000     0.00000     0.00000     0.00000     0.00000    -2.73959
     0.26897    -0.97744    -0.60527    -0.58589    -0.57100     0.00000     0.00000     0.00000     0.00000     0.00000    -2.73959
     0.36597    -0.97744    -0.60527    -0.58589    -0.57100     0.00000     0.00000     0.00000     0.00000     0.00000    -2.73959
     0.46397    -0.97744    -0.60527    -0.58589    -0.57100     0.00000     0.00000     0.00000     0.00000     0.00000    -2.73959
     0.56097    -0.97744    -0.60527    -0.58589    -0.57100     0.00000     0.00000     0.00000     0.00000     0.00000    -2.73959
     0.65897    -0.97744    -0.60527    -0.58589    -0.57100     0.00000     0.00000     0.00000     0.00000     0.00000    -2.73959
     0.75697    -0.97744    -0.60527    -0.58589    -0.57100     0.00000     0.00000     0.00000     0.00000     0.00000    -2.73959
     0.85397    -0.97744    -0.60527    -0.58589    -0.57100     0.00000     0.00000     0.00000     0.00000     0.00000    -2.73959
     0.95197    -0.97744    -0.60527    -0.58589    -0.57100     0.00000     0.00000     0.00000     0.00000     0.00000    -2.73959
     1.04997    -0.97744    -0.60527    -0.58589    -0.57100     0.00000     0.00000     0.00000     0.00000     0.00000    -2.73959
     1.14697    -0.97744    -0.60527    -0.58589    -0.57100     0.00000     0.00000     0.00000     0.00000     0.00000    -2.73959
     1.24497    -0.97744    -0.60527    -0.58589    -0.57100     0.00000     0.00000     0.00000     0.00000     0.00000    -2.73959
     1.34297    -0.97744    -0.60527    -0.58589    -0.57100     0.00000     0.00000     0.00000     0.00000     0.00000    -2.73959
     1.43997    -0.97744    -0.60527    -0.58589    -0.57100     0.00000     0.00000     0.00000     0.00000     0.00000    -2.73959
     1.53797    -0.97744    -0.60527    -0.58589    -0.57100     0.00000     0.00000     0.00000     0.00000     0.00000    -2.73959
     1.63497    -0.97744    -0.60527    -0.58589    -0.57100     0.00000     0.00000     0.00000     0.00000     0.00000    -2.73959
     1.73297    -0.97744    -0.60527    -0.58589    -0.57100     0.00000     0.00000     0.00000     0.00000     0.00000    -2.73959
     1.83097    -0.97744    -0.60527    -0.58589    -0.57100     0.00000     0.00000     0.00000     0.00000     0.00000    -2.73959
     1.92797    -0.97744    -0.60527    -0.58589    -0.57100     0.00000     0.00000     0.00000     0.00000     0.00000    -2.73959
     2.02597    -0.97744    -0.60527    -0.58589    -0.57100     0.00000     0.00000     0.00000     0.00000     0.00000    -2.73959
     2.12397    -0.97744    -0.60527    -0.58589    -0.57100     0.00000     0.00000     0.00000     0.00000     0.00000    -2.73959
     2.22097    -0.97744    -0.60527    -0.58589    -0.57100     0.00000     0.00000     0.00000     0.00000     0.00000    -2.73959
     2.31897    -0.97745    -0.60527    -0.58589    -0.57100     0.00000     0.00000     0.00000     0.00000     0.00000    -2.73961
     2.41697    -0.97753    -0.60527    -0.58589    -0.57101     0.00000     0.00000     0.00000     0.00000     0.00000    -2.73970
     2.51397    -0.97765    -0.60528    -0.58589    -0.57103     0.00000     0.00000     0.00000     0.00000     0.00000    -2.73985
     2.61197    -0.97780    -0.60530    -0.58590    -0.57106     0.00000     0.00000     0.00000     0.00000     0.00000    -2.74005
     2.70897    -0.97798    -0.60531    -0.58590    -0.57110     0.00000     0.00000     0.00000     0.00000     0.00000    -2.74030
     2.80697    -0.97820    -0.60534    -0.58591    -0.57116     0.00000     0.00000     0.00000     0.00000     0.00000    -2.74061
     2.90497    -0.97844    -0.60537    -0.58593    -0.57124     0.00000     0.00000     0.00000     0.00000     0.00000    -2.74099
     3.00197    -0.97872    -0.60542    -0.58594    -0.57135     0.00000     0.00000     0.00000     0.00000     0.00000    -2.74142
     3.09997    -0.97902    -0.60547    -0.58596    -0.57148     0.00000     0.00000     0.00000     0.00000     0.00000    -2.74193
     3.19797    -0.97936    -0.60553    -0.58599    -0.57163     0.00000     0.00000     0.00000     0.00000     0.00000    -2.74251
     3.29497    -0.97973    -0.60561    -0.58602    -0.57182     0.00000     0.00000     0.00000     0.00000     0.00000    -2.74317
     3.39297    -0.98013    -0.60570    -0.58605    -0.57203     0.00000     0.00000     0.00000     0.00000     0.00000    -2.74391
     3.49097    -0.98057    -0.60580    -0.58609    -0.57228     0.00000     0.00000     0.00000     0.00000     0.00000    -2.74475
     3.58797    -0.98104    -0.60592    -0.58614    -0.57257     0.00000     0.00000     0.00000     0.00000     0.00000    -2.74567
     3.68597    -0.98155    -0.60605    -0.58619    -0.57290     0.00000     0.00000     0.00000     0.00000     0.00000    -2.74670
     3.78297    -0.98210    -0.60620    -0.58625    -0.57328     0.00000     0.00000     0.00000     0.00000     0.00000    -2.74783
     3.88097    -0.98270    -0.60637    -0.58631    -0.57370     0.00000     0.00000     0.00000     0.00000     0.00000    -2.74907
     3.97897    -0.98334    -0.60656    -0.58638    -0.57416     0.00000     0.00000     0.00000     0.00000     0.00000    -2.75045
     4.07597    -0.98403    -0.60678    -0.58647    -0.57468     0.00000     0.00000     0.00000     0.00000     0.00000    -2.75195
     4.17397    -0.98477    -0.60701    -0.58656    -0.57525     0.00000     0.00000     0.00000     0.00000     0.00000    -2.75359
     4.27197    -0.98557    -0.60727    -0.58666    -0.57588     0.00000     0.00000     0.00000     0.00000     0.00000    -2.75539
     4.36897    -0.98644    -0.60755    -0.58678    -0.57658     0.00000     0.00000     0.00000     0.00000     0.00000    -2.75735
     4.46697    -0.98738    -0.60788    -0.58691    -0.57735     0.00000     0.00000     0.00000     0.00000     0.00000    -2.75951
     4.56497    -0.98841    -0.60825    -0.58707    -0.57819     0.00000     0.00000     0.00000     0.00000     0.00000    -2.76192
     4.66197    -0.98958    -0.60869    -0.58726    -0.57913     0.00000     0.00000     0.00000     0.00000     0.00000    -2.76465
     4.75997    -0.99091    -0.60944    -0.58775    -0.58020     0.00000     0.00000     0.00000     0.00000     0.00000    -2.76829
     4.85697    -0.99253    -0.61071    -0.58856    -0.58157     0.00000     0.00000     0.00000     0.00000     0.00000    -2.77336
     4.95497    -0.99425    -0.61219    -0.58944    -0.58314     0.00000     0.00000     0.00000     0.00000     0.00000    -2.77903
     5.05297    -0.99585    -0.61361    -0.59035    -0.58466     0.00000     0.00000     0.00000     0.00000     0.00000    -2.78447
     5.14997    -0.99731    -0.61495    -0.59129    -0.58609     0.00000     0.00000     0.00000     0.00000     0.00000    -2.78964
     5.24797    -0.99863    -0.61625    -0.59224    -0.58744     0.00000     0.00000     0.00000     0.00000     0.00000    -2.79456
     5.34597    -1.00015    -0.61791    -0.59347    -0.58916     0.00000     0.00000     0.00000     0.00000     0.00000    -2.80068
     5.44297    -1.00205    -0.61997    -0.59504    -0.59137     0.00000     0.00000     0.00000     0.00000     0.00000    -2.80844
     5.54097    -1.00394    -0.62224    -0.59697    -0.59379     0.00000     0.00000     0.00000     0.00000     0.00000    -2.81694
     5.63797    -1.00568    -0.62425    -0.59871    -0.59599     0.00000     0.00000     0.00000     0.00000     0.00000    -2.82463
     5.73597    -1.00733    -0.62554    -0.59980    -0.59769     0.00000     0.00000     0.00000     0.00000     0.00000    -2.83036
     5.83397    -1.00908    -0.62689    -0.60112    -0.59958     0.00000     0.00000     0.00000     0.00000     0.00000    -2.83667
     5.93097    -1.01109    -0.62907    -0.60355    -0.60232     0.00000     0.00000     0.00000     0.00000     0.00000    -2.84603
     6.02897    -1.01312    -0.63127    -0.60605    -0.60511     0.00000     0.00000     0.00000     0.00000     0.00000    -2.85555
     6.12697    -1.01532    -0.63315    -0.60793    -0.60759     0.00000     0.00000     0.00000     0.00000     0.00000    -2.86399
     6.22397    -1.01774    -0.63525    -0.60985    -0.61023     0.00000     0.00000     0.00000     0.00000     0.00000    -2.87308
     6.32197    -1.01998    -0.63727    -0.61173    -0.61281     0.00000     0.00000     0.00000     0.00000     0.00000    -2.88179
     6.41997    -1.02199    -0.63924    -0.61355    -0.61555     0.00000     0.00000     0.00000     0.00000     0.00000    -2.89032
     6.51697    -1.02397    -0.64147    -0.61550    -0.61863     0.00000     0.00000     0.00000     0.00000     0.00000    -2.89958
     6.61497    -1.02548    -0.64332    -0.61749    -0.62121     0.00000     0.00000     0.00000     0.00000     0.00000    -2.90751
     6.71197    -1.02643    -0.64445    -0.61941    -0.62323     0.00000     0.00000     0.00000     0.00000     0.00000    -2.91352
     6.80997    -1.02726    -0.64530    -0.62126    -0.62518     0.00000     0.00000     0.00000     0.00000     0.00000    -2.91900
     6.90797    -1.02790    -0.64602    -0.62292    -0.62677     0.00000     0.00000     0.00000     0.00000     0.00000    -2.92361
     7.00497    -1.02839    -0.64663    -0.62404    -0.62798     0.00000     0.00000     0.00000     0.00000     0.00000    -2.92704
     7.10297    -1.02898    -0.64732    -0.62487    -0.62907     0.00000     0.00000     0.00000     0.00000     0.00000    -2.93024
     7.20097    -1.03016    -0.64811    -0.62589    -0.63012     0.00000     0.00000     0.00000     0.00000     0.00000    -2.93428
     7.29797    -1.03141    -0.64867    -0.62668    -0.63077     0.00000     0.00000     0.00000     0.00000     0.00000    -2.93753
     7.39597    -1.03197    -0.64892    -0.62695    -0.63098     0.00000     0.00000     0.00000     0.00000     0.00000    -2.93882
     7.49397    -1.03210    -0.64897    -0.62700    -0.63103     0.00000     0.00000     0.00000     0.00000     0.00000    -2.93911
     7.59097    -1.03210    -0.64897    -0.62701    -0.63103     0.00000     0.00000     0.00000     0.00000     0.00000    -2.93911
     7.68897    -1.03210    -0.64897    -0.62701    -0.63103     0.00000     0.00000     0.00000     0.00000     0.00000    -2.93911
     7.78597    -1.03210    -0.64897    -0.62701    -0.63103     0.00000     0.00000     0.00000     0.00000     0.00000    -2.93911
     7.88397    -1.03210    -0.64897    -0.62701    -0.63103     0.00000     0.00000     0.00000     0.00000     0.00000    -2.93911
     7.98197    -1.03210    -0.64897    -0.62701    -0.63103     0.00000     0.00000     0.00000     0.00000     0.00000    -2.93911
     8.07897    -1.03210    -0.64897    -0.62701    -0.63103     0.00000     0.00000     0.00000     0.00000     0.00000    -2.93911
     8.17697    -1.03210    -0.64897    -0.62701    -0.63103     0.00000     0.00000     0.00000     0.00000     0.00000    -2.93911
     8.27497    -1.03210    -0.64897    -0.62701    -0.63103     0.00000     0.00000     0.00000     0.00000     0.00000    -2.93911
     8.37197    -1.03210    -0.64897    -0.62701    -0.63103     0.00000     0.00000     0.00000     0.00000     0.00000    -2.93911
     8.46997    -1.03210    -0.64897    -0.62701    -0.63103     0.00000     0.00000     0.00000     0.00000     0.00000    -2.93911
     8.56797    -1.03210    -0.64897    -0.62701    -0.63103     0.00000     0.00000     0.00000     0.00000     0.00000    -2.93911
     8.66497    -1.03210    -0.64897    -0.62701    -0.63103     0.00000     0.00000     0.00000     0.00000     0.00000    -2.93911
     8.76297    -1.03210    -0.64897    -0.62701    -0.63103     0.00000     0.00000     0.00000     0.00000     0.00000    -2.93911
     8.85997    -1.03210    -0.64897    -0.62701    -0.63103     0.00000     0.00000     0.00000     0.00000     0.00000    -2.93911
     8.95797    -1.03210    -0.64897    -0.62701    -0.63103     0.00000     0.00000     0.00000     0.00000     0.00000    -2.93911
     9.05597    -1.03210    -0.64897    -0.62701    -0.63103     0.00000     0.00000     0.00000     0.00000     0.00000    -2.93911
     9.15297    -1.03210    -0.64897    -0.62701    -0.63103     0.00000     0.00000     0.00000     0.00000     0.00000    -2.93911
     9.25097    -1.03210    -0.64897    -0.62701    -0.63103     0.00000     0.00000     0.00000     0.00000     0.00000    -2.93911
     9.34897    -1.03210    -0.64897    -0.62701    -0.63103     0.00000     0.00000     0.00000     0.00000     0.00000    -2.93911
     9.44597    -1.03210    -0.64897    -0.62701    -0.63103     0.00000     0.00000     0.00000     0.00000     0.00000    -2.93911
     9.54397    -1.03210    -0.64897    -0.62701    -0.63103     0.00000     0.00000     0.00000     0.00000     0.00000    -2.93911
