     #Energy           s          py          pz          px         dxy         dyz         dz2         dxz         dx2       tot  
   -19.74703     0.00000     0.00000     0.00000     0.00000     0.00000     0.00000     0.00000     0.00000     0.00000     0.00000
   -19.64903     0.00000     0.00000     0.00000     0.00000     0.00000     0.00000     0.00000     0.00000     0.00000     0.00000
   -19.55203     0.00000     0.00000     0.00000     0.00000     0.00000     0.00000     0.00000     0.00000     0.00000     0.00000
   -19.45403     0.00000     0.00000     0.00000     0.00000     0.00000     0.00000     0.00000     0.00000     0.00000     0.00000
   -19.35603     0.00000     0.00000     0.00000     0.00000     0.00000     0.00000     0.00000     0.00000     0.00000     0.00000
   -19.25903     0.00000     0.00000     0.00000     0.00000     0.00000     0.00000     0.00000     0.00000     0.00000     0.00000
   -19.16103     0.00000     0.00000     0.00000     0.00000     0.00000     0.00000     0.00000     0.00000     0.00000     0.00000
   -19.06303     0.00000     0.00000     0.00000     0.00000     0.00000     0.00000     0.00000     0.00000     0.00000     0.00000
   -18.96603     0.00000     0.00000     0.00000     0.00000     0.00000     0.00000     0.00000     0.00000     0.00000     0.00000
   -18.86803     0.00000     0.00000     0.00000     0.00000     0.00000     0.00000     0.00000     0.00000     0.00000     0.00000
   -18.77003     0.00000     0.00000     0.00000     0.00000     0.00000     0.00000     0.00000     0.00000     0.00000     0.00000
   -18.67303     0.00000     0.00000     0.00000     0.00000     0.00000     0.00000     0.00000     0.00000     0.00000     0.00000
   -18.57503     0.00000     0.00000     0.00000     0.00000     0.00000     0.00000     0.00000     0.00000     0.00000     0.00000
   -18.47803     0.00000     0.00000     0.00000     0.00000     0.00000     0.00000     0.00000     0.00000     0.00000     0.00000
   -18.38003     0.00000     0.00000     0.00000     0.00000     0.00000     0.00000     0.00000     0.00000     0.00000     0.00000
   -18.28203     0.00000     0.00000     0.00000     0.00000     0.00000     0.00000     0.00000     0.00000     0.00000     0.00000
   -18.18503     0.00000     0.00000     0.00000     0.00000     0.00000     0.00000     0.00000     0.00000     0.00000     0.00000
   -18.08703     0.00000     0.00000     0.00000     0.00000     0.00000     0.00000     0.00000     0.00000     0.00000     0.00000
   -17.98903     0.00000     0.00000     0.00000     0.00000     0.00000     0.00000     0.00000     0.00000     0.00000     0.00000
   -17.89203     0.00000     0.00000     0.00000     0.00000     0.00000     0.00000     0.00000     0.00000     0.00000     0.00000
   -17.79403     0.00000     0.00000     0.00000     0.00000     0.00000     0.00000     0.00000     0.00000     0.00000     0.00000
   -17.69603     0.00017     0.00000     0.00000     0.00000     0.00000     0.00000     0.00000     0.00000     0.00000     0.00018
   -17.59903     0.00066     0.00001     0.00000     0.00002     0.00000     0.00000     0.00000     0.00000     0.00000     0.00069
   -17.50103     0.00137     0.00003     0.00001     0.00007     0.00000     0.00000     0.00000     0.00000     0.00000     0.00149
   -17.40403     0.00223     0.00008     0.00003     0.00017     0.00000     0.00000     0.00001     0.00000     0.00001     0.00252
   -17.30603     0.00319     0.00015     0.00007     0.00033     0.00000     0.00000     0.00002     0.00000     0.00003     0.00379
   -17.20803     0.00428     0.00027     0.00014     0.00056     0.00000     0.00000     0.00004     0.00000     0.00006     0.00534
   -17.11103     0.00551     0.00044     0.00028     0.00085     0.00000     0.00000     0.00008     0.00000     0.00013     0.00729
   -17.01303     0.00682     0.00071     0.00056     0.00124     0.00000     0.00000     0.00018     0.00000     0.00024     0.00976
   -16.91503     0.00811     0.00118     0.00113     0.00178     0.00000     0.00000     0.00046     0.00000     0.00045     0.01311
   -16.81803     0.00918     0.00204     0.00211     0.00259     0.00000     0.00000     0.00159     0.00000     0.00085     0.01837
   -16.72003     0.01018     0.00330     0.00312     0.00380     0.00000     0.00000     0.00431     0.00000     0.00383     0.02854
   -16.62203     0.01072     0.00400     0.00353     0.00451     0.00000     0.00000     0.00610     0.00000     0.00656     0.03543
   -16.52503     0.01072     0.00400     0.00353     0.00451     0.00000     0.00000     0.00610     0.00000     0.00656     0.03543
   -16.42703     0.01072     0.00400     0.00353     0.00451     0.00000     0.00000     0.00610     0.00000     0.00656     0.03543
   -16.33003     0.01072     0.00400     0.00353     0.00451     0.00000     0.00000     0.00610     0.00000     0.00656     0.03543
   -16.23203     0.01072     0.00400     0.00353     0.00451     0.00000     0.00000     0.00610     0.00000     0.00656     0.03543
   -16.13403     0.01072     0.00400     0.00353     0.00451     0.00000     0.00000     0.00610     0.00000     0.00656     0.03543
   -16.03703     0.01072     0.00400     0.00353     0.00451     0.00000     0.00000     0.00610     0.00000     0.00656     0.03543
   -15.93903     0.01072     0.00400     0.00353     0.00451     0.00000     0.00000     0.00610     0.00000     0.00656     0.03543
   -15.84103     0.01072     0.00400     0.00353     0.00451     0.00000     0.00000     0.00610     0.00000     0.00656     0.03543
   -15.74403     0.01072     0.00400     0.00353     0.00451     0.00000     0.00000     0.00610     0.00000     0.00656     0.03543
   -15.64603     0.01072     0.00400     0.00353     0.00451     0.00000     0.00000     0.00610     0.00000     0.00656     0.03543
   -15.54803     0.01072     0.00400     0.00353     0.00451     0.00000     0.00000     0.00610     0.00000     0.00656     0.03543
   -15.45103     0.01072     0.00400     0.00353     0.00451     0.00000     0.00000     0.00610     0.00000     0.00656     0.03543
   -15.35303     0.01072     0.00400     0.00353     0.00451     0.00000     0.00000     0.00610     0.00000     0.00656     0.03543
   -15.25603     0.01072     0.00400     0.00353     0.00451     0.00000     0.00000     0.00610     0.00000     0.00656     0.03543
   -15.15803     0.01072     0.00400     0.00353     0.00451     0.00000     0.00000     0.00610     0.00000     0.00656     0.03543
   -15.06003     0.01072     0.00400     0.00353     0.00451     0.00000     0.00000     0.00610     0.00000     0.00656     0.03543
   -14.96303     0.01072     0.00400     0.00353     0.00451     0.00000     0.00000     0.00610     0.00000     0.00656     0.03543
   -14.86503     0.01072     0.00400     0.00353     0.00451     0.00000     0.00000     0.00610     0.00000     0.00656     0.03543
   -14.76703     0.01072     0.00400     0.00353     0.00451     0.00000     0.00000     0.00610     0.00000     0.00656     0.03543
   -14.67003     0.01072     0.00400     0.00353     0.00451     0.00000     0.00000     0.00610     0.00000     0.00656     0.03543
   -14.57203     0.01072     0.00400     0.00353     0.00451     0.00000     0.00000     0.00610     0.00000     0.00656     0.03543
   -14.47403     0.01072     0.00400     0.00353     0.00451     0.00000     0.00000     0.00610     0.00000     0.00656     0.03543
   -14.37703     0.01072     0.00400     0.00353     0.00451     0.00000     0.00000     0.00610     0.00000     0.00656     0.03543
   -14.27903     0.01072     0.00400     0.00353     0.00451     0.00000     0.00000     0.00610     0.00000     0.00656     0.03543
   -14.18203     0.01072     0.00400     0.00353     0.00451     0.00000     0.00000     0.00610     0.00000     0.00656     0.03543
   -14.08403     0.01072     0.00400     0.00353     0.00451     0.00000     0.00000     0.00610     0.00000     0.00656     0.03543
   -13.98603     0.01072     0.00400     0.00353     0.00451     0.00000     0.00000     0.00610     0.00000     0.00656     0.03543
   -13.88903     0.01072     0.00400     0.00353     0.00451     0.00000     0.00000     0.00610     0.00000     0.00656     0.03543
   -13.79103     0.01072     0.00400     0.00353     0.00451     0.00000     0.00000     0.00610     0.00000     0.00656     0.03543
   -13.69303     0.01072     0.00400     0.00353     0.00451     0.00000     0.00000     0.00610     0.00000     0.00656     0.03543
   -13.59603     0.01072     0.00400     0.00353     0.00451     0.00000     0.00000     0.00610     0.00000     0.00656     0.03543
   -13.49803     0.01072     0.00400     0.00353     0.00451     0.00000     0.00000     0.00610     0.00000     0.00656     0.03543
   -13.40103     0.01072     0.00400     0.00353     0.00451     0.00000     0.00000     0.00610     0.00000     0.00656     0.03543
   -13.30303     0.01072     0.00400     0.00353     0.00451     0.00000     0.00000     0.00610     0.00000     0.00656     0.03543
   -13.20503     0.01072     0.00400     0.00353     0.00451     0.00000     0.00000     0.00610     0.00000     0.00656     0.03543
   -13.10803     0.01072     0.00400     0.00353     0.00451     0.00000     0.00000     0.00610     0.00000     0.00656     0.03543
   -13.01003     0.01072     0.00400     0.00353     0.00451     0.00000     0.00000     0.00610     0.00000     0.00656     0.03543
   -12.91203     0.01072     0.00400     0.00353     0.00451     0.00000     0.00000     0.00610     0.00000     0.00656     0.03543
   -12.81503     0.01072     0.00400     0.00353     0.00451     0.00000     0.00000     0.00610     0.00000     0.00656     0.03543
   -12.71703     0.01072     0.00400     0.00353     0.00451     0.00000     0.00000     0.00610     0.00000     0.00656     0.03543
   -12.61903     0.01072     0.00400     0.00353     0.00451     0.00000     0.00000     0.00610     0.00000     0.00656     0.03543
   -12.52203     0.01072     0.00400     0.00353     0.00451     0.00000     0.00000     0.00610     0.00000     0.00656     0.03543
   -12.42403     0.01072     0.00400     0.00353     0.00451     0.00000     0.00000     0.00610     0.00000     0.00656     0.03543
   -12.32703     0.01072     0.00400     0.00353     0.00451     0.00000     0.00000     0.00610     0.00000     0.00656     0.03543
   -12.22903     0.01072     0.00400     0.00353     0.00451     0.00000     0.00000     0.00610     0.00000     0.00656     0.03543
   -12.13103     0.01072     0.00400     0.00353     0.00451     0.00000     0.00000     0.00610     0.00000     0.00656     0.03543
   -12.03403     0.01072     0.00400     0.00353     0.00451     0.00000     0.00000     0.00610     0.00000     0.00656     0.03543
   -11.93603     0.01072     0.00400     0.00353     0.00451     0.00000     0.00000     0.00610     0.00000     0.00656     0.03543
   -11.83803     0.01072     0.00400     0.00353     0.00451     0.00000     0.00000     0.00610     0.00000     0.00656     0.03543
   -11.74103     0.01072     0.00400     0.00353     0.00451     0.00000     0.00000     0.00610     0.00000     0.00656     0.03543
   -11.64303     0.01072     0.00400     0.00353     0.00451     0.00000     0.00000     0.00610     0.00000     0.00656     0.03543
   -11.54503     0.01072     0.00400     0.00353     0.00451     0.00000     0.00000     0.00610     0.00000     0.00656     0.03543
   -11.44803     0.01072     0.00400     0.00353     0.00451     0.00000     0.00000     0.00610     0.00000     0.00656     0.03543
   -11.35003     0.01072     0.00400     0.00353     0.00451     0.00000     0.00000     0.00610     0.00000     0.00656     0.03543
   -11.25303     0.01072     0.00400     0.00353     0.00451     0.00000     0.00000     0.00610     0.00000     0.00656     0.03543
   -11.15503     0.01072     0.00400     0.00353     0.00451     0.00000     0.00000     0.00610     0.00000     0.00656     0.03543
   -11.05703     0.01072     0.00400     0.00353     0.00451     0.00000     0.00000     0.00610     0.00000     0.00656     0.03543
   -10.96003     0.01072     0.00400     0.00353     0.00451     0.00000     0.00000     0.00610     0.00000     0.00656     0.03543
   -10.86203     0.01072     0.00400     0.00353     0.00451     0.00000     0.00000     0.00610     0.00000     0.00656     0.03543
   -10.76403     0.01072     0.00400     0.00353     0.00451     0.00000     0.00000     0.00610     0.00000     0.00656     0.03543
   -10.66703     0.01072     0.00400     0.00353     0.00451     0.00000     0.00000     0.00610     0.00000     0.00656     0.03543
   -10.56903     0.01072     0.00400     0.00353     0.00451     0.00000     0.00000     0.00610     0.00000     0.00656     0.03543
   -10.47103     0.01072     0.00400     0.00353     0.00451     0.00000     0.00000     0.00610     0.00000     0.00656     0.03543
   -10.37403     0.01072     0.00400     0.00353     0.00451     0.00000     0.00000     0.00610     0.00000     0.00656     0.03543
   -10.27603     0.01072     0.00400     0.00353     0.00451     0.00000     0.00000     0.00610     0.00000     0.00656     0.03543
   -10.17903     0.01072     0.00400     0.00353     0.00451     0.00000     0.00000     0.00610     0.00000     0.00656     0.03543
   -10.08103     0.01072     0.00400     0.00353     0.00451     0.00000     0.00000     0.00610     0.00000     0.00656     0.03543
    -9.98303     0.01072     0.00400     0.00353     0.00451     0.00000     0.00000     0.00610     0.00000     0.00656     0.03543
    -9.88603     0.01072     0.00400     0.00353     0.00451     0.00000     0.00000     0.00610     0.00000     0.00656     0.03543
    -9.78803     0.01072     0.00400     0.00353     0.00451     0.00000     0.00000     0.00610     0.00000     0.00656     0.03543
    -9.69003     0.01072     0.00400     0.00353     0.00451     0.00000     0.00000     0.00610     0.00000     0.00656     0.03543
    -9.59303     0.01072     0.00400     0.00353     0.00451     0.00000     0.00000     0.00610     0.00000     0.00656     0.03543
    -9.49503     0.01072     0.00400     0.00353     0.00451     0.00000     0.00000     0.00610     0.00000     0.00656     0.03543
    -9.39703     0.01072     0.00400     0.00353     0.00451     0.00000     0.00000     0.00610     0.00000     0.00656     0.03543
    -9.30003     0.01072     0.00400     0.00353     0.00451     0.00000     0.00000     0.00610     0.00000     0.00656     0.03543
    -9.20203     0.01072     0.00400     0.00353     0.00451     0.00000     0.00000     0.00610     0.00000     0.00656     0.03543
    -9.10503     0.01072     0.00400     0.00353     0.00451     0.00000     0.00000     0.00610     0.00000     0.00656     0.03543
    -9.00703     0.01072     0.00400     0.00353     0.00451     0.00000     0.00000     0.00610     0.00000     0.00656     0.03543
    -8.90903     0.01072     0.00400     0.00353     0.00451     0.00000     0.00000     0.00610     0.00000     0.00656     0.03543
    -8.81203     0.01072     0.00400     0.00353     0.00451     0.00000     0.00000     0.00610     0.00000     0.00656     0.03543
    -8.71403     0.01072     0.00400     0.00353     0.00451     0.00000     0.00000     0.00610     0.00000     0.00656     0.03543
    -8.61603     0.01072     0.00400     0.00353     0.00451     0.00000     0.00000     0.00610     0.00000     0.00656     0.03543
    -8.51903     0.01072     0.00400     0.00353     0.00451     0.00000     0.00000     0.00610     0.00000     0.00656     0.03543
    -8.42103     0.01072     0.00400     0.00353     0.00451     0.00000     0.00000     0.00610     0.00000     0.00656     0.03543
    -8.32303     0.01072     0.00400     0.00353     0.00451     0.00000     0.00000     0.00610     0.00000     0.00656     0.03543
    -8.22603     0.01072     0.00400     0.00353     0.00451     0.00000     0.00000     0.00610     0.00000     0.00656     0.03543
    -8.12803     0.01072     0.00400     0.00353     0.00451     0.00000     0.00000     0.00610     0.00000     0.00656     0.03543
    -8.03103     0.01072     0.00400     0.00353     0.00451     0.00000     0.00000     0.00610     0.00000     0.00656     0.03543
    -7.93303     0.01072     0.00400     0.00353     0.00451     0.00000     0.00000     0.00610     0.00000     0.00656     0.03543
    -7.83503     0.01072     0.00400     0.00353     0.00451     0.00000     0.00000     0.00610     0.00000     0.00656     0.03543
    -7.73803     0.01072     0.00400     0.00353     0.00451     0.00000     0.00000     0.00610     0.00000     0.00656     0.03543
    -7.64003     0.01072     0.00400     0.00353     0.00451     0.00000     0.00000     0.00610     0.00000     0.00656     0.03543
    -7.54203     0.01072     0.00400     0.00353     0.00451     0.00000     0.00000     0.00610     0.00000     0.00656     0.03543
    -7.44503     0.01072     0.00400     0.00353     0.00451     0.00000     0.00000     0.00610     0.00000     0.00656     0.03543
    -7.34703     0.01072     0.00400     0.00353     0.00451     0.00000     0.00000     0.00610     0.00000     0.00656     0.03543
    -7.24903     0.01072     0.00400     0.00353     0.00451     0.00000     0.00000     0.00610     0.00000     0.00656     0.03543
    -7.15203     0.01072     0.00400     0.00353     0.00451     0.00000     0.00000     0.00610     0.00000     0.00656     0.03543
    -7.05403     0.01072     0.00400     0.00353     0.00451     0.00000     0.00000     0.00610     0.00000     0.00656     0.03543
    -6.95703     0.01072     0.00400     0.00353     0.00451     0.00000     0.00000     0.00610     0.00000     0.00656     0.03543
    -6.85903     0.01072     0.00400     0.00353     0.00451     0.00000     0.00000     0.00610     0.00000     0.00656     0.03543
    -6.76103     0.01072     0.00400     0.00353     0.00451     0.00000     0.00000     0.00610     0.00000     0.00656     0.03543
    -6.66403     0.01072     0.00400     0.00353     0.00451     0.00000     0.00000     0.00610     0.00000     0.00656     0.03543
    -6.56603     0.01072     0.00400     0.00353     0.00451     0.00000     0.00000     0.00610     0.00000     0.00656     0.03543
    -6.46803     0.01072     0.00400     0.00353     0.00451     0.00000     0.00000     0.00610     0.00000     0.00656     0.03543
    -6.37103     0.01072     0.00400     0.00353     0.00451     0.00000     0.00000     0.00610     0.00000     0.00656     0.03543
    -6.27303     0.01072     0.00400     0.00353     0.00451     0.00000     0.00000     0.00610     0.00000     0.00656     0.03543
    -6.17503     0.01100     0.00400     0.00353     0.00451     0.00002     0.00003     0.00610     0.00003     0.00656     0.03579
    -6.07803     0.01193     0.00400     0.00355     0.00453     0.00007     0.00012     0.00610     0.00011     0.00656     0.03697
    -5.98003     0.01346     0.00402     0.00358     0.00458     0.00016     0.00027     0.00611     0.00025     0.00656     0.03898
    -5.88303     0.01551     0.00405     0.00365     0.00470     0.00028     0.00045     0.00612     0.00042     0.00657     0.04175
    -5.78503     0.01834     0.00412     0.00378     0.00496     0.00044     0.00066     0.00615     0.00061     0.00660     0.04566
    -5.68703     0.02288     0.00428     0.00407     0.00538     0.00065     0.00095     0.00620     0.00082     0.00665     0.05189
    -5.59003     0.02956     0.00460     0.00452     0.00587     0.00096     0.00125     0.00630     0.00106     0.00673     0.06084
    -5.49203     0.03674     0.00495     0.00494     0.00625     0.00132     0.00152     0.00641     0.00132     0.00679     0.07024
    -5.39403     0.04106     0.00519     0.00523     0.00693     0.00153     0.00169     0.00649     0.00147     0.00685     0.07644
    -5.29703     0.04249     0.00545     0.00578     0.00827     0.00161     0.00176     0.00655     0.00153     0.00695     0.08040
    -5.19903     0.04338     0.00602     0.00722     0.00980     0.00171     0.00185     0.00670     0.00158     0.00711     0.08540
    -5.10103     0.04410     0.00666     0.00911     0.01107     0.00183     0.00199     0.00708     0.00169     0.00741     0.09092
    -5.00403     0.04453     0.00715     0.01058     0.01210     0.00199     0.00217     0.00782     0.00184     0.00813     0.09632
    -4.90603     0.04478     0.00798     0.01186     0.01330     0.00229     0.00251     0.00885     0.00207     0.00916     0.10280
    -4.80903     0.04494     0.00874     0.01273     0.01422     0.00257     0.00281     0.00961     0.00228     0.00981     0.10772
    -4.71103     0.04510     0.00906     0.01323     0.01457     0.00272     0.00297     0.00994     0.00242     0.01011     0.11012
    -4.61303     0.04537     0.00943     0.01411     0.01495     0.00296     0.00320     0.01042     0.00260     0.01072     0.11377
    -4.51603     0.04569     0.00981     0.01565     0.01543     0.00325     0.00345     0.01114     0.00284     0.01149     0.11875
    -4.41803     0.04646     0.01010     0.01705     0.01601     0.00366     0.00372     0.01210     0.00317     0.01223     0.12449
    -4.32003     0.04757     0.01042     0.01760     0.01662     0.00418     0.00407     0.01308     0.00352     0.01310     0.13016
    -4.22303     0.04819     0.01071     0.01782     0.01700     0.00459     0.00437     0.01368     0.00371     0.01381     0.13388
    -4.12503     0.04838     0.01090     0.01802     0.01720     0.00489     0.00459     0.01406     0.00380     0.01428     0.13613
    -4.02703     0.04853     0.01105     0.01823     0.01733     0.00518     0.00478     0.01439     0.00388     0.01467     0.13804
    -3.93003     0.04869     0.01113     0.01840     0.01742     0.00539     0.00493     0.01465     0.00394     0.01495     0.13952
    -3.83203     0.04884     0.01117     0.01849     0.01747     0.00549     0.00501     0.01480     0.00398     0.01511     0.14036
    -3.73503     0.04899     0.01118     0.01854     0.01752     0.00553     0.00505     0.01485     0.00403     0.01518     0.14087
    -3.63703     0.04952     0.01125     0.01870     0.01767     0.00562     0.00521     0.01499     0.00423     0.01524     0.14244
    -3.53903     0.05047     0.01144     0.01915     0.01802     0.00585     0.00559     0.01541     0.00461     0.01547     0.14601
    -3.44203     0.05154     0.01175     0.02021     0.01871     0.00623     0.00637     0.01618     0.00534     0.01620     0.15253
    -3.34403     0.05278     0.01209     0.02170     0.01942     0.00663     0.00746     0.01715     0.00625     0.01740     0.16087
    -3.24603     0.05415     0.01231     0.02261     0.01982     0.00695     0.00837     0.01791     0.00695     0.01839     0.16746
    -3.14903     0.05624     0.01246     0.02295     0.02007     0.00735     0.00926     0.01831     0.00762     0.01895     0.17322
    -3.05103     0.05825     0.01287     0.02321     0.02042     0.00779     0.01014     0.01878     0.00815     0.01963     0.17925
    -2.95303     0.05981     0.01358     0.02339     0.02091     0.00824     0.01081     0.01956     0.00848     0.02055     0.18533
    -2.85603     0.06182     0.01418     0.02356     0.02129     0.00874     0.01129     0.02033     0.00881     0.02127     0.19130
    -2.75803     0.06378     0.01464     0.02372     0.02162     0.00922     0.01158     0.02104     0.00910     0.02170     0.19640
    -2.66103     0.06604     0.01523     0.02394     0.02214     0.00977     0.01184     0.02218     0.00942     0.02217     0.20272
    -2.56303     0.06901     0.01594     0.02428     0.02292     0.01050     0.01212     0.02404     0.00978     0.02284     0.21142
    -2.46503     0.07252     0.01659     0.02463     0.02401     0.01128     0.01236     0.02667     0.01014     0.02406     0.22226
    -2.36803     0.07546     0.01708     0.02487     0.02519     0.01191     0.01253     0.02892     0.01046     0.02530     0.23172
    -2.27003     0.07759     0.01798     0.02508     0.02625     0.01231     0.01264     0.03056     0.01071     0.02678     0.23988
    -2.17203     0.07987     0.01933     0.02539     0.02716     0.01264     0.01277     0.03237     0.01096     0.02879     0.24928
    -2.07503     0.08200     0.02048     0.02576     0.02793     0.01292     0.01293     0.03398     0.01121     0.03053     0.25774
    -1.97703     0.08357     0.02133     0.02608     0.02856     0.01313     0.01307     0.03531     0.01141     0.03188     0.26433
    -1.87903     0.08466     0.02191     0.02636     0.02907     0.01326     0.01319     0.03642     0.01163     0.03306     0.26956
    -1.78203     0.08546     0.02234     0.02665     0.02957     0.01337     0.01335     0.03754     0.01195     0.03552     0.27575
    -1.68403     0.08601     0.02269     0.02694     0.02998     0.01349     0.01351     0.03867     0.01227     0.03821     0.28176
    -1.58703     0.08635     0.02298     0.02723     0.03023     0.01361     0.01361     0.03960     0.01244     0.03968     0.28573
    -1.48903     0.08660     0.02323     0.02758     0.03044     0.01373     0.01372     0.04036     0.01257     0.04070     0.28893
    -1.39103     0.08679     0.02345     0.02794     0.03061     0.01383     0.01381     0.04087     0.01266     0.04134     0.29131
    -1.29403     0.08699     0.02360     0.02821     0.03073     0.01387     0.01385     0.04111     0.01271     0.04163     0.29270
    -1.19603     0.08752     0.02370     0.02841     0.03093     0.01390     0.01389     0.04130     0.01273     0.04186     0.29423
    -1.09803     0.08886     0.02381     0.02869     0.03128     0.01394     0.01397     0.04180     0.01278     0.04220     0.29732
    -1.00103     0.09085     0.02404     0.02918     0.03184     0.01402     0.01409     0.04268     0.01283     0.04262     0.30216
    -0.90303     0.09309     0.02439     0.02992     0.03272     0.01416     0.01427     0.04373     0.01291     0.04323     0.30842
    -0.80503     0.09526     0.02496     0.03134     0.03452     0.01441     0.01459     0.04491     0.01299     0.04408     0.31705
    -0.70803     0.09680     0.02563     0.03274     0.03643     0.01467     0.01494     0.04617     0.01308     0.04506     0.32552
    -0.61003     0.09786     0.02662     0.03373     0.03763     0.01490     0.01521     0.04795     0.01319     0.04689     0.33396
    -0.51303     0.09879     0.02817     0.03544     0.03870     0.01524     0.01550     0.05158     0.01340     0.05135     0.34818
    -0.41503     0.09933     0.02999     0.03736     0.03965     0.01568     0.01578     0.05608     0.01374     0.05719     0.36481
    -0.31703     0.09952     0.03134     0.03825     0.04020     0.01593     0.01597     0.05884     0.01404     0.06040     0.37448
    -0.22003     0.09958     0.03184     0.03839     0.04039     0.01596     0.01604     0.05968     0.01415     0.06098     0.37701
    -0.12203     0.09959     0.03197     0.03841     0.04046     0.01596     0.01606     0.05983     0.01417     0.06107     0.37753
    -0.02403     0.09960     0.03201     0.03842     0.04048     0.01597     0.01607     0.05986     0.01417     0.06108     0.37766
     0.07297     0.09960     0.03201     0.03842     0.04048     0.01597     0.01607     0.05986     0.01417     0.06108     0.37766
     0.17097     0.09960     0.03201     0.03842     0.04048     0.01597     0.01607     0.05986     0.01417     0.06108     0.37766
     0.26897     0.09960     0.03201     0.03842     0.04048     0.01597     0.01607     0.05986     0.01417     0.06108     0.37766
     0.36597     0.09960     0.03201     0.03842     0.04048     0.01597     0.01607     0.05986     0.01417     0.06108     0.37766
     0.46397     0.09960     0.03201     0.03842     0.04048     0.01597     0.01607     0.05986     0.01417     0.06108     0.37766
     0.56097     0.09960     0.03201     0.03842     0.04048     0.01597     0.01607     0.05986     0.01417     0.06108     0.37766
     0.65897     0.09960     0.03201     0.03842     0.04048     0.01597     0.01607     0.05986     0.01417     0.06108     0.37766
     0.75697     0.09960     0.03201     0.03842     0.04048     0.01597     0.01607     0.05986     0.01417     0.06108     0.37766
     0.85397     0.09960     0.03201     0.03842     0.04048     0.01597     0.01607     0.05986     0.01417     0.06108     0.37766
     0.95197     0.09960     0.03201     0.03842     0.04048     0.01597     0.01607     0.05986     0.01417     0.06108     0.37766
     1.04997     0.09960     0.03201     0.03842     0.04048     0.01597     0.01607     0.05986     0.01417     0.06108     0.37766
     1.14697     0.09960     0.03201     0.03842     0.04048     0.01597     0.01607     0.05986     0.01417     0.06108     0.37766
     1.24497     0.09960     0.03201     0.03842     0.04048     0.01597     0.01607     0.05986     0.01417     0.06108     0.37766
     1.34297     0.09960     0.03201     0.03842     0.04048     0.01597     0.01607     0.05986     0.01417     0.06108     0.37766
     1.43997     0.09960     0.03201     0.03842     0.04048     0.01597     0.01607     0.05986     0.01417     0.06108     0.37766
     1.53797     0.09960     0.03201     0.03842     0.04048     0.01597     0.01607     0.05986     0.01417     0.06108     0.37766
     1.63497     0.09960     0.03201     0.03842     0.04048     0.01597     0.01607     0.05986     0.01417     0.06108     0.37766
     1.73297     0.09960     0.03201     0.03842     0.04048     0.01597     0.01607     0.05986     0.01417     0.06108     0.37766
     1.83097     0.09960     0.03201     0.03842     0.04048     0.01597     0.01607     0.05986     0.01417     0.06108     0.37766
     1.92797     0.09960     0.03201     0.03842     0.04048     0.01597     0.01607     0.05986     0.01417     0.06108     0.37766
     2.02597     0.09960     0.03201     0.03842     0.04048     0.01597     0.01607     0.05986     0.01417     0.06108     0.37766
     2.12397     0.09960     0.03201     0.03842     0.04048     0.01597     0.01607     0.05986     0.01417     0.06108     0.37766
     2.22097     0.09960     0.03201     0.03842     0.04048     0.01597     0.01607     0.05986     0.01417     0.06108     0.37766
     2.31897     0.09962     0.03201     0.03842     0.04048     0.01597     0.01607     0.05986     0.01417     0.06108     0.37768
     2.41697     0.09971     0.03201     0.03842     0.04048     0.01597     0.01607     0.05986     0.01417     0.06108     0.37778
     2.51397     0.09986     0.03202     0.03842     0.04048     0.01597     0.01607     0.05986     0.01417     0.06108     0.37794
     2.61197     0.10005     0.03202     0.03842     0.04049     0.01597     0.01607     0.05986     0.01417     0.06109     0.37813
     2.70897     0.10028     0.03202     0.03842     0.04049     0.01597     0.01607     0.05987     0.01417     0.06109     0.37837
     2.80697     0.10054     0.03202     0.03842     0.04050     0.01597     0.01607     0.05987     0.01417     0.06109     0.37865
     2.90497     0.10084     0.03203     0.03843     0.04051     0.01597     0.01607     0.05987     0.01417     0.06109     0.37898
     3.00197     0.10117     0.03204     0.03843     0.04053     0.01597     0.01607     0.05987     0.01418     0.06109     0.37934
     3.09997     0.10154     0.03204     0.03843     0.04055     0.01597     0.01607     0.05987     0.01418     0.06110     0.37975
     3.19797     0.10194     0.03205     0.03844     0.04057     0.01597     0.01607     0.05988     0.01418     0.06111     0.38022
     3.29497     0.10238     0.03207     0.03844     0.04060     0.01598     0.01607     0.05988     0.01418     0.06112     0.38073
     3.39297     0.10285     0.03209     0.03845     0.04064     0.01598     0.01607     0.05989     0.01419     0.06114     0.38130
     3.49097     0.10336     0.03211     0.03846     0.04068     0.01599     0.01608     0.05991     0.01419     0.06117     0.38193
     3.58797     0.10390     0.03213     0.03847     0.04073     0.01599     0.01608     0.05993     0.01420     0.06120     0.38263
     3.68597     0.10448     0.03216     0.03848     0.04079     0.01600     0.01609     0.05995     0.01420     0.06125     0.38341
     3.78297     0.10510     0.03219     0.03849     0.04086     0.01602     0.01609     0.05999     0.01421     0.06132     0.38427
     3.88097     0.10575     0.03223     0.03851     0.04094     0.01603     0.01610     0.06003     0.01423     0.06140     0.38523
     3.97897     0.10644     0.03228     0.03853     0.04103     0.01605     0.01612     0.06010     0.01424     0.06152     0.38630
     4.07597     0.10716     0.03234     0.03855     0.04113     0.01608     0.01613     0.06018     0.01426     0.06166     0.38751
     4.17397     0.10793     0.03240     0.03858     0.04125     0.01612     0.01616     0.06028     0.01429     0.06186     0.38887
     4.27197     0.10873     0.03248     0.03862     0.04138     0.01617     0.01619     0.06042     0.01431     0.06210     0.39041
     4.36897     0.10956     0.03257     0.03866     0.04154     0.01623     0.01624     0.06061     0.01435     0.06242     0.39218
     4.46697     0.11043     0.03268     0.03871     0.04171     0.01632     0.01632     0.06086     0.01440     0.06283     0.39425
     4.56497     0.11132     0.03282     0.03878     0.04191     0.01645     0.01644     0.06120     0.01447     0.06336     0.39674
     4.66197     0.11224     0.03299     0.03887     0.04214     0.01667     0.01665     0.06167     0.01456     0.06405     0.39982
     4.75997     0.11323     0.03319     0.03898     0.04241     0.01866     0.02704     0.06240     0.01529     0.06509     0.41629
     4.85697     0.11443     0.03345     0.03914     0.04272     0.03379     0.04824     0.06352     0.01722     0.06653     0.45905
     4.95497     0.11570     0.03374     0.03932     0.04305     0.05949     0.06946     0.06490     0.02042     0.06820     0.51428
     5.05297     0.11680     0.03401     0.03949     0.04334     0.08328     0.09014     0.06640     0.02445     0.07002     0.56794
     5.14997     0.11775     0.03428     0.03965     0.04359     0.10576     0.11103     0.06799     0.02883     0.07190     0.62078
     5.24797     0.11855     0.03455     0.03981     0.04382     0.12830     0.13152     0.06979     0.03383     0.07367     0.67383
     5.34597     0.11944     0.03493     0.04003     0.04412     0.15617     0.15859     0.07189     0.04057     0.07556     0.74129
     5.44297     0.12051     0.03545     0.04037     0.04452     0.19388     0.19564     0.07475     0.05024     0.07805     0.83342
     5.54097     0.12149     0.03603     0.04077     0.04497     0.23431     0.23807     0.07790     0.06642     0.08087     0.94083
     5.63797     0.12225     0.03661     0.04120     0.04546     0.26568     0.27394     0.08080     0.08154     0.08384     1.03131
     5.73597     0.12286     0.03720     0.04163     0.04594     0.28480     0.29452     0.08363     0.08955     0.08701     1.08714
     5.83397     0.12364     0.03783     0.04215     0.04646     0.30695     0.32300     0.08648     0.09743     0.09056     1.15449
     5.93097     0.12461     0.03856     0.04283     0.04707     0.34089     0.37633     0.08978     0.12165     0.09478     1.27649
     6.02897     0.12549     0.03938     0.04360     0.04777     0.37512     0.42584     0.09345     0.15486     0.09941     1.40492
     6.12697     0.12638     0.04039     0.04455     0.04861     0.40634     0.45867     0.09761     0.18382     0.10469     1.51107
     6.22397     0.12736     0.04151     0.04560     0.04953     0.43731     0.48707     0.10287     0.21728     0.11108     1.61961
     6.32197     0.12836     0.04244     0.04638     0.05027     0.46638     0.50942     0.10935     0.25020     0.11770     1.72050
     6.41997     0.12934     0.04316     0.04685     0.05084     0.49593     0.52825     0.11725     0.28329     0.12422     1.81912
     6.51697     0.13029     0.04378     0.04720     0.05133     0.52681     0.54808     0.12652     0.32112     0.13210     1.92723
     6.61497     0.13111     0.04419     0.04749     0.05164     0.54937     0.56847     0.13377     0.36352     0.13993     2.02948
     6.71197     0.13179     0.04441     0.04773     0.05183     0.56474     0.58781     0.13863     0.41454     0.14642     2.12790
     6.80997     0.13245     0.04460     0.04794     0.05201     0.58040     0.60649     0.14395     0.47380     0.15227     2.23391
     6.90797     0.13305     0.04474     0.04809     0.05216     0.59656     0.62655     0.14976     0.53278     0.15678     2.34046
     7.00497     0.13362     0.04484     0.04821     0.05228     0.61416     0.64341     0.15649     0.58872     0.16114     2.44286
     7.10297     0.13422     0.04496     0.04832     0.05239     0.64322     0.66296     0.16965     0.66137     0.16846     2.58555
     7.20097     0.13503     0.04515     0.04845     0.05253     0.67931     0.69296     0.20054     0.72279     0.18870     2.76548
     7.29797     0.13562     0.04532     0.04855     0.05264     0.69726     0.71239     0.23255     0.74149     0.21137     2.87720
     7.39597     0.13571     0.04537     0.04859     0.05267     0.69930     0.71575     0.24735     0.74378     0.22106     2.90959
     7.49397     0.13573     0.04538     0.04859     0.05267     0.69958     0.71645     0.25168     0.74404     0.22354     2.91766
     7.59097     0.13573     0.04538     0.04859     0.05267     0.69958     0.71649     0.25172     0.74405     0.22355     2.91777
     7.68897     0.13573     0.04538     0.04859     0.05267     0.69958     0.71649     0.25172     0.74405     0.22355     2.91777
     7.78597     0.13573     0.04538     0.04859     0.05267     0.69958     0.71649     0.25172     0.74405     0.22355     2.91777
     7.88397     0.13573     0.04538     0.04859     0.05267     0.69958     0.71649     0.25172     0.74405     0.22355     2.91777
     7.98197     0.13573     0.04538     0.04859     0.05267     0.69958     0.71649     0.25172     0.74405     0.22355     2.91777
     8.07897     0.13573     0.04538     0.04859     0.05267     0.69958     0.71649     0.25172     0.74405     0.22355     2.91777
     8.17697     0.13573     0.04538     0.04859     0.05267     0.69958     0.71649     0.25172     0.74405     0.22355     2.91777
     8.27497     0.13573     0.04538     0.04859     0.05267     0.69958     0.71649     0.25172     0.74405     0.22355     2.91777
     8.37197     0.13573     0.04538     0.04859     0.05267     0.69958     0.71649     0.25172     0.74405     0.22355     2.91777
     8.46997     0.13573     0.04538     0.04859     0.05267     0.69958     0.71649     0.25172     0.74405     0.22355     2.91777
     8.56797     0.13573     0.04538     0.04859     0.05267     0.69958     0.71649     0.25172     0.74405     0.22355     2.91777
     8.66497     0.13573     0.04538     0.04859     0.05267     0.69958     0.71649     0.25172     0.74405     0.22355     2.91777
     8.76297     0.13573     0.04538     0.04859     0.05267     0.69958     0.71649     0.25172     0.74405     0.22355     2.91777
     8.85997     0.13573     0.04538     0.04859     0.05267     0.69958     0.71649     0.25172     0.74405     0.22355     2.91777
     8.95797     0.13573     0.04538     0.04859     0.05267     0.69958     0.71649     0.25172     0.74405     0.22355     2.91777
     9.05597     0.13573     0.04538     0.04859     0.05267     0.69958     0.71649     0.25172     0.74405     0.22355     2.91777
     9.15297     0.13573     0.04538     0.04859     0.05267     0.69958     0.71649     0.25172     0.74405     0.22355     2.91777
     9.25097     0.13573     0.04538     0.04859     0.05267     0.69958     0.71649     0.25172     0.74405     0.22355     2.91777
     9.34897     0.13573     0.04538     0.04859     0.05267     0.69958     0.71649     0.25172     0.74405     0.22355     2.91777
     9.44597     0.13573     0.04538     0.04859     0.05267     0.69958     0.71649     0.25172     0.74405     0.22355     2.91777
     9.54397     0.13573     0.04538     0.04859     0.05267     0.69958     0.71649     0.25172     0.74405     0.22355     2.91777
