     #Energy           s          py          pz          px         dxy         dyz         dz2         dxz         dx2       tot  
   -19.74703     0.00000     0.00000     0.00000     0.00000     0.00000     0.00000     0.00000     0.00000     0.00000     0.00000
   -19.64903     0.00000     0.00000     0.00000     0.00000     0.00000     0.00000     0.00000     0.00000     0.00000     0.00000
   -19.55203     0.00000     0.00000     0.00000     0.00000     0.00000     0.00000     0.00000     0.00000     0.00000     0.00000
   -19.45403     0.00000     0.00000     0.00000     0.00000     0.00000     0.00000     0.00000     0.00000     0.00000     0.00000
   -19.35603     0.00000     0.00000     0.00000     0.00000     0.00000     0.00000     0.00000     0.00000     0.00000     0.00000
   -19.25903     0.00000     0.00000     0.00000     0.00000     0.00000     0.00000     0.00000     0.00000     0.00000     0.00000
   -19.16103     0.00000     0.00000     0.00000     0.00000     0.00000     0.00000     0.00000     0.00000     0.00000     0.00000
   -19.06303     0.00000     0.00000     0.00000     0.00000     0.00000     0.00000     0.00000     0.00000     0.00000     0.00000
   -18.96603     0.00000     0.00000     0.00000     0.00000     0.00000     0.00000     0.00000     0.00000     0.00000     0.00000
   -18.86803     0.00000     0.00000     0.00000     0.00000     0.00000     0.00000     0.00000     0.00000     0.00000     0.00000
   -18.77003     0.00000     0.00000     0.00000     0.00000     0.00000     0.00000     0.00000     0.00000     0.00000     0.00000
   -18.67303     0.00000     0.00000     0.00000     0.00000     0.00000     0.00000     0.00000     0.00000     0.00000     0.00000
   -18.57503     0.00000     0.00000     0.00000     0.00000     0.00000     0.00000     0.00000     0.00000     0.00000     0.00000
   -18.47803     0.00000     0.00000     0.00000     0.00000     0.00000     0.00000     0.00000     0.00000     0.00000     0.00000
   -18.38003     0.00000     0.00000     0.00000     0.00000     0.00000     0.00000     0.00000     0.00000     0.00000     0.00000
   -18.28203     0.00000     0.00000     0.00000     0.00000     0.00000     0.00000     0.00000     0.00000     0.00000     0.00000
   -18.18503     0.00000     0.00000     0.00000     0.00000     0.00000     0.00000     0.00000     0.00000     0.00000     0.00000
   -18.08703     0.00000     0.00000     0.00000     0.00000     0.00000     0.00000     0.00000     0.00000     0.00000     0.00000
   -17.98903     0.00000     0.00000     0.00000     0.00000     0.00000     0.00000     0.00000     0.00000     0.00000     0.00000
   -17.89203     0.00000     0.00000     0.00000     0.00000     0.00000     0.00000     0.00000     0.00000     0.00000     0.00000
   -17.79403     0.00000     0.00000     0.00000     0.00000     0.00000     0.00000     0.00000     0.00000     0.00000     0.00000
   -17.69603    -0.00021    -0.00000    -0.00000    -0.00000    -0.00000    -0.00000    -0.00000    -0.00000    -0.00000    -0.00021
   -17.59903    -0.00078    -0.00001    -0.00000    -0.00002    -0.00000    -0.00000    -0.00000    -0.00000    -0.00000    -0.00082
   -17.50103    -0.00164    -0.00003    -0.00001    -0.00008    -0.00000    -0.00000    -0.00000    -0.00000    -0.00001    -0.00177
   -17.40403    -0.00268    -0.00008    -0.00004    -0.00018    -0.00000    -0.00000    -0.00002    -0.00000    -0.00003    -0.00302
   -17.30603    -0.00391    -0.00015    -0.00007    -0.00036    -0.00000    -0.00000    -0.00004    -0.00000    -0.00008    -0.00462
   -17.20803    -0.00522    -0.00028    -0.00014    -0.00062    -0.00000    -0.00000    -0.00011    -0.00000    -0.00020    -0.00657
   -17.11103    -0.00652    -0.00050    -0.00029    -0.00097    -0.00000    -0.00000    -0.00028    -0.00000    -0.00044    -0.00899
   -17.01303    -0.00786    -0.00083    -0.00057    -0.00138    -0.00000    -0.00000    -0.00072    -0.00000    -0.00094    -0.01230
   -16.91503    -0.00928    -0.00135    -0.00105    -0.00188    -0.00000    -0.00000    -0.00194    -0.00000    -0.00200    -0.01750
   -16.81803    -0.01079    -0.00231    -0.00190    -0.00247    -0.00001    -0.00001    -0.00596    -0.00000    -0.00386    -0.02730
   -16.72003    -0.01163    -0.00512    -0.00419    -0.00473    -0.00001    -0.00001    -0.01263    -0.00000    -0.00628    -0.04460
   -16.62203    -0.01171    -0.00729    -0.00594    -0.00665    -0.00001    -0.00001    -0.01617    -0.00000    -0.00759    -0.05538
   -16.52503    -0.01171    -0.00729    -0.00594    -0.00665    -0.00001    -0.00001    -0.01617    -0.00000    -0.00759    -0.05538
   -16.42703    -0.01171    -0.00729    -0.00594    -0.00665    -0.00001    -0.00001    -0.01617    -0.00000    -0.00759    -0.05538
   -16.33003    -0.01171    -0.00729    -0.00594    -0.00665    -0.00001    -0.00001    -0.01617    -0.00000    -0.00759    -0.05538
   -16.23203    -0.01171    -0.00729    -0.00594    -0.00665    -0.00001    -0.00001    -0.01617    -0.00000    -0.00759    -0.05538
   -16.13403    -0.01171    -0.00729    -0.00594    -0.00665    -0.00001    -0.00001    -0.01617    -0.00000    -0.00759    -0.05538
   -16.03703    -0.01171    -0.00729    -0.00594    -0.00665    -0.00001    -0.00001    -0.01617    -0.00000    -0.00759    -0.05538
   -15.93903    -0.01171    -0.00729    -0.00594    -0.00665    -0.00001    -0.00001    -0.01617    -0.00000    -0.00759    -0.05538
   -15.84103    -0.01171    -0.00729    -0.00594    -0.00665    -0.00001    -0.00001    -0.01617    -0.00000    -0.00759    -0.05538
   -15.74403    -0.01171    -0.00729    -0.00594    -0.00665    -0.00001    -0.00001    -0.01617    -0.00000    -0.00759    -0.05538
   -15.64603    -0.01171    -0.00729    -0.00594    -0.00665    -0.00001    -0.00001    -0.01617    -0.00000    -0.00759    -0.05538
   -15.54803    -0.01171    -0.00729    -0.00594    -0.00665    -0.00001    -0.00001    -0.01617    -0.00000    -0.00759    -0.05538
   -15.45103    -0.01171    -0.00729    -0.00594    -0.00665    -0.00001    -0.00001    -0.01617    -0.00000    -0.00759    -0.05538
   -15.35303    -0.01171    -0.00729    -0.00594    -0.00665    -0.00001    -0.00001    -0.01617    -0.00000    -0.00759    -0.05538
   -15.25603    -0.01171    -0.00729    -0.00594    -0.00665    -0.00001    -0.00001    -0.01617    -0.00000    -0.00759    -0.05538
   -15.15803    -0.01171    -0.00729    -0.00594    -0.00665    -0.00001    -0.00001    -0.01617    -0.00000    -0.00759    -0.05538
   -15.06003    -0.01171    -0.00729    -0.00594    -0.00665    -0.00001    -0.00001    -0.01617    -0.00000    -0.00759    -0.05538
   -14.96303    -0.01171    -0.00729    -0.00594    -0.00665    -0.00001    -0.00001    -0.01617    -0.00000    -0.00759    -0.05538
   -14.86503    -0.01171    -0.00729    -0.00594    -0.00665    -0.00001    -0.00001    -0.01617    -0.00000    -0.00759    -0.05538
   -14.76703    -0.01171    -0.00729    -0.00594    -0.00665    -0.00001    -0.00001    -0.01617    -0.00000    -0.00759    -0.05538
   -14.67003    -0.01171    -0.00729    -0.00594    -0.00665    -0.00001    -0.00001    -0.01617    -0.00000    -0.00759    -0.05538
   -14.57203    -0.01171    -0.00729    -0.00594    -0.00665    -0.00001    -0.00001    -0.01617    -0.00000    -0.00759    -0.05538
   -14.47403    -0.01171    -0.00729    -0.00594    -0.00665    -0.00001    -0.00001    -0.01617    -0.00000    -0.00759    -0.05538
   -14.37703    -0.01171    -0.00729    -0.00594    -0.00665    -0.00001    -0.00001    -0.01617    -0.00000    -0.00759    -0.05538
   -14.27903    -0.01171    -0.00729    -0.00594    -0.00665    -0.00001    -0.00001    -0.01617    -0.00000    -0.00759    -0.05538
   -14.18203    -0.01171    -0.00729    -0.00594    -0.00665    -0.00001    -0.00001    -0.01617    -0.00000    -0.00759    -0.05538
   -14.08403    -0.01171    -0.00729    -0.00594    -0.00665    -0.00001    -0.00001    -0.01617    -0.00000    -0.00759    -0.05538
   -13.98603    -0.01171    -0.00729    -0.00594    -0.00665    -0.00001    -0.00001    -0.01617    -0.00000    -0.00759    -0.05538
   -13.88903    -0.01171    -0.00729    -0.00594    -0.00665    -0.00001    -0.00001    -0.01617    -0.00000    -0.00759    -0.05538
   -13.79103    -0.01171    -0.00729    -0.00594    -0.00665    -0.00001    -0.00001    -0.01617    -0.00000    -0.00759    -0.05538
   -13.69303    -0.01171    -0.00729    -0.00594    -0.00665    -0.00001    -0.00001    -0.01617    -0.00000    -0.00759    -0.05538
   -13.59603    -0.01171    -0.00729    -0.00594    -0.00665    -0.00001    -0.00001    -0.01617    -0.00000    -0.00759    -0.05538
   -13.49803    -0.01171    -0.00729    -0.00594    -0.00665    -0.00001    -0.00001    -0.01617    -0.00000    -0.00759    -0.05538
   -13.40103    -0.01171    -0.00729    -0.00594    -0.00665    -0.00001    -0.00001    -0.01617    -0.00000    -0.00759    -0.05538
   -13.30303    -0.01171    -0.00729    -0.00594    -0.00665    -0.00001    -0.00001    -0.01617    -0.00000    -0.00759    -0.05538
   -13.20503    -0.01171    -0.00729    -0.00594    -0.00665    -0.00001    -0.00001    -0.01617    -0.00000    -0.00759    -0.05538
   -13.10803    -0.01171    -0.00729    -0.00594    -0.00665    -0.00001    -0.00001    -0.01617    -0.00000    -0.00759    -0.05538
   -13.01003    -0.01171    -0.00729    -0.00594    -0.00665    -0.00001    -0.00001    -0.01617    -0.00000    -0.00759    -0.05538
   -12.91203    -0.01171    -0.00729    -0.00594    -0.00665    -0.00001    -0.00001    -0.01617    -0.00000    -0.00759    -0.05538
   -12.81503    -0.01171    -0.00729    -0.00594    -0.00665    -0.00001    -0.00001    -0.01617    -0.00000    -0.00759    -0.05538
   -12.71703    -0.01171    -0.00729    -0.00594    -0.00665    -0.00001    -0.00001    -0.01617    -0.00000    -0.00759    -0.05538
   -12.61903    -0.01171    -0.00729    -0.00594    -0.00665    -0.00001    -0.00001    -0.01617    -0.00000    -0.00759    -0.05538
   -12.52203    -0.01171    -0.00729    -0.00594    -0.00665    -0.00001    -0.00001    -0.01617    -0.00000    -0.00759    -0.05538
   -12.42403    -0.01171    -0.00729    -0.00594    -0.00665    -0.00001    -0.00001    -0.01617    -0.00000    -0.00759    -0.05538
   -12.32703    -0.01171    -0.00729    -0.00594    -0.00665    -0.00001    -0.00001    -0.01617    -0.00000    -0.00759    -0.05538
   -12.22903    -0.01171    -0.00729    -0.00594    -0.00665    -0.00001    -0.00001    -0.01617    -0.00000    -0.00759    -0.05538
   -12.13103    -0.01171    -0.00729    -0.00594    -0.00665    -0.00001    -0.00001    -0.01617    -0.00000    -0.00759    -0.05538
   -12.03403    -0.01171    -0.00729    -0.00594    -0.00665    -0.00001    -0.00001    -0.01617    -0.00000    -0.00759    -0.05538
   -11.93603    -0.01171    -0.00729    -0.00594    -0.00665    -0.00001    -0.00001    -0.01617    -0.00000    -0.00759    -0.05538
   -11.83803    -0.01171    -0.00729    -0.00594    -0.00665    -0.00001    -0.00001    -0.01617    -0.00000    -0.00759    -0.05538
   -11.74103    -0.01171    -0.00729    -0.00594    -0.00665    -0.00001    -0.00001    -0.01617    -0.00000    -0.00759    -0.05538
   -11.64303    -0.01171    -0.00729    -0.00594    -0.00665    -0.00001    -0.00001    -0.01617    -0.00000    -0.00759    -0.05538
   -11.54503    -0.01171    -0.00729    -0.00594    -0.00665    -0.00001    -0.00001    -0.01617    -0.00000    -0.00759    -0.05538
   -11.44803    -0.01171    -0.00729    -0.00594    -0.00665    -0.00001    -0.00001    -0.01617    -0.00000    -0.00759    -0.05538
   -11.35003    -0.01171    -0.00729    -0.00594    -0.00665    -0.00001    -0.00001    -0.01617    -0.00000    -0.00759    -0.05538
   -11.25303    -0.01171    -0.00729    -0.00594    -0.00665    -0.00001    -0.00001    -0.01617    -0.00000    -0.00759    -0.05538
   -11.15503    -0.01171    -0.00729    -0.00594    -0.00665    -0.00001    -0.00001    -0.01617    -0.00000    -0.00759    -0.05538
   -11.05703    -0.01171    -0.00729    -0.00594    -0.00665    -0.00001    -0.00001    -0.01617    -0.00000    -0.00759    -0.05538
   -10.96003    -0.01171    -0.00729    -0.00594    -0.00665    -0.00001    -0.00001    -0.01617    -0.00000    -0.00759    -0.05538
   -10.86203    -0.01171    -0.00729    -0.00594    -0.00665    -0.00001    -0.00001    -0.01617    -0.00000    -0.00759    -0.05538
   -10.76403    -0.01171    -0.00729    -0.00594    -0.00665    -0.00001    -0.00001    -0.01617    -0.00000    -0.00759    -0.05538
   -10.66703    -0.01171    -0.00729    -0.00594    -0.00665    -0.00001    -0.00001    -0.01617    -0.00000    -0.00759    -0.05538
   -10.56903    -0.01171    -0.00729    -0.00594    -0.00665    -0.00001    -0.00001    -0.01617    -0.00000    -0.00759    -0.05538
   -10.47103    -0.01171    -0.00729    -0.00594    -0.00665    -0.00001    -0.00001    -0.01617    -0.00000    -0.00759    -0.05538
   -10.37403    -0.01171    -0.00729    -0.00594    -0.00665    -0.00001    -0.00001    -0.01617    -0.00000    -0.00759    -0.05538
   -10.27603    -0.01171    -0.00729    -0.00594    -0.00665    -0.00001    -0.00001    -0.01617    -0.00000    -0.00759    -0.05538
   -10.17903    -0.01171    -0.00729    -0.00594    -0.00665    -0.00001    -0.00001    -0.01617    -0.00000    -0.00759    -0.05538
   -10.08103    -0.01171    -0.00729    -0.00594    -0.00665    -0.00001    -0.00001    -0.01617    -0.00000    -0.00759    -0.05538
    -9.98303    -0.01171    -0.00729    -0.00594    -0.00665    -0.00001    -0.00001    -0.01617    -0.00000    -0.00759    -0.05538
    -9.88603    -0.01171    -0.00729    -0.00594    -0.00665    -0.00001    -0.00001    -0.01617    -0.00000    -0.00759    -0.05538
    -9.78803    -0.01171    -0.00729    -0.00594    -0.00665    -0.00001    -0.00001    -0.01617    -0.00000    -0.00759    -0.05538
    -9.69003    -0.01171    -0.00729    -0.00594    -0.00665    -0.00001    -0.00001    -0.01617    -0.00000    -0.00759    -0.05538
    -9.59303    -0.01171    -0.00729    -0.00594    -0.00665    -0.00001    -0.00001    -0.01617    -0.00000    -0.00759    -0.05538
    -9.49503    -0.01171    -0.00729    -0.00594    -0.00665    -0.00001    -0.00001    -0.01617    -0.00000    -0.00759    -0.05538
    -9.39703    -0.01171    -0.00729    -0.00594    -0.00665    -0.00001    -0.00001    -0.01617    -0.00000    -0.00759    -0.05538
    -9.30003    -0.01171    -0.00729    -0.00594    -0.00665    -0.00001    -0.00001    -0.01617    -0.00000    -0.00759    -0.05538
    -9.20203    -0.01171    -0.00729    -0.00594    -0.00665    -0.00001    -0.00001    -0.01617    -0.00000    -0.00759    -0.05538
    -9.10503    -0.01171    -0.00729    -0.00594    -0.00665    -0.00001    -0.00001    -0.01617    -0.00000    -0.00759    -0.05538
    -9.00703    -0.01171    -0.00729    -0.00594    -0.00665    -0.00001    -0.00001    -0.01617    -0.00000    -0.00759    -0.05538
    -8.90903    -0.01171    -0.00729    -0.00594    -0.00665    -0.00001    -0.00001    -0.01617    -0.00000    -0.00759    -0.05538
    -8.81203    -0.01171    -0.00729    -0.00594    -0.00665    -0.00001    -0.00001    -0.01617    -0.00000    -0.00759    -0.05538
    -8.71403    -0.01171    -0.00729    -0.00594    -0.00665    -0.00001    -0.00001    -0.01617    -0.00000    -0.00759    -0.05538
    -8.61603    -0.01171    -0.00729    -0.00594    -0.00665    -0.00001    -0.00001    -0.01617    -0.00000    -0.00759    -0.05538
    -8.51903    -0.01171    -0.00729    -0.00594    -0.00665    -0.00001    -0.00001    -0.01617    -0.00000    -0.00759    -0.05538
    -8.42103    -0.01171    -0.00729    -0.00594    -0.00665    -0.00001    -0.00001    -0.01617    -0.00000    -0.00759    -0.05538
    -8.32303    -0.01171    -0.00729    -0.00594    -0.00665    -0.00001    -0.00001    -0.01617    -0.00000    -0.00759    -0.05538
    -8.22603    -0.01171    -0.00729    -0.00594    -0.00665    -0.00001    -0.00001    -0.01617    -0.00000    -0.00759    -0.05538
    -8.12803    -0.01171    -0.00729    -0.00594    -0.00665    -0.00001    -0.00001    -0.01617    -0.00000    -0.00759    -0.05538
    -8.03103    -0.01171    -0.00729    -0.00594    -0.00665    -0.00001    -0.00001    -0.01617    -0.00000    -0.00759    -0.05538
    -7.93303    -0.01171    -0.00729    -0.00594    -0.00665    -0.00001    -0.00001    -0.01617    -0.00000    -0.00759    -0.05538
    -7.83503    -0.01171    -0.00729    -0.00594    -0.00665    -0.00001    -0.00001    -0.01617    -0.00000    -0.00759    -0.05538
    -7.73803    -0.01171    -0.00729    -0.00594    -0.00665    -0.00001    -0.00001    -0.01617    -0.00000    -0.00759    -0.05538
    -7.64003    -0.01171    -0.00729    -0.00594    -0.00665    -0.00001    -0.00001    -0.01617    -0.00000    -0.00759    -0.05538
    -7.54203    -0.01171    -0.00729    -0.00594    -0.00665    -0.00001    -0.00001    -0.01617    -0.00000    -0.00759    -0.05538
    -7.44503    -0.01171    -0.00729    -0.00594    -0.00665    -0.00001    -0.00001    -0.01617    -0.00000    -0.00759    -0.05538
    -7.34703    -0.01171    -0.00729    -0.00594    -0.00665    -0.00001    -0.00001    -0.01617    -0.00000    -0.00759    -0.05538
    -7.24903    -0.01171    -0.00729    -0.00594    -0.00665    -0.00001    -0.00001    -0.01617    -0.00000    -0.00759    -0.05538
    -7.15203    -0.01171    -0.00729    -0.00594    -0.00665    -0.00001    -0.00001    -0.01617    -0.00000    -0.00759    -0.05538
    -7.05403    -0.01171    -0.00729    -0.00594    -0.00665    -0.00001    -0.00001    -0.01617    -0.00000    -0.00759    -0.05538
    -6.95703    -0.01171    -0.00729    -0.00594    -0.00665    -0.00001    -0.00001    -0.01617    -0.00000    -0.00759    -0.05538
    -6.85903    -0.01171    -0.00729    -0.00594    -0.00665    -0.00001    -0.00001    -0.01617    -0.00000    -0.00759    -0.05538
    -6.76103    -0.01171    -0.00729    -0.00594    -0.00665    -0.00001    -0.00001    -0.01617    -0.00000    -0.00759    -0.05538
    -6.66403    -0.01171    -0.00729    -0.00594    -0.00665    -0.00001    -0.00001    -0.01617    -0.00000    -0.00759    -0.05538
    -6.56603    -0.01171    -0.00729    -0.00594    -0.00665    -0.00001    -0.00001    -0.01617    -0.00000    -0.00759    -0.05538
    -6.46803    -0.01171    -0.00729    -0.00594    -0.00665    -0.00001    -0.00001    -0.01617    -0.00000    -0.00759    -0.05538
    -6.37103    -0.01171    -0.00729    -0.00594    -0.00665    -0.00001    -0.00001    -0.01617    -0.00000    -0.00759    -0.05538
    -6.27303    -0.01171    -0.00729    -0.00594    -0.00665    -0.00001    -0.00001    -0.01617    -0.00000    -0.00759    -0.05538
    -6.17503    -0.01207    -0.00729    -0.00594    -0.00666    -0.00098    -0.00065    -0.01617    -0.00063    -0.00759    -0.05798
    -6.07803    -0.01328    -0.00730    -0.00595    -0.00667    -0.00448    -0.00289    -0.01619    -0.00277    -0.00761    -0.06715
    -5.98003    -0.01529    -0.00732    -0.00598    -0.00672    -0.01062    -0.00737    -0.01631    -0.00653    -0.00772    -0.08387
    -5.88303    -0.01796    -0.00738    -0.00606    -0.00682    -0.01897    -0.01505    -0.01678    -0.01186    -0.00817    -0.10905
    -5.78503    -0.02142    -0.00748    -0.00623    -0.00701    -0.03017    -0.02866    -0.01857    -0.01924    -0.01020    -0.14897
    -5.68703    -0.02569    -0.00765    -0.00663    -0.00734    -0.04546    -0.05324    -0.02611    -0.02898    -0.01900    -0.22011
    -5.59003    -0.03010    -0.00800    -0.00740    -0.00784    -0.06683    -0.08549    -0.04645    -0.04087    -0.03582    -0.32880
    -5.49203    -0.03335    -0.00871    -0.00821    -0.00850    -0.09210    -0.11465    -0.07540    -0.05407    -0.05283    -0.44781
    -5.39403    -0.03531    -0.00923    -0.00868    -0.00899    -0.10872    -0.13324    -0.09487    -0.06713    -0.06944    -0.53561
    -5.29703    -0.03720    -0.00940    -0.00903    -0.00938    -0.11529    -0.14728    -0.10652    -0.08397    -0.09252    -0.61059
    -5.19903    -0.03980    -0.00968    -0.01002    -0.01006    -0.13172    -0.17116    -0.13542    -0.11360    -0.12360    -0.74507
    -5.10103    -0.04275    -0.00995    -0.01136    -0.01079    -0.16626    -0.19566    -0.19531    -0.14478    -0.17087    -0.94774
    -5.00403    -0.04509    -0.01012    -0.01217    -0.01136    -0.19973    -0.21299    -0.28591    -0.16833    -0.25776    -1.20347
    -4.90603    -0.04779    -0.01048    -0.01285    -0.01217    -0.23057    -0.23270    -0.39541    -0.19118    -0.39406    -1.52720
    -4.80903    -0.05011    -0.01087    -0.01347    -0.01291    -0.25640    -0.24918    -0.46556    -0.20639    -0.48312    -1.74803
    -4.71103    -0.05136    -0.01106    -0.01403    -0.01334    -0.27014    -0.26116    -0.48421    -0.21659    -0.50355    -1.82545
    -4.61303    -0.05348    -0.01135    -0.01526    -0.01406    -0.29432    -0.28711    -0.50194    -0.23504    -0.53090    -1.94345
    -4.51603    -0.05582    -0.01175    -0.01757    -0.01505    -0.32983    -0.32112    -0.52226    -0.25574    -0.55911    -2.08826
    -4.41803    -0.05797    -0.01217    -0.01991    -0.01685    -0.37256    -0.35794    -0.54139    -0.27493    -0.58191    -2.23562
    -4.32003    -0.06058    -0.01275    -0.02092    -0.01917    -0.41635    -0.39868    -0.56505    -0.29960    -0.60190    -2.39500
    -4.22303    -0.06299    -0.01331    -0.02109    -0.02039    -0.44986    -0.43183    -0.58557    -0.33114    -0.61673    -2.53292
    -4.12503    -0.06471    -0.01366    -0.02125    -0.02070    -0.48550    -0.46471    -0.60118    -0.37354    -0.62837    -2.67363
    -4.02703    -0.06592    -0.01391    -0.02147    -0.02092    -0.53094    -0.50556    -0.61690    -0.42899    -0.64136    -2.84597
    -3.93003    -0.06668    -0.01411    -0.02171    -0.02112    -0.56365    -0.53545    -0.62838    -0.46830    -0.65259    -2.97200
    -3.83203    -0.06710    -0.01422    -0.02187    -0.02130    -0.57555    -0.54574    -0.63279    -0.48167    -0.65861    -3.01885
    -3.73503    -0.06724    -0.01428    -0.02197    -0.02143    -0.58143    -0.54979    -0.63420    -0.48751    -0.66129    -3.03913
    -3.63703    -0.06742    -0.01448    -0.02235    -0.02172    -0.59435    -0.55609    -0.63654    -0.49838    -0.66344    -3.07477
    -3.53903    -0.06836    -0.01489    -0.02323    -0.02243    -0.62384    -0.57643    -0.64268    -0.52820    -0.66914    -3.16920
    -3.44203    -0.07136    -0.01560    -0.02485    -0.02380    -0.65478    -0.61097    -0.64939    -0.56496    -0.67612    -3.29183
    -3.34403    -0.07645    -0.01637    -0.02700    -0.02527    -0.67826    -0.65094    -0.65407    -0.59753    -0.68182    -3.40771
    -3.24603    -0.08224    -0.01681    -0.02837    -0.02617    -0.69771    -0.68473    -0.65747    -0.62603    -0.68553    -3.50506
    -3.14903    -0.08829    -0.01711    -0.02883    -0.02670    -0.72185    -0.71149    -0.66045    -0.65144    -0.68710    -3.59325
    -3.05103    -0.09400    -0.01765    -0.02929    -0.02738    -0.74570    -0.73533    -0.66315    -0.69459    -0.68896    -3.69605
    -2.95303    -0.09910    -0.01855    -0.02991    -0.02828    -0.76537    -0.76057    -0.66563    -0.74470    -0.69105    -3.80317
    -2.85603    -0.10295    -0.01942    -0.03049    -0.02907    -0.78198    -0.78676    -0.66822    -0.77645    -0.69260    -3.88795
    -2.75803    -0.10491    -0.02014    -0.03099    -0.02977    -0.79063    -0.80405    -0.67047    -0.79370    -0.69400    -3.93868
    -2.66103    -0.10644    -0.02122    -0.03169    -0.03070    -0.80462    -0.81769    -0.67272    -0.80663    -0.69545    -3.98717
    -2.56303    -0.10848    -0.02273    -0.03275    -0.03206    -0.82993    -0.83344    -0.67533    -0.82257    -0.69708    -4.05438
    -2.46503    -0.11060    -0.02429    -0.03419    -0.03450    -0.86102    -0.84946    -0.67823    -0.83966    -0.69890    -4.13086
    -2.36803    -0.11214    -0.02537    -0.03543    -0.03709    -0.88236    -0.86073    -0.68088    -0.85247    -0.70059    -4.18705
    -2.27003    -0.11312    -0.02717    -0.03646    -0.03911    -0.89335    -0.87143    -0.68294    -0.86336    -0.70207    -4.22901
    -2.17203    -0.11397    -0.03001    -0.03780    -0.04089    -0.90480    -0.88764    -0.68517    -0.87723    -0.70381    -4.28131
    -2.07503    -0.11470    -0.03240    -0.03909    -0.04219    -0.91541    -0.90279    -0.68767    -0.89055    -0.70581    -4.33063
    -1.97703    -0.11525    -0.03407    -0.04016    -0.04321    -0.92440    -0.91254    -0.68993    -0.90119    -0.70793    -4.36868
    -1.87903    -0.11562    -0.03517    -0.04106    -0.04406    -0.93161    -0.91861    -0.69188    -0.90927    -0.71014    -4.39743
    -1.78203    -0.11586    -0.03616    -0.04191    -0.04494    -0.93781    -0.92359    -0.69361    -0.91636    -0.71222    -4.42245
    -1.68403    -0.11603    -0.03704    -0.04270    -0.04568    -0.94303    -0.92733    -0.69511    -0.92253    -0.71389    -4.44333
    -1.58703    -0.11615    -0.03767    -0.04343    -0.04614    -0.94710    -0.92959    -0.69638    -0.92759    -0.71514    -4.45917
    -1.48903    -0.11627    -0.03817    -0.04416    -0.04652    -0.95036    -0.93146    -0.69751    -0.93264    -0.71606    -4.47315
    -1.39103    -0.11638    -0.03855    -0.04483    -0.04678    -0.95258    -0.93279    -0.69843    -0.93655    -0.71701    -4.48390
    -1.29403    -0.11642    -0.03879    -0.04524    -0.04688    -0.95358    -0.93330    -0.69933    -0.93805    -0.71874    -4.49032
    -1.19603    -0.11644    -0.03894    -0.04541    -0.04695    -0.95416    -0.93352    -0.70328    -0.93858    -0.72241    -4.49968
    -1.09803    -0.11649    -0.03906    -0.04552    -0.04705    -0.95490    -0.93392    -0.71406    -0.93913    -0.73020    -4.52034
    -1.00103    -0.11658    -0.03919    -0.04568    -0.04722    -0.95573    -0.93467    -0.73087    -0.93985    -0.74393    -4.55373
    -0.90303    -0.11670    -0.03934    -0.04585    -0.04742    -0.95662    -0.93576    -0.75352    -0.94075    -0.76314    -4.59909
    -0.80503    -0.11688    -0.03950    -0.04601    -0.04763    -0.95769    -0.93730    -0.78949    -0.94190    -0.79059    -4.66699
    -0.70803    -0.11706    -0.03961    -0.04615    -0.04783    -0.95871    -0.93897    -0.82400    -0.94299    -0.81975    -4.73507
    -0.61003    -0.11720    -0.03971    -0.04627    -0.04802    -0.95953    -0.94037    -0.85279    -0.94422    -0.85099    -4.79910
    -0.51303    -0.11734    -0.03982    -0.04637    -0.04820    -0.96072    -0.94164    -0.90269    -0.94670    -0.89786    -4.90132
    -0.41503    -0.11743    -0.03994    -0.04644    -0.04832    -0.96244    -0.94271    -0.96243    -0.94955    -0.95449    -5.02377
    -0.31703    -0.11749    -0.04002    -0.04649    -0.04839    -0.96385    -0.94332    -0.99725    -0.95082    -0.99396    -5.10160
    -0.22003    -0.11751    -0.04005    -0.04651    -0.04842    -0.96432    -0.94351    -1.00601    -0.95100    -1.00812    -5.12545
    -0.12203    -0.11752    -0.04006    -0.04652    -0.04843    -0.96440    -0.94360    -1.00735    -0.95112    -1.01278    -5.13177
    -0.02403    -0.11752    -0.04006    -0.04652    -0.04843    -0.96442    -0.94364    -1.00785    -0.95118    -1.01421    -5.13382
     0.07297    -0.11752    -0.04006    -0.04652    -0.04843    -0.96442    -0.94364    -1.00785    -0.95118    -1.01421    -5.13382
     0.17097    -0.11752    -0.04006    -0.04652    -0.04843    -0.96442    -0.94364    -1.00785    -0.95118    -1.01421    -5.13382
     0.26897    -0.11752    -0.04006    -0.04652    -0.04843    -0.96442    -0.94364    -1.00785    -0.95118    -1.01421    -5.13382
     0.36597    -0.11752    -0.04006    -0.04652    -0.04843    -0.96442    -0.94364    -1.00785    -0.95118    -1.01421    -5.13382
     0.46397    -0.11752    -0.04006    -0.04652    -0.04843    -0.96442    -0.94364    -1.00785    -0.95118    -1.01421    -5.13382
     0.56097    -0.11752    -0.04006    -0.04652    -0.04843    -0.96442    -0.94364    -1.00785    -0.95118    -1.01421    -5.13382
     0.65897    -0.11752    -0.04006    -0.04652    -0.04843    -0.96442    -0.94364    -1.00785    -0.95118    -1.01421    -5.13382
     0.75697    -0.11752    -0.04006    -0.04652    -0.04843    -0.96442    -0.94364    -1.00785    -0.95118    -1.01421    -5.13382
     0.85397    -0.11752    -0.04006    -0.04652    -0.04843    -0.96442    -0.94364    -1.00785    -0.95118    -1.01421    -5.13382
     0.95197    -0.11752    -0.04006    -0.04652    -0.04843    -0.96442    -0.94364    -1.00785    -0.95118    -1.01421    -5.13382
     1.04997    -0.11752    -0.04006    -0.04652    -0.04843    -0.96442    -0.94364    -1.00785    -0.95118    -1.01421    -5.13382
     1.14697    -0.11752    -0.04006    -0.04652    -0.04843    -0.96442    -0.94364    -1.00785    -0.95118    -1.01421    -5.13382
     1.24497    -0.11752    -0.04006    -0.04652    -0.04843    -0.96442    -0.94364    -1.00785    -0.95118    -1.01421    -5.13382
     1.34297    -0.11752    -0.04006    -0.04652    -0.04843    -0.96442    -0.94364    -1.00785    -0.95118    -1.01421    -5.13382
     1.43997    -0.11752    -0.04006    -0.04652    -0.04843    -0.96442    -0.94364    -1.00785    -0.95118    -1.01421    -5.13382
     1.53797    -0.11752    -0.04006    -0.04652    -0.04843    -0.96442    -0.94364    -1.00785    -0.95118    -1.01421    -5.13382
     1.63497    -0.11752    -0.04006    -0.04652    -0.04843    -0.96442    -0.94364    -1.00785    -0.95118    -1.01421    -5.13382
     1.73297    -0.11752    -0.04006    -0.04652    -0.04843    -0.96442    -0.94364    -1.00785    -0.95118    -1.01421    -5.13382
     1.83097    -0.11752    -0.04006    -0.04652    -0.04843    -0.96442    -0.94364    -1.00785    -0.95118    -1.01421    -5.13382
     1.92797    -0.11752    -0.04006    -0.04652    -0.04843    -0.96442    -0.94364    -1.00785    -0.95118    -1.01421    -5.13382
     2.02597    -0.11752    -0.04006    -0.04652    -0.04843    -0.96442    -0.94364    -1.00785    -0.95118    -1.01421    -5.13382
     2.12397    -0.11752    -0.04006    -0.04652    -0.04843    -0.96442    -0.94364    -1.00785    -0.95118    -1.01421    -5.13382
     2.22097    -0.11752    -0.04006    -0.04652    -0.04843    -0.96442    -0.94364    -1.00785    -0.95118    -1.01421    -5.13382
     2.31897    -0.11754    -0.04006    -0.04652    -0.04843    -0.96442    -0.94364    -1.00785    -0.95118    -1.01421    -5.13385
     2.41697    -0.11765    -0.04006    -0.04652    -0.04843    -0.96442    -0.94364    -1.00785    -0.95118    -1.01421    -5.13396
     2.51397    -0.11785    -0.04006    -0.04652    -0.04843    -0.96442    -0.94364    -1.00785    -0.95118    -1.01421    -5.13416
     2.61197    -0.11808    -0.04006    -0.04652    -0.04843    -0.96443    -0.94364    -1.00785    -0.95118    -1.01421    -5.13440
     2.70897    -0.11836    -0.04007    -0.04652    -0.04844    -0.96443    -0.94364    -1.00785    -0.95118    -1.01421    -5.13470
     2.80697    -0.11870    -0.04007    -0.04653    -0.04845    -0.96443    -0.94364    -1.00785    -0.95118    -1.01421    -5.13505
     2.90497    -0.11909    -0.04008    -0.04653    -0.04846    -0.96443    -0.94364    -1.00785    -0.95118    -1.01421    -5.13546
     3.00197    -0.11952    -0.04008    -0.04653    -0.04847    -0.96443    -0.94364    -1.00785    -0.95118    -1.01422    -5.13592
     3.09997    -0.12001    -0.04009    -0.04654    -0.04849    -0.96443    -0.94364    -1.00786    -0.95118    -1.01422    -5.13645
     3.19797    -0.12055    -0.04010    -0.04654    -0.04851    -0.96443    -0.94364    -1.00786    -0.95118    -1.01423    -5.13703
     3.29497    -0.12114    -0.04011    -0.04655    -0.04853    -0.96443    -0.94364    -1.00787    -0.95118    -1.01424    -5.13769
     3.39297    -0.12180    -0.04013    -0.04656    -0.04856    -0.96443    -0.94364    -1.00787    -0.95119    -1.01425    -5.13842
     3.49097    -0.12252    -0.04015    -0.04657    -0.04859    -0.96443    -0.94364    -1.00788    -0.95119    -1.01426    -5.13922
     3.58797    -0.12331    -0.04017    -0.04658    -0.04863    -0.96444    -0.94364    -1.00789    -0.95119    -1.01427    -5.14011
     3.68597    -0.12416    -0.04020    -0.04660    -0.04867    -0.96444    -0.94364    -1.00790    -0.95119    -1.01429    -5.14109
     3.78297    -0.12510    -0.04023    -0.04661    -0.04872    -0.96444    -0.94364    -1.00791    -0.95119    -1.01431    -5.14216
     3.88097    -0.12612    -0.04026    -0.04664    -0.04877    -0.96445    -0.94364    -1.00793    -0.95119    -1.01434    -5.14335
     3.97897    -0.12724    -0.04031    -0.04666    -0.04884    -0.96445    -0.94365    -1.00795    -0.95119    -1.01436    -5.14465
     4.07597    -0.12847    -0.04036    -0.04669    -0.04891    -0.96446    -0.94365    -1.00797    -0.95120    -1.01439    -5.14609
     4.17397    -0.12980    -0.04042    -0.04673    -0.04899    -0.96446    -0.94365    -1.00799    -0.95120    -1.01443    -5.14767
     4.27197    -0.13127    -0.04048    -0.04678    -0.04908    -0.96447    -0.94365    -1.00801    -0.95120    -1.01446    -5.14941
     4.36897    -0.13289    -0.04056    -0.04683    -0.04919    -0.96447    -0.94366    -1.00804    -0.95121    -1.01451    -5.15135
     4.46697    -0.13469    -0.04065    -0.04690    -0.04930    -0.96448    -0.94367    -1.00807    -0.95121    -1.01455    -5.15351
     4.56497    -0.13675    -0.04075    -0.04697    -0.04944    -0.96448    -0.94367    -1.00810    -0.95122    -1.01460    -5.15599
     4.66197    -0.13915    -0.04087    -0.04707    -0.04959    -0.96449    -0.94368    -1.00814    -0.95123    -1.01465    -5.15887
     4.75997    -0.14183    -0.04114    -0.04729    -0.04980    -0.96456    -0.94383    -1.00818    -0.95124    -1.01471    -5.16258
     4.85697    -0.14482    -0.04166    -0.04771    -0.05017    -0.96540    -0.94415    -1.00822    -0.95126    -1.01477    -5.16817
     4.95497    -0.14803    -0.04225    -0.04817    -0.05062    -0.96687    -0.94455    -1.00828    -0.95129    -1.01484    -5.17490
     5.05297    -0.15117    -0.04276    -0.04857    -0.05105    -0.96816    -0.94503    -1.00833    -0.95132    -1.01491    -5.18129
     5.14997    -0.15417    -0.04320    -0.04894    -0.05144    -0.96929    -0.94558    -1.00839    -0.95135    -1.01498    -5.18733
     5.24797    -0.15701    -0.04360    -0.04929    -0.05183    -0.97035    -0.94615    -1.00844    -0.95138    -1.01504    -5.19307
     5.34597    -0.16034    -0.04406    -0.04973    -0.05230    -0.97136    -0.94679    -1.00850    -0.95142    -1.01513    -5.19962
     5.44297    -0.16446    -0.04469    -0.05034    -0.05299    -0.97239    -0.94766    -1.00859    -0.95147    -1.01525    -5.20785
     5.54097    -0.16830    -0.04546    -0.05109    -0.05380    -0.97330    -0.94856    -1.00867    -0.95156    -1.01537    -5.21612
     5.63797    -0.17166    -0.04619    -0.05187    -0.05458    -0.97392    -0.94925    -1.00874    -0.95164    -1.01547    -5.22333
     5.73597    -0.17497    -0.04681    -0.05256    -0.05529    -0.97437    -0.94970    -1.00879    -0.95168    -1.01554    -5.22972
     5.83397    -0.17830    -0.04750    -0.05330    -0.05608    -0.97490    -0.95029    -1.00886    -0.95173    -1.01564    -5.23659
     5.93097    -0.18170    -0.04840    -0.05419    -0.05710    -0.97555    -0.95116    -1.00895    -0.95186    -1.01575    -5.24467
     6.02897    -0.18490    -0.04944    -0.05524    -0.05828    -0.97613    -0.95184    -1.00903    -0.95204    -1.01584    -5.25274
     6.12697    -0.18788    -0.05073    -0.05654    -0.05972    -0.97664    -0.95231    -1.00912    -0.95219    -1.01594    -5.26107
     6.22397    -0.19087    -0.05221    -0.05800    -0.06137    -0.97712    -0.95271    -1.00924    -0.95236    -1.01605    -5.26993
     6.32197    -0.19388    -0.05348    -0.05925    -0.06282    -0.97752    -0.95302    -1.00938    -0.95251    -1.01616    -5.27803
     6.41997    -0.19695    -0.05458    -0.06024    -0.06409    -0.97788    -0.95327    -1.00953    -0.95264    -1.01625    -5.28542
     6.51697    -0.20011    -0.05571    -0.06112    -0.06541    -0.97820    -0.95350    -1.00970    -0.95275    -1.01636    -5.29285
     6.61497    -0.20281    -0.05651    -0.06178    -0.06631    -0.97840    -0.95371    -1.00982    -0.95286    -1.01648    -5.29869
     6.71197    -0.20488    -0.05690    -0.06221    -0.06682    -0.97850    -0.95387    -1.00989    -0.95299    -1.01658    -5.30264
     6.80997    -0.20662    -0.05718    -0.06259    -0.06732    -0.97861    -0.95400    -1.00996    -0.95311    -1.01668    -5.30607
     6.90797    -0.20796    -0.05743    -0.06287    -0.06769    -0.97871    -0.95413    -1.01001    -0.95322    -1.01676    -5.30879
     7.00497    -0.20871    -0.05773    -0.06309    -0.06789    -0.97879    -0.95424    -1.01006    -0.95330    -1.01682    -5.31063
     7.10297    -0.20971    -0.05810    -0.06342    -0.06807    -0.97885    -0.95434    -1.01013    -0.95336    -1.01687    -5.31286
     7.20097    -0.21231    -0.05855    -0.06420    -0.06865    -0.97891    -0.95445    -1.01026    -0.95341    -1.01697    -5.31771
     7.29797    -0.21502    -0.05897    -0.06498    -0.06935    -0.97895    -0.95453    -1.01037    -0.95344    -1.01708    -5.32269
     7.39597    -0.21611    -0.05918    -0.06524    -0.06965    -0.97895    -0.95454    -1.01042    -0.95346    -1.01714    -5.32471
     7.49397    -0.21632    -0.05923    -0.06528    -0.06972    -0.97895    -0.95455    -1.01044    -0.95346    -1.01715    -5.32509
     7.59097    -0.21632    -0.05923    -0.06528    -0.06972    -0.97895    -0.95455    -1.01044    -0.95346    -1.01715    -5.32509
     7.68897    -0.21632    -0.05923    -0.06528    -0.06972    -0.97895    -0.95455    -1.01044    -0.95346    -1.01715    -5.32509
     7.78597    -0.21632    -0.05923    -0.06528    -0.06972    -0.97895    -0.95455    -1.01044    -0.95346    -1.01715    -5.32509
     7.88397    -0.21632    -0.05923    -0.06528    -0.06972    -0.97895    -0.95455    -1.01044    -0.95346    -1.01715    -5.32509
     7.98197    -0.21632    -0.05923    -0.06528    -0.06972    -0.97895    -0.95455    -1.01044    -0.95346    -1.01715    -5.32509
     8.07897    -0.21632    -0.05923    -0.06528    -0.06972    -0.97895    -0.95455    -1.01044    -0.95346    -1.01715    -5.32509
     8.17697    -0.21632    -0.05923    -0.06528    -0.06972    -0.97895    -0.95455    -1.01044    -0.95346    -1.01715    -5.32509
     8.27497    -0.21632    -0.05923    -0.06528    -0.06972    -0.97895    -0.95455    -1.01044    -0.95346    -1.01715    -5.32509
     8.37197    -0.21632    -0.05923    -0.06528    -0.06972    -0.97895    -0.95455    -1.01044    -0.95346    -1.01715    -5.32509
     8.46997    -0.21632    -0.05923    -0.06528    -0.06972    -0.97895    -0.95455    -1.01044    -0.95346    -1.01715    -5.32509
     8.56797    -0.21632    -0.05923    -0.06528    -0.06972    -0.97895    -0.95455    -1.01044    -0.95346    -1.01715    -5.32509
     8.66497    -0.21632    -0.05923    -0.06528    -0.06972    -0.97895    -0.95455    -1.01044    -0.95346    -1.01715    -5.32509
     8.76297    -0.21632    -0.05923    -0.06528    -0.06972    -0.97895    -0.95455    -1.01044    -0.95346    -1.01715    -5.32509
     8.85997    -0.21632    -0.05923    -0.06528    -0.06972    -0.97895    -0.95455    -1.01044    -0.95346    -1.01715    -5.32509
     8.95797    -0.21632    -0.05923    -0.06528    -0.06972    -0.97895    -0.95455    -1.01044    -0.95346    -1.01715    -5.32509
     9.05597    -0.21632    -0.05923    -0.06528    -0.06972    -0.97895    -0.95455    -1.01044    -0.95346    -1.01715    -5.32509
     9.15297    -0.21632    -0.05923    -0.06528    -0.06972    -0.97895    -0.95455    -1.01044    -0.95346    -1.01715    -5.32509
     9.25097    -0.21632    -0.05923    -0.06528    -0.06972    -0.97895    -0.95455    -1.01044    -0.95346    -1.01715    -5.32509
     9.34897    -0.21632    -0.05923    -0.06528    -0.06972    -0.97895    -0.95455    -1.01044    -0.95346    -1.01715    -5.32509
     9.44597    -0.21632    -0.05923    -0.06528    -0.06972    -0.97895    -0.95455    -1.01044    -0.95346    -1.01715    -5.32509
     9.54397    -0.21632    -0.05923    -0.06528    -0.06972    -0.97895    -0.95455    -1.01044    -0.95346    -1.01715    -5.32509
