     #Energy           s          py          pz          px         dxy         dyz         dz2         dxz         dx2       tot  
   -19.74703     0.00000     0.00000     0.00000     0.00000     0.00000     0.00000     0.00000     0.00000     0.00000     0.00000
   -19.64903     0.00000     0.00000     0.00000     0.00000     0.00000     0.00000     0.00000     0.00000     0.00000     0.00000
   -19.55203     0.00000     0.00000     0.00000     0.00000     0.00000     0.00000     0.00000     0.00000     0.00000     0.00000
   -19.45403     0.00000     0.00000     0.00000     0.00000     0.00000     0.00000     0.00000     0.00000     0.00000     0.00000
   -19.35603     0.00000     0.00000     0.00000     0.00000     0.00000     0.00000     0.00000     0.00000     0.00000     0.00000
   -19.25903     0.00000     0.00000     0.00000     0.00000     0.00000     0.00000     0.00000     0.00000     0.00000     0.00000
   -19.16103     0.00000     0.00000     0.00000     0.00000     0.00000     0.00000     0.00000     0.00000     0.00000     0.00000
   -19.06303     0.00000     0.00000     0.00000     0.00000     0.00000     0.00000     0.00000     0.00000     0.00000     0.00000
   -18.96603     0.00000     0.00000     0.00000     0.00000     0.00000     0.00000     0.00000     0.00000     0.00000     0.00000
   -18.86803     0.00000     0.00000     0.00000     0.00000     0.00000     0.00000     0.00000     0.00000     0.00000     0.00000
   -18.77003     0.00000     0.00000     0.00000     0.00000     0.00000     0.00000     0.00000     0.00000     0.00000     0.00000
   -18.67303     0.00000     0.00000     0.00000     0.00000     0.00000     0.00000     0.00000     0.00000     0.00000     0.00000
   -18.57503     0.00000     0.00000     0.00000     0.00000     0.00000     0.00000     0.00000     0.00000     0.00000     0.00000
   -18.47803     0.00000     0.00000     0.00000     0.00000     0.00000     0.00000     0.00000     0.00000     0.00000     0.00000
   -18.38003     0.00000     0.00000     0.00000     0.00000     0.00000     0.00000     0.00000     0.00000     0.00000     0.00000
   -18.28203     0.00000     0.00000     0.00000     0.00000     0.00000     0.00000     0.00000     0.00000     0.00000     0.00000
   -18.18503     0.00000     0.00000     0.00000     0.00000     0.00000     0.00000     0.00000     0.00000     0.00000     0.00000
   -18.08703     0.00000     0.00000     0.00000     0.00000     0.00000     0.00000     0.00000     0.00000     0.00000     0.00000
   -17.98903     0.00000     0.00000     0.00000     0.00000     0.00000     0.00000     0.00000     0.00000     0.00000     0.00000
   -17.89203     0.00000     0.00000     0.00000     0.00000     0.00000     0.00000     0.00000     0.00000     0.00000     0.00000
   -17.79403     0.00000     0.00000     0.00000     0.00000     0.00000     0.00000     0.00000     0.00000     0.00000     0.00000
   -17.69603     0.00021     0.00000     0.00000     0.00000     0.00000     0.00000     0.00000     0.00000     0.00000     0.00021
   -17.59903     0.00078     0.00001     0.00000     0.00002     0.00000     0.00000     0.00000     0.00000     0.00000     0.00082
   -17.50103     0.00164     0.00003     0.00001     0.00008     0.00000     0.00000     0.00000     0.00000     0.00001     0.00177
   -17.40403     0.00268     0.00008     0.00004     0.00018     0.00000     0.00000     0.00002     0.00000     0.00003     0.00302
   -17.30603     0.00391     0.00015     0.00007     0.00036     0.00000     0.00000     0.00004     0.00000     0.00008     0.00462
   -17.20803     0.00522     0.00028     0.00014     0.00062     0.00000     0.00000     0.00011     0.00000     0.00020     0.00657
   -17.11103     0.00652     0.00050     0.00029     0.00097     0.00000     0.00000     0.00028     0.00000     0.00044     0.00899
   -17.01303     0.00786     0.00083     0.00057     0.00138     0.00000     0.00000     0.00072     0.00000     0.00094     0.01230
   -16.91503     0.00928     0.00135     0.00105     0.00188     0.00000     0.00000     0.00194     0.00000     0.00200     0.01751
   -16.81803     0.01079     0.00231     0.00190     0.00247     0.00001     0.00001     0.00596     0.00000     0.00386     0.02730
   -16.72003     0.01163     0.00512     0.00419     0.00473     0.00001     0.00001     0.01263     0.00000     0.00628     0.04460
   -16.62203     0.01171     0.00729     0.00594     0.00665     0.00001     0.00001     0.01617     0.00000     0.00759     0.05538
   -16.52503     0.01171     0.00729     0.00594     0.00665     0.00001     0.00001     0.01617     0.00000     0.00759     0.05538
   -16.42703     0.01171     0.00729     0.00594     0.00665     0.00001     0.00001     0.01617     0.00000     0.00759     0.05538
   -16.33003     0.01171     0.00729     0.00594     0.00665     0.00001     0.00001     0.01617     0.00000     0.00759     0.05538
   -16.23203     0.01171     0.00729     0.00594     0.00665     0.00001     0.00001     0.01617     0.00000     0.00759     0.05538
   -16.13403     0.01171     0.00729     0.00594     0.00665     0.00001     0.00001     0.01617     0.00000     0.00759     0.05538
   -16.03703     0.01171     0.00729     0.00594     0.00665     0.00001     0.00001     0.01617     0.00000     0.00759     0.05538
   -15.93903     0.01171     0.00729     0.00594     0.00665     0.00001     0.00001     0.01617     0.00000     0.00759     0.05538
   -15.84103     0.01171     0.00729     0.00594     0.00665     0.00001     0.00001     0.01617     0.00000     0.00759     0.05538
   -15.74403     0.01171     0.00729     0.00594     0.00665     0.00001     0.00001     0.01617     0.00000     0.00759     0.05538
   -15.64603     0.01171     0.00729     0.00594     0.00665     0.00001     0.00001     0.01617     0.00000     0.00759     0.05538
   -15.54803     0.01171     0.00729     0.00594     0.00665     0.00001     0.00001     0.01617     0.00000     0.00759     0.05538
   -15.45103     0.01171     0.00729     0.00594     0.00665     0.00001     0.00001     0.01617     0.00000     0.00759     0.05538
   -15.35303     0.01171     0.00729     0.00594     0.00665     0.00001     0.00001     0.01617     0.00000     0.00759     0.05538
   -15.25603     0.01171     0.00729     0.00594     0.00665     0.00001     0.00001     0.01617     0.00000     0.00759     0.05538
   -15.15803     0.01171     0.00729     0.00594     0.00665     0.00001     0.00001     0.01617     0.00000     0.00759     0.05538
   -15.06003     0.01171     0.00729     0.00594     0.00665     0.00001     0.00001     0.01617     0.00000     0.00759     0.05538
   -14.96303     0.01171     0.00729     0.00594     0.00665     0.00001     0.00001     0.01617     0.00000     0.00759     0.05538
   -14.86503     0.01171     0.00729     0.00594     0.00665     0.00001     0.00001     0.01617     0.00000     0.00759     0.05538
   -14.76703     0.01171     0.00729     0.00594     0.00665     0.00001     0.00001     0.01617     0.00000     0.00759     0.05538
   -14.67003     0.01171     0.00729     0.00594     0.00665     0.00001     0.00001     0.01617     0.00000     0.00759     0.05538
   -14.57203     0.01171     0.00729     0.00594     0.00665     0.00001     0.00001     0.01617     0.00000     0.00759     0.05538
   -14.47403     0.01171     0.00729     0.00594     0.00665     0.00001     0.00001     0.01617     0.00000     0.00759     0.05538
   -14.37703     0.01171     0.00729     0.00594     0.00665     0.00001     0.00001     0.01617     0.00000     0.00759     0.05538
   -14.27903     0.01171     0.00729     0.00594     0.00665     0.00001     0.00001     0.01617     0.00000     0.00759     0.05538
   -14.18203     0.01171     0.00729     0.00594     0.00665     0.00001     0.00001     0.01617     0.00000     0.00759     0.05538
   -14.08403     0.01171     0.00729     0.00594     0.00665     0.00001     0.00001     0.01617     0.00000     0.00759     0.05538
   -13.98603     0.01171     0.00729     0.00594     0.00665     0.00001     0.00001     0.01617     0.00000     0.00759     0.05538
   -13.88903     0.01171     0.00729     0.00594     0.00665     0.00001     0.00001     0.01617     0.00000     0.00759     0.05538
   -13.79103     0.01171     0.00729     0.00594     0.00665     0.00001     0.00001     0.01617     0.00000     0.00759     0.05538
   -13.69303     0.01171     0.00729     0.00594     0.00665     0.00001     0.00001     0.01617     0.00000     0.00759     0.05538
   -13.59603     0.01171     0.00729     0.00594     0.00665     0.00001     0.00001     0.01617     0.00000     0.00759     0.05538
   -13.49803     0.01171     0.00729     0.00594     0.00665     0.00001     0.00001     0.01617     0.00000     0.00759     0.05538
   -13.40103     0.01171     0.00729     0.00594     0.00665     0.00001     0.00001     0.01617     0.00000     0.00759     0.05538
   -13.30303     0.01171     0.00729     0.00594     0.00665     0.00001     0.00001     0.01617     0.00000     0.00759     0.05538
   -13.20503     0.01171     0.00729     0.00594     0.00665     0.00001     0.00001     0.01617     0.00000     0.00759     0.05538
   -13.10803     0.01171     0.00729     0.00594     0.00665     0.00001     0.00001     0.01617     0.00000     0.00759     0.05538
   -13.01003     0.01171     0.00729     0.00594     0.00665     0.00001     0.00001     0.01617     0.00000     0.00759     0.05538
   -12.91203     0.01171     0.00729     0.00594     0.00665     0.00001     0.00001     0.01617     0.00000     0.00759     0.05538
   -12.81503     0.01171     0.00729     0.00594     0.00665     0.00001     0.00001     0.01617     0.00000     0.00759     0.05538
   -12.71703     0.01171     0.00729     0.00594     0.00665     0.00001     0.00001     0.01617     0.00000     0.00759     0.05538
   -12.61903     0.01171     0.00729     0.00594     0.00665     0.00001     0.00001     0.01617     0.00000     0.00759     0.05538
   -12.52203     0.01171     0.00729     0.00594     0.00665     0.00001     0.00001     0.01617     0.00000     0.00759     0.05538
   -12.42403     0.01171     0.00729     0.00594     0.00665     0.00001     0.00001     0.01617     0.00000     0.00759     0.05538
   -12.32703     0.01171     0.00729     0.00594     0.00665     0.00001     0.00001     0.01617     0.00000     0.00759     0.05538
   -12.22903     0.01171     0.00729     0.00594     0.00665     0.00001     0.00001     0.01617     0.00000     0.00759     0.05538
   -12.13103     0.01171     0.00729     0.00594     0.00665     0.00001     0.00001     0.01617     0.00000     0.00759     0.05538
   -12.03403     0.01171     0.00729     0.00594     0.00665     0.00001     0.00001     0.01617     0.00000     0.00759     0.05538
   -11.93603     0.01171     0.00729     0.00594     0.00665     0.00001     0.00001     0.01617     0.00000     0.00759     0.05538
   -11.83803     0.01171     0.00729     0.00594     0.00665     0.00001     0.00001     0.01617     0.00000     0.00759     0.05538
   -11.74103     0.01171     0.00729     0.00594     0.00665     0.00001     0.00001     0.01617     0.00000     0.00759     0.05538
   -11.64303     0.01171     0.00729     0.00594     0.00665     0.00001     0.00001     0.01617     0.00000     0.00759     0.05538
   -11.54503     0.01171     0.00729     0.00594     0.00665     0.00001     0.00001     0.01617     0.00000     0.00759     0.05538
   -11.44803     0.01171     0.00729     0.00594     0.00665     0.00001     0.00001     0.01617     0.00000     0.00759     0.05538
   -11.35003     0.01171     0.00729     0.00594     0.00665     0.00001     0.00001     0.01617     0.00000     0.00759     0.05538
   -11.25303     0.01171     0.00729     0.00594     0.00665     0.00001     0.00001     0.01617     0.00000     0.00759     0.05538
   -11.15503     0.01171     0.00729     0.00594     0.00665     0.00001     0.00001     0.01617     0.00000     0.00759     0.05538
   -11.05703     0.01171     0.00729     0.00594     0.00665     0.00001     0.00001     0.01617     0.00000     0.00759     0.05538
   -10.96003     0.01171     0.00729     0.00594     0.00665     0.00001     0.00001     0.01617     0.00000     0.00759     0.05538
   -10.86203     0.01171     0.00729     0.00594     0.00665     0.00001     0.00001     0.01617     0.00000     0.00759     0.05538
   -10.76403     0.01171     0.00729     0.00594     0.00665     0.00001     0.00001     0.01617     0.00000     0.00759     0.05538
   -10.66703     0.01171     0.00729     0.00594     0.00665     0.00001     0.00001     0.01617     0.00000     0.00759     0.05538
   -10.56903     0.01171     0.00729     0.00594     0.00665     0.00001     0.00001     0.01617     0.00000     0.00759     0.05538
   -10.47103     0.01171     0.00729     0.00594     0.00665     0.00001     0.00001     0.01617     0.00000     0.00759     0.05538
   -10.37403     0.01171     0.00729     0.00594     0.00665     0.00001     0.00001     0.01617     0.00000     0.00759     0.05538
   -10.27603     0.01171     0.00729     0.00594     0.00665     0.00001     0.00001     0.01617     0.00000     0.00759     0.05538
   -10.17903     0.01171     0.00729     0.00594     0.00665     0.00001     0.00001     0.01617     0.00000     0.00759     0.05538
   -10.08103     0.01171     0.00729     0.00594     0.00665     0.00001     0.00001     0.01617     0.00000     0.00759     0.05538
    -9.98303     0.01171     0.00729     0.00594     0.00665     0.00001     0.00001     0.01617     0.00000     0.00759     0.05538
    -9.88603     0.01171     0.00729     0.00594     0.00665     0.00001     0.00001     0.01617     0.00000     0.00759     0.05538
    -9.78803     0.01171     0.00729     0.00594     0.00665     0.00001     0.00001     0.01617     0.00000     0.00759     0.05538
    -9.69003     0.01171     0.00729     0.00594     0.00665     0.00001     0.00001     0.01617     0.00000     0.00759     0.05538
    -9.59303     0.01171     0.00729     0.00594     0.00665     0.00001     0.00001     0.01617     0.00000     0.00759     0.05538
    -9.49503     0.01171     0.00729     0.00594     0.00665     0.00001     0.00001     0.01617     0.00000     0.00759     0.05538
    -9.39703     0.01171     0.00729     0.00594     0.00665     0.00001     0.00001     0.01617     0.00000     0.00759     0.05538
    -9.30003     0.01171     0.00729     0.00594     0.00665     0.00001     0.00001     0.01617     0.00000     0.00759     0.05538
    -9.20203     0.01171     0.00729     0.00594     0.00665     0.00001     0.00001     0.01617     0.00000     0.00759     0.05538
    -9.10503     0.01171     0.00729     0.00594     0.00665     0.00001     0.00001     0.01617     0.00000     0.00759     0.05538
    -9.00703     0.01171     0.00729     0.00594     0.00665     0.00001     0.00001     0.01617     0.00000     0.00759     0.05538
    -8.90903     0.01171     0.00729     0.00594     0.00665     0.00001     0.00001     0.01617     0.00000     0.00759     0.05538
    -8.81203     0.01171     0.00729     0.00594     0.00665     0.00001     0.00001     0.01617     0.00000     0.00759     0.05538
    -8.71403     0.01171     0.00729     0.00594     0.00665     0.00001     0.00001     0.01617     0.00000     0.00759     0.05538
    -8.61603     0.01171     0.00729     0.00594     0.00665     0.00001     0.00001     0.01617     0.00000     0.00759     0.05538
    -8.51903     0.01171     0.00729     0.00594     0.00665     0.00001     0.00001     0.01617     0.00000     0.00759     0.05538
    -8.42103     0.01171     0.00729     0.00594     0.00665     0.00001     0.00001     0.01617     0.00000     0.00759     0.05538
    -8.32303     0.01171     0.00729     0.00594     0.00665     0.00001     0.00001     0.01617     0.00000     0.00759     0.05538
    -8.22603     0.01171     0.00729     0.00594     0.00665     0.00001     0.00001     0.01617     0.00000     0.00759     0.05538
    -8.12803     0.01171     0.00729     0.00594     0.00665     0.00001     0.00001     0.01617     0.00000     0.00759     0.05538
    -8.03103     0.01171     0.00729     0.00594     0.00665     0.00001     0.00001     0.01617     0.00000     0.00759     0.05538
    -7.93303     0.01171     0.00729     0.00594     0.00665     0.00001     0.00001     0.01617     0.00000     0.00759     0.05538
    -7.83503     0.01171     0.00729     0.00594     0.00665     0.00001     0.00001     0.01617     0.00000     0.00759     0.05538
    -7.73803     0.01171     0.00729     0.00594     0.00665     0.00001     0.00001     0.01617     0.00000     0.00759     0.05538
    -7.64003     0.01171     0.00729     0.00594     0.00665     0.00001     0.00001     0.01617     0.00000     0.00759     0.05538
    -7.54203     0.01171     0.00729     0.00594     0.00665     0.00001     0.00001     0.01617     0.00000     0.00759     0.05538
    -7.44503     0.01171     0.00729     0.00594     0.00665     0.00001     0.00001     0.01617     0.00000     0.00759     0.05538
    -7.34703     0.01171     0.00729     0.00594     0.00665     0.00001     0.00001     0.01617     0.00000     0.00759     0.05538
    -7.24903     0.01171     0.00729     0.00594     0.00665     0.00001     0.00001     0.01617     0.00000     0.00759     0.05538
    -7.15203     0.01171     0.00729     0.00594     0.00665     0.00001     0.00001     0.01617     0.00000     0.00759     0.05538
    -7.05403     0.01171     0.00729     0.00594     0.00665     0.00001     0.00001     0.01617     0.00000     0.00759     0.05538
    -6.95703     0.01171     0.00729     0.00594     0.00665     0.00001     0.00001     0.01617     0.00000     0.00759     0.05538
    -6.85903     0.01171     0.00729     0.00594     0.00665     0.00001     0.00001     0.01617     0.00000     0.00759     0.05538
    -6.76103     0.01171     0.00729     0.00594     0.00665     0.00001     0.00001     0.01617     0.00000     0.00759     0.05538
    -6.66403     0.01171     0.00729     0.00594     0.00665     0.00001     0.00001     0.01617     0.00000     0.00759     0.05538
    -6.56603     0.01171     0.00729     0.00594     0.00665     0.00001     0.00001     0.01617     0.00000     0.00759     0.05538
    -6.46803     0.01171     0.00729     0.00594     0.00665     0.00001     0.00001     0.01617     0.00000     0.00759     0.05538
    -6.37103     0.01171     0.00729     0.00594     0.00665     0.00001     0.00001     0.01617     0.00000     0.00759     0.05538
    -6.27303     0.01171     0.00729     0.00594     0.00665     0.00001     0.00001     0.01617     0.00000     0.00759     0.05538
    -6.17503     0.01207     0.00729     0.00594     0.00665     0.00098     0.00065     0.01618     0.00063     0.00759     0.05798
    -6.07803     0.01328     0.00730     0.00595     0.00667     0.00448     0.00289     0.01620     0.00277     0.00761     0.06715
    -5.98003     0.01529     0.00732     0.00598     0.00672     0.01062     0.00737     0.01631     0.00653     0.00772     0.08387
    -5.88303     0.01796     0.00738     0.00606     0.00682     0.01897     0.01505     0.01678     0.01186     0.00817     0.10905
    -5.78503     0.02142     0.00748     0.00623     0.00701     0.03017     0.02866     0.01857     0.01924     0.01020     0.14897
    -5.68703     0.02569     0.00765     0.00663     0.00733     0.04546     0.05324     0.02611     0.02898     0.01900     0.22011
    -5.59003     0.03010     0.00800     0.00740     0.00784     0.06683     0.08549     0.04646     0.04087     0.03582     0.32880
    -5.49203     0.03335     0.00871     0.00821     0.00850     0.09210     0.11465     0.07540     0.05407     0.05283     0.44781
    -5.39403     0.03531     0.00923     0.00868     0.00899     0.10872     0.13324     0.09487     0.06713     0.06944     0.53561
    -5.29703     0.03720     0.00940     0.00903     0.00938     0.11529     0.14728     0.10652     0.08397     0.09252     0.61059
    -5.19903     0.03980     0.00968     0.01002     0.01006     0.13172     0.17116     0.13542     0.11360     0.12360     0.74507
    -5.10103     0.04275     0.00995     0.01136     0.01079     0.16631     0.19562     0.19563     0.14476     0.17055     0.94773
    -5.00403     0.04509     0.01012     0.01217     0.01136     0.19983     0.21291     0.28656     0.16830     0.25712     1.20346
    -4.90603     0.04779     0.01048     0.01285     0.01217     0.23066     0.23262     0.39606     0.19116     0.39342     1.52720
    -4.80903     0.05011     0.01087     0.01347     0.01291     0.25649     0.24911     0.46620     0.20636     0.48248     1.74802
    -4.71103     0.05136     0.01106     0.01403     0.01334     0.27024     0.26109     0.48486     0.21656     0.50291     1.82544
    -4.61303     0.05348     0.01135     0.01526     0.01406     0.29442     0.28703     0.50258     0.23501     0.53025     1.94344
    -4.51603     0.05582     0.01175     0.01757     0.01505     0.32993     0.32104     0.52290     0.25571     0.55846     2.08825
    -4.41803     0.05797     0.01217     0.01991     0.01685     0.37266     0.35786     0.54203     0.27490     0.58126     2.23561
    -4.32003     0.06058     0.01275     0.02092     0.01916     0.41645     0.39860     0.56570     0.29958     0.60125     2.39499
    -4.22303     0.06299     0.01331     0.02109     0.02039     0.44996     0.43175     0.58622     0.33111     0.61609     2.53291
    -4.12503     0.06471     0.01366     0.02125     0.02070     0.48560     0.46463     0.60183     0.37351     0.62772     2.67361
    -4.02703     0.06592     0.01391     0.02147     0.02092     0.53103     0.50548     0.61755     0.42896     0.64072     2.84596
    -3.93003     0.06668     0.01411     0.02171     0.02112     0.56374     0.53537     0.62902     0.46827     0.65195     2.97198
    -3.83203     0.06710     0.01422     0.02187     0.02130     0.57564     0.54566     0.63344     0.48164     0.65797     3.01883
    -3.73503     0.06724     0.01428     0.02197     0.02143     0.58152     0.54971     0.63485     0.48748     0.66064     3.03911
    -3.63703     0.06742     0.01448     0.02235     0.02172     0.59444     0.55601     0.63719     0.49835     0.66280     3.07475
    -3.53903     0.06836     0.01489     0.02323     0.02243     0.62393     0.57635     0.64332     0.52817     0.66849     3.16918
    -3.44203     0.07136     0.01560     0.02485     0.02380     0.65487     0.61089     0.65003     0.56493     0.67547     3.29181
    -3.34403     0.07645     0.01638     0.02700     0.02527     0.67834     0.65086     0.65472     0.59750     0.68118     3.40769
    -3.24603     0.08224     0.01681     0.02837     0.02617     0.69779     0.68465     0.65811     0.62600     0.68489     3.50505
    -3.14903     0.08829     0.01711     0.02883     0.02670     0.72194     0.71141     0.66109     0.65141     0.68645     3.59323
    -3.05103     0.09401     0.01765     0.02929     0.02737     0.74579     0.73525     0.66379     0.69456     0.68831     3.69603
    -2.95303     0.09910     0.01855     0.02991     0.02828     0.76546     0.76049     0.66627     0.74467     0.69041     3.80315
    -2.85603     0.10295     0.01942     0.03049     0.02906     0.78207     0.78668     0.66887     0.77642     0.69196     3.88794
    -2.75803     0.10491     0.02014     0.03099     0.02977     0.79072     0.80398     0.67112     0.79367     0.69336     3.93866
    -2.66103     0.10644     0.02122     0.03169     0.03070     0.80471     0.81761     0.67337     0.80660     0.69481     3.98715
    -2.56303     0.10848     0.02273     0.03275     0.03206     0.83001     0.83336     0.67598     0.82254     0.69644     4.05436
    -2.46503     0.11060     0.02429     0.03419     0.03449     0.86111     0.84939     0.67888     0.83963     0.69825     4.13084
    -2.36803     0.11214     0.02537     0.03543     0.03709     0.88245     0.86065     0.68153     0.85244     0.69994     4.18704
    -2.27003     0.11312     0.02717     0.03646     0.03911     0.89344     0.87135     0.68359     0.86333     0.70143     4.22900
    -2.17203     0.11397     0.03001     0.03780     0.04089     0.90489     0.88756     0.68581     0.87720     0.70316     4.28130
    -2.07503     0.11471     0.03240     0.03909     0.04219     0.91550     0.90271     0.68832     0.89053     0.70517     4.33061
    -1.97703     0.11525     0.03407     0.04016     0.04321     0.92449     0.91246     0.69057     0.90116     0.70728     4.36867
    -1.87903     0.11562     0.03517     0.04106     0.04406     0.93169     0.91854     0.69253     0.90925     0.70950     4.39742
    -1.78203     0.11586     0.03616     0.04191     0.04494     0.93789     0.92351     0.69425     0.91633     0.71158     4.42243
    -1.68403     0.11603     0.03704     0.04270     0.04567     0.94312     0.92725     0.69575     0.92251     0.71324     4.44331
    -1.58703     0.11615     0.03767     0.04342     0.04614     0.94718     0.92951     0.69703     0.92756     0.71450     4.45916
    -1.48903     0.11627     0.03818     0.04416     0.04652     0.95044     0.93138     0.69815     0.93261     0.71541     4.47313
    -1.39103     0.11638     0.03855     0.04483     0.04678     0.95267     0.93271     0.69907     0.93652     0.71636     4.48388
    -1.29403     0.11642     0.03880     0.04524     0.04688     0.95366     0.93323     0.69997     0.93802     0.71809     4.49030
    -1.19603     0.11644     0.03894     0.04541     0.04694     0.95425     0.93344     0.70393     0.93855     0.72176     4.49966
    -1.09803     0.11649     0.03906     0.04552     0.04705     0.95498     0.93385     0.71471     0.93910     0.72956     4.52032
    -1.00103     0.11658     0.03919     0.04568     0.04722     0.95582     0.93459     0.73152     0.93982     0.74328     4.55371
    -0.90303     0.11670     0.03934     0.04585     0.04741     0.95671     0.93568     0.75416     0.94072     0.76250     4.59907
    -0.80503     0.11688     0.03950     0.04601     0.04763     0.95778     0.93722     0.79013     0.94187     0.78995     4.66697
    -0.70803     0.11706     0.03961     0.04615     0.04783     0.95879     0.93889     0.82465     0.94297     0.81910     4.73505
    -0.61003     0.11720     0.03971     0.04627     0.04802     0.95962     0.94030     0.85344     0.94419     0.85034     4.79908
    -0.51303     0.11734     0.03982     0.04637     0.04820     0.96080     0.94156     0.90336     0.94667     0.89720     4.90130
    -0.41503     0.11744     0.03994     0.04644     0.04832     0.96253     0.94264     0.96311     0.94952     0.95382     5.02375
    -0.31703     0.11749     0.04002     0.04649     0.04839     0.96394     0.94324     0.99793     0.95079     0.99329     5.10158
    -0.22003     0.11751     0.04005     0.04651     0.04841     0.96441     0.94343     1.00668     0.95097     1.00745     5.12543
    -0.12203     0.11752     0.04006     0.04652     0.04842     0.96449     0.94352     1.00802     0.95109     1.01211     5.13175
    -0.02403     0.11752     0.04006     0.04652     0.04843     0.96451     0.94356     1.00851     0.95115     1.01354     5.13380
     0.07297     0.11752     0.04006     0.04652     0.04843     0.96451     0.94356     1.00851     0.95115     1.01354     5.13380
     0.17097     0.11752     0.04006     0.04652     0.04843     0.96451     0.94356     1.00851     0.95115     1.01354     5.13380
     0.26897     0.11752     0.04006     0.04652     0.04843     0.96451     0.94356     1.00851     0.95115     1.01354     5.13380
     0.36597     0.11752     0.04006     0.04652     0.04843     0.96451     0.94356     1.00851     0.95115     1.01354     5.13380
     0.46397     0.11752     0.04006     0.04652     0.04843     0.96451     0.94356     1.00851     0.95115     1.01354     5.13380
     0.56097     0.11752     0.04006     0.04652     0.04843     0.96451     0.94356     1.00851     0.95115     1.01354     5.13380
     0.65897     0.11752     0.04006     0.04652     0.04843     0.96451     0.94356     1.00851     0.95115     1.01354     5.13380
     0.75697     0.11752     0.04006     0.04652     0.04843     0.96451     0.94356     1.00851     0.95115     1.01354     5.13380
     0.85397     0.11752     0.04006     0.04652     0.04843     0.96451     0.94356     1.00851     0.95115     1.01354     5.13380
     0.95197     0.11752     0.04006     0.04652     0.04843     0.96451     0.94356     1.00851     0.95115     1.01354     5.13380
     1.04997     0.11752     0.04006     0.04652     0.04843     0.96451     0.94356     1.00851     0.95115     1.01354     5.13380
     1.14697     0.11752     0.04006     0.04652     0.04843     0.96451     0.94356     1.00851     0.95115     1.01354     5.13380
     1.24497     0.11752     0.04006     0.04652     0.04843     0.96451     0.94356     1.00851     0.95115     1.01354     5.13380
     1.34297     0.11752     0.04006     0.04652     0.04843     0.96451     0.94356     1.00851     0.95115     1.01354     5.13380
     1.43997     0.11752     0.04006     0.04652     0.04843     0.96451     0.94356     1.00851     0.95115     1.01354     5.13380
     1.53797     0.11752     0.04006     0.04652     0.04843     0.96451     0.94356     1.00851     0.95115     1.01354     5.13380
     1.63497     0.11752     0.04006     0.04652     0.04843     0.96451     0.94356     1.00851     0.95115     1.01354     5.13380
     1.73297     0.11752     0.04006     0.04652     0.04843     0.96451     0.94356     1.00851     0.95115     1.01354     5.13380
     1.83097     0.11752     0.04006     0.04652     0.04843     0.96451     0.94356     1.00851     0.95115     1.01354     5.13380
     1.92797     0.11752     0.04006     0.04652     0.04843     0.96451     0.94356     1.00851     0.95115     1.01354     5.13380
     2.02597     0.11752     0.04006     0.04652     0.04843     0.96451     0.94356     1.00851     0.95115     1.01354     5.13380
     2.12397     0.11752     0.04006     0.04652     0.04843     0.96451     0.94356     1.00851     0.95115     1.01354     5.13380
     2.22097     0.11752     0.04006     0.04652     0.04843     0.96451     0.94356     1.00851     0.95115     1.01354     5.13380
     2.31897     0.11754     0.04006     0.04652     0.04843     0.96451     0.94356     1.00851     0.95115     1.01354     5.13383
     2.41697     0.11765     0.04006     0.04652     0.04843     0.96451     0.94356     1.00851     0.95115     1.01354     5.13394
     2.51397     0.11785     0.04006     0.04652     0.04843     0.96451     0.94356     1.00851     0.95115     1.01354     5.13414
     2.61197     0.11808     0.04006     0.04652     0.04843     0.96451     0.94356     1.00851     0.95115     1.01354     5.13438
     2.70897     0.11837     0.04007     0.04652     0.04844     0.96451     0.94356     1.00851     0.95115     1.01354     5.13468
     2.80697     0.11870     0.04007     0.04653     0.04845     0.96451     0.94356     1.00852     0.95115     1.01354     5.13503
     2.90497     0.11909     0.04008     0.04653     0.04846     0.96451     0.94356     1.00852     0.95115     1.01355     5.13544
     3.00197     0.11952     0.04008     0.04653     0.04847     0.96452     0.94356     1.00852     0.95115     1.01355     5.13590
     3.09997     0.12001     0.04009     0.04654     0.04848     0.96452     0.94356     1.00852     0.95115     1.01355     5.13643
     3.19797     0.12055     0.04010     0.04654     0.04850     0.96452     0.94356     1.00853     0.95115     1.01356     5.13701
     3.29497     0.12115     0.04011     0.04655     0.04853     0.96452     0.94356     1.00853     0.95115     1.01357     5.13767
     3.39297     0.12180     0.04013     0.04656     0.04855     0.96452     0.94356     1.00854     0.95115     1.01358     5.13840
     3.49097     0.12252     0.04015     0.04657     0.04859     0.96452     0.94356     1.00855     0.95116     1.01359     5.13920
     3.58797     0.12331     0.04017     0.04658     0.04862     0.96453     0.94356     1.00856     0.95116     1.01361     5.14009
     3.68597     0.12417     0.04020     0.04660     0.04867     0.96453     0.94356     1.00857     0.95116     1.01362     5.14107
     3.78297     0.12510     0.04023     0.04661     0.04872     0.96453     0.94356     1.00858     0.95116     1.01365     5.14214
     3.88097     0.12613     0.04026     0.04664     0.04877     0.96454     0.94357     1.00859     0.95116     1.01367     5.14332
     3.97897     0.12724     0.04031     0.04666     0.04884     0.96454     0.94357     1.00861     0.95116     1.01370     5.14463
     4.07597     0.12847     0.04036     0.04670     0.04891     0.96454     0.94357     1.00863     0.95117     1.01373     5.14607
     4.17397     0.12980     0.04042     0.04673     0.04899     0.96455     0.94357     1.00865     0.95117     1.01376     5.14765
     4.27197     0.13127     0.04048     0.04678     0.04908     0.96455     0.94358     1.00868     0.95117     1.01380     5.14939
     4.36897     0.13289     0.04056     0.04683     0.04918     0.96456     0.94358     1.00871     0.95118     1.01384     5.15133
     4.46697     0.13469     0.04065     0.04690     0.04930     0.96457     0.94359     1.00874     0.95118     1.01389     5.15349
     4.56497     0.13675     0.04075     0.04697     0.04944     0.96457     0.94359     1.00877     0.95119     1.01393     5.15597
     4.66197     0.13915     0.04087     0.04707     0.04959     0.96458     0.94361     1.00880     0.95119     1.01399     5.15885
     4.75997     0.14183     0.04114     0.04729     0.04980     0.96465     0.94375     1.00884     0.95121     1.01404     5.16256
     4.85697     0.14482     0.04166     0.04771     0.05017     0.96549     0.94407     1.00889     0.95123     1.01410     5.16815
     4.95497     0.14803     0.04225     0.04817     0.05062     0.96696     0.94447     1.00894     0.95126     1.01417     5.17488
     5.05297     0.15117     0.04276     0.04857     0.05105     0.96825     0.94495     1.00900     0.95129     1.01424     5.18127
     5.14997     0.15417     0.04320     0.04894     0.05144     0.96938     0.94550     1.00905     0.95132     1.01431     5.18731
     5.24797     0.15700     0.04360     0.04929     0.05182     0.97044     0.94607     1.00910     0.95135     1.01437     5.19305
     5.34597     0.16034     0.04406     0.04973     0.05230     0.97145     0.94671     1.00917     0.95139     1.01446     5.19960
     5.44297     0.16446     0.04469     0.05034     0.05299     0.97248     0.94758     1.00926     0.95144     1.01458     5.20783
     5.54097     0.16830     0.04546     0.05110     0.05380     0.97339     0.94848     1.00934     0.95153     1.01470     5.21610
     5.63797     0.17166     0.04619     0.05187     0.05458     0.97401     0.94918     1.00940     0.95161     1.01480     5.22330
     5.73597     0.17497     0.04681     0.05257     0.05529     0.97446     0.94962     1.00946     0.95165     1.01488     5.22970
     5.83397     0.17830     0.04750     0.05330     0.05608     0.97499     0.95021     1.00952     0.95170     1.01497     5.23657
     5.93097     0.18170     0.04840     0.05420     0.05710     0.97564     0.95107     1.00961     0.95183     1.01508     5.24463
     6.02897     0.18490     0.04945     0.05526     0.05828     0.97622     0.95175     1.00970     0.95201     1.01518     5.25274
     6.12697     0.18790     0.05077     0.05658     0.05973     0.97674     0.95223     1.00980     0.95216     1.01528     5.26120
     6.22397     0.19090     0.05228     0.05807     0.06140     0.97723     0.95264     1.00992     0.95233     1.01539     5.27016
     6.32197     0.19390     0.05355     0.05933     0.06286     0.97764     0.95294     1.01006     0.95249     1.01550     5.27828
     6.41997     0.19696     0.05462     0.06031     0.06413     0.97800     0.95318     1.01021     0.95261     1.01559     5.28562
     6.51697     0.20009     0.05570     0.06117     0.06544     0.97832     0.95342     1.01037     0.95272     1.01569     5.29292
     6.61497     0.20277     0.05649     0.06181     0.06633     0.97852     0.95361     1.01049     0.95283     1.01580     5.29865
     6.71197     0.20482     0.05689     0.06224     0.06684     0.97862     0.95377     1.01057     0.95295     1.01591     5.30260
     6.80997     0.20655     0.05718     0.06261     0.06734     0.97872     0.95390     1.01063     0.95308     1.01600     5.30601
     6.90797     0.20788     0.05744     0.06289     0.06770     0.97883     0.95402     1.01068     0.95319     1.01607     5.30871
     7.00497     0.20863     0.05776     0.06313     0.06791     0.97891     0.95413     1.01073     0.95327     1.01613     5.31059
     7.10297     0.20949     0.05813     0.06349     0.06811     0.97897     0.95423     1.01080     0.95333     1.01619     5.31274
     7.20097     0.21260     0.05858     0.06420     0.06862     0.97903     0.95434     1.01095     0.95339     1.01631     5.31803
     7.29797     0.21579     0.05897     0.06488     0.06921     0.97906     0.95441     1.01109     0.95342     1.01643     5.32326
     7.39597     0.21670     0.05915     0.06512     0.06948     0.97907     0.95442     1.01114     0.95343     1.01648     5.32500
     7.49397     0.21690     0.05921     0.06517     0.06955     0.97907     0.95443     1.01115     0.95344     1.01649     5.32540
     7.59097     0.21690     0.05921     0.06517     0.06955     0.97907     0.95443     1.01115     0.95344     1.01649     5.32540
     7.68897     0.21690     0.05921     0.06517     0.06955     0.97907     0.95443     1.01115     0.95344     1.01649     5.32540
     7.78597     0.21690     0.05921     0.06517     0.06955     0.97907     0.95443     1.01115     0.95344     1.01649     5.32540
     7.88397     0.21690     0.05921     0.06517     0.06955     0.97907     0.95443     1.01115     0.95344     1.01649     5.32540
     7.98197     0.21690     0.05921     0.06517     0.06955     0.97907     0.95443     1.01115     0.95344     1.01649     5.32540
     8.07897     0.21690     0.05921     0.06517     0.06955     0.97907     0.95443     1.01115     0.95344     1.01649     5.32540
     8.17697     0.21690     0.05921     0.06517     0.06955     0.97907     0.95443     1.01115     0.95344     1.01649     5.32540
     8.27497     0.21690     0.05921     0.06517     0.06955     0.97907     0.95443     1.01115     0.95344     1.01649     5.32540
     8.37197     0.21690     0.05921     0.06517     0.06955     0.97907     0.95443     1.01115     0.95344     1.01649     5.32540
     8.46997     0.21690     0.05921     0.06517     0.06955     0.97907     0.95443     1.01115     0.95344     1.01649     5.32540
     8.56797     0.21690     0.05921     0.06517     0.06955     0.97907     0.95443     1.01115     0.95344     1.01649     5.32540
     8.66497     0.21690     0.05921     0.06517     0.06955     0.97907     0.95443     1.01115     0.95344     1.01649     5.32540
     8.76297     0.21690     0.05921     0.06517     0.06955     0.97907     0.95443     1.01115     0.95344     1.01649     5.32540
     8.85997     0.21690     0.05921     0.06517     0.06955     0.97907     0.95443     1.01115     0.95344     1.01649     5.32540
     8.95797     0.21690     0.05921     0.06517     0.06955     0.97907     0.95443     1.01115     0.95344     1.01649     5.32540
     9.05597     0.21690     0.05921     0.06517     0.06955     0.97907     0.95443     1.01115     0.95344     1.01649     5.32540
     9.15297     0.21690     0.05921     0.06517     0.06955     0.97907     0.95443     1.01115     0.95344     1.01649     5.32540
     9.25097     0.21690     0.05921     0.06517     0.06955     0.97907     0.95443     1.01115     0.95344     1.01649     5.32540
     9.34897     0.21690     0.05921     0.06517     0.06955     0.97907     0.95443     1.01115     0.95344     1.01649     5.32540
     9.44597     0.21690     0.05921     0.06517     0.06955     0.97907     0.95443     1.01115     0.95344     1.01649     5.32540
     9.54397     0.21690     0.05921     0.06517     0.06955     0.97907     0.95443     1.01115     0.95344     1.01649     5.32540
