Automatically generated mesh
     744
Reciprocal lattice
    0.01666666666667    0.01666666666667    0.01666666666667             8
    0.05000000000000    0.01666666666667    0.01666666666667            24
    0.08333333333333    0.01666666666667    0.01666666666667            24
    0.11666666666667    0.01666666666667    0.01666666666667            24
    0.15000000000000    0.01666666666667    0.01666666666667            24
    0.18333333333333    0.01666666666667    0.01666666666667            24
    0.21666666666667    0.01666666666667    0.01666666666667            24
    0.25000000000000    0.01666666666667    0.01666666666667            24
    0.28333333333333    0.01666666666667    0.01666666666667            24
    0.31666666666667    0.01666666666667    0.01666666666667            24
    0.35000000000000    0.01666666666667    0.01666666666667            24
    0.38333333333333    0.01666666666667    0.01666666666667            24
    0.41666666666667    0.01666666666667    0.01666666666667            24
    0.45000000000000    0.01666666666667    0.01666666666667            24
    0.48333333333333    0.01666666666667    0.01666666666667            12
   -0.01666666666667    0.01666666666667    0.01666666666667             6
    0.05000000000000    0.05000000000000    0.01666666666667            24
    0.08333333333333    0.05000000000000    0.01666666666667            48
    0.11666666666667    0.05000000000000    0.01666666666667            48
    0.15000000000000    0.05000000000000    0.01666666666667            48
    0.18333333333333    0.05000000000000    0.01666666666667            48
    0.21666666666667    0.05000000000000    0.01666666666667            48
    0.25000000000000    0.05000000000000    0.01666666666667            48
    0.28333333333333    0.05000000000000    0.01666666666667            48
    0.31666666666667    0.05000000000000    0.01666666666667            48
    0.35000000000000    0.05000000000000    0.01666666666667            48
    0.38333333333333    0.05000000000000    0.01666666666667            48
    0.41666666666667    0.05000000000000    0.01666666666667            48
    0.45000000000000    0.05000000000000    0.01666666666667            48
   -0.05000000000000    0.05000000000000    0.01666666666667            24
    0.08333333333333    0.08333333333333    0.01666666666667            24
    0.11666666666667    0.08333333333333    0.01666666666667            48
    0.15000000000000    0.08333333333333    0.01666666666667            48
    0.18333333333333    0.08333333333333    0.01666666666667            48
    0.21666666666667    0.08333333333333    0.01666666666667            48
    0.25000000000000    0.08333333333333    0.01666666666667            48
    0.28333333333333    0.08333333333333    0.01666666666667            48
    0.31666666666667    0.08333333333333    0.01666666666667            48
    0.35000000000000    0.08333333333333    0.01666666666667            48
    0.38333333333333    0.08333333333333    0.01666666666667            48
    0.41666666666667    0.08333333333333    0.01666666666667            48
    0.45000000000000    0.08333333333333    0.01666666666667            24
   -0.08333333333333    0.08333333333333    0.01666666666667            24
   -0.05000000000000    0.08333333333333    0.01666666666667            24
    0.11666666666667    0.11666666666667    0.01666666666667            24
    0.15000000000000    0.11666666666667    0.01666666666667            48
    0.18333333333333    0.11666666666667    0.01666666666667            48
    0.21666666666667    0.11666666666667    0.01666666666667            48
    0.25000000000000    0.11666666666667    0.01666666666667            48
    0.28333333333333    0.11666666666667    0.01666666666667            48
    0.31666666666667    0.11666666666667    0.01666666666667            48
    0.35000000000000    0.11666666666667    0.01666666666667            48
    0.38333333333333    0.11666666666667    0.01666666666667            48
    0.41666666666667    0.11666666666667    0.01666666666667            48
   -0.11666666666667    0.11666666666667    0.01666666666667            24
   -0.08333333333333    0.11666666666667    0.01666666666667            48
    0.15000000000000    0.15000000000000    0.01666666666667            24
    0.18333333333333    0.15000000000000    0.01666666666667            48
    0.21666666666667    0.15000000000000    0.01666666666667            48
    0.25000000000000    0.15000000000000    0.01666666666667            48
    0.28333333333333    0.15000000000000    0.01666666666667            48
    0.31666666666667    0.15000000000000    0.01666666666667            48
    0.35000000000000    0.15000000000000    0.01666666666667            48
    0.38333333333333    0.15000000000000    0.01666666666667            48
    0.41666666666667    0.15000000000000    0.01666666666667            24
   -0.15000000000000    0.15000000000000    0.01666666666667            24
   -0.11666666666667    0.15000000000000    0.01666666666667            48
   -0.08333333333333    0.15000000000000    0.01666666666667            24
    0.18333333333333    0.18333333333333    0.01666666666667            24
    0.21666666666667    0.18333333333333    0.01666666666667            48
    0.25000000000000    0.18333333333333    0.01666666666667            48
    0.28333333333333    0.18333333333333    0.01666666666667            48
    0.31666666666667    0.18333333333333    0.01666666666667            48
    0.35000000000000    0.18333333333333    0.01666666666667            48
    0.38333333333333    0.18333333333333    0.01666666666667            48
   -0.18333333333333    0.18333333333333    0.01666666666667            24
   -0.15000000000000    0.18333333333333    0.01666666666667            48
   -0.11666666666667    0.18333333333333    0.01666666666667            48
    0.21666666666667    0.21666666666667    0.01666666666667            24
    0.25000000000000    0.21666666666667    0.01666666666667            48
    0.28333333333333    0.21666666666667    0.01666666666667            48
    0.31666666666667    0.21666666666667    0.01666666666667            48
    0.35000000000000    0.21666666666667    0.01666666666667            48
    0.38333333333333    0.21666666666667    0.01666666666667            24
   -0.21666666666667    0.21666666666667    0.01666666666667            24
   -0.18333333333333    0.21666666666667    0.01666666666667            48
   -0.15000000000000    0.21666666666667    0.01666666666667            48
   -0.11666666666667    0.21666666666667    0.01666666666667            24
    0.25000000000000    0.25000000000000    0.01666666666667            24
    0.28333333333333    0.25000000000000    0.01666666666667            48
    0.31666666666667    0.25000000000000    0.01666666666667            48
    0.35000000000000    0.25000000000000    0.01666666666667            48
   -0.25000000000000    0.25000000000000    0.01666666666667            24
   -0.21666666666667    0.25000000000000    0.01666666666667            48
   -0.18333333333333    0.25000000000000    0.01666666666667            48
   -0.15000000000000    0.25000000000000    0.01666666666667            48
    0.28333333333333    0.28333333333333    0.01666666666667            24
    0.31666666666667    0.28333333333333    0.01666666666667            48
    0.35000000000000    0.28333333333333    0.01666666666667            24
   -0.28333333333333    0.28333333333333    0.01666666666667            24
   -0.25000000000000    0.28333333333333    0.01666666666667            48
   -0.21666666666667    0.28333333333333    0.01666666666667            48
   -0.18333333333333    0.28333333333333    0.01666666666667            48
   -0.15000000000000    0.28333333333333    0.01666666666667            24
    0.31666666666667    0.31666666666667    0.01666666666667            24
   -0.31666666666667    0.31666666666667    0.01666666666667            24
   -0.28333333333333    0.31666666666667    0.01666666666667            48
   -0.25000000000000    0.31666666666667    0.01666666666667            48
   -0.21666666666667    0.31666666666667    0.01666666666667            48
   -0.18333333333333    0.31666666666667    0.01666666666667            48
   -0.35000000000000    0.35000000000000    0.01666666666667            24
   -0.31666666666667    0.35000000000000    0.01666666666667            48
   -0.28333333333333    0.35000000000000    0.01666666666667            48
   -0.25000000000000    0.35000000000000    0.01666666666667            48
   -0.21666666666667    0.35000000000000    0.01666666666667            48
   -0.18333333333333    0.35000000000000    0.01666666666667            24
   -0.38333333333333    0.38333333333333    0.01666666666667            24
   -0.35000000000000    0.38333333333333    0.01666666666667            48
   -0.31666666666667    0.38333333333333    0.01666666666667            48
   -0.28333333333333    0.38333333333333    0.01666666666667            48
   -0.25000000000000    0.38333333333333    0.01666666666667            48
   -0.21666666666667    0.38333333333333    0.01666666666667            48
   -0.41666666666667    0.41666666666667    0.01666666666667            24
   -0.38333333333333    0.41666666666667    0.01666666666667            48
   -0.35000000000000    0.41666666666667    0.01666666666667            48
   -0.31666666666667    0.41666666666667    0.01666666666667            48
   -0.28333333333333    0.41666666666667    0.01666666666667            48
   -0.25000000000000    0.41666666666667    0.01666666666667            48
   -0.21666666666667    0.41666666666667    0.01666666666667            24
   -0.45000000000000    0.45000000000000    0.01666666666667            24
   -0.41666666666667    0.45000000000000    0.01666666666667            48
   -0.38333333333333    0.45000000000000    0.01666666666667            48
   -0.35000000000000    0.45000000000000    0.01666666666667            48
   -0.31666666666667    0.45000000000000    0.01666666666667            48
   -0.28333333333333    0.45000000000000    0.01666666666667            48
   -0.25000000000000    0.45000000000000    0.01666666666667            48
   -0.48333333333333    0.48333333333333    0.01666666666667            24
   -0.45000000000000    0.48333333333333    0.01666666666667            48
   -0.41666666666667    0.48333333333333    0.01666666666667            48
   -0.38333333333333    0.48333333333333    0.01666666666667            48
   -0.35000000000000    0.48333333333333    0.01666666666667            48
   -0.31666666666667    0.48333333333333    0.01666666666667            48
   -0.28333333333333    0.48333333333333    0.01666666666667            48
   -0.25000000000000    0.48333333333333    0.01666666666667            24
   -0.48333333333333   -0.48333333333333    0.01666666666667            24
   -0.45000000000000   -0.48333333333333    0.01666666666667            48
   -0.41666666666667   -0.48333333333333    0.01666666666667            48
   -0.38333333333333   -0.48333333333333    0.01666666666667            48
   -0.35000000000000   -0.48333333333333    0.01666666666667            48
   -0.31666666666667   -0.48333333333333    0.01666666666667            48
   -0.28333333333333   -0.48333333333333    0.01666666666667            48
   -0.45000000000000   -0.45000000000000    0.01666666666667            24
   -0.41666666666667   -0.45000000000000    0.01666666666667            48
   -0.38333333333333   -0.45000000000000    0.01666666666667            48
   -0.35000000000000   -0.45000000000000    0.01666666666667            48
   -0.31666666666667   -0.45000000000000    0.01666666666667            48
   -0.28333333333333   -0.45000000000000    0.01666666666667            24
   -0.41666666666667   -0.41666666666667    0.01666666666667            24
   -0.38333333333333   -0.41666666666667    0.01666666666667            48
   -0.35000000000000   -0.41666666666667    0.01666666666667            48
   -0.31666666666667   -0.41666666666667    0.01666666666667            48
   -0.38333333333333   -0.38333333333333    0.01666666666667            24
   -0.35000000000000   -0.38333333333333    0.01666666666667            48
   -0.31666666666667   -0.38333333333333    0.01666666666667            24
   -0.35000000000000   -0.35000000000000    0.01666666666667            24
    0.05000000000000    0.05000000000000    0.05000000000000             8
    0.08333333333333    0.05000000000000    0.05000000000000            24
    0.11666666666667    0.05000000000000    0.05000000000000            24
    0.15000000000000    0.05000000000000    0.05000000000000            24
    0.18333333333333    0.05000000000000    0.05000000000000            24
    0.21666666666667    0.05000000000000    0.05000000000000            24
    0.25000000000000    0.05000000000000    0.05000000000000            24
    0.28333333333333    0.05000000000000    0.05000000000000            24
    0.31666666666667    0.05000000000000    0.05000000000000            24
    0.35000000000000    0.05000000000000    0.05000000000000            24
    0.38333333333333    0.05000000000000    0.05000000000000            24
    0.41666666666667    0.05000000000000    0.05000000000000            24
    0.45000000000000    0.05000000000000    0.05000000000000            12
   -0.05000000000000    0.05000000000000    0.05000000000000             6
    0.08333333333333    0.08333333333333    0.05000000000000            24
    0.11666666666667    0.08333333333333    0.05000000000000            48
    0.15000000000000    0.08333333333333    0.05000000000000            48
    0.18333333333333    0.08333333333333    0.05000000000000            48
    0.21666666666667    0.08333333333333    0.05000000000000            48
    0.25000000000000    0.08333333333333    0.05000000000000            48
    0.28333333333333    0.08333333333333    0.05000000000000            48
    0.31666666666667    0.08333333333333    0.05000000000000            48
    0.35000000000000    0.08333333333333    0.05000000000000            48
    0.38333333333333    0.08333333333333    0.05000000000000            48
    0.41666666666667    0.08333333333333    0.05000000000000            48
   -0.08333333333333    0.08333333333333    0.05000000000000            24
    0.11666666666667    0.11666666666667    0.05000000000000            24
    0.15000000000000    0.11666666666667    0.05000000000000            48
    0.18333333333333    0.11666666666667    0.05000000000000            48
    0.21666666666667    0.11666666666667    0.05000000000000            48
    0.25000000000000    0.11666666666667    0.05000000000000            48
    0.28333333333333    0.11666666666667    0.05000000000000            48
    0.31666666666667    0.11666666666667    0.05000000000000            48
    0.35000000000000    0.11666666666667    0.05000000000000            48
    0.38333333333333    0.11666666666667    0.05000000000000            48
    0.41666666666667    0.11666666666667    0.05000000000000            24
   -0.11666666666667    0.11666666666667    0.05000000000000            24
   -0.08333333333333    0.11666666666667    0.05000000000000            24
    0.15000000000000    0.15000000000000    0.05000000000000            24
    0.18333333333333    0.15000000000000    0.05000000000000            48
    0.21666666666667    0.15000000000000    0.05000000000000            48
    0.25000000000000    0.15000000000000    0.05000000000000            48
    0.28333333333333    0.15000000000000    0.05000000000000            48
    0.31666666666667    0.15000000000000    0.05000000000000            48
    0.35000000000000    0.15000000000000    0.05000000000000            48
    0.38333333333333    0.15000000000000    0.05000000000000            48
   -0.15000000000000    0.15000000000000    0.05000000000000            24
   -0.11666666666667    0.15000000000000    0.05000000000000            48
    0.18333333333333    0.18333333333333    0.05000000000000            24
    0.21666666666667    0.18333333333333    0.05000000000000            48
    0.25000000000000    0.18333333333333    0.05000000000000            48
    0.28333333333333    0.18333333333333    0.05000000000000            48
    0.31666666666667    0.18333333333333    0.05000000000000            48
    0.35000000000000    0.18333333333333    0.05000000000000            48
    0.38333333333333    0.18333333333333    0.05000000000000            24
   -0.18333333333333    0.18333333333333    0.05000000000000            24
   -0.15000000000000    0.18333333333333    0.05000000000000            48
   -0.11666666666667    0.18333333333333    0.05000000000000            24
    0.21666666666667    0.21666666666667    0.05000000000000            24
    0.25000000000000    0.21666666666667    0.05000000000000            48
    0.28333333333333    0.21666666666667    0.05000000000000            48
    0.31666666666667    0.21666666666667    0.05000000000000            48
    0.35000000000000    0.21666666666667    0.05000000000000            48
   -0.21666666666667    0.21666666666667    0.05000000000000            24
   -0.18333333333333    0.21666666666667    0.05000000000000            48
   -0.15000000000000    0.21666666666667    0.05000000000000            48
    0.25000000000000    0.25000000000000    0.05000000000000            24
    0.28333333333333    0.25000000000000    0.05000000000000            48
    0.31666666666667    0.25000000000000    0.05000000000000            48
    0.35000000000000    0.25000000000000    0.05000000000000            24
   -0.25000000000000    0.25000000000000    0.05000000000000            24
   -0.21666666666667    0.25000000000000    0.05000000000000            48
   -0.18333333333333    0.25000000000000    0.05000000000000            48
   -0.15000000000000    0.25000000000000    0.05000000000000            24
    0.28333333333333    0.28333333333333    0.05000000000000            24
    0.31666666666667    0.28333333333333    0.05000000000000            48
   -0.28333333333333    0.28333333333333    0.05000000000000            24
   -0.25000000000000    0.28333333333333    0.05000000000000            48
   -0.21666666666667    0.28333333333333    0.05000000000000            48
   -0.18333333333333    0.28333333333333    0.05000000000000            48
    0.31666666666667    0.31666666666667    0.05000000000000             8
   -0.31666666666667    0.31666666666667    0.05000000000000            24
   -0.28333333333333    0.31666666666667    0.05000000000000            48
   -0.25000000000000    0.31666666666667    0.05000000000000            48
   -0.21666666666667    0.31666666666667    0.05000000000000            48
   -0.18333333333333    0.31666666666667    0.05000000000000            24
   -0.35000000000000    0.35000000000000    0.05000000000000            24
   -0.31666666666667    0.35000000000000    0.05000000000000            48
   -0.28333333333333    0.35000000000000    0.05000000000000            48
   -0.25000000000000    0.35000000000000    0.05000000000000            48
   -0.21666666666667    0.35000000000000    0.05000000000000            48
   -0.38333333333333    0.38333333333333    0.05000000000000            24
   -0.35000000000000    0.38333333333333    0.05000000000000            48
   -0.31666666666667    0.38333333333333    0.05000000000000            48
   -0.28333333333333    0.38333333333333    0.05000000000000            48
   -0.25000000000000    0.38333333333333    0.05000000000000            48
   -0.21666666666667    0.38333333333333    0.05000000000000            24
   -0.41666666666667    0.41666666666667    0.05000000000000            24
   -0.38333333333333    0.41666666666667    0.05000000000000            48
   -0.35000000000000    0.41666666666667    0.05000000000000            48
   -0.31666666666667    0.41666666666667    0.05000000000000            48
   -0.28333333333333    0.41666666666667    0.05000000000000            48
   -0.25000000000000    0.41666666666667    0.05000000000000            48
   -0.45000000000000    0.45000000000000    0.05000000000000            24
   -0.41666666666667    0.45000000000000    0.05000000000000            48
   -0.38333333333333    0.45000000000000    0.05000000000000            48
   -0.35000000000000    0.45000000000000    0.05000000000000            48
   -0.31666666666667    0.45000000000000    0.05000000000000            48
   -0.28333333333333    0.45000000000000    0.05000000000000            48
   -0.25000000000000    0.45000000000000    0.05000000000000            24
   -0.48333333333333    0.48333333333333    0.05000000000000            24
   -0.45000000000000    0.48333333333333    0.05000000000000            48
   -0.41666666666667    0.48333333333333    0.05000000000000            48
   -0.38333333333333    0.48333333333333    0.05000000000000            48
   -0.35000000000000    0.48333333333333    0.05000000000000            48
   -0.31666666666667    0.48333333333333    0.05000000000000            48
   -0.28333333333333    0.48333333333333    0.05000000000000            48
   -0.48333333333333   -0.48333333333333    0.05000000000000            24
   -0.45000000000000   -0.48333333333333    0.05000000000000            48
   -0.41666666666667   -0.48333333333333    0.05000000000000            48
   -0.38333333333333   -0.48333333333333    0.05000000000000            48
   -0.35000000000000   -0.48333333333333    0.05000000000000            48
   -0.31666666666667   -0.48333333333333    0.05000000000000            48
   -0.28333333333333   -0.48333333333333    0.05000000000000            24
   -0.45000000000000   -0.45000000000000    0.05000000000000            24
   -0.41666666666667   -0.45000000000000    0.05000000000000            48
   -0.38333333333333   -0.45000000000000    0.05000000000000            48
   -0.35000000000000   -0.45000000000000    0.05000000000000            48
   -0.31666666666667   -0.45000000000000    0.05000000000000            48
   -0.41666666666667   -0.41666666666667    0.05000000000000            24
   -0.38333333333333   -0.41666666666667    0.05000000000000            48
   -0.35000000000000   -0.41666666666667    0.05000000000000            48
   -0.31666666666667   -0.41666666666667    0.05000000000000            24
   -0.38333333333333   -0.38333333333333    0.05000000000000            24
   -0.35000000000000   -0.38333333333333    0.05000000000000            48
   -0.35000000000000   -0.35000000000000    0.05000000000000             8
    0.08333333333333    0.08333333333333    0.08333333333333             8
    0.11666666666667    0.08333333333333    0.08333333333333            24
    0.15000000000000    0.08333333333333    0.08333333333333            24
    0.18333333333333    0.08333333333333    0.08333333333333            24
    0.21666666666667    0.08333333333333    0.08333333333333            24
    0.25000000000000    0.08333333333333    0.08333333333333            24
    0.28333333333333    0.08333333333333    0.08333333333333            24
    0.31666666666667    0.08333333333333    0.08333333333333            24
    0.35000000000000    0.08333333333333    0.08333333333333            24
    0.38333333333333    0.08333333333333    0.08333333333333            24
    0.41666666666667    0.08333333333333    0.08333333333333            12
   -0.08333333333333    0.08333333333333    0.08333333333333             6
    0.11666666666667    0.11666666666667    0.08333333333333            24
    0.15000000000000    0.11666666666667    0.08333333333333            48
    0.18333333333333    0.11666666666667    0.08333333333333            48
    0.21666666666667    0.11666666666667    0.08333333333333            48
    0.25000000000000    0.11666666666667    0.08333333333333            48
    0.28333333333333    0.11666666666667    0.08333333333333            48
    0.31666666666667    0.11666666666667    0.08333333333333            48
    0.35000000000000    0.11666666666667    0.08333333333333            48
    0.38333333333333    0.11666666666667    0.08333333333333            48
   -0.11666666666667    0.11666666666667    0.08333333333333            24
    0.15000000000000    0.15000000000000    0.08333333333333            24
    0.18333333333333    0.15000000000000    0.08333333333333            48
    0.21666666666667    0.15000000000000    0.08333333333333            48
    0.25000000000000    0.15000000000000    0.08333333333333            48
    0.28333333333333    0.15000000000000    0.08333333333333            48
    0.31666666666667    0.15000000000000    0.08333333333333            48
    0.35000000000000    0.15000000000000    0.08333333333333            48
    0.38333333333333    0.15000000000000    0.08333333333333            24
   -0.15000000000000    0.15000000000000    0.08333333333333            24
   -0.11666666666667    0.15000000000000    0.08333333333333            24
    0.18333333333333    0.18333333333333    0.08333333333333            24
    0.21666666666667    0.18333333333333    0.08333333333333            48
    0.25000000000000    0.18333333333333    0.08333333333333            48
    0.28333333333333    0.18333333333333    0.08333333333333            48
    0.31666666666667    0.18333333333333    0.08333333333333            48
    0.35000000000000    0.18333333333333    0.08333333333333            48
   -0.18333333333333    0.18333333333333    0.08333333333333            24
   -0.15000000000000    0.18333333333333    0.08333333333333            48
    0.21666666666667    0.21666666666667    0.08333333333333            24
    0.25000000000000    0.21666666666667    0.08333333333333            48
    0.28333333333333    0.21666666666667    0.08333333333333            48
    0.31666666666667    0.21666666666667    0.08333333333333            48
    0.35000000000000    0.21666666666667    0.08333333333333            24
   -0.21666666666667    0.21666666666667    0.08333333333333            24
   -0.18333333333333    0.21666666666667    0.08333333333333            48
   -0.15000000000000    0.21666666666667    0.08333333333333            24
    0.25000000000000    0.25000000000000    0.08333333333333            24
    0.28333333333333    0.25000000000000    0.08333333333333            48
    0.31666666666667    0.25000000000000    0.08333333333333            48
   -0.25000000000000    0.25000000000000    0.08333333333333            24
   -0.21666666666667    0.25000000000000    0.08333333333333            48
   -0.18333333333333    0.25000000000000    0.08333333333333            48
    0.28333333333333    0.28333333333333    0.08333333333333            24
    0.31666666666667    0.28333333333333    0.08333333333333            24
   -0.28333333333333    0.28333333333333    0.08333333333333            24
   -0.25000000000000    0.28333333333333    0.08333333333333            48
   -0.21666666666667    0.28333333333333    0.08333333333333            48
   -0.18333333333333    0.28333333333333    0.08333333333333            24
   -0.31666666666667    0.31666666666667    0.08333333333333            24
   -0.28333333333333    0.31666666666667    0.08333333333333            48
   -0.25000000000000    0.31666666666667    0.08333333333333            48
   -0.21666666666667    0.31666666666667    0.08333333333333            48
   -0.35000000000000    0.35000000000000    0.08333333333333            24
   -0.31666666666667    0.35000000000000    0.08333333333333            48
   -0.28333333333333    0.35000000000000    0.08333333333333            48
   -0.25000000000000    0.35000000000000    0.08333333333333            48
   -0.21666666666667    0.35000000000000    0.08333333333333            24
   -0.38333333333333    0.38333333333333    0.08333333333333            24
   -0.35000000000000    0.38333333333333    0.08333333333333            48
   -0.31666666666667    0.38333333333333    0.08333333333333            48
   -0.28333333333333    0.38333333333333    0.08333333333333            48
   -0.25000000000000    0.38333333333333    0.08333333333333            48
   -0.41666666666667    0.41666666666667    0.08333333333333            24
   -0.38333333333333    0.41666666666667    0.08333333333333            48
   -0.35000000000000    0.41666666666667    0.08333333333333            48
   -0.31666666666667    0.41666666666667    0.08333333333333            48
   -0.28333333333333    0.41666666666667    0.08333333333333            48
   -0.25000000000000    0.41666666666667    0.08333333333333            24
   -0.45000000000000    0.45000000000000    0.08333333333333            24
   -0.41666666666667    0.45000000000000    0.08333333333333            48
   -0.38333333333333    0.45000000000000    0.08333333333333            48
   -0.35000000000000    0.45000000000000    0.08333333333333            48
   -0.31666666666667    0.45000000000000    0.08333333333333            48
   -0.28333333333333    0.45000000000000    0.08333333333333            48
   -0.48333333333333    0.48333333333333    0.08333333333333            24
   -0.45000000000000    0.48333333333333    0.08333333333333            48
   -0.41666666666667    0.48333333333333    0.08333333333333            48
   -0.38333333333333    0.48333333333333    0.08333333333333            48
   -0.35000000000000    0.48333333333333    0.08333333333333            48
   -0.31666666666667    0.48333333333333    0.08333333333333            48
   -0.28333333333333    0.48333333333333    0.08333333333333            24
   -0.48333333333333   -0.48333333333333    0.08333333333333            24
   -0.45000000000000   -0.48333333333333    0.08333333333333            48
   -0.41666666666667   -0.48333333333333    0.08333333333333            48
   -0.38333333333333   -0.48333333333333    0.08333333333333            48
   -0.35000000000000   -0.48333333333333    0.08333333333333            48
   -0.31666666666667   -0.48333333333333    0.08333333333333            48
   -0.45000000000000   -0.45000000000000    0.08333333333333            24
   -0.41666666666667   -0.45000000000000    0.08333333333333            48
   -0.38333333333333   -0.45000000000000    0.08333333333333            48
   -0.35000000000000   -0.45000000000000    0.08333333333333            48
   -0.31666666666667   -0.45000000000000    0.08333333333333            24
   -0.41666666666667   -0.41666666666667    0.08333333333333            24
   -0.38333333333333   -0.41666666666667    0.08333333333333            48
   -0.35000000000000   -0.41666666666667    0.08333333333333            48
   -0.38333333333333   -0.38333333333333    0.08333333333333            24
   -0.35000000000000   -0.38333333333333    0.08333333333333            24
    0.11666666666667    0.11666666666667    0.11666666666667             8
    0.15000000000000    0.11666666666667    0.11666666666667            24
    0.18333333333333    0.11666666666667    0.11666666666667            24
    0.21666666666667    0.11666666666667    0.11666666666667            24
    0.25000000000000    0.11666666666667    0.11666666666667            24
    0.28333333333333    0.11666666666667    0.11666666666667            24
    0.31666666666667    0.11666666666667    0.11666666666667            24
    0.35000000000000    0.11666666666667    0.11666666666667            24
    0.38333333333333    0.11666666666667    0.11666666666667            12
   -0.11666666666667    0.11666666666667    0.11666666666667             6
    0.15000000000000    0.15000000000000    0.11666666666667            24
    0.18333333333333    0.15000000000000    0.11666666666667            48
    0.21666666666667    0.15000000000000    0.11666666666667            48
    0.25000000000000    0.15000000000000    0.11666666666667            48
    0.28333333333333    0.15000000000000    0.11666666666667            48
    0.31666666666667    0.15000000000000    0.11666666666667            48
    0.35000000000000    0.15000000000000    0.11666666666667            48
   -0.15000000000000    0.15000000000000    0.11666666666667            24
    0.18333333333333    0.18333333333333    0.11666666666667            24
    0.21666666666667    0.18333333333333    0.11666666666667            48
    0.25000000000000    0.18333333333333    0.11666666666667            48
    0.28333333333333    0.18333333333333    0.11666666666667            48
    0.31666666666667    0.18333333333333    0.11666666666667            48
    0.35000000000000    0.18333333333333    0.11666666666667            24
   -0.18333333333333    0.18333333333333    0.11666666666667            24
   -0.15000000000000    0.18333333333333    0.11666666666667            24
    0.21666666666667    0.21666666666667    0.11666666666667            24
    0.25000000000000    0.21666666666667    0.11666666666667            48
    0.28333333333333    0.21666666666667    0.11666666666667            48
    0.31666666666667    0.21666666666667    0.11666666666667            48
   -0.21666666666667    0.21666666666667    0.11666666666667            24
   -0.18333333333333    0.21666666666667    0.11666666666667            48
    0.25000000000000    0.25000000000000    0.11666666666667            24
    0.28333333333333    0.25000000000000    0.11666666666667            48
    0.31666666666667    0.25000000000000    0.11666666666667            24
   -0.25000000000000    0.25000000000000    0.11666666666667            24
   -0.21666666666667    0.25000000000000    0.11666666666667            48
   -0.18333333333333    0.25000000000000    0.11666666666667            24
    0.28333333333333    0.28333333333333    0.11666666666667            24
   -0.28333333333333    0.28333333333333    0.11666666666667            24
   -0.25000000000000    0.28333333333333    0.11666666666667            48
   -0.21666666666667    0.28333333333333    0.11666666666667            48
   -0.31666666666667    0.31666666666667    0.11666666666667            24
   -0.28333333333333    0.31666666666667    0.11666666666667            48
   -0.25000000000000    0.31666666666667    0.11666666666667            48
   -0.21666666666667    0.31666666666667    0.11666666666667            24
   -0.35000000000000    0.35000000000000    0.11666666666667            24
   -0.31666666666667    0.35000000000000    0.11666666666667            48
   -0.28333333333333    0.35000000000000    0.11666666666667            48
   -0.25000000000000    0.35000000000000    0.11666666666667            48
   -0.38333333333333    0.38333333333333    0.11666666666667            24
   -0.35000000000000    0.38333333333333    0.11666666666667            48
   -0.31666666666667    0.38333333333333    0.11666666666667            48
   -0.28333333333333    0.38333333333333    0.11666666666667            48
   -0.25000000000000    0.38333333333333    0.11666666666667            24
   -0.41666666666667    0.41666666666667    0.11666666666667            24
   -0.38333333333333    0.41666666666667    0.11666666666667            48
   -0.35000000000000    0.41666666666667    0.11666666666667            48
   -0.31666666666667    0.41666666666667    0.11666666666667            48
   -0.28333333333333    0.41666666666667    0.11666666666667            48
   -0.45000000000000    0.45000000000000    0.11666666666667            24
   -0.41666666666667    0.45000000000000    0.11666666666667            48
   -0.38333333333333    0.45000000000000    0.11666666666667            48
   -0.35000000000000    0.45000000000000    0.11666666666667            48
   -0.31666666666667    0.45000000000000    0.11666666666667            48
   -0.28333333333333    0.45000000000000    0.11666666666667            24
   -0.48333333333333    0.48333333333333    0.11666666666667            24
   -0.45000000000000    0.48333333333333    0.11666666666667            48
   -0.41666666666667    0.48333333333333    0.11666666666667            48
   -0.38333333333333    0.48333333333333    0.11666666666667            48
   -0.35000000000000    0.48333333333333    0.11666666666667            48
   -0.31666666666667    0.48333333333333    0.11666666666667            48
   -0.48333333333333   -0.48333333333333    0.11666666666667            24
   -0.45000000000000   -0.48333333333333    0.11666666666667            48
   -0.41666666666667   -0.48333333333333    0.11666666666667            48
   -0.38333333333333   -0.48333333333333    0.11666666666667            48
   -0.35000000000000   -0.48333333333333    0.11666666666667            48
   -0.31666666666667   -0.48333333333333    0.11666666666667            24
   -0.45000000000000   -0.45000000000000    0.11666666666667            24
   -0.41666666666667   -0.45000000000000    0.11666666666667            48
   -0.38333333333333   -0.45000000000000    0.11666666666667            48
   -0.35000000000000   -0.45000000000000    0.11666666666667            48
   -0.41666666666667   -0.41666666666667    0.11666666666667            24
   -0.38333333333333   -0.41666666666667    0.11666666666667            48
   -0.35000000000000   -0.41666666666667    0.11666666666667            24
   -0.38333333333333   -0.38333333333333    0.11666666666667            24
    0.15000000000000    0.15000000000000    0.15000000000000             8
    0.18333333333333    0.15000000000000    0.15000000000000            24
    0.21666666666667    0.15000000000000    0.15000000000000            24
    0.25000000000000    0.15000000000000    0.15000000000000            24
    0.28333333333333    0.15000000000000    0.15000000000000            24
    0.31666666666667    0.15000000000000    0.15000000000000            24
    0.35000000000000    0.15000000000000    0.15000000000000            12
   -0.15000000000000    0.15000000000000    0.15000000000000             6
    0.18333333333333    0.18333333333333    0.15000000000000            24
    0.21666666666667    0.18333333333333    0.15000000000000            48
    0.25000000000000    0.18333333333333    0.15000000000000            48
    0.28333333333333    0.18333333333333    0.15000000000000            48
    0.31666666666667    0.18333333333333    0.15000000000000            48
   -0.18333333333333    0.18333333333333    0.15000000000000            24
    0.21666666666667    0.21666666666667    0.15000000000000            24
    0.25000000000000    0.21666666666667    0.15000000000000            48
    0.28333333333333    0.21666666666667    0.15000000000000            48
    0.31666666666667    0.21666666666667    0.15000000000000            24
   -0.21666666666667    0.21666666666667    0.15000000000000            24
   -0.18333333333333    0.21666666666667    0.15000000000000            24
    0.25000000000000    0.25000000000000    0.15000000000000            24
    0.28333333333333    0.25000000000000    0.15000000000000            48
   -0.25000000000000    0.25000000000000    0.15000000000000            24
   -0.21666666666667    0.25000000000000    0.15000000000000            48
    0.28333333333333    0.28333333333333    0.15000000000000             8
   -0.28333333333333    0.28333333333333    0.15000000000000            24
   -0.25000000000000    0.28333333333333    0.15000000000000            48
   -0.21666666666667    0.28333333333333    0.15000000000000            24
   -0.31666666666667    0.31666666666667    0.15000000000000            24
   -0.28333333333333    0.31666666666667    0.15000000000000            48
   -0.25000000000000    0.31666666666667    0.15000000000000            48
   -0.35000000000000    0.35000000000000    0.15000000000000            24
   -0.31666666666667    0.35000000000000    0.15000000000000            48
   -0.28333333333333    0.35000000000000    0.15000000000000            48
   -0.25000000000000    0.35000000000000    0.15000000000000            24
   -0.38333333333333    0.38333333333333    0.15000000000000            24
   -0.35000000000000    0.38333333333333    0.15000000000000            48
   -0.31666666666667    0.38333333333333    0.15000000000000            48
   -0.28333333333333    0.38333333333333    0.15000000000000            48
   -0.41666666666667    0.41666666666667    0.15000000000000            24
   -0.38333333333333    0.41666666666667    0.15000000000000            48
   -0.35000000000000    0.41666666666667    0.15000000000000            48
   -0.31666666666667    0.41666666666667    0.15000000000000            48
   -0.28333333333333    0.41666666666667    0.15000000000000            24
   -0.45000000000000    0.45000000000000    0.15000000000000            24
   -0.41666666666667    0.45000000000000    0.15000000000000            48
   -0.38333333333333    0.45000000000000    0.15000000000000            48
   -0.35000000000000    0.45000000000000    0.15000000000000            48
   -0.31666666666667    0.45000000000000    0.15000000000000            48
   -0.48333333333333    0.48333333333333    0.15000000000000            24
   -0.45000000000000    0.48333333333333    0.15000000000000            48
   -0.41666666666667    0.48333333333333    0.15000000000000            48
   -0.38333333333333    0.48333333333333    0.15000000000000            48
   -0.35000000000000    0.48333333333333    0.15000000000000            48
   -0.31666666666667    0.48333333333333    0.15000000000000            24
   -0.48333333333333   -0.48333333333333    0.15000000000000            24
   -0.45000000000000   -0.48333333333333    0.15000000000000            48
   -0.41666666666667   -0.48333333333333    0.15000000000000            48
   -0.38333333333333   -0.48333333333333    0.15000000000000            48
   -0.35000000000000   -0.48333333333333    0.15000000000000            48
   -0.45000000000000   -0.45000000000000    0.15000000000000            24
   -0.41666666666667   -0.45000000000000    0.15000000000000            48
   -0.38333333333333   -0.45000000000000    0.15000000000000            48
   -0.35000000000000   -0.45000000000000    0.15000000000000            24
   -0.41666666666667   -0.41666666666667    0.15000000000000            24
   -0.38333333333333   -0.41666666666667    0.15000000000000            48
   -0.38333333333333   -0.38333333333333    0.15000000000000             8
    0.18333333333333    0.18333333333333    0.18333333333333             8
    0.21666666666667    0.18333333333333    0.18333333333333            24
    0.25000000000000    0.18333333333333    0.18333333333333            24
    0.28333333333333    0.18333333333333    0.18333333333333            24
    0.31666666666667    0.18333333333333    0.18333333333333            12
   -0.18333333333333    0.18333333333333    0.18333333333333             6
    0.21666666666667    0.21666666666667    0.18333333333333            24
    0.25000000000000    0.21666666666667    0.18333333333333            48
    0.28333333333333    0.21666666666667    0.18333333333333            48
   -0.21666666666667    0.21666666666667    0.18333333333333            24
    0.25000000000000    0.25000000000000    0.18333333333333            24
    0.28333333333333    0.25000000000000    0.18333333333333            24
   -0.25000000000000    0.25000000000000    0.18333333333333            24
   -0.21666666666667    0.25000000000000    0.18333333333333            24
   -0.28333333333333    0.28333333333333    0.18333333333333            24
   -0.25000000000000    0.28333333333333    0.18333333333333            48
   -0.31666666666667    0.31666666666667    0.18333333333333            24
   -0.28333333333333    0.31666666666667    0.18333333333333            48
   -0.25000000000000    0.31666666666667    0.18333333333333            24
   -0.35000000000000    0.35000000000000    0.18333333333333            24
   -0.31666666666667    0.35000000000000    0.18333333333333            48
   -0.28333333333333    0.35000000000000    0.18333333333333            48
   -0.38333333333333    0.38333333333333    0.18333333333333            24
   -0.35000000000000    0.38333333333333    0.18333333333333            48
   -0.31666666666667    0.38333333333333    0.18333333333333            48
   -0.28333333333333    0.38333333333333    0.18333333333333            24
   -0.41666666666667    0.41666666666667    0.18333333333333            24
   -0.38333333333333    0.41666666666667    0.18333333333333            48
   -0.35000000000000    0.41666666666667    0.18333333333333            48
   -0.31666666666667    0.41666666666667    0.18333333333333            48
   -0.45000000000000    0.45000000000000    0.18333333333333            24
   -0.41666666666667    0.45000000000000    0.18333333333333            48
   -0.38333333333333    0.45000000000000    0.18333333333333            48
   -0.35000000000000    0.45000000000000    0.18333333333333            48
   -0.31666666666667    0.45000000000000    0.18333333333333            24
   -0.48333333333333    0.48333333333333    0.18333333333333            24
   -0.45000000000000    0.48333333333333    0.18333333333333            48
   -0.41666666666667    0.48333333333333    0.18333333333333            48
   -0.38333333333333    0.48333333333333    0.18333333333333            48
   -0.35000000000000    0.48333333333333    0.18333333333333            48
   -0.48333333333333   -0.48333333333333    0.18333333333333            24
   -0.45000000000000   -0.48333333333333    0.18333333333333            48
   -0.41666666666667   -0.48333333333333    0.18333333333333            48
   -0.38333333333333   -0.48333333333333    0.18333333333333            48
   -0.35000000000000   -0.48333333333333    0.18333333333333            24
   -0.45000000000000   -0.45000000000000    0.18333333333333            24
   -0.41666666666667   -0.45000000000000    0.18333333333333            48
   -0.38333333333333   -0.45000000000000    0.18333333333333            48
   -0.41666666666667   -0.41666666666667    0.18333333333333            24
   -0.38333333333333   -0.41666666666667    0.18333333333333            24
    0.21666666666667    0.21666666666667    0.21666666666667             8
    0.25000000000000    0.21666666666667    0.21666666666667            24
    0.28333333333333    0.21666666666667    0.21666666666667            12
   -0.21666666666667    0.21666666666667    0.21666666666667             6
    0.25000000000000    0.25000000000000    0.21666666666667            24
   -0.25000000000000    0.25000000000000    0.21666666666667            24
   -0.28333333333333    0.28333333333333    0.21666666666667            24
   -0.25000000000000    0.28333333333333    0.21666666666667            24
   -0.31666666666667    0.31666666666667    0.21666666666667            24
   -0.28333333333333    0.31666666666667    0.21666666666667            48
   -0.35000000000000    0.35000000000000    0.21666666666667            24
   -0.31666666666667    0.35000000000000    0.21666666666667            48
   -0.28333333333333    0.35000000000000    0.21666666666667            24
   -0.38333333333333    0.38333333333333    0.21666666666667            24
   -0.35000000000000    0.38333333333333    0.21666666666667            48
   -0.31666666666667    0.38333333333333    0.21666666666667            48
   -0.41666666666667    0.41666666666667    0.21666666666667            24
   -0.38333333333333    0.41666666666667    0.21666666666667            48
   -0.35000000000000    0.41666666666667    0.21666666666667            48
   -0.31666666666667    0.41666666666667    0.21666666666667            24
   -0.45000000000000    0.45000000000000    0.21666666666667            24
   -0.41666666666667    0.45000000000000    0.21666666666667            48
   -0.38333333333333    0.45000000000000    0.21666666666667            48
   -0.35000000000000    0.45000000000000    0.21666666666667            48
   -0.48333333333333    0.48333333333333    0.21666666666667            24
   -0.45000000000000    0.48333333333333    0.21666666666667            48
   -0.41666666666667    0.48333333333333    0.21666666666667            48
   -0.38333333333333    0.48333333333333    0.21666666666667            48
   -0.35000000000000    0.48333333333333    0.21666666666667            24
   -0.48333333333333   -0.48333333333333    0.21666666666667            24
   -0.45000000000000   -0.48333333333333    0.21666666666667            48
   -0.41666666666667   -0.48333333333333    0.21666666666667            48
   -0.38333333333333   -0.48333333333333    0.21666666666667            48
   -0.45000000000000   -0.45000000000000    0.21666666666667            24
   -0.41666666666667   -0.45000000000000    0.21666666666667            48
   -0.38333333333333   -0.45000000000000    0.21666666666667            24
   -0.41666666666667   -0.41666666666667    0.21666666666667            24
    0.25000000000000    0.25000000000000    0.25000000000000             2
   -0.25000000000000    0.25000000000000    0.25000000000000             6
   -0.28333333333333    0.28333333333333    0.25000000000000            24
   -0.31666666666667    0.31666666666667    0.25000000000000            24
   -0.28333333333333    0.31666666666667    0.25000000000000            24
   -0.35000000000000    0.35000000000000    0.25000000000000            24
   -0.31666666666667    0.35000000000000    0.25000000000000            48
   -0.38333333333333    0.38333333333333    0.25000000000000            24
   -0.35000000000000    0.38333333333333    0.25000000000000            48
   -0.31666666666667    0.38333333333333    0.25000000000000            24
   -0.41666666666667    0.41666666666667    0.25000000000000            24
   -0.38333333333333    0.41666666666667    0.25000000000000            48
   -0.35000000000000    0.41666666666667    0.25000000000000            48
   -0.45000000000000    0.45000000000000    0.25000000000000            24
   -0.41666666666667    0.45000000000000    0.25000000000000            48
   -0.38333333333333    0.45000000000000    0.25000000000000            48
   -0.35000000000000    0.45000000000000    0.25000000000000            24
   -0.48333333333333    0.48333333333333    0.25000000000000            24
   -0.45000000000000    0.48333333333333    0.25000000000000            48
   -0.41666666666667    0.48333333333333    0.25000000000000            48
   -0.38333333333333    0.48333333333333    0.25000000000000            48
   -0.48333333333333   -0.48333333333333    0.25000000000000            24
   -0.45000000000000   -0.48333333333333    0.25000000000000            48
   -0.41666666666667   -0.48333333333333    0.25000000000000            48
   -0.38333333333333   -0.48333333333333    0.25000000000000            24
   -0.45000000000000   -0.45000000000000    0.25000000000000            24
   -0.41666666666667   -0.45000000000000    0.25000000000000            48
   -0.41666666666667   -0.41666666666667    0.25000000000000             8
   -0.28333333333333    0.28333333333333    0.28333333333333             6
   -0.31666666666667    0.31666666666667    0.28333333333333            24
   -0.35000000000000    0.35000000000000    0.28333333333333            24
   -0.31666666666667    0.35000000000000    0.28333333333333            24
   -0.38333333333333    0.38333333333333    0.28333333333333            24
   -0.35000000000000    0.38333333333333    0.28333333333333            48
   -0.41666666666667    0.41666666666667    0.28333333333333            24
   -0.38333333333333    0.41666666666667    0.28333333333333            48
   -0.35000000000000    0.41666666666667    0.28333333333333            24
   -0.45000000000000    0.45000000000000    0.28333333333333            24
   -0.41666666666667    0.45000000000000    0.28333333333333            48
   -0.38333333333333    0.45000000000000    0.28333333333333            48
   -0.48333333333333    0.48333333333333    0.28333333333333            24
   -0.45000000000000    0.48333333333333    0.28333333333333            48
   -0.41666666666667    0.48333333333333    0.28333333333333            48
   -0.38333333333333    0.48333333333333    0.28333333333333            24
   -0.48333333333333   -0.48333333333333    0.28333333333333            24
   -0.45000000000000   -0.48333333333333    0.28333333333333            48
   -0.41666666666667   -0.48333333333333    0.28333333333333            48
   -0.45000000000000   -0.45000000000000    0.28333333333333            24
   -0.41666666666667   -0.45000000000000    0.28333333333333            24
   -0.31666666666667    0.31666666666667    0.31666666666667             6
   -0.35000000000000    0.35000000000000    0.31666666666667            24
   -0.38333333333333    0.38333333333333    0.31666666666667            24
   -0.35000000000000    0.38333333333333    0.31666666666667            24
   -0.41666666666667    0.41666666666667    0.31666666666667            24
   -0.38333333333333    0.41666666666667    0.31666666666667            48
   -0.45000000000000    0.45000000000000    0.31666666666667            24
   -0.41666666666667    0.45000000000000    0.31666666666667            48
   -0.38333333333333    0.45000000000000    0.31666666666667            24
   -0.48333333333333    0.48333333333333    0.31666666666667            24
   -0.45000000000000    0.48333333333333    0.31666666666667            48
   -0.41666666666667    0.48333333333333    0.31666666666667            48
   -0.48333333333333   -0.48333333333333    0.31666666666667            24
   -0.45000000000000   -0.48333333333333    0.31666666666667            48
   -0.41666666666667   -0.48333333333333    0.31666666666667            24
   -0.45000000000000   -0.45000000000000    0.31666666666667            24
   -0.35000000000000    0.35000000000000    0.35000000000000             6
   -0.38333333333333    0.38333333333333    0.35000000000000            24
   -0.41666666666667    0.41666666666667    0.35000000000000            24
   -0.38333333333333    0.41666666666667    0.35000000000000            24
   -0.45000000000000    0.45000000000000    0.35000000000000            24
   -0.41666666666667    0.45000000000000    0.35000000000000            48
   -0.48333333333333    0.48333333333333    0.35000000000000            24
   -0.45000000000000    0.48333333333333    0.35000000000000            48
   -0.41666666666667    0.48333333333333    0.35000000000000            24
   -0.48333333333333   -0.48333333333333    0.35000000000000            24
   -0.45000000000000   -0.48333333333333    0.35000000000000            48
   -0.45000000000000   -0.45000000000000    0.35000000000000             8
   -0.38333333333333    0.38333333333333    0.38333333333333             6
   -0.41666666666667    0.41666666666667    0.38333333333333            24
   -0.45000000000000    0.45000000000000    0.38333333333333            24
   -0.41666666666667    0.45000000000000    0.38333333333333            24
   -0.48333333333333    0.48333333333333    0.38333333333333            24
   -0.45000000000000    0.48333333333333    0.38333333333333            48
   -0.48333333333333   -0.48333333333333    0.38333333333333            24
   -0.45000000000000   -0.48333333333333    0.38333333333333            24
   -0.41666666666667    0.41666666666667    0.41666666666667             6
   -0.45000000000000    0.45000000000000    0.41666666666667            24
   -0.48333333333333    0.48333333333333    0.41666666666667            24
   -0.45000000000000    0.48333333333333    0.41666666666667            24
   -0.48333333333333   -0.48333333333333    0.41666666666667            24
   -0.45000000000000    0.45000000000000    0.45000000000000             6
   -0.48333333333333    0.48333333333333    0.45000000000000            24
   -0.48333333333333   -0.48333333333333    0.45000000000000             8
   -0.48333333333333    0.48333333333333    0.48333333333333             6
