 #Energy    XX(cm^-1)       YY(cm^-1)      ZZ(cm^-1)       XY(cm^-1)       YZ(cm^-1)       XZ(cm^-1)
  0.0000  0.00000000E+00  0.00000000E+00  0.00000000E+00  0.00000000E+00  0.00000000E+00  0.00000000E+00
  0.0642  2.56775204E+03  2.56775204E+03  2.56775204E+03  0.00000000E+00  0.00000000E+00  0.00000000E+00
  0.1285  1.00059454E+04  1.00059454E+04  1.00059454E+04  0.00000000E+00  0.00000000E+00  0.00000000E+00
  0.1927  2.18289720E+04  2.18289720E+04  2.18289720E+04  0.00000000E+00  0.00000000E+00  0.00000000E+00
  0.2570  3.87741258E+04  3.87741258E+04  3.87741258E+04  0.00000000E+00  0.00000000E+00  0.00000000E+00
  0.3212  6.41707659E+04  6.41707659E+04  6.41707659E+04  0.00000000E+00  0.00000000E+00  0.00000000E+00
  0.3855  1.02247935E+05  1.02247935E+05  1.02247935E+05  0.00000000E+00  0.00000000E+00  0.00000000E+00
  0.4497  1.52768644E+05  1.52768644E+05  1.52768644E+05  0.00000000E+00  0.00000000E+00  0.00000000E+00
  0.5139  2.07447804E+05  2.07447804E+05  2.07447804E+05  0.00000000E+00  0.00000000E+00  0.00000000E+00
  0.5782  2.51241510E+05  2.51241510E+05  2.51241510E+05  0.00000000E+00  0.00000000E+00  0.00000000E+00
  0.6424  2.67750385E+05  2.67750385E+05  2.67750385E+05  0.00000000E+00  0.00000000E+00  0.00000000E+00
  0.7067  2.46761568E+05  2.46761568E+05  2.46761568E+05  0.00000000E+00  0.00000000E+00  0.00000000E+00
  0.7709  1.94338124E+05  1.94338124E+05  1.94338124E+05  0.00000000E+00  0.00000000E+00  0.00000000E+00
  0.8351  1.44681486E+05  1.44681486E+05  1.44681486E+05  0.00000000E+00  0.00000000E+00  0.00000000E+00
  0.8994  1.25037215E+05  1.25037215E+05  1.25037215E+05  0.00000000E+00  0.00000000E+00  0.00000000E+00
  0.9636  1.28130227E+05  1.28130227E+05  1.28130227E+05  0.00000000E+00  0.00000000E+00  0.00000000E+00
  1.0279  1.42983635E+05  1.42983635E+05  1.42983635E+05  0.00000000E+00  0.00000000E+00  0.00000000E+00
  1.0921  1.65597343E+05  1.65597343E+05  1.65597343E+05  0.00000000E+00  0.00000000E+00  0.00000000E+00
  1.1564  1.95181328E+05  1.95181328E+05  1.95181328E+05  0.00000000E+00  0.00000000E+00  0.00000000E+00
  1.2206  2.29299516E+05  2.29299516E+05  2.29299516E+05  0.00000000E+00  0.00000000E+00  0.00000000E+00
  1.2848  2.62803351E+05  2.62803351E+05  2.62803351E+05  0.00000000E+00  0.00000000E+00  0.00000000E+00
  1.3491  2.90430082E+05  2.90430082E+05  2.90430082E+05  0.00000000E+00  0.00000000E+00  0.00000000E+00
  1.4133  3.10034917E+05  3.10034917E+05  3.10034917E+05  0.00000000E+00  0.00000000E+00  0.00000000E+00
  1.4776  3.23162033E+05  3.23162033E+05  3.23162033E+05  0.00000000E+00  0.00000000E+00  0.00000000E+00
  1.5418  3.31804778E+05  3.31804778E+05  3.31804778E+05  0.00000000E+00  0.00000000E+00  0.00000000E+00
  1.6061  3.35600463E+05  3.35600463E+05  3.35600463E+05  0.00000000E+00  0.00000000E+00  0.00000000E+00
  1.6703  3.33040045E+05  3.33040045E+05  3.33040045E+05  0.00000000E+00  0.00000000E+00  0.00000000E+00
  1.7345  3.27395329E+05  3.27395329E+05  3.27395329E+05  0.00000000E+00  0.00000000E+00  0.00000000E+00
  1.7988  3.30191106E+05  3.30191106E+05  3.30191106E+05  0.00000000E+00  0.00000000E+00  0.00000000E+00
  1.8630  3.54532898E+05  3.54532898E+05  3.54532898E+05  0.00000000E+00  0.00000000E+00  0.00000000E+00
  1.9273  4.03711695E+05  4.03711695E+05  4.03711695E+05  0.00000000E+00  0.00000000E+00  0.00000000E+00
  1.9915  4.67690096E+05  4.67690096E+05  4.67690096E+05  0.00000000E+00  0.00000000E+00  0.00000000E+00
  2.0558  5.29251145E+05  5.29251145E+05  5.29251145E+05  0.00000000E+00  0.00000000E+00  0.00000000E+00
  2.1200  5.73729429E+05  5.73729429E+05  5.73729429E+05  0.00000000E+00  0.00000000E+00  0.00000000E+00
  2.1842  5.98807800E+05  5.98807800E+05  5.98807800E+05  0.00000000E+00  0.00000000E+00  0.00000000E+00
  2.2485  6.17251617E+05  6.17251617E+05  6.17251617E+05  0.00000000E+00  0.00000000E+00  0.00000000E+00
  2.3127  6.45554380E+05  6.45554380E+05  6.45554380E+05  0.00000000E+00  0.00000000E+00  0.00000000E+00
  2.3770  6.87046908E+05  6.87046908E+05  6.87046908E+05  0.00000000E+00  0.00000000E+00  0.00000000E+00
  2.4412  7.28643413E+05  7.28643413E+05  7.28643413E+05  0.00000000E+00  0.00000000E+00  0.00000000E+00
  2.5054  7.52835484E+05  7.52835484E+05  7.52835484E+05  0.00000000E+00  0.00000000E+00  0.00000000E+00
  2.5697  7.50942490E+05  7.50942490E+05  7.50942490E+05  0.00000000E+00  0.00000000E+00  0.00000000E+00
  2.6339  7.29817133E+05  7.29817133E+05  7.29817133E+05  0.00000000E+00  0.00000000E+00  0.00000000E+00
  2.6982  7.08507599E+05  7.08507599E+05  7.08507599E+05  0.00000000E+00  0.00000000E+00  0.00000000E+00
  2.7624  7.03753126E+05  7.03753126E+05  7.03753126E+05  0.00000000E+00  0.00000000E+00  0.00000000E+00
  2.8267  7.17326636E+05  7.17326636E+05  7.17326636E+05  0.00000000E+00  0.00000000E+00  0.00000000E+00
  2.8909  7.37542023E+05  7.37542023E+05  7.37542023E+05  0.00000000E+00  0.00000000E+00  0.00000000E+00
  2.9551  7.51116240E+05  7.51116240E+05  7.51116240E+05  0.00000000E+00  0.00000000E+00  0.00000000E+00
  3.0194  7.53663148E+05  7.53663148E+05  7.53663148E+05  0.00000000E+00  0.00000000E+00  0.00000000E+00
  3.0836  7.52362268E+05  7.52362268E+05  7.52362268E+05  0.00000000E+00  0.00000000E+00  0.00000000E+00
  3.1479  7.58963668E+05  7.58963668E+05  7.58963668E+05  0.00000000E+00  0.00000000E+00  0.00000000E+00
  3.2121  7.79732002E+05  7.79732002E+05  7.79732002E+05  0.00000000E+00  0.00000000E+00  0.00000000E+00
  3.2764  8.13912040E+05  8.13912040E+05  8.13912040E+05  0.00000000E+00  0.00000000E+00  0.00000000E+00
  3.3406  8.59119327E+05  8.59119327E+05  8.59119327E+05  0.00000000E+00  0.00000000E+00  0.00000000E+00
  3.4048  9.14664946E+05  9.14664946E+05  9.14664946E+05  0.00000000E+00  0.00000000E+00  0.00000000E+00
  3.4691  9.77905422E+05  9.77905422E+05  9.77905422E+05  0.00000000E+00  0.00000000E+00  0.00000000E+00
  3.5333  1.03937678E+06  1.03937678E+06  1.03937678E+06  0.00000000E+00  0.00000000E+00  0.00000000E+00
  3.5976  1.08437151E+06  1.08437151E+06  1.08437151E+06  0.00000000E+00  0.00000000E+00  0.00000000E+00
  3.6618  1.10093420E+06  1.10093420E+06  1.10093420E+06  0.00000000E+00  0.00000000E+00  0.00000000E+00
  3.7261  1.08934897E+06  1.08934897E+06  1.08934897E+06  0.00000000E+00  0.00000000E+00  0.00000000E+00
  3.7903  1.06421593E+06  1.06421593E+06  1.06421593E+06  0.00000000E+00  0.00000000E+00  0.00000000E+00
  3.8545  1.04471007E+06  1.04471007E+06  1.04471007E+06  0.00000000E+00  0.00000000E+00  0.00000000E+00
  3.9188  1.03939188E+06  1.03939188E+06  1.03939188E+06  0.00000000E+00  0.00000000E+00  0.00000000E+00
  3.9830  1.04291932E+06  1.04291932E+06  1.04291932E+06  0.00000000E+00  0.00000000E+00  0.00000000E+00
  4.0473  1.04673117E+06  1.04673117E+06  1.04673117E+06  0.00000000E+00  0.00000000E+00  0.00000000E+00
  4.1115  1.04943931E+06  1.04943931E+06  1.04943931E+06  0.00000000E+00  0.00000000E+00  0.00000000E+00
  4.1757  1.05867181E+06  1.05867181E+06  1.05867181E+06  0.00000000E+00  0.00000000E+00  0.00000000E+00
  4.2400  1.08359434E+06  1.08359434E+06  1.08359434E+06  0.00000000E+00  0.00000000E+00  0.00000000E+00
  4.3042  1.12495878E+06  1.12495878E+06  1.12495878E+06  0.00000000E+00  0.00000000E+00  0.00000000E+00
  4.3685  1.17182967E+06  1.17182967E+06  1.17182967E+06  0.00000000E+00  0.00000000E+00  0.00000000E+00
  4.4327  1.20790445E+06  1.20790445E+06  1.20790445E+06  0.00000000E+00  0.00000000E+00  0.00000000E+00
  4.4970  1.22424238E+06  1.22424238E+06  1.22424238E+06  0.00000000E+00  0.00000000E+00  0.00000000E+00
  4.5612  1.22843823E+06  1.22843823E+06  1.22843823E+06  0.00000000E+00  0.00000000E+00  0.00000000E+00
  4.6254  1.24034128E+06  1.24034128E+06  1.24034128E+06  0.00000000E+00  0.00000000E+00  0.00000000E+00
  4.6897  1.27507002E+06  1.27507002E+06  1.27507002E+06  0.00000000E+00  0.00000000E+00  0.00000000E+00
  4.7539  1.33279068E+06  1.33279068E+06  1.33279068E+06  0.00000000E+00  0.00000000E+00  0.00000000E+00
  4.8182  1.40505501E+06  1.40505501E+06  1.40505501E+06  0.00000000E+00  0.00000000E+00  0.00000000E+00
  4.8824  1.48456214E+06  1.48456214E+06  1.48456214E+06  0.00000000E+00  0.00000000E+00  0.00000000E+00
  4.9467  1.56956692E+06  1.56956692E+06  1.56956692E+06  0.00000000E+00  0.00000000E+00  0.00000000E+00
  5.0109  1.66372725E+06  1.66372725E+06  1.66372725E+06  0.00000000E+00  0.00000000E+00  0.00000000E+00
  5.0751  1.77381086E+06  1.77381086E+06  1.77381086E+06  0.00000000E+00  0.00000000E+00  0.00000000E+00
  5.1394  1.90206955E+06  1.90206955E+06  1.90206955E+06  0.00000000E+00  0.00000000E+00  0.00000000E+00
  5.2036  2.03756571E+06  2.03756571E+06  2.03756571E+06  0.00000000E+00  0.00000000E+00  0.00000000E+00
  5.2679  2.15721107E+06  2.15721107E+06  2.15721107E+06  0.00000000E+00  0.00000000E+00  0.00000000E+00
  5.3321  2.23782135E+06  2.23782135E+06  2.23782135E+06  0.00000000E+00  0.00000000E+00  0.00000000E+00
  5.3964  2.27074704E+06  2.27074704E+06  2.27074704E+06  0.00000000E+00  0.00000000E+00  0.00000000E+00
  5.4606  2.26634802E+06  2.26634802E+06  2.26634802E+06  0.00000000E+00  0.00000000E+00  0.00000000E+00
  5.5248  2.24539648E+06  2.24539648E+06  2.24539648E+06  0.00000000E+00  0.00000000E+00  0.00000000E+00
  5.5891  2.22411722E+06  2.22411722E+06  2.22411722E+06  0.00000000E+00  0.00000000E+00  0.00000000E+00
  5.6533  2.20738811E+06  2.20738811E+06  2.20738811E+06  0.00000000E+00  0.00000000E+00  0.00000000E+00
  5.7176  2.19472770E+06  2.19472770E+06  2.19472770E+06  0.00000000E+00  0.00000000E+00  0.00000000E+00
  5.7818  2.18701467E+06  2.18701467E+06  2.18701467E+06  0.00000000E+00  0.00000000E+00  0.00000000E+00
  5.8460  2.18615825E+06  2.18615825E+06  2.18615825E+06  0.00000000E+00  0.00000000E+00  0.00000000E+00
  5.9103  2.19048141E+06  2.19048141E+06  2.19048141E+06  0.00000000E+00  0.00000000E+00  0.00000000E+00
  5.9745  2.19454974E+06  2.19454974E+06  2.19454974E+06  0.00000000E+00  0.00000000E+00  0.00000000E+00
  6.0388  2.19401440E+06  2.19401440E+06  2.19401440E+06  0.00000000E+00  0.00000000E+00  0.00000000E+00
  6.1030  2.18846420E+06  2.18846420E+06  2.18846420E+06  0.00000000E+00  0.00000000E+00  0.00000000E+00
  6.1673  2.18009634E+06  2.18009634E+06  2.18009634E+06  0.00000000E+00  0.00000000E+00  0.00000000E+00
  6.2315  2.16960446E+06  2.16960446E+06  2.16960446E+06  0.00000000E+00  0.00000000E+00  0.00000000E+00
  6.2957  2.15486513E+06  2.15486513E+06  2.15486513E+06  0.00000000E+00  0.00000000E+00  0.00000000E+00
  6.3600  2.13272188E+06  2.13272188E+06  2.13272188E+06  0.00000000E+00  0.00000000E+00  0.00000000E+00
  6.4242  2.10257443E+06  2.10257443E+06  2.10257443E+06  0.00000000E+00  0.00000000E+00  0.00000000E+00
  6.4885  2.06856598E+06  2.06856598E+06  2.06856598E+06  0.00000000E+00  0.00000000E+00  0.00000000E+00
  6.5527  2.03775912E+06  2.03775912E+06  2.03775912E+06  0.00000000E+00  0.00000000E+00  0.00000000E+00
  6.6170  2.01560299E+06  2.01560299E+06  2.01560299E+06  0.00000000E+00  0.00000000E+00  0.00000000E+00
  6.6812  2.00185045E+06  2.00185045E+06  2.00185045E+06  0.00000000E+00  0.00000000E+00  0.00000000E+00
  6.7454  1.99189709E+06  1.99189709E+06  1.99189709E+06  0.00000000E+00  0.00000000E+00  0.00000000E+00
  6.8097  1.98184828E+06  1.98184828E+06  1.98184828E+06  0.00000000E+00  0.00000000E+00  0.00000000E+00
  6.8739  1.97207566E+06  1.97207566E+06  1.97207566E+06  0.00000000E+00  0.00000000E+00  0.00000000E+00
  6.9382  1.96581497E+06  1.96581497E+06  1.96581497E+06  0.00000000E+00  0.00000000E+00  0.00000000E+00
  7.0024  1.96420602E+06  1.96420602E+06  1.96420602E+06  0.00000000E+00  0.00000000E+00  0.00000000E+00
  7.0666  1.96384644E+06  1.96384644E+06  1.96384644E+06  0.00000000E+00  0.00000000E+00  0.00000000E+00
  7.1309  1.95857545E+06  1.95857545E+06  1.95857545E+06  0.00000000E+00  0.00000000E+00  0.00000000E+00
  7.1951  1.94270386E+06  1.94270386E+06  1.94270386E+06  0.00000000E+00  0.00000000E+00  0.00000000E+00
  7.2594  1.91370011E+06  1.91370011E+06  1.91370011E+06  0.00000000E+00  0.00000000E+00  0.00000000E+00
  7.3236  1.87294716E+06  1.87294716E+06  1.87294716E+06  0.00000000E+00  0.00000000E+00  0.00000000E+00
  7.3879  1.82620643E+06  1.82620643E+06  1.82620643E+06  0.00000000E+00  0.00000000E+00  0.00000000E+00
  7.4521  1.78247557E+06  1.78247557E+06  1.78247557E+06  0.00000000E+00  0.00000000E+00  0.00000000E+00
  7.5163  1.75127129E+06  1.75127129E+06  1.75127129E+06  0.00000000E+00  0.00000000E+00  0.00000000E+00
  7.5806  1.73742609E+06  1.73742609E+06  1.73742609E+06  0.00000000E+00  0.00000000E+00  0.00000000E+00
  7.6448  1.73633189E+06  1.73633189E+06  1.73633189E+06  0.00000000E+00  0.00000000E+00  0.00000000E+00
  7.7091  1.73541149E+06  1.73541149E+06  1.73541149E+06  0.00000000E+00  0.00000000E+00  0.00000000E+00
  7.7733  1.72160144E+06  1.72160144E+06  1.72160144E+06  0.00000000E+00  0.00000000E+00  0.00000000E+00
  7.8376  1.69028271E+06  1.69028271E+06  1.69028271E+06  0.00000000E+00  0.00000000E+00  0.00000000E+00
  7.9018  1.64798419E+06  1.64798419E+06  1.64798419E+06  0.00000000E+00  0.00000000E+00  0.00000000E+00
  7.9660  1.60733177E+06  1.60733177E+06  1.60733177E+06  0.00000000E+00  0.00000000E+00  0.00000000E+00
  8.0303  1.57688517E+06  1.57688517E+06  1.57688517E+06  0.00000000E+00  0.00000000E+00  0.00000000E+00
  8.0945  1.55628326E+06  1.55628326E+06  1.55628326E+06  0.00000000E+00  0.00000000E+00  0.00000000E+00
  8.1588  1.54165890E+06  1.54165890E+06  1.54165890E+06  0.00000000E+00  0.00000000E+00  0.00000000E+00
  8.2230  1.53268061E+06  1.53268061E+06  1.53268061E+06  0.00000000E+00  0.00000000E+00  0.00000000E+00
  8.2873  1.53336878E+06  1.53336878E+06  1.53336878E+06  0.00000000E+00  0.00000000E+00  0.00000000E+00
  8.3515  1.54631635E+06  1.54631635E+06  1.54631635E+06  0.00000000E+00  0.00000000E+00  0.00000000E+00
  8.4157  1.56729876E+06  1.56729876E+06  1.56729876E+06  0.00000000E+00  0.00000000E+00  0.00000000E+00
  8.4800  1.58593146E+06  1.58593146E+06  1.58593146E+06  0.00000000E+00  0.00000000E+00  0.00000000E+00
  8.5442  1.59262498E+06  1.59262498E+06  1.59262498E+06  0.00000000E+00  0.00000000E+00  0.00000000E+00
  8.6085  1.58593620E+06  1.58593620E+06  1.58593620E+06  0.00000000E+00  0.00000000E+00  0.00000000E+00
  8.6727  1.57282519E+06  1.57282519E+06  1.57282519E+06  0.00000000E+00  0.00000000E+00  0.00000000E+00
  8.7369  1.56115218E+06  1.56115218E+06  1.56115218E+06  0.00000000E+00  0.00000000E+00  0.00000000E+00
  8.8012  1.55149419E+06  1.55149419E+06  1.55149419E+06  0.00000000E+00  0.00000000E+00  0.00000000E+00
  8.8654  1.53761257E+06  1.53761257E+06  1.53761257E+06  0.00000000E+00  0.00000000E+00  0.00000000E+00
  8.9297  1.51329440E+06  1.51329440E+06  1.51329440E+06  0.00000000E+00  0.00000000E+00  0.00000000E+00
  8.9939  1.47864782E+06  1.47864782E+06  1.47864782E+06  0.00000000E+00  0.00000000E+00  0.00000000E+00
  9.0582  1.44259149E+06  1.44259149E+06  1.44259149E+06  0.00000000E+00  0.00000000E+00  0.00000000E+00
  9.1224  1.41783174E+06  1.41783174E+06  1.41783174E+06  0.00000000E+00  0.00000000E+00  0.00000000E+00
  9.1866  1.40937221E+06  1.40937221E+06  1.40937221E+06  0.00000000E+00  0.00000000E+00  0.00000000E+00
  9.2509  1.40837621E+06  1.40837621E+06  1.40837621E+06  0.00000000E+00  0.00000000E+00  0.00000000E+00
  9.3151  1.40050959E+06  1.40050959E+06  1.40050959E+06  0.00000000E+00  0.00000000E+00  0.00000000E+00
  9.3794  1.37996456E+06  1.37996456E+06  1.37996456E+06  0.00000000E+00  0.00000000E+00  0.00000000E+00
  9.4436  1.35504022E+06  1.35504022E+06  1.35504022E+06  0.00000000E+00  0.00000000E+00  0.00000000E+00
  9.5079  1.34171731E+06  1.34171731E+06  1.34171731E+06  0.00000000E+00  0.00000000E+00  0.00000000E+00
  9.5721  1.35055276E+06  1.35055276E+06  1.35055276E+06  0.00000000E+00  0.00000000E+00  0.00000000E+00
  9.6363  1.38008686E+06  1.38008686E+06  1.38008686E+06  0.00000000E+00  0.00000000E+00  0.00000000E+00
  9.7006  1.42010005E+06  1.42010005E+06  1.42010005E+06  0.00000000E+00  0.00000000E+00  0.00000000E+00
  9.7648  1.45972445E+06  1.45972445E+06  1.45972445E+06  0.00000000E+00  0.00000000E+00  0.00000000E+00
  9.8291  1.49315555E+06  1.49315555E+06  1.49315555E+06  0.00000000E+00  0.00000000E+00  0.00000000E+00
  9.8933  1.51998363E+06  1.51998363E+06  1.51998363E+06  0.00000000E+00  0.00000000E+00  0.00000000E+00
  9.9576  1.54108693E+06  1.54108693E+06  1.54108693E+06  0.00000000E+00  0.00000000E+00  0.00000000E+00
 10.0218  1.55599419E+06  1.55599419E+06  1.55599419E+06  0.00000000E+00  0.00000000E+00  0.00000000E+00
 10.0860  1.56632929E+06  1.56632929E+06  1.56632929E+06  0.00000000E+00  0.00000000E+00  0.00000000E+00
 10.1503  1.58050565E+06  1.58050565E+06  1.58050565E+06  0.00000000E+00  0.00000000E+00  0.00000000E+00
 10.2145  1.61189688E+06  1.61189688E+06  1.61189688E+06  0.00000000E+00  0.00000000E+00  0.00000000E+00
 10.2788  1.66865688E+06  1.66865688E+06  1.66865688E+06  0.00000000E+00  0.00000000E+00  0.00000000E+00
 10.3430  1.74434726E+06  1.74434726E+06  1.74434726E+06  0.00000000E+00  0.00000000E+00  0.00000000E+00
 10.4072  1.81967314E+06  1.81967314E+06  1.81967314E+06  0.00000000E+00  0.00000000E+00  0.00000000E+00
 10.4715  1.87307863E+06  1.87307863E+06  1.87307863E+06  0.00000000E+00  0.00000000E+00  0.00000000E+00
 10.5357  1.89286436E+06  1.89286436E+06  1.89286436E+06  0.00000000E+00  0.00000000E+00  0.00000000E+00
 10.6000  1.88290154E+06  1.88290154E+06  1.88290154E+06  0.00000000E+00  0.00000000E+00  0.00000000E+00
 10.6642  1.85717408E+06  1.85717408E+06  1.85717408E+06  0.00000000E+00  0.00000000E+00  0.00000000E+00
 10.7285  1.82727901E+06  1.82727901E+06  1.82727901E+06  0.00000000E+00  0.00000000E+00  0.00000000E+00
 10.7927  1.79534641E+06  1.79534641E+06  1.79534641E+06  0.00000000E+00  0.00000000E+00  0.00000000E+00
 10.8569  1.76050554E+06  1.76050554E+06  1.76050554E+06  0.00000000E+00  0.00000000E+00  0.00000000E+00
 10.9212  1.72943699E+06  1.72943699E+06  1.72943699E+06  0.00000000E+00  0.00000000E+00  0.00000000E+00
 10.9854  1.71784241E+06  1.71784241E+06  1.71784241E+06  0.00000000E+00  0.00000000E+00  0.00000000E+00
 11.0497  1.73911806E+06  1.73911806E+06  1.73911806E+06  0.00000000E+00  0.00000000E+00  0.00000000E+00
 11.1139  1.79157835E+06  1.79157835E+06  1.79157835E+06  0.00000000E+00  0.00000000E+00  0.00000000E+00
 11.1782  1.85928101E+06  1.85928101E+06  1.85928101E+06  0.00000000E+00  0.00000000E+00  0.00000000E+00
 11.2424  1.92427806E+06  1.92427806E+06  1.92427806E+06  0.00000000E+00  0.00000000E+00  0.00000000E+00
 11.3066  1.97785653E+06  1.97785653E+06  1.97785653E+06  0.00000000E+00  0.00000000E+00  0.00000000E+00
 11.3709  2.02070989E+06  2.02070989E+06  2.02070989E+06  0.00000000E+00  0.00000000E+00  0.00000000E+00
 11.4351  2.05294943E+06  2.05294943E+06  2.05294943E+06  0.00000000E+00  0.00000000E+00  0.00000000E+00
 11.4994  2.06679987E+06  2.06679987E+06  2.06679987E+06  0.00000000E+00  0.00000000E+00  0.00000000E+00
 11.5636  2.05118929E+06  2.05118929E+06  2.05118929E+06  0.00000000E+00  0.00000000E+00  0.00000000E+00
 11.6278  2.00455829E+06  2.00455829E+06  2.00455829E+06  0.00000000E+00  0.00000000E+00  0.00000000E+00
 11.6921  1.94357475E+06  1.94357475E+06  1.94357475E+06  0.00000000E+00  0.00000000E+00  0.00000000E+00
 11.7563  1.89808172E+06  1.89808172E+06  1.89808172E+06  0.00000000E+00  0.00000000E+00  0.00000000E+00
 11.8206  1.89090549E+06  1.89090549E+06  1.89090549E+06  0.00000000E+00  0.00000000E+00  0.00000000E+00
 11.8848  1.91748085E+06  1.91748085E+06  1.91748085E+06  0.00000000E+00  0.00000000E+00  0.00000000E+00
 11.9491  1.94931541E+06  1.94931541E+06  1.94931541E+06  0.00000000E+00  0.00000000E+00  0.00000000E+00
 12.0133  1.95581612E+06  1.95581612E+06  1.95581612E+06  0.00000000E+00  0.00000000E+00  0.00000000E+00
 12.0775  1.92564346E+06  1.92564346E+06  1.92564346E+06  0.00000000E+00  0.00000000E+00  0.00000000E+00
 12.1418  1.87451919E+06  1.87451919E+06  1.87451919E+06  0.00000000E+00  0.00000000E+00  0.00000000E+00
 12.2060  1.83351512E+06  1.83351512E+06  1.83351512E+06  0.00000000E+00  0.00000000E+00  0.00000000E+00
 12.2703  1.82437697E+06  1.82437697E+06  1.82437697E+06  0.00000000E+00  0.00000000E+00  0.00000000E+00
 12.3345  1.84664366E+06  1.84664366E+06  1.84664366E+06  0.00000000E+00  0.00000000E+00  0.00000000E+00
 12.3988  1.88846630E+06  1.88846630E+06  1.88846630E+06  0.00000000E+00  0.00000000E+00  0.00000000E+00
 12.4630  1.93953289E+06  1.93953289E+06  1.93953289E+06  0.00000000E+00  0.00000000E+00  0.00000000E+00
 12.5272  1.99143933E+06  1.99143933E+06  1.99143933E+06  0.00000000E+00  0.00000000E+00  0.00000000E+00
 12.5915  2.03243110E+06  2.03243110E+06  2.03243110E+06  0.00000000E+00  0.00000000E+00  0.00000000E+00
 12.6557  2.04853310E+06  2.04853310E+06  2.04853310E+06  0.00000000E+00  0.00000000E+00  0.00000000E+00
 12.7200  2.03267392E+06  2.03267392E+06  2.03267392E+06  0.00000000E+00  0.00000000E+00  0.00000000E+00
 12.7842  1.99537146E+06  1.99537146E+06  1.99537146E+06  0.00000000E+00  0.00000000E+00  0.00000000E+00
 12.8485  1.96398307E+06  1.96398307E+06  1.96398307E+06  0.00000000E+00  0.00000000E+00  0.00000000E+00
 12.9127  1.96324677E+06  1.96324677E+06  1.96324677E+06  0.00000000E+00  0.00000000E+00  0.00000000E+00
 12.9769  1.99338297E+06  1.99338297E+06  1.99338297E+06  0.00000000E+00  0.00000000E+00  0.00000000E+00
 13.0412  2.03195532E+06  2.03195532E+06  2.03195532E+06  0.00000000E+00  0.00000000E+00  0.00000000E+00
 13.1054  2.05296183E+06  2.05296183E+06  2.05296183E+06  0.00000000E+00  0.00000000E+00  0.00000000E+00
 13.1697  2.04112035E+06  2.04112035E+06  2.04112035E+06  0.00000000E+00  0.00000000E+00  0.00000000E+00
 13.2339  1.99584598E+06  1.99584598E+06  1.99584598E+06  0.00000000E+00  0.00000000E+00  0.00000000E+00
 13.2981  1.93041877E+06  1.93041877E+06  1.93041877E+06  0.00000000E+00  0.00000000E+00  0.00000000E+00
 13.3624  1.86790074E+06  1.86790074E+06  1.86790074E+06  0.00000000E+00  0.00000000E+00  0.00000000E+00
 13.4266  1.83054950E+06  1.83054950E+06  1.83054950E+06  0.00000000E+00  0.00000000E+00  0.00000000E+00
 13.4909  1.82719700E+06  1.82719700E+06  1.82719700E+06  0.00000000E+00  0.00000000E+00  0.00000000E+00
 13.5551  1.84891358E+06  1.84891358E+06  1.84891358E+06  0.00000000E+00  0.00000000E+00  0.00000000E+00
 13.6194  1.87681311E+06  1.87681311E+06  1.87681311E+06  0.00000000E+00  0.00000000E+00  0.00000000E+00
 13.6836  1.89174424E+06  1.89174424E+06  1.89174424E+06  0.00000000E+00  0.00000000E+00  0.00000000E+00
 13.7478  1.88386764E+06  1.88386764E+06  1.88386764E+06  0.00000000E+00  0.00000000E+00  0.00000000E+00
 13.8121  1.85844214E+06  1.85844214E+06  1.85844214E+06  0.00000000E+00  0.00000000E+00  0.00000000E+00
 13.8763  1.83285373E+06  1.83285373E+06  1.83285373E+06  0.00000000E+00  0.00000000E+00  0.00000000E+00
 13.9406  1.82135836E+06  1.82135836E+06  1.82135836E+06  0.00000000E+00  0.00000000E+00  0.00000000E+00
 14.0048  1.82197356E+06  1.82197356E+06  1.82197356E+06  0.00000000E+00  0.00000000E+00  0.00000000E+00
 14.0691  1.82205501E+06  1.82205501E+06  1.82205501E+06  0.00000000E+00  0.00000000E+00  0.00000000E+00
 14.1333  1.81449225E+06  1.81449225E+06  1.81449225E+06  0.00000000E+00  0.00000000E+00  0.00000000E+00
 14.1975  1.80325196E+06  1.80325196E+06  1.80325196E+06  0.00000000E+00  0.00000000E+00  0.00000000E+00
 14.2618  1.79287892E+06  1.79287892E+06  1.79287892E+06  0.00000000E+00  0.00000000E+00  0.00000000E+00
 14.3260  1.77721158E+06  1.77721158E+06  1.77721158E+06  0.00000000E+00  0.00000000E+00  0.00000000E+00
 14.3903  1.74202764E+06  1.74202764E+06  1.74202764E+06  0.00000000E+00  0.00000000E+00  0.00000000E+00
 14.4545  1.67907592E+06  1.67907592E+06  1.67907592E+06  0.00000000E+00  0.00000000E+00  0.00000000E+00
 14.5188  1.59770517E+06  1.59770517E+06  1.59770517E+06  0.00000000E+00  0.00000000E+00  0.00000000E+00
 14.5830  1.52465994E+06  1.52465994E+06  1.52465994E+06  0.00000000E+00  0.00000000E+00  0.00000000E+00
 14.6472  1.48785148E+06  1.48785148E+06  1.48785148E+06  0.00000000E+00  0.00000000E+00  0.00000000E+00
 14.7115  1.49496469E+06  1.49496469E+06  1.49496469E+06  0.00000000E+00  0.00000000E+00  0.00000000E+00
 14.7757  1.53217417E+06  1.53217417E+06  1.53217417E+06  0.00000000E+00  0.00000000E+00  0.00000000E+00
 14.8400  1.58073989E+06  1.58073989E+06  1.58073989E+06  0.00000000E+00  0.00000000E+00  0.00000000E+00
 14.9042  1.62748218E+06  1.62748218E+06  1.62748218E+06  0.00000000E+00  0.00000000E+00  0.00000000E+00
 14.9684  1.66423121E+06  1.66423121E+06  1.66423121E+06  0.00000000E+00  0.00000000E+00  0.00000000E+00
 15.0327  1.68368822E+06  1.68368822E+06  1.68368822E+06  0.00000000E+00  0.00000000E+00  0.00000000E+00
 15.0969  1.67862368E+06  1.67862368E+06  1.67862368E+06  0.00000000E+00  0.00000000E+00  0.00000000E+00
 15.1612  1.64582002E+06  1.64582002E+06  1.64582002E+06  0.00000000E+00  0.00000000E+00  0.00000000E+00
 15.2254  1.58978651E+06  1.58978651E+06  1.58978651E+06  0.00000000E+00  0.00000000E+00  0.00000000E+00
 15.2897  1.52328626E+06  1.52328626E+06  1.52328626E+06  0.00000000E+00  0.00000000E+00  0.00000000E+00
 15.3539  1.46215014E+06  1.46215014E+06  1.46215014E+06  0.00000000E+00  0.00000000E+00  0.00000000E+00
 15.4181  1.41745239E+06  1.41745239E+06  1.41745239E+06  0.00000000E+00  0.00000000E+00  0.00000000E+00
 15.4824  1.39151896E+06  1.39151896E+06  1.39151896E+06  0.00000000E+00  0.00000000E+00  0.00000000E+00
 15.5466  1.38399818E+06  1.38399818E+06  1.38399818E+06  0.00000000E+00  0.00000000E+00  0.00000000E+00
 15.6109  1.39770492E+06  1.39770492E+06  1.39770492E+06  0.00000000E+00  0.00000000E+00  0.00000000E+00
 15.6751  1.43590742E+06  1.43590742E+06  1.43590742E+06  0.00000000E+00  0.00000000E+00  0.00000000E+00
 15.7394  1.49357002E+06  1.49357002E+06  1.49357002E+06  0.00000000E+00  0.00000000E+00  0.00000000E+00
 15.8036  1.55342874E+06  1.55342874E+06  1.55342874E+06  0.00000000E+00  0.00000000E+00  0.00000000E+00
 15.8678  1.59431053E+06  1.59431053E+06  1.59431053E+06  0.00000000E+00  0.00000000E+00  0.00000000E+00
 15.9321  1.60506802E+06  1.60506802E+06  1.60506802E+06  0.00000000E+00  0.00000000E+00  0.00000000E+00
 15.9963  1.59336161E+06  1.59336161E+06  1.59336161E+06  0.00000000E+00  0.00000000E+00  0.00000000E+00
 16.0606  1.57768934E+06  1.57768934E+06  1.57768934E+06  0.00000000E+00  0.00000000E+00  0.00000000E+00
 16.1248  1.56848695E+06  1.56848695E+06  1.56848695E+06  0.00000000E+00  0.00000000E+00  0.00000000E+00
 16.1891  1.56193050E+06  1.56193050E+06  1.56193050E+06  0.00000000E+00  0.00000000E+00  0.00000000E+00
 16.2533  1.55382842E+06  1.55382842E+06  1.55382842E+06  0.00000000E+00  0.00000000E+00  0.00000000E+00
 16.3175  1.55416017E+06  1.55416017E+06  1.55416017E+06  0.00000000E+00  0.00000000E+00  0.00000000E+00
 16.3818  1.58035519E+06  1.58035519E+06  1.58035519E+06  0.00000000E+00  0.00000000E+00  0.00000000E+00
 16.4460  1.63916404E+06  1.63916404E+06  1.63916404E+06  0.00000000E+00  0.00000000E+00  0.00000000E+00
 16.5103  1.72106739E+06  1.72106739E+06  1.72106739E+06  0.00000000E+00  0.00000000E+00  0.00000000E+00
 16.5745  1.80982442E+06  1.80982442E+06  1.80982442E+06  0.00000000E+00  0.00000000E+00  0.00000000E+00
 16.6387  1.89251227E+06  1.89251227E+06  1.89251227E+06  0.00000000E+00  0.00000000E+00  0.00000000E+00
 16.7030  1.96134965E+06  1.96134965E+06  1.96134965E+06  0.00000000E+00  0.00000000E+00  0.00000000E+00
 16.7672  2.01218384E+06  2.01218384E+06  2.01218384E+06  0.00000000E+00  0.00000000E+00  0.00000000E+00
 16.8315  2.04539612E+06  2.04539612E+06  2.04539612E+06  0.00000000E+00  0.00000000E+00  0.00000000E+00
 16.8957  2.06848646E+06  2.06848646E+06  2.06848646E+06  0.00000000E+00  0.00000000E+00  0.00000000E+00
 16.9600  2.09437322E+06  2.09437322E+06  2.09437322E+06  0.00000000E+00  0.00000000E+00  0.00000000E+00
 17.0242  2.13392094E+06  2.13392094E+06  2.13392094E+06  0.00000000E+00  0.00000000E+00  0.00000000E+00
 17.0884  2.18987631E+06  2.18987631E+06  2.18987631E+06  0.00000000E+00  0.00000000E+00  0.00000000E+00
 17.1527  2.25727393E+06  2.25727393E+06  2.25727393E+06  0.00000000E+00  0.00000000E+00  0.00000000E+00
 17.2169  2.32742398E+06  2.32742398E+06  2.32742398E+06  0.00000000E+00  0.00000000E+00  0.00000000E+00
 17.2812  2.39121371E+06  2.39121371E+06  2.39121371E+06  0.00000000E+00  0.00000000E+00  0.00000000E+00
 17.3454  2.44032189E+06  2.44032189E+06  2.44032189E+06  0.00000000E+00  0.00000000E+00  0.00000000E+00
 17.4097  2.46959612E+06  2.46959612E+06  2.46959612E+06  0.00000000E+00  0.00000000E+00  0.00000000E+00
 17.4739  2.47810146E+06  2.47810146E+06  2.47810146E+06  0.00000000E+00  0.00000000E+00  0.00000000E+00
 17.5381  2.46830405E+06  2.46830405E+06  2.46830405E+06  0.00000000E+00  0.00000000E+00  0.00000000E+00
 17.6024  2.44359132E+06  2.44359132E+06  2.44359132E+06  0.00000000E+00  0.00000000E+00  0.00000000E+00
 17.6666  2.40838738E+06  2.40838738E+06  2.40838738E+06  0.00000000E+00  0.00000000E+00  0.00000000E+00
 17.7309  2.36910793E+06  2.36910793E+06  2.36910793E+06  0.00000000E+00  0.00000000E+00  0.00000000E+00
 17.7951  2.33296621E+06  2.33296621E+06  2.33296621E+06  0.00000000E+00  0.00000000E+00  0.00000000E+00
 17.8593  2.30465723E+06  2.30465723E+06  2.30465723E+06  0.00000000E+00  0.00000000E+00  0.00000000E+00
 17.9236  2.28614768E+06  2.28614768E+06  2.28614768E+06  0.00000000E+00  0.00000000E+00  0.00000000E+00
 17.9878  2.28024166E+06  2.28024166E+06  2.28024166E+06  0.00000000E+00  0.00000000E+00  0.00000000E+00
 18.0521  2.29241471E+06  2.29241471E+06  2.29241471E+06  0.00000000E+00  0.00000000E+00  0.00000000E+00
 18.1163  2.32555659E+06  2.32555659E+06  2.32555659E+06  0.00000000E+00  0.00000000E+00  0.00000000E+00
 18.1806  2.37249755E+06  2.37249755E+06  2.37249755E+06  0.00000000E+00  0.00000000E+00  0.00000000E+00
 18.2448  2.41589753E+06  2.41589753E+06  2.41589753E+06  0.00000000E+00  0.00000000E+00  0.00000000E+00
 18.3090  2.43879985E+06  2.43879985E+06  2.43879985E+06  0.00000000E+00  0.00000000E+00  0.00000000E+00
 18.3733  2.43597525E+06  2.43597525E+06  2.43597525E+06  0.00000000E+00  0.00000000E+00  0.00000000E+00
 18.4375  2.41837754E+06  2.41837754E+06  2.41837754E+06  0.00000000E+00  0.00000000E+00  0.00000000E+00
 18.5018  2.40514294E+06  2.40514294E+06  2.40514294E+06  0.00000000E+00  0.00000000E+00  0.00000000E+00
 18.5660  2.40825757E+06  2.40825757E+06  2.40825757E+06  0.00000000E+00  0.00000000E+00  0.00000000E+00
 18.6303  2.42578659E+06  2.42578659E+06  2.42578659E+06  0.00000000E+00  0.00000000E+00  0.00000000E+00
 18.6945  2.44722460E+06  2.44722460E+06  2.44722460E+06  0.00000000E+00  0.00000000E+00  0.00000000E+00
 18.7587  2.46279225E+06  2.46279225E+06  2.46279225E+06  0.00000000E+00  0.00000000E+00  0.00000000E+00
 18.8230  2.46701940E+06  2.46701940E+06  2.46701940E+06  0.00000000E+00  0.00000000E+00  0.00000000E+00
 18.8872  2.45829775E+06  2.45829775E+06  2.45829775E+06  0.00000000E+00  0.00000000E+00  0.00000000E+00
 18.9515  2.44333072E+06  2.44333072E+06  2.44333072E+06  0.00000000E+00  0.00000000E+00  0.00000000E+00
 19.0157  2.43899797E+06  2.43899797E+06  2.43899797E+06  0.00000000E+00  0.00000000E+00  0.00000000E+00
 19.0800  2.46258045E+06  2.46258045E+06  2.46258045E+06  0.00000000E+00  0.00000000E+00  0.00000000E+00
 19.1442  2.51465884E+06  2.51465884E+06  2.51465884E+06  0.00000000E+00  0.00000000E+00  0.00000000E+00
 19.2084  2.57567056E+06  2.57567056E+06  2.57567056E+06  0.00000000E+00  0.00000000E+00  0.00000000E+00
 19.2727  2.62099699E+06  2.62099699E+06  2.62099699E+06  0.00000000E+00  0.00000000E+00  0.00000000E+00
