 #Energy       XX              YY             ZZ              XY              YZ              XZ       
  0.0000  0.00000000E+00  0.00000000E+00  0.00000000E+00             NaN             NaN             NaN
  0.0642  1.18204080E-03  1.18204080E-03  1.18204080E-03             NaN             NaN             NaN
  0.1285  2.31959647E-03  2.31959647E-03  2.31959647E-03             NaN             NaN             NaN
  0.1927  3.37994550E-03  3.37994550E-03  3.37994550E-03             NaN             NaN             NaN
  0.2570  4.41630888E-03  4.41630888E-03  4.41630888E-03             NaN             NaN             NaN
  0.3212  5.61515689E-03  5.61515689E-03  5.61515689E-03             NaN             NaN             NaN
  0.3855  7.18658060E-03  7.18658060E-03  7.18658060E-03             NaN             NaN             NaN
  0.4497  9.27474269E-03  9.27474269E-03  9.27474269E-03             NaN             NaN             NaN
  0.5139  1.20641314E-02  1.20641314E-02  1.20641314E-02             NaN             NaN             NaN
  0.5782  1.59937637E-02  1.59937637E-02  1.59937637E-02             NaN             NaN             NaN
  0.6424  2.20583418E-02  2.20583418E-02  2.20583418E-02             NaN             NaN             NaN
  0.7067  3.16884700E-02  3.16884700E-02  3.16884700E-02             NaN             NaN             NaN
  0.7709  4.03791165E-02  4.03791165E-02  4.03791165E-02             NaN             NaN             NaN
  0.8351  3.29977886E-02  3.29977886E-02  3.29977886E-02             NaN             NaN             NaN
  0.8994  2.25834437E-02  2.25834437E-02  2.25834437E-02             NaN             NaN             NaN
  0.9636  1.79539601E-02  1.79539601E-02  1.79539601E-02             NaN             NaN             NaN
  1.0279  1.63031123E-02  1.63031123E-02  1.63031123E-02             NaN             NaN             NaN
  1.0921  1.59746578E-02  1.59746578E-02  1.59746578E-02             NaN             NaN             NaN
  1.1564  1.64747259E-02  1.64747259E-02  1.64747259E-02             NaN             NaN             NaN
  1.2206  1.76099587E-02  1.76099587E-02  1.76099587E-02             NaN             NaN             NaN
  1.2848  1.91737214E-02  1.91737214E-02  1.91737214E-02             NaN             NaN             NaN
  1.3491  2.08972085E-02  2.08972085E-02  2.08972085E-02             NaN             NaN             NaN
  1.4133  2.24980065E-02  2.24980065E-02  2.24980065E-02             NaN             NaN             NaN
  1.4776  2.38026489E-02  2.38026489E-02  2.38026489E-02             NaN             NaN             NaN
  1.5418  2.48011982E-02  2.48011982E-02  2.48011982E-02             NaN             NaN             NaN
  1.6061  2.54462046E-02  2.54462046E-02  2.54462046E-02             NaN             NaN             NaN
  1.6703  2.53866079E-02  2.53866079E-02  2.53866079E-02             NaN             NaN             NaN
  1.7345  2.41990636E-02  2.41990636E-02  2.41990636E-02             NaN             NaN             NaN
  1.7988  2.22730515E-02  2.22730515E-02  2.22730515E-02             NaN             NaN             NaN
  1.8630  2.08284723E-02  2.08284723E-02  2.08284723E-02             NaN             NaN             NaN
  1.9273  2.06168141E-02  2.06168141E-02  2.06168141E-02             NaN             NaN             NaN
  1.9915  2.15716670E-02  2.15716670E-02  2.15716670E-02             NaN             NaN             NaN
  2.0558  2.33297572E-02  2.33297572E-02  2.33297572E-02             NaN             NaN             NaN
  2.1200  2.54411572E-02  2.54411572E-02  2.54411572E-02             NaN             NaN             NaN
  2.1842  2.73084635E-02  2.73084635E-02  2.73084635E-02             NaN             NaN             NaN
  2.2485  2.84465582E-02  2.84465582E-02  2.84465582E-02             NaN             NaN             NaN
  2.3127  2.91106794E-02  2.91106794E-02  2.91106794E-02             NaN             NaN             NaN
  2.3770  3.01080855E-02  3.01080855E-02  3.01080855E-02             NaN             NaN             NaN
  2.4412  3.19894064E-02  3.19894064E-02  3.19894064E-02             NaN             NaN             NaN
  2.5054  3.48147722E-02  3.48147722E-02  3.48147722E-02             NaN             NaN             NaN
  2.5697  3.81290821E-02  3.81290821E-02  3.81290821E-02             NaN             NaN             NaN
  2.6339  4.08245818E-02  4.08245818E-02  4.08245818E-02             NaN             NaN             NaN
  2.6982  4.17803081E-02  4.17803081E-02  4.17803081E-02             NaN             NaN             NaN
  2.7624  4.13032591E-02  4.13032591E-02  4.13032591E-02             NaN             NaN             NaN
  2.8267  4.07716186E-02  4.07716186E-02  4.07716186E-02             NaN             NaN             NaN
  2.8909  4.10067171E-02  4.10067171E-02  4.10067171E-02             NaN             NaN             NaN
  2.9551  4.18702158E-02  4.18702158E-02  4.18702158E-02             NaN             NaN             NaN
  3.0194  4.26246172E-02  4.26246172E-02  4.26246172E-02             NaN             NaN             NaN
  3.0836  4.25249788E-02  4.25249788E-02  4.25249788E-02             NaN             NaN             NaN
  3.1479  4.15333167E-02  4.15333167E-02  4.15333167E-02             NaN             NaN             NaN
  3.2121  4.02574274E-02  4.02574274E-02  4.02574274E-02             NaN             NaN             NaN
  3.2764  3.92003927E-02  3.92003927E-02  3.92003927E-02             NaN             NaN             NaN
  3.3406  3.85063269E-02  3.85063269E-02  3.85063269E-02             NaN             NaN             NaN
  3.4048  3.82397528E-02  3.82397528E-02  3.82397528E-02             NaN             NaN             NaN
  3.4691  3.85824188E-02  3.85824188E-02  3.85824188E-02             NaN             NaN             NaN
  3.5333  3.97682485E-02  3.97682485E-02  3.97682485E-02             NaN             NaN             NaN
  3.5976  4.19441507E-02  4.19441507E-02  4.19441507E-02             NaN             NaN             NaN
  3.6618  4.50220584E-02  4.50220584E-02  4.50220584E-02             NaN             NaN             NaN
  3.7261  4.84426274E-02  4.84426274E-02  4.84426274E-02             NaN             NaN             NaN
  3.7903  5.11452454E-02  5.11452454E-02  5.11452454E-02             NaN             NaN             NaN
  3.8545  5.24032347E-02  5.24032347E-02  5.24032347E-02             NaN             NaN             NaN
  3.9188  5.26421580E-02  5.26421580E-02  5.26421580E-02             NaN             NaN             NaN
  3.9830  5.26892740E-02  5.26892740E-02  5.26892740E-02             NaN             NaN             NaN
  4.0473  5.27604153E-02  5.27604153E-02  5.27604153E-02             NaN             NaN             NaN
  4.1115  5.24573152E-02  5.24573152E-02  5.24573152E-02             NaN             NaN             NaN
  4.1757  5.14152569E-02  5.14152569E-02  5.14152569E-02             NaN             NaN             NaN
  4.2400  4.98999886E-02  4.98999886E-02  4.98999886E-02             NaN             NaN             NaN
  4.3042  4.86560611E-02  4.86560611E-02  4.86560611E-02             NaN             NaN             NaN
  4.3685  4.82574687E-02  4.82574687E-02  4.82574687E-02             NaN             NaN             NaN
  4.4327  4.87378704E-02  4.87378704E-02  4.87378704E-02             NaN             NaN             NaN
  4.4970  4.95318122E-02  4.95318122E-02  4.95318122E-02             NaN             NaN             NaN
  4.5612  4.96642512E-02  4.96642512E-02  4.96642512E-02             NaN             NaN             NaN
  4.6254  4.85374651E-02  4.85374651E-02  4.85374651E-02             NaN             NaN             NaN
  4.6897  4.65892649E-02  4.65892649E-02  4.65892649E-02             NaN             NaN             NaN
  4.7539  4.46376453E-02  4.46376453E-02  4.46376453E-02             NaN             NaN             NaN
  4.8182  4.30607376E-02  4.30607376E-02  4.30607376E-02             NaN             NaN             NaN
  4.8824  4.18127012E-02  4.18127012E-02  4.18127012E-02             NaN             NaN             NaN
  4.9467  4.07022742E-02  4.07022742E-02  4.07022742E-02             NaN             NaN             NaN
  5.0109  3.95521728E-02  3.95521728E-02  3.95521728E-02             NaN             NaN             NaN
  5.0751  3.83040080E-02  3.83040080E-02  3.83040080E-02             NaN             NaN             NaN
  5.1394  3.70900834E-02  3.70900834E-02  3.70900834E-02             NaN             NaN             NaN
  5.2036  3.61626400E-02  3.61626400E-02  3.61626400E-02             NaN             NaN             NaN
  5.2679  3.57511082E-02  3.57511082E-02  3.57511082E-02             NaN             NaN             NaN
  5.3321  3.60017897E-02  3.60017897E-02  3.60017897E-02             NaN             NaN             NaN
  5.3964  3.69619207E-02  3.69619207E-02  3.69619207E-02             NaN             NaN             NaN
  5.4606  3.85151602E-02  3.85151602E-02  3.85151602E-02             NaN             NaN             NaN
  5.5248  4.03496731E-02  4.03496731E-02  4.03496731E-02             NaN             NaN             NaN
  5.5891  4.21345566E-02  4.21345566E-02  4.21345566E-02             NaN             NaN             NaN
  5.6533  4.37499321E-02  4.37499321E-02  4.37499321E-02             NaN             NaN             NaN
  5.7176  4.52178755E-02  4.52178755E-02  4.52178755E-02             NaN             NaN             NaN
  5.7818  4.64876005E-02  4.64876005E-02  4.64876005E-02             NaN             NaN             NaN
  5.8460  4.74430979E-02  4.74430979E-02  4.74430979E-02             NaN             NaN             NaN
  5.9103  4.81000164E-02  4.81000164E-02  4.81000164E-02             NaN             NaN             NaN
  5.9745  4.86530973E-02  4.86530973E-02  4.86530973E-02             NaN             NaN             NaN
  6.0388  4.93090263E-02  4.93090263E-02  4.93090263E-02             NaN             NaN             NaN
  6.1030  5.01285097E-02  5.01285097E-02  5.01285097E-02             NaN             NaN             NaN
  6.1673  5.10374296E-02  5.10374296E-02  5.10374296E-02             NaN             NaN             NaN
  6.2315  5.19809542E-02  5.19809542E-02  5.19809542E-02             NaN             NaN             NaN
  6.2957  5.30617705E-02  5.30617705E-02  5.30617705E-02             NaN             NaN             NaN
  6.3600  5.45427760E-02  5.45427760E-02  5.45427760E-02             NaN             NaN             NaN
  6.4242  5.66886845E-02  5.66886845E-02  5.66886845E-02             NaN             NaN             NaN
  6.4885  5.95332290E-02  5.95332290E-02  5.95332290E-02             NaN             NaN             NaN
  6.5527  6.27099559E-02  6.27099559E-02  6.27099559E-02             NaN             NaN             NaN
  6.6170  6.56288647E-02  6.56288647E-02  6.56288647E-02             NaN             NaN             NaN
  6.6812  6.79658763E-02  6.79658763E-02  6.79658763E-02             NaN             NaN             NaN
  6.7454  6.99013209E-02  6.99013209E-02  6.99013209E-02             NaN             NaN             NaN
  6.8097  7.18016447E-02  7.18016447E-02  7.18016447E-02             NaN             NaN             NaN
  6.8739  7.37491210E-02  7.37491210E-02  7.37491210E-02             NaN             NaN             NaN
  6.9382  7.54327148E-02  7.54327148E-02  7.54327148E-02             NaN             NaN             NaN
  7.0024  7.65115880E-02  7.65115880E-02  7.65115880E-02             NaN             NaN             NaN
  7.0666  7.70441534E-02  7.70441534E-02  7.70441534E-02             NaN             NaN             NaN
  7.1309  7.75058540E-02  7.75058540E-02  7.75058540E-02             NaN             NaN             NaN
  7.1951  7.85853971E-02  7.85853971E-02  7.85853971E-02             NaN             NaN             NaN
  7.2594  8.10143720E-02  8.10143720E-02  8.10143720E-02             NaN             NaN             NaN
  7.3236  8.54598209E-02  8.54598209E-02  8.54598209E-02             NaN             NaN             NaN
  7.3879  9.22273004E-02  9.22273004E-02  9.22273004E-02             NaN             NaN             NaN
  7.4521  1.00708354E-01  1.00708354E-01  1.00708354E-01             NaN             NaN             NaN
  7.5163  1.09038048E-01  1.09038048E-01  1.09038048E-01             NaN             NaN             NaN
  7.5806  1.15018693E-01  1.15018693E-01  1.15018693E-01             NaN             NaN             NaN
  7.6448  1.18072359E-01  1.18072359E-01  1.18072359E-01             NaN             NaN             NaN
  7.7091  1.19813879E-01  1.19813879E-01  1.19813879E-01             NaN             NaN             NaN
  7.7733  1.22857906E-01  1.22857906E-01  1.22857906E-01             NaN             NaN             NaN
  7.8376  1.29402388E-01  1.29402388E-01  1.29402388E-01             NaN             NaN             NaN
  7.9018  1.40060542E-01  1.40060542E-01  1.40060542E-01             NaN             NaN             NaN
  7.9660  1.52979931E-01  1.52979931E-01  1.52979931E-01             NaN             NaN             NaN
  8.0303  1.65150606E-01  1.65150606E-01  1.65150606E-01             NaN             NaN             NaN
  8.0945  1.75241217E-01  1.75241217E-01  1.75241217E-01             NaN             NaN             NaN
  8.1588  1.83685402E-01  1.83685402E-01  1.83685402E-01             NaN             NaN             NaN
  8.2230  1.90446965E-01  1.90446965E-01  1.90446965E-01             NaN             NaN             NaN
  8.2873  1.94266742E-01  1.94266742E-01  1.94266742E-01             NaN             NaN             NaN
  8.3515  1.94391501E-01  1.94391501E-01  1.94391501E-01             NaN             NaN             NaN
  8.4157  1.92190287E-01  1.92190287E-01  1.92190287E-01             NaN             NaN             NaN
  8.4800  1.90429537E-01  1.90429537E-01  1.90429537E-01             NaN             NaN             NaN
  8.5442  1.91433498E-01  1.91433498E-01  1.91433498E-01             NaN             NaN             NaN
  8.6085  1.95817039E-01  1.95817039E-01  1.95817039E-01             NaN             NaN             NaN
  8.6727  2.02182406E-01  2.02182406E-01  2.02182406E-01             NaN             NaN             NaN
  8.7369  2.08465875E-01  2.08465875E-01  2.08465875E-01             NaN             NaN             NaN
  8.8012  2.14311319E-01  2.14311319E-01  2.14311319E-01             NaN             NaN             NaN
  8.8654  2.21467986E-01  2.21467986E-01  2.21467986E-01             NaN             NaN             NaN
  8.9297  2.32135562E-01  2.32135562E-01  2.32135562E-01             NaN             NaN             NaN
  8.9939  2.46855678E-01  2.46855678E-01  2.46855678E-01             NaN             NaN             NaN
  9.0582  2.62592566E-01  2.62592566E-01  2.62592566E-01             NaN             NaN             NaN
  9.1224  2.73730100E-01  2.73730100E-01  2.73730100E-01             NaN             NaN             NaN
  9.1866  2.78218733E-01  2.78218733E-01  2.78218733E-01             NaN             NaN             NaN
  9.2509  2.80331026E-01  2.80331026E-01  2.80331026E-01             NaN             NaN             NaN
  9.3151  2.85284588E-01  2.85284588E-01  2.85284588E-01             NaN             NaN             NaN
  9.3794  2.93860057E-01  2.93860057E-01  2.93860057E-01             NaN             NaN             NaN
  9.4436  3.01105510E-01  3.01105510E-01  3.01105510E-01             NaN             NaN             NaN
  9.5079  3.00346594E-01  3.00346594E-01  3.00346594E-01             NaN             NaN             NaN
  9.5721  2.90585393E-01  2.90585393E-01  2.90585393E-01             NaN             NaN             NaN
  9.6363  2.76900568E-01  2.76900568E-01  2.76900568E-01             NaN             NaN             NaN
  9.7006  2.64508625E-01  2.64508625E-01  2.64508625E-01             NaN             NaN             NaN
  9.7648  2.55533702E-01  2.55533702E-01  2.55533702E-01             NaN             NaN             NaN
  9.8291  2.49732881E-01  2.49732881E-01  2.49732881E-01             NaN             NaN             NaN
  9.8933  2.46042516E-01  2.46042516E-01  2.46042516E-01             NaN             NaN             NaN
  9.9576  2.43777495E-01  2.43777495E-01  2.43777495E-01             NaN             NaN             NaN
 10.0218  2.42593778E-01  2.42593778E-01  2.42593778E-01             NaN             NaN             NaN
 10.0860  2.41386311E-01  2.41386311E-01  2.41386311E-01             NaN             NaN             NaN
 10.1503  2.37812567E-01  2.37812567E-01  2.37812567E-01             NaN             NaN             NaN
 10.2145  2.30027001E-01  2.30027001E-01  2.30027001E-01             NaN             NaN             NaN
 10.2788  2.19127942E-01  2.19127942E-01  2.19127942E-01             NaN             NaN             NaN
 10.3430  2.08476144E-01  2.08476144E-01  2.08476144E-01             NaN             NaN             NaN
 10.4072  2.01053073E-01  2.01053073E-01  2.01053073E-01             NaN             NaN             NaN
 10.4715  1.98406165E-01  1.98406165E-01  1.98406165E-01             NaN             NaN             NaN
 10.5357  2.00876532E-01  2.00876532E-01  2.00876532E-01             NaN             NaN             NaN
 10.6000  2.07626420E-01  2.07626420E-01  2.07626420E-01             NaN             NaN             NaN
 10.6642  2.16740757E-01  2.16740757E-01  2.16740757E-01             NaN             NaN             NaN
 10.7285  2.26519890E-01  2.26519890E-01  2.26519890E-01             NaN             NaN             NaN
 10.7927  2.36727696E-01  2.36727696E-01  2.36727696E-01             NaN             NaN             NaN
 10.8569  2.47266772E-01  2.47266772E-01  2.47266772E-01             NaN             NaN             NaN
 10.9212  2.55524823E-01  2.55524823E-01  2.55524823E-01             NaN             NaN             NaN
 10.9854  2.56767900E-01  2.56767900E-01  2.56767900E-01             NaN             NaN             NaN
 11.0497  2.49379580E-01  2.49379580E-01  2.49379580E-01             NaN             NaN             NaN
 11.1139  2.37358745E-01  2.37358745E-01  2.37358745E-01             NaN             NaN             NaN
 11.1782  2.25822289E-01  2.25822289E-01  2.25822289E-01             NaN             NaN             NaN
 11.2424  2.17261769E-01  2.17261769E-01  2.17261769E-01             NaN             NaN             NaN
 11.3066  2.11632260E-01  2.11632260E-01  2.11632260E-01             NaN             NaN             NaN
 11.3709  2.07908581E-01  2.07908581E-01  2.07908581E-01             NaN             NaN             NaN
 11.4351  2.05766668E-01  2.05766668E-01  2.05766668E-01             NaN             NaN             NaN
 11.4994  2.06399080E-01  2.06399080E-01  2.06399080E-01             NaN             NaN             NaN
 11.5636  2.12014476E-01  2.12014476E-01  2.12014476E-01             NaN             NaN             NaN
 11.6278  2.24290334E-01  2.24290334E-01  2.24290334E-01             NaN             NaN             NaN
 11.6921  2.41422282E-01  2.41422282E-01  2.41422282E-01             NaN             NaN             NaN
 11.7563  2.55776786E-01  2.55776786E-01  2.55776786E-01             NaN             NaN             NaN
 11.8206  2.59721858E-01  2.59721858E-01  2.59721858E-01             NaN             NaN             NaN
 11.8848  2.55168556E-01  2.55168556E-01  2.55168556E-01             NaN             NaN             NaN
 11.9491  2.50256684E-01  2.50256684E-01  2.50256684E-01             NaN             NaN             NaN
 12.0133  2.51708467E-01  2.51708467E-01  2.51708467E-01             NaN             NaN             NaN
 12.0775  2.62469471E-01  2.62469471E-01  2.62469471E-01             NaN             NaN             NaN
 12.1418  2.79836716E-01  2.79836716E-01  2.79836716E-01             NaN             NaN             NaN
 12.2060  2.94398600E-01  2.94398600E-01  2.94398600E-01             NaN             NaN             NaN
 12.2703  2.98052871E-01  2.98052871E-01  2.98052871E-01             NaN             NaN             NaN
 12.3345  2.92151706E-01  2.92151706E-01  2.92151706E-01             NaN             NaN             NaN
 12.3988  2.82158275E-01  2.82158275E-01  2.82158275E-01             NaN             NaN             NaN
 12.4630  2.71521090E-01  2.71521090E-01  2.71521090E-01             NaN             NaN             NaN
 12.5272  2.62046424E-01  2.62046424E-01  2.62046424E-01             NaN             NaN             NaN
 12.5915  2.55650185E-01  2.55650185E-01  2.55650185E-01             NaN             NaN             NaN
 12.6557  2.54658315E-01  2.54658315E-01  2.54658315E-01             NaN             NaN             NaN
 12.7200  2.60969147E-01  2.60969147E-01  2.60969147E-01             NaN             NaN             NaN
 12.7842  2.73509146E-01  2.73509146E-01  2.73509146E-01             NaN             NaN             NaN
 12.8485  2.85495312E-01  2.85495312E-01  2.85495312E-01             NaN             NaN             NaN
 12.9127  2.88638533E-01  2.88638533E-01  2.88638533E-01             NaN             NaN             NaN
 12.9769  2.82774007E-01  2.82774007E-01  2.82774007E-01             NaN             NaN             NaN
 13.0412  2.74547262E-01  2.74547262E-01  2.74547262E-01             NaN             NaN             NaN
 13.1054  2.70137886E-01  2.70137886E-01  2.70137886E-01             NaN             NaN             NaN
 13.1697  2.73452377E-01  2.73452377E-01  2.73452377E-01             NaN             NaN             NaN
 13.2339  2.86955194E-01  2.86955194E-01  2.86955194E-01             NaN             NaN             NaN
 13.2981  3.10604072E-01  3.10604072E-01  3.10604072E-01             NaN             NaN             NaN
 13.3624  3.38252829E-01  3.38252829E-01  3.38252829E-01             NaN             NaN             NaN
 13.4266  3.58278551E-01  3.58278551E-01  3.58278551E-01             NaN             NaN             NaN
 13.4909  3.63733893E-01  3.63733893E-01  3.63733893E-01             NaN             NaN             NaN
 13.5551  3.58608598E-01  3.58608598E-01  3.58608598E-01             NaN             NaN             NaN
 13.6194  3.51353540E-01  3.51353540E-01  3.51353540E-01             NaN             NaN             NaN
 13.6836  3.48811371E-01  3.48811371E-01  3.48811371E-01             NaN             NaN             NaN
 13.7478  3.54519869E-01  3.54519869E-01  3.54519869E-01             NaN             NaN             NaN
 13.8121  3.67658640E-01  3.67658640E-01  3.67658640E-01             NaN             NaN             NaN
 13.8763  3.81999260E-01  3.81999260E-01  3.81999260E-01             NaN             NaN             NaN
 13.9406  3.90755731E-01  3.90755731E-01  3.90755731E-01             NaN             NaN             NaN
 14.0048  3.94150071E-01  3.94150071E-01  3.94150071E-01             NaN             NaN             NaN
 14.0691  3.97668273E-01  3.97668273E-01  3.97668273E-01             NaN             NaN             NaN
 14.1333  4.04556372E-01  4.04556372E-01  4.04556372E-01             NaN             NaN             NaN
 14.1975  4.13288175E-01  4.13288175E-01  4.13288175E-01             NaN             NaN             NaN
 14.2618  4.21741696E-01  4.21741696E-01  4.21741696E-01             NaN             NaN             NaN
 14.3260  4.32682221E-01  4.32682221E-01  4.32682221E-01             NaN             NaN             NaN
 14.3903  4.53982762E-01  4.53982762E-01  4.53982762E-01             NaN             NaN             NaN
 14.4545  4.93690066E-01  4.93690066E-01  4.93690066E-01             NaN             NaN             NaN
 14.5188  5.50850949E-01  5.50850949E-01  5.50850949E-01             NaN             NaN             NaN
 14.5830  6.03065405E-01  6.03065405E-01  6.03065405E-01             NaN             NaN             NaN
 14.6472  6.19225519E-01  6.19225519E-01  6.19225519E-01             NaN             NaN             NaN
 14.7115  5.99254725E-01  5.99254725E-01  5.99254725E-01             NaN             NaN             NaN
 14.7757  5.67060023E-01  5.67060023E-01  5.67060023E-01             NaN             NaN             NaN
 14.8400  5.38873521E-01  5.38873521E-01  5.38873521E-01             NaN             NaN             NaN
 14.9042  5.19369142E-01  5.19369142E-01  5.19369142E-01             NaN             NaN             NaN
 14.9684  5.09249628E-01  5.09249628E-01  5.09249628E-01             NaN             NaN             NaN
 15.0327  5.09610500E-01  5.09610500E-01  5.09610500E-01             NaN             NaN             NaN
 15.0969  5.22658938E-01  5.22658938E-01  5.22658938E-01             NaN             NaN             NaN
 15.1612  5.50226021E-01  5.50226021E-01  5.50226021E-01             NaN             NaN             NaN
 15.2254  5.90849573E-01  5.90849573E-01  5.90849573E-01             NaN             NaN             NaN
 15.2897  6.35613629E-01  6.35613629E-01  6.35613629E-01             NaN             NaN             NaN
 15.3539  6.69258160E-01  6.69258160E-01  6.69258160E-01             NaN             NaN             NaN
 15.4181  6.80732306E-01  6.80732306E-01  6.80732306E-01             NaN             NaN             NaN
 15.4824  6.70828500E-01  6.70828500E-01  6.70828500E-01             NaN             NaN             NaN
 15.5466  6.44937746E-01  6.44937746E-01  6.44937746E-01             NaN             NaN             NaN
 15.6109  6.08423609E-01  6.08423609E-01  6.08423609E-01             NaN             NaN             NaN
 15.6751  5.68883079E-01  5.68883079E-01  5.68883079E-01             NaN             NaN             NaN
 15.7394  5.35821186E-01  5.35821186E-01  5.35821186E-01             NaN             NaN             NaN
 15.8036  5.16045429E-01  5.16045429E-01  5.16045429E-01             NaN             NaN             NaN
 15.8678  5.11054444E-01  5.11054444E-01  5.11054444E-01             NaN             NaN             NaN
 15.9321  5.17284990E-01  5.17284990E-01  5.17284990E-01             NaN             NaN             NaN
 15.9963  5.26305893E-01  5.26305893E-01  5.26305893E-01             NaN             NaN             NaN
 16.0606  5.29761480E-01  5.29761480E-01  5.29761480E-01             NaN             NaN             NaN
 16.1248  5.26752739E-01  5.26752739E-01  5.26752739E-01             NaN             NaN             NaN
 16.1891  5.20880261E-01  5.20880261E-01  5.20880261E-01             NaN             NaN             NaN
 16.2533  5.11230563E-01  5.11230563E-01  5.11230563E-01             NaN             NaN             NaN
 16.3175  4.92194484E-01  4.92194484E-01  4.92194484E-01             NaN             NaN             NaN
 16.3818  4.63362346E-01  4.63362346E-01  4.63362346E-01             NaN             NaN             NaN
 16.4460  4.32541159E-01  4.32541159E-01  4.32541159E-01             NaN             NaN             NaN
 16.5103  4.07077247E-01  4.07077247E-01  4.07077247E-01             NaN             NaN             NaN
 16.5745  3.89167764E-01  3.89167764E-01  3.89167764E-01             NaN             NaN             NaN
 16.6387  3.77920175E-01  3.77920175E-01  3.77920175E-01             NaN             NaN             NaN
 16.7030  3.71939922E-01  3.71939922E-01  3.71939922E-01             NaN             NaN             NaN
 16.7672  3.69982456E-01  3.69982456E-01  3.69982456E-01             NaN             NaN             NaN
 16.8315  3.70356407E-01  3.70356407E-01  3.70356407E-01             NaN             NaN             NaN
 16.8957  3.70387327E-01  3.70387327E-01  3.70387327E-01             NaN             NaN             NaN
 16.9600  3.67348843E-01  3.67348843E-01  3.67348843E-01             NaN             NaN             NaN
 17.0242  3.60359173E-01  3.60359173E-01  3.60359173E-01             NaN             NaN             NaN
 17.0884  3.50845941E-01  3.50845941E-01  3.50845941E-01             NaN             NaN             NaN
 17.1527  3.41003204E-01  3.41003204E-01  3.41003204E-01             NaN             NaN             NaN
 17.2169  3.32531127E-01  3.32531127E-01  3.32531127E-01             NaN             NaN             NaN
 17.2812  3.26457238E-01  3.26457238E-01  3.26457238E-01             NaN             NaN             NaN
 17.3454  3.23463920E-01  3.23463920E-01  3.23463920E-01             NaN             NaN             NaN
 17.4097  3.23891754E-01  3.23891754E-01  3.23891754E-01             NaN             NaN             NaN
 17.4739  3.27768260E-01  3.27768260E-01  3.27768260E-01             NaN             NaN             NaN
 17.5381  3.34938430E-01  3.34938430E-01  3.34938430E-01             NaN             NaN             NaN
 17.6024  3.45298591E-01  3.45298591E-01  3.45298591E-01             NaN             NaN             NaN
 17.6666  3.58448569E-01  3.58448569E-01  3.58448569E-01             NaN             NaN             NaN
 17.7309  3.73119294E-01  3.73119294E-01  3.73119294E-01             NaN             NaN             NaN
 17.7951  3.87211911E-01  3.87211911E-01  3.87211911E-01             NaN             NaN             NaN
 17.8593  3.98947356E-01  3.98947356E-01  3.98947356E-01             NaN             NaN             NaN
 17.9236  4.07298907E-01  4.07298907E-01  4.07298907E-01             NaN             NaN             NaN
 17.9878  4.11042169E-01  4.11042169E-01  4.11042169E-01             NaN             NaN             NaN
 18.0521  4.08547790E-01  4.08547790E-01  4.08547790E-01             NaN             NaN             NaN
 18.1163  3.99894473E-01  3.99894473E-01  3.99894473E-01             NaN             NaN             NaN
 18.1806  3.88437170E-01  3.88437170E-01  3.88437170E-01             NaN             NaN             NaN
 18.2448  3.79146494E-01  3.79146494E-01  3.79146494E-01             NaN             NaN             NaN
 18.3090  3.75820007E-01  3.75820007E-01  3.75820007E-01             NaN             NaN             NaN
 18.3733  3.79583775E-01  3.79583775E-01  3.79583775E-01             NaN             NaN             NaN
 18.4375  3.87792368E-01  3.87792368E-01  3.87792368E-01             NaN             NaN             NaN
 18.5018  3.94826413E-01  3.94826413E-01  3.94826413E-01             NaN             NaN             NaN
 18.5660  3.96551581E-01  3.96551581E-01  3.96551581E-01             NaN             NaN             NaN
 18.6303  3.93502698E-01  3.93502698E-01  3.93502698E-01             NaN             NaN             NaN
 18.6945  3.89034280E-01  3.89034280E-01  3.89034280E-01             NaN             NaN             NaN
 18.7587  3.86103890E-01  3.86103890E-01  3.86103890E-01             NaN             NaN             NaN
 18.8230  3.86455235E-01  3.86455235E-01  3.86455235E-01             NaN             NaN             NaN
 18.8872  3.91082946E-01  3.91082946E-01  3.91082946E-01             NaN             NaN             NaN
 18.9515  3.98585215E-01  3.98585215E-01  3.98585215E-01             NaN             NaN             NaN
 19.0157  4.03337095E-01  4.03337095E-01  4.03337095E-01             NaN             NaN             NaN
 19.0800  3.98604643E-01  3.98604643E-01  3.98604643E-01             NaN             NaN             NaN
 19.1442  3.83871904E-01  3.83871904E-01  3.83871904E-01             NaN             NaN             NaN
 19.2084  3.65174272E-01  3.65174272E-01  3.65174272E-01             NaN             NaN             NaN
 19.2727  3.48873623E-01  3.48873623E-01  3.48873623E-01             NaN             NaN             NaN
