 #Energy       XX              YY             ZZ              XY              YZ              XZ       
  0.0000  0.00000000E+00  0.00000000E+00  0.00000000E+00  0.00000000E+00  0.00000000E+00  0.00000000E+00
  0.0642  3.94615803E-01  3.94615803E-01  3.94615803E-01  0.00000000E+00  0.00000000E+00  0.00000000E+00
  0.1285  7.68265654E-01  7.68265654E-01  7.68265654E-01  0.00000000E+00  0.00000000E+00  0.00000000E+00
  0.1927  1.11765557E+00  1.11765557E+00  1.11765557E+00  0.00000000E+00  0.00000000E+00  0.00000000E+00
  0.2570  1.48855645E+00  1.48855645E+00  1.48855645E+00  0.00000000E+00  0.00000000E+00  0.00000000E+00
  0.3212  1.97114288E+00  1.97114288E+00  1.97114288E+00  0.00000000E+00  0.00000000E+00  0.00000000E+00
  0.3855  2.61689671E+00  2.61689671E+00  2.61689671E+00  0.00000000E+00  0.00000000E+00  0.00000000E+00
  0.4497  3.35172018E+00  3.35172018E+00  3.35172018E+00  0.00000000E+00  0.00000000E+00  0.00000000E+00
  0.5139  3.98278298E+00  3.98278298E+00  3.98278298E+00  0.00000000E+00  0.00000000E+00  0.00000000E+00
  0.5782  4.28716035E+00  4.28716035E+00  4.28716035E+00  0.00000000E+00  0.00000000E+00  0.00000000E+00
  0.6424  4.11226402E+00  4.11226402E+00  4.11226402E+00  0.00000000E+00  0.00000000E+00  0.00000000E+00
  0.7067  3.44507634E+00  3.44507634E+00  3.44507634E+00  0.00000000E+00  0.00000000E+00  0.00000000E+00
  0.7709  2.48723248E+00  2.48723248E+00  2.48723248E+00  0.00000000E+00  0.00000000E+00  0.00000000E+00
  0.8351  1.70934960E+00  1.70934960E+00  1.70934960E+00  0.00000000E+00  0.00000000E+00  0.00000000E+00
  0.8994  1.37164849E+00  1.37164849E+00  1.37164849E+00  0.00000000E+00  0.00000000E+00  0.00000000E+00
  0.9636  1.31193170E+00  1.31193170E+00  1.31193170E+00  0.00000000E+00  0.00000000E+00  0.00000000E+00
  1.0279  1.37243532E+00  1.37243532E+00  1.37243532E+00  0.00000000E+00  0.00000000E+00  0.00000000E+00
  1.0921  1.49605436E+00  1.49605436E+00  1.49605436E+00  0.00000000E+00  0.00000000E+00  0.00000000E+00
  1.1564  1.66527746E+00  1.66527746E+00  1.66527746E+00  0.00000000E+00  0.00000000E+00  0.00000000E+00
  1.2206  1.85347269E+00  1.85347269E+00  1.85347269E+00  0.00000000E+00  0.00000000E+00  0.00000000E+00
  1.2848  2.01814232E+00  2.01814232E+00  2.01814232E+00  0.00000000E+00  0.00000000E+00  0.00000000E+00
  1.3491  2.12399688E+00  2.12399688E+00  2.12399688E+00  0.00000000E+00  0.00000000E+00  0.00000000E+00
  1.4133  2.16437579E+00  2.16437579E+00  2.16437579E+00  0.00000000E+00  0.00000000E+00  0.00000000E+00
  1.4776  2.15784312E+00  2.15784312E+00  2.15784312E+00  0.00000000E+00  0.00000000E+00  0.00000000E+00
  1.5418  2.12329830E+00  2.12329830E+00  2.12329830E+00  0.00000000E+00  0.00000000E+00  0.00000000E+00
  1.6061  2.06160941E+00  2.06160941E+00  2.06160941E+00  0.00000000E+00  0.00000000E+00  0.00000000E+00
  1.6703  1.96724474E+00  1.96724474E+00  1.96724474E+00  0.00000000E+00  0.00000000E+00  0.00000000E+00
  1.7345  1.86232123E+00  1.86232123E+00  1.86232123E+00  0.00000000E+00  0.00000000E+00  0.00000000E+00
  1.7988  1.81108532E+00  1.81108532E+00  1.81108532E+00  0.00000000E+00  0.00000000E+00  0.00000000E+00
  1.8630  1.87758715E+00  1.87758715E+00  1.87758715E+00  0.00000000E+00  0.00000000E+00  0.00000000E+00
  1.9273  2.06670470E+00  2.06670470E+00  2.06670470E+00  0.00000000E+00  0.00000000E+00  0.00000000E+00
  1.9915  2.31704400E+00  2.31704400E+00  2.31704400E+00  0.00000000E+00  0.00000000E+00  0.00000000E+00
  2.0558  2.54002133E+00  2.54002133E+00  2.54002133E+00  0.00000000E+00  0.00000000E+00  0.00000000E+00
  2.1200  2.67010097E+00  2.67010097E+00  2.67010097E+00  0.00000000E+00  0.00000000E+00  0.00000000E+00
  2.1842  2.70490156E+00  2.70490156E+00  2.70490156E+00  0.00000000E+00  0.00000000E+00  0.00000000E+00
  2.2485  2.70848081E+00  2.70848081E+00  2.70848081E+00  0.00000000E+00  0.00000000E+00  0.00000000E+00
  2.3127  2.75403814E+00  2.75403814E+00  2.75403814E+00  0.00000000E+00  0.00000000E+00  0.00000000E+00
  2.3770  2.85176429E+00  2.85176429E+00  2.85176429E+00  0.00000000E+00  0.00000000E+00  0.00000000E+00
  2.4412  2.94488338E+00  2.94488338E+00  2.94488338E+00  0.00000000E+00  0.00000000E+00  0.00000000E+00
  2.5054  2.96469094E+00  2.96469094E+00  2.96469094E+00  0.00000000E+00  0.00000000E+00  0.00000000E+00
  2.5697  2.88323919E+00  2.88323919E+00  2.88323919E+00  0.00000000E+00  0.00000000E+00  0.00000000E+00
  2.6339  2.73382802E+00  2.73382802E+00  2.73382802E+00  0.00000000E+00  0.00000000E+00  0.00000000E+00
  2.6982  2.59075767E+00  2.59075767E+00  2.59075767E+00  0.00000000E+00  0.00000000E+00  0.00000000E+00
  2.7624  2.51356540E+00  2.51356540E+00  2.51356540E+00  0.00000000E+00  0.00000000E+00  0.00000000E+00
  2.8267  2.50376554E+00  2.50376554E+00  2.50376554E+00  0.00000000E+00  0.00000000E+00  0.00000000E+00
  2.8909  2.51715593E+00  2.51715593E+00  2.51715593E+00  0.00000000E+00  0.00000000E+00  0.00000000E+00
  2.9551  2.50779128E+00  2.50779128E+00  2.50779128E+00  0.00000000E+00  0.00000000E+00  0.00000000E+00
  3.0194  2.46270872E+00  2.46270872E+00  2.46270872E+00  0.00000000E+00  0.00000000E+00  0.00000000E+00
  3.0836  2.40727324E+00  2.40727324E+00  2.40727324E+00  0.00000000E+00  0.00000000E+00  0.00000000E+00
  3.1479  2.37879204E+00  2.37879204E+00  2.37879204E+00  0.00000000E+00  0.00000000E+00  0.00000000E+00
  3.2121  2.39503972E+00  2.39503972E+00  2.39503972E+00  0.00000000E+00  0.00000000E+00  0.00000000E+00
  3.2764  2.45096424E+00  2.45096424E+00  2.45096424E+00  0.00000000E+00  0.00000000E+00  0.00000000E+00
  3.3406  2.53737952E+00  2.53737952E+00  2.53737952E+00  0.00000000E+00  0.00000000E+00  0.00000000E+00
  3.4048  2.65049413E+00  2.65049413E+00  2.65049413E+00  0.00000000E+00  0.00000000E+00  0.00000000E+00
  3.4691  2.78122711E+00  2.78122711E+00  2.78122711E+00  0.00000000E+00  0.00000000E+00  0.00000000E+00
  3.5333  2.90234421E+00  2.90234421E+00  2.90234421E+00  0.00000000E+00  0.00000000E+00  0.00000000E+00
  3.5976  2.97386770E+00  2.97386770E+00  2.97386770E+00  0.00000000E+00  0.00000000E+00  0.00000000E+00
  3.6618  2.96635526E+00  2.96635526E+00  2.96635526E+00  0.00000000E+00  0.00000000E+00  0.00000000E+00
  3.7261  2.88448934E+00  2.88448934E+00  2.88448934E+00  0.00000000E+00  0.00000000E+00  0.00000000E+00
  3.7903  2.77020933E+00  2.77020933E+00  2.77020933E+00  0.00000000E+00  0.00000000E+00  0.00000000E+00
  3.8545  2.67414006E+00  2.67414006E+00  2.67414006E+00  0.00000000E+00  0.00000000E+00  0.00000000E+00
  3.9188  2.61687296E+00  2.61687296E+00  2.61687296E+00  0.00000000E+00  0.00000000E+00  0.00000000E+00
  3.9830  2.58343076E+00  2.58343076E+00  2.58343076E+00  0.00000000E+00  0.00000000E+00  0.00000000E+00
  4.0473  2.55167983E+00  2.55167983E+00  2.55167983E+00  0.00000000E+00  0.00000000E+00  0.00000000E+00
  4.1115  2.51833471E+00  2.51833471E+00  2.51833471E+00  0.00000000E+00  0.00000000E+00  0.00000000E+00
  4.1757  2.50143070E+00  2.50143070E+00  2.50143070E+00  0.00000000E+00  0.00000000E+00  0.00000000E+00
  4.2400  2.52149024E+00  2.52149024E+00  2.52149024E+00  0.00000000E+00  0.00000000E+00  0.00000000E+00
  4.3042  2.57869859E+00  2.57869859E+00  2.57869859E+00  0.00000000E+00  0.00000000E+00  0.00000000E+00
  4.3685  2.64660158E+00  2.64660158E+00  2.64660158E+00  0.00000000E+00  0.00000000E+00  0.00000000E+00
  4.4327  2.68856573E+00  2.68856573E+00  2.68856573E+00  0.00000000E+00  0.00000000E+00  0.00000000E+00
  4.4970  2.68596865E+00  2.68596865E+00  2.68596865E+00  0.00000000E+00  0.00000000E+00  0.00000000E+00
  4.5612  2.65723905E+00  2.65723905E+00  2.65723905E+00  0.00000000E+00  0.00000000E+00  0.00000000E+00
  4.6254  2.64574705E+00  2.64574705E+00  2.64574705E+00  0.00000000E+00  0.00000000E+00  0.00000000E+00
  4.6897  2.68253496E+00  2.68253496E+00  2.68253496E+00  0.00000000E+00  0.00000000E+00  0.00000000E+00
  4.7539  2.76610286E+00  2.76610286E+00  2.76610286E+00  0.00000000E+00  0.00000000E+00  0.00000000E+00
  4.8182  2.87716602E+00  2.87716602E+00  2.87716602E+00  0.00000000E+00  0.00000000E+00  0.00000000E+00
  4.8824  3.00000130E+00  3.00000130E+00  3.00000130E+00  0.00000000E+00  0.00000000E+00  0.00000000E+00
  4.9467  3.13055028E+00  3.13055028E+00  3.13055028E+00  0.00000000E+00  0.00000000E+00  0.00000000E+00
  5.0109  3.27584098E+00  3.27584098E+00  3.27584098E+00  0.00000000E+00  0.00000000E+00  0.00000000E+00
  5.0751  3.44841181E+00  3.44841181E+00  3.44841181E+00  0.00000000E+00  0.00000000E+00  0.00000000E+00
  5.1394  3.65149231E+00  3.65149231E+00  3.65149231E+00  0.00000000E+00  0.00000000E+00  0.00000000E+00
  5.2036  3.86335072E+00  3.86335072E+00  3.86335072E+00  0.00000000E+00  0.00000000E+00  0.00000000E+00
  5.2679  4.04028069E+00  4.04028069E+00  4.04028069E+00  0.00000000E+00  0.00000000E+00  0.00000000E+00
  5.3321  4.14079325E+00  4.14079325E+00  4.14079325E+00  0.00000000E+00  0.00000000E+00  0.00000000E+00
  5.3964  4.15165295E+00  4.15165295E+00  4.15165295E+00  0.00000000E+00  0.00000000E+00  0.00000000E+00
  5.4606  4.09489392E+00  4.09489392E+00  4.09489392E+00  0.00000000E+00  0.00000000E+00  0.00000000E+00
  5.5248  4.00989402E+00  4.00989402E+00  4.00989402E+00  0.00000000E+00  0.00000000E+00  0.00000000E+00
  5.5891  3.92619813E+00  3.92619813E+00  3.92619813E+00  0.00000000E+00  0.00000000E+00  0.00000000E+00
  5.6533  3.85241518E+00  3.85241518E+00  3.85241518E+00  0.00000000E+00  0.00000000E+00  0.00000000E+00
  5.7176  3.78724408E+00  3.78724408E+00  3.78724408E+00  0.00000000E+00  0.00000000E+00  0.00000000E+00
  5.7818  3.73202934E+00  3.73202934E+00  3.73202934E+00  0.00000000E+00  0.00000000E+00  0.00000000E+00
  5.8460  3.68959931E+00  3.68959931E+00  3.68959931E+00  0.00000000E+00  0.00000000E+00  0.00000000E+00
  5.9103  3.65667587E+00  3.65667587E+00  3.65667587E+00  0.00000000E+00  0.00000000E+00  0.00000000E+00
  5.9745  3.62410092E+00  3.62410092E+00  3.62410092E+00  0.00000000E+00  0.00000000E+00  0.00000000E+00
  6.0388  3.58463752E+00  3.58463752E+00  3.58463752E+00  0.00000000E+00  0.00000000E+00  0.00000000E+00
  6.1030  3.53795656E+00  3.53795656E+00  3.53795656E+00  0.00000000E+00  0.00000000E+00  0.00000000E+00
  6.1673  3.48768321E+00  3.48768321E+00  3.48768321E+00  0.00000000E+00  0.00000000E+00  0.00000000E+00
  6.2315  3.43513955E+00  3.43513955E+00  3.43513955E+00  0.00000000E+00  0.00000000E+00  0.00000000E+00
  6.2957  3.37701108E+00  3.37701108E+00  3.37701108E+00  0.00000000E+00  0.00000000E+00  0.00000000E+00
  6.3600  3.30851820E+00  3.30851820E+00  3.30851820E+00  0.00000000E+00  0.00000000E+00  0.00000000E+00
  6.4242  3.22915391E+00  3.22915391E+00  3.22915391E+00  0.00000000E+00  0.00000000E+00  0.00000000E+00
  6.4885  3.14544059E+00  3.14544059E+00  3.14544059E+00  0.00000000E+00  0.00000000E+00  0.00000000E+00
  6.5527  3.06823754E+00  3.06823754E+00  3.06823754E+00  0.00000000E+00  0.00000000E+00  0.00000000E+00
  6.6170  3.00538612E+00  3.00538612E+00  3.00538612E+00  0.00000000E+00  0.00000000E+00  0.00000000E+00
  6.6812  2.95619839E+00  2.95619839E+00  2.95619839E+00  0.00000000E+00  0.00000000E+00  0.00000000E+00
  6.7454  2.91350393E+00  2.91350393E+00  2.91350393E+00  0.00000000E+00  0.00000000E+00  0.00000000E+00
  6.8097  2.87143403E+00  2.87143403E+00  2.87143403E+00  0.00000000E+00  0.00000000E+00  0.00000000E+00
  6.8739  2.83058879E+00  2.83058879E+00  2.83058879E+00  0.00000000E+00  0.00000000E+00  0.00000000E+00
  6.9382  2.79545330E+00  2.79545330E+00  2.79545330E+00  0.00000000E+00  0.00000000E+00  0.00000000E+00
  7.0024  2.76755679E+00  2.76755679E+00  2.76755679E+00  0.00000000E+00  0.00000000E+00  0.00000000E+00
  7.0666  2.74191151E+00  2.74191151E+00  2.74191151E+00  0.00000000E+00  0.00000000E+00  0.00000000E+00
  7.1309  2.70989448E+00  2.70989448E+00  2.70989448E+00  0.00000000E+00  0.00000000E+00  0.00000000E+00
  7.1951  2.66395073E+00  2.66395073E+00  2.66395073E+00  0.00000000E+00  0.00000000E+00  0.00000000E+00
  7.2594  2.60093545E+00  2.60093545E+00  2.60093545E+00  0.00000000E+00  0.00000000E+00  0.00000000E+00
  7.3236  2.52323283E+00  2.52323283E+00  2.52323283E+00  0.00000000E+00  0.00000000E+00  0.00000000E+00
  7.3879  2.43885106E+00  2.43885106E+00  2.43885106E+00  0.00000000E+00  0.00000000E+00  0.00000000E+00
  7.4521  2.35994201E+00  2.35994201E+00  2.35994201E+00  0.00000000E+00  0.00000000E+00  0.00000000E+00
  7.5163  2.29882410E+00  2.29882410E+00  2.29882410E+00  0.00000000E+00  0.00000000E+00  0.00000000E+00
  7.5806  2.26130517E+00  2.26130517E+00  2.26130517E+00  0.00000000E+00  0.00000000E+00  0.00000000E+00
  7.6448  2.24090287E+00  2.24090287E+00  2.24090287E+00  0.00000000E+00  0.00000000E+00  0.00000000E+00
  7.7091  2.22103400E+00  2.22103400E+00  2.22103400E+00  0.00000000E+00  0.00000000E+00  0.00000000E+00
  7.7733  2.18516184E+00  2.18516184E+00  2.18516184E+00  0.00000000E+00  0.00000000E+00  0.00000000E+00
  7.8376  2.12780916E+00  2.12780916E+00  2.12780916E+00  0.00000000E+00  0.00000000E+00  0.00000000E+00
  7.9018  2.05770648E+00  2.05770648E+00  2.05770648E+00  0.00000000E+00  0.00000000E+00  0.00000000E+00
  7.9660  1.99077256E+00  1.99077256E+00  1.99077256E+00  0.00000000E+00  0.00000000E+00  0.00000000E+00
  8.0303  1.93742418E+00  1.93742418E+00  1.93742418E+00  0.00000000E+00  0.00000000E+00  0.00000000E+00
  8.0945  1.89694631E+00  1.89694631E+00  1.89694631E+00  0.00000000E+00  0.00000000E+00  0.00000000E+00
  8.1588  1.86431127E+00  1.86431127E+00  1.86431127E+00  0.00000000E+00  0.00000000E+00  0.00000000E+00
  8.2230  1.83898333E+00  1.83898333E+00  1.83898333E+00  0.00000000E+00  0.00000000E+00  0.00000000E+00
  8.2873  1.82553421E+00  1.82553421E+00  1.82553421E+00  0.00000000E+00  0.00000000E+00  0.00000000E+00
  8.3515  1.82679696E+00  1.82679696E+00  1.82679696E+00  0.00000000E+00  0.00000000E+00  0.00000000E+00
  8.4157  1.83746029E+00  1.83746029E+00  1.83746029E+00  0.00000000E+00  0.00000000E+00  0.00000000E+00
  8.4800  1.84520652E+00  1.84520652E+00  1.84520652E+00  0.00000000E+00  0.00000000E+00  0.00000000E+00
  8.5442  1.83907117E+00  1.83907117E+00  1.83907117E+00  0.00000000E+00  0.00000000E+00  0.00000000E+00
  8.6085  1.81766836E+00  1.81766836E+00  1.81766836E+00  0.00000000E+00  0.00000000E+00  0.00000000E+00
  8.6727  1.78929748E+00  1.78929748E+00  1.78929748E+00  0.00000000E+00  0.00000000E+00  0.00000000E+00
  8.7369  1.76296745E+00  1.76296745E+00  1.76296745E+00  0.00000000E+00  0.00000000E+00  0.00000000E+00
  8.8012  1.73926069E+00  1.73926069E+00  1.73926069E+00  0.00000000E+00  0.00000000E+00  0.00000000E+00
  8.8654  1.71121668E+00  1.71121668E+00  1.71121668E+00  0.00000000E+00  0.00000000E+00  0.00000000E+00
  8.9297  1.67202581E+00  1.67202581E+00  1.67202581E+00  0.00000000E+00  0.00000000E+00  0.00000000E+00
  8.9939  1.62208314E+00  1.62208314E+00  1.62208314E+00  0.00000000E+00  0.00000000E+00  0.00000000E+00
  9.0582  1.57129555E+00  1.57129555E+00  1.57129555E+00  0.00000000E+00  0.00000000E+00  0.00000000E+00
  9.1224  1.53345841E+00  1.53345841E+00  1.53345841E+00  0.00000000E+00  0.00000000E+00  0.00000000E+00
  9.1866  1.51365645E+00  1.51365645E+00  1.51365645E+00  0.00000000E+00  0.00000000E+00  0.00000000E+00
  9.2509  1.50207325E+00  1.50207325E+00  1.50207325E+00  0.00000000E+00  0.00000000E+00  0.00000000E+00
  9.3151  1.48338876E+00  1.48338876E+00  1.48338876E+00  0.00000000E+00  0.00000000E+00  0.00000000E+00
  9.3794  1.45160780E+00  1.45160780E+00  1.45160780E+00  0.00000000E+00  0.00000000E+00  0.00000000E+00
  9.4436  1.41569931E+00  1.41569931E+00  1.41569931E+00  0.00000000E+00  0.00000000E+00  0.00000000E+00
  9.5079  1.39230004E+00  1.39230004E+00  1.39230004E+00  0.00000000E+00  0.00000000E+00  0.00000000E+00
  9.5721  1.39206895E+00  1.39206895E+00  1.39206895E+00  0.00000000E+00  0.00000000E+00  0.00000000E+00
  9.6363  1.41303372E+00  1.41303372E+00  1.41303372E+00  0.00000000E+00  0.00000000E+00  0.00000000E+00
  9.7006  1.44436437E+00  1.44436437E+00  1.44436437E+00  0.00000000E+00  0.00000000E+00  0.00000000E+00
  9.7648  1.47490466E+00  1.47490466E+00  1.47490466E+00  0.00000000E+00  0.00000000E+00  0.00000000E+00
  9.8291  1.49881392E+00  1.49881392E+00  1.49881392E+00  0.00000000E+00  0.00000000E+00  0.00000000E+00
  9.8933  1.51584275E+00  1.51584275E+00  1.51584275E+00  0.00000000E+00  0.00000000E+00  0.00000000E+00
  9.9576  1.52696428E+00  1.52696428E+00  1.52696428E+00  0.00000000E+00  0.00000000E+00  0.00000000E+00
 10.0218  1.53185852E+00  1.53185852E+00  1.53185852E+00  0.00000000E+00  0.00000000E+00  0.00000000E+00
 10.0860  1.53221787E+00  1.53221787E+00  1.53221787E+00  0.00000000E+00  0.00000000E+00  0.00000000E+00
 10.1503  1.53629137E+00  1.53629137E+00  1.53629137E+00  0.00000000E+00  0.00000000E+00  0.00000000E+00
 10.2145  1.55695679E+00  1.55695679E+00  1.55695679E+00  0.00000000E+00  0.00000000E+00  0.00000000E+00
 10.2788  1.60169952E+00  1.60169952E+00  1.60169952E+00  0.00000000E+00  0.00000000E+00  0.00000000E+00
 10.3430  1.66395985E+00  1.66395985E+00  1.66395985E+00  0.00000000E+00  0.00000000E+00  0.00000000E+00
 10.4072  1.72510647E+00  1.72510647E+00  1.72510647E+00  0.00000000E+00  0.00000000E+00  0.00000000E+00
 10.4715  1.76483265E+00  1.76483265E+00  1.76483265E+00  0.00000000E+00  0.00000000E+00  0.00000000E+00
 10.5357  1.77260723E+00  1.77260723E+00  1.77260723E+00  0.00000000E+00  0.00000000E+00  0.00000000E+00
 10.6000  1.75258127E+00  1.75258127E+00  1.75258127E+00  0.00000000E+00  0.00000000E+00  0.00000000E+00
 10.6642  1.71822783E+00  1.71822783E+00  1.71822783E+00  0.00000000E+00  0.00000000E+00  0.00000000E+00
 10.7285  1.68043717E+00  1.68043717E+00  1.68043717E+00  0.00000000E+00  0.00000000E+00  0.00000000E+00
 10.7927  1.64124936E+00  1.64124936E+00  1.64124936E+00  0.00000000E+00  0.00000000E+00  0.00000000E+00
 10.8569  1.59988209E+00  1.59988209E+00  1.59988209E+00  0.00000000E+00  0.00000000E+00  0.00000000E+00
 10.9212  1.56239486E+00  1.56239486E+00  1.56239486E+00  0.00000000E+00  0.00000000E+00  0.00000000E+00
 10.9854  1.54285056E+00  1.54285056E+00  1.54285056E+00  0.00000000E+00  0.00000000E+00  0.00000000E+00
 11.0497  1.55286963E+00  1.55286963E+00  1.55286963E+00  0.00000000E+00  0.00000000E+00  0.00000000E+00
 11.1139  1.59047095E+00  1.59047095E+00  1.59047095E+00  0.00000000E+00  0.00000000E+00  0.00000000E+00
 11.1782  1.64107933E+00  1.64107933E+00  1.64107933E+00  0.00000000E+00  0.00000000E+00  0.00000000E+00
 11.2424  1.68874942E+00  1.68874942E+00  1.68874942E+00  0.00000000E+00  0.00000000E+00  0.00000000E+00
 11.3066  1.72591410E+00  1.72591410E+00  1.72591410E+00  0.00000000E+00  0.00000000E+00  0.00000000E+00
 11.3709  1.75333760E+00  1.75333760E+00  1.75333760E+00  0.00000000E+00  0.00000000E+00  0.00000000E+00
 11.4351  1.77131053E+00  1.77131053E+00  1.77131053E+00  0.00000000E+00  0.00000000E+00  0.00000000E+00
 11.4994  1.77328959E+00  1.77328959E+00  1.77328959E+00  0.00000000E+00  0.00000000E+00  0.00000000E+00
 11.5636  1.75012512E+00  1.75012512E+00  1.75012512E+00  0.00000000E+00  0.00000000E+00  0.00000000E+00
 11.6278  1.70089520E+00  1.70089520E+00  1.70089520E+00  0.00000000E+00  0.00000000E+00  0.00000000E+00
 11.6921  1.64008043E+00  1.64008043E+00  1.64008043E+00  0.00000000E+00  0.00000000E+00  0.00000000E+00
 11.7563  1.59294457E+00  1.59294457E+00  1.59294457E+00  0.00000000E+00  0.00000000E+00  0.00000000E+00
 11.8206  1.57828969E+00  1.57828969E+00  1.57828969E+00  0.00000000E+00  0.00000000E+00  0.00000000E+00
 11.8848  1.59182594E+00  1.59182594E+00  1.59182594E+00  0.00000000E+00  0.00000000E+00  0.00000000E+00
 11.9491  1.60954580E+00  1.60954580E+00  1.60954580E+00  0.00000000E+00  0.00000000E+00  0.00000000E+00
 12.0133  1.60628320E+00  1.60628320E+00  1.60628320E+00  0.00000000E+00  0.00000000E+00  0.00000000E+00
 12.0775  1.57309609E+00  1.57309609E+00  1.57309609E+00  0.00000000E+00  0.00000000E+00  0.00000000E+00
 12.1418  1.52322211E+00  1.52322211E+00  1.52322211E+00  0.00000000E+00  0.00000000E+00  0.00000000E+00
 12.2060  1.48206601E+00  1.48206601E+00  1.48206601E+00  0.00000000E+00  0.00000000E+00  0.00000000E+00
 12.2703  1.46695171E+00  1.46695171E+00  1.46695171E+00  0.00000000E+00  0.00000000E+00  0.00000000E+00
 12.3345  1.47712745E+00  1.47712745E+00  1.47712745E+00  0.00000000E+00  0.00000000E+00  0.00000000E+00
 12.3988  1.50274747E+00  1.50274747E+00  1.50274747E+00  0.00000000E+00  0.00000000E+00  0.00000000E+00
 12.4630  1.53543336E+00  1.53543336E+00  1.53543336E+00  0.00000000E+00  0.00000000E+00  0.00000000E+00
 12.5272  1.56844570E+00  1.56844570E+00  1.56844570E+00  0.00000000E+00  0.00000000E+00  0.00000000E+00
 12.5915  1.59255625E+00  1.59255625E+00  1.59255625E+00  0.00000000E+00  0.00000000E+00  0.00000000E+00
 12.6557  1.59703059E+00  1.59703059E+00  1.59703059E+00  0.00000000E+00  0.00000000E+00  0.00000000E+00
 12.7200  1.57665627E+00  1.57665627E+00  1.57665627E+00  0.00000000E+00  0.00000000E+00  0.00000000E+00
 12.7842  1.53994999E+00  1.53994999E+00  1.53994999E+00  0.00000000E+00  0.00000000E+00  0.00000000E+00
 12.8485  1.50814025E+00  1.50814025E+00  1.50814025E+00  0.00000000E+00  0.00000000E+00  0.00000000E+00
 12.9127  1.50007941E+00  1.50007941E+00  1.50007941E+00  0.00000000E+00  0.00000000E+00  0.00000000E+00
 12.9769  1.51557071E+00  1.51557071E+00  1.51557071E+00  0.00000000E+00  0.00000000E+00  0.00000000E+00
 13.0412  1.53728014E+00  1.53728014E+00  1.53728014E+00  0.00000000E+00  0.00000000E+00  0.00000000E+00
 13.1054  1.54556407E+00  1.54556407E+00  1.54556407E+00  0.00000000E+00  0.00000000E+00  0.00000000E+00
 13.1697  1.52914669E+00  1.52914669E+00  1.52914669E+00  0.00000000E+00  0.00000000E+00  0.00000000E+00
 13.2339  1.48797486E+00  1.48797486E+00  1.48797486E+00  0.00000000E+00  0.00000000E+00  0.00000000E+00
 13.2981  1.43224843E+00  1.43224843E+00  1.43224843E+00  0.00000000E+00  0.00000000E+00  0.00000000E+00
 13.3624  1.37919522E+00  1.37919522E+00  1.37919522E+00  0.00000000E+00  0.00000000E+00  0.00000000E+00
 13.4266  1.34515350E+00  1.34515350E+00  1.34515350E+00  0.00000000E+00  0.00000000E+00  0.00000000E+00
 13.4909  1.33629046E+00  1.33629046E+00  1.33629046E+00  0.00000000E+00  0.00000000E+00  0.00000000E+00
 13.5551  1.34576834E+00  1.34576834E+00  1.34576834E+00  0.00000000E+00  0.00000000E+00  0.00000000E+00
 13.6194  1.35962604E+00  1.35962604E+00  1.35962604E+00  0.00000000E+00  0.00000000E+00  0.00000000E+00
 13.6836  1.36401287E+00  1.36401287E+00  1.36401287E+00  0.00000000E+00  0.00000000E+00  0.00000000E+00
 13.7478  1.35199037E+00  1.35199037E+00  1.35199037E+00  0.00000000E+00  0.00000000E+00  0.00000000E+00
 13.8121  1.32753430E+00  1.32753430E+00  1.32753430E+00  0.00000000E+00  0.00000000E+00  0.00000000E+00
 13.8763  1.30319843E+00  1.30319843E+00  1.30319843E+00  0.00000000E+00  0.00000000E+00  0.00000000E+00
 13.9406  1.28905176E+00  1.28905176E+00  1.28905176E+00  0.00000000E+00  0.00000000E+00  0.00000000E+00
 14.0048  1.28357597E+00  1.28357597E+00  1.28357597E+00  0.00000000E+00  0.00000000E+00  0.00000000E+00
 14.0691  1.27776676E+00  1.27776676E+00  1.27776676E+00  0.00000000E+00  0.00000000E+00  0.00000000E+00
 14.1333  1.26668305E+00  1.26668305E+00  1.26668305E+00  0.00000000E+00  0.00000000E+00  0.00000000E+00
 14.1975  1.25314393E+00  1.25314393E+00  1.25314393E+00  0.00000000E+00  0.00000000E+00  0.00000000E+00
 14.2618  1.24031798E+00  1.24031798E+00  1.24031798E+00  0.00000000E+00  0.00000000E+00  0.00000000E+00
 14.3260  1.22396953E+00  1.22396953E+00  1.22396953E+00  0.00000000E+00  0.00000000E+00  0.00000000E+00
 14.3903  1.19437750E+00  1.19437750E+00  1.19437750E+00  0.00000000E+00  0.00000000E+00  0.00000000E+00
 14.4545  1.14610308E+00  1.14610308E+00  1.14610308E+00  0.00000000E+00  0.00000000E+00  0.00000000E+00
 14.5188  1.08573125E+00  1.08573125E+00  1.08573125E+00  0.00000000E+00  0.00000000E+00  0.00000000E+00
 14.5830  1.03153159E+00  1.03153159E+00  1.03153159E+00  0.00000000E+00  0.00000000E+00  0.00000000E+00
 14.6472  1.00221613E+00  1.00221613E+00  1.00221613E+00  0.00000000E+00  0.00000000E+00  0.00000000E+00
 14.7115  1.00260623E+00  1.00260623E+00  1.00260623E+00  0.00000000E+00  0.00000000E+00  0.00000000E+00
 14.7757  1.02309625E+00  1.02309625E+00  1.02309625E+00  0.00000000E+00  0.00000000E+00  0.00000000E+00
 14.8400  1.05095212E+00  1.05095212E+00  1.05095212E+00  0.00000000E+00  0.00000000E+00  0.00000000E+00
 14.9042  1.07736780E+00  1.07736780E+00  1.07736780E+00  0.00000000E+00  0.00000000E+00  0.00000000E+00
 14.9684  1.09696987E+00  1.09696987E+00  1.09696987E+00  0.00000000E+00  0.00000000E+00  0.00000000E+00
 15.0327  1.10504789E+00  1.10504789E+00  1.10504789E+00  0.00000000E+00  0.00000000E+00  0.00000000E+00
 15.0969  1.09703880E+00  1.09703880E+00  1.09703880E+00  0.00000000E+00  0.00000000E+00  0.00000000E+00
 15.1612  1.07103875E+00  1.07103875E+00  1.07103875E+00  0.00000000E+00  0.00000000E+00  0.00000000E+00
 15.2254  1.03021179E+00  1.03021179E+00  1.03021179E+00  0.00000000E+00  0.00000000E+00  0.00000000E+00
 15.2897  9.82967094E-01  9.82967094E-01  9.82967094E-01  0.00000000E+00  0.00000000E+00  0.00000000E+00
 15.3539  9.39571168E-01  9.39571168E-01  9.39571168E-01  0.00000000E+00  0.00000000E+00  0.00000000E+00
 15.4181  9.07055879E-01  9.07055879E-01  9.07055879E-01  0.00000000E+00  0.00000000E+00  0.00000000E+00
 15.4824  8.86762385E-01  8.86762385E-01  8.86762385E-01  0.00000000E+00  0.00000000E+00  0.00000000E+00
 15.5466  8.78327566E-01  8.78327566E-01  8.78327566E-01  0.00000000E+00  0.00000000E+00  0.00000000E+00
 15.6109  8.83372697E-01  8.83372697E-01  8.83372697E-01  0.00000000E+00  0.00000000E+00  0.00000000E+00
 15.6751  9.03800420E-01  9.03800420E-01  9.03800420E-01  0.00000000E+00  0.00000000E+00  0.00000000E+00
 15.7394  9.36254318E-01  9.36254318E-01  9.36254318E-01  0.00000000E+00  0.00000000E+00  0.00000000E+00
 15.8036  9.69821318E-01  9.69821318E-01  9.69821318E-01  0.00000000E+00  0.00000000E+00  0.00000000E+00
 15.8678  9.91317139E-01  9.91317139E-01  9.91317139E-01  0.00000000E+00  0.00000000E+00  0.00000000E+00
 15.9321  9.93978146E-01  9.93978146E-01  9.93978146E-01  0.00000000E+00  0.00000000E+00  0.00000000E+00
 15.9963  9.82768499E-01  9.82768499E-01  9.82768499E-01  0.00000000E+00  0.00000000E+00  0.00000000E+00
 16.0606  9.69206114E-01  9.69206114E-01  9.69206114E-01  0.00000000E+00  0.00000000E+00  0.00000000E+00
 16.1248  9.59716569E-01  9.59716569E-01  9.59716569E-01  0.00000000E+00  0.00000000E+00  0.00000000E+00
 16.1891  9.51908969E-01  9.51908969E-01  9.51908969E-01  0.00000000E+00  0.00000000E+00  0.00000000E+00
 16.2533  9.43230701E-01  9.43230701E-01  9.43230701E-01  0.00000000E+00  0.00000000E+00  0.00000000E+00
 16.3175  9.39720219E-01  9.39720219E-01  9.39720219E-01  0.00000000E+00  0.00000000E+00  0.00000000E+00
 16.3818  9.51808340E-01  9.51808340E-01  9.51808340E-01  0.00000000E+00  0.00000000E+00  0.00000000E+00
 16.4460  9.83373614E-01  9.83373614E-01  9.83373614E-01  0.00000000E+00  0.00000000E+00  0.00000000E+00
 16.5103  1.02848824E+00  1.02848824E+00  1.02848824E+00  0.00000000E+00  0.00000000E+00  0.00000000E+00
 16.5745  1.07733911E+00  1.07733911E+00  1.07733911E+00  0.00000000E+00  0.00000000E+00  0.00000000E+00
 16.6387  1.12221413E+00  1.12221413E+00  1.12221413E+00  0.00000000E+00  0.00000000E+00  0.00000000E+00
 16.7030  1.15855581E+00  1.15855581E+00  1.15855581E+00  0.00000000E+00  0.00000000E+00  0.00000000E+00
 16.7672  1.18403225E+00  1.18403225E+00  1.18403225E+00  0.00000000E+00  0.00000000E+00  0.00000000E+00
 16.8315  1.19897748E+00  1.19897748E+00  1.19897748E+00  0.00000000E+00  0.00000000E+00  0.00000000E+00
 16.8957  1.20790537E+00  1.20790537E+00  1.20790537E+00  0.00000000E+00  0.00000000E+00  0.00000000E+00
 16.9600  1.21838529E+00  1.21838529E+00  1.21838529E+00  0.00000000E+00  0.00000000E+00  0.00000000E+00
 17.0242  1.23671045E+00  1.23671045E+00  1.23671045E+00  0.00000000E+00  0.00000000E+00  0.00000000E+00
 17.0884  1.26437122E+00  1.26437122E+00  1.26437122E+00  0.00000000E+00  0.00000000E+00  0.00000000E+00
 17.1527  1.29839906E+00  1.29839906E+00  1.29839906E+00  0.00000000E+00  0.00000000E+00  0.00000000E+00
 17.2169  1.33375778E+00  1.33375778E+00  1.33375778E+00  0.00000000E+00  0.00000000E+00  0.00000000E+00
 17.2812  1.36521457E+00  1.36521457E+00  1.36521457E+00  0.00000000E+00  0.00000000E+00  0.00000000E+00
 17.3454  1.38809508E+00  1.38809508E+00  1.38809508E+00  0.00000000E+00  0.00000000E+00  0.00000000E+00
 17.4097  1.39955853E+00  1.39955853E+00  1.39955853E+00  0.00000000E+00  0.00000000E+00  0.00000000E+00
 17.4739  1.39921888E+00  1.39921888E+00  1.39921888E+00  0.00000000E+00  0.00000000E+00  0.00000000E+00
 17.5381  1.38858520E+00  1.38858520E+00  1.38858520E+00  0.00000000E+00  0.00000000E+00  0.00000000E+00
 17.6024  1.36966106E+00  1.36966106E+00  1.36966106E+00  0.00000000E+00  0.00000000E+00  0.00000000E+00
 17.6666  1.34502323E+00  1.34502323E+00  1.34502323E+00  0.00000000E+00  0.00000000E+00  0.00000000E+00
 17.7309  1.31828856E+00  1.31828856E+00  1.31828856E+00  0.00000000E+00  0.00000000E+00  0.00000000E+00
 17.7951  1.29349405E+00  1.29349405E+00  1.29349405E+00  0.00000000E+00  0.00000000E+00  0.00000000E+00
 17.8593  1.27320498E+00  1.27320498E+00  1.27320498E+00  0.00000000E+00  0.00000000E+00  0.00000000E+00
 17.9236  1.25844853E+00  1.25844853E+00  1.25844853E+00  0.00000000E+00  0.00000000E+00  0.00000000E+00
 17.9878  1.25071755E+00  1.25071755E+00  1.25071755E+00  0.00000000E+00  0.00000000E+00  0.00000000E+00
 18.0521  1.25291577E+00  1.25291577E+00  1.25291577E+00  0.00000000E+00  0.00000000E+00  0.00000000E+00
 18.1163  1.26652518E+00  1.26652518E+00  1.26652518E+00  0.00000000E+00  0.00000000E+00  0.00000000E+00
 18.1806  1.28751998E+00  1.28751998E+00  1.28751998E+00  0.00000000E+00  0.00000000E+00  0.00000000E+00
 18.2448  1.30645911E+00  1.30645911E+00  1.30645911E+00  0.00000000E+00  0.00000000E+00  0.00000000E+00
 18.3090  1.31421964E+00  1.31421964E+00  1.31421964E+00  0.00000000E+00  0.00000000E+00  0.00000000E+00
 18.3733  1.30810355E+00  1.30810355E+00  1.30810355E+00  0.00000000E+00  0.00000000E+00  0.00000000E+00
 18.4375  1.29413173E+00  1.29413173E+00  1.29413173E+00  0.00000000E+00  0.00000000E+00  0.00000000E+00
 18.5018  1.28257665E+00  1.28257665E+00  1.28257665E+00  0.00000000E+00  0.00000000E+00  0.00000000E+00
 18.5660  1.27979676E+00  1.27979676E+00  1.27979676E+00  0.00000000E+00  0.00000000E+00  0.00000000E+00
 18.6303  1.28466284E+00  1.28466284E+00  1.28466284E+00  0.00000000E+00  0.00000000E+00  0.00000000E+00
 18.6945  1.29156538E+00  1.29156538E+00  1.29156538E+00  0.00000000E+00  0.00000000E+00  0.00000000E+00
 18.7587  1.29533309E+00  1.29533309E+00  1.29533309E+00  0.00000000E+00  0.00000000E+00  0.00000000E+00
 18.8230  1.29312391E+00  1.29312391E+00  1.29312391E+00  0.00000000E+00  0.00000000E+00  0.00000000E+00
 18.8872  1.28417237E+00  1.28417237E+00  1.28417237E+00  0.00000000E+00  0.00000000E+00  0.00000000E+00
 18.9515  1.27202335E+00  1.27202335E+00  1.27202335E+00  0.00000000E+00  0.00000000E+00  0.00000000E+00
 19.0157  1.26548074E+00  1.26548074E+00  1.26548074E+00  0.00000000E+00  0.00000000E+00  0.00000000E+00
 19.0800  1.27341064E+00  1.27341064E+00  1.27341064E+00  0.00000000E+00  0.00000000E+00  0.00000000E+00
 19.1442  1.29597991E+00  1.29597991E+00  1.29597991E+00  0.00000000E+00  0.00000000E+00  0.00000000E+00
 19.2084  1.32298689E+00  1.32298689E+00  1.32298689E+00  0.00000000E+00  0.00000000E+00  0.00000000E+00
 19.2727  1.34177711E+00  1.34177711E+00  1.34177711E+00  0.00000000E+00  0.00000000E+00  0.00000000E+00
