     #Energy           s          py          pz          px         dxy         dyz         dz2         dxz         dx2       tot  
   -20.42031     0.00000     0.00000     0.00000     0.00000     0.00000     0.00000     0.00000     0.00000     0.00000     0.00000
   -20.30931     0.00000     0.00000     0.00000     0.00000     0.00000     0.00000     0.00000     0.00000     0.00000     0.00000
   -20.19831     0.00000     0.00000     0.00000     0.00000     0.00000     0.00000     0.00000     0.00000     0.00000     0.00000
   -20.08731     0.00000     0.00000     0.00000     0.00000     0.00000     0.00000     0.00000     0.00000     0.00000     0.00000
   -19.97631     0.00000     0.00000     0.00000     0.00000     0.00000     0.00000     0.00000     0.00000     0.00000     0.00000
   -19.86531     0.00000     0.00000     0.00000     0.00000     0.00000     0.00000     0.00000     0.00000     0.00000     0.00000
   -19.75531     0.00000     0.00000     0.00000     0.00000     0.00000     0.00000     0.00000     0.00000     0.00000     0.00000
   -19.64431     0.00000     0.00000     0.00000     0.00000     0.00000     0.00000     0.00000     0.00000     0.00000     0.00000
   -19.53331     0.00000     0.00000     0.00000     0.00000     0.00000     0.00000     0.00000     0.00000     0.00000     0.00000
   -19.42231     0.00000     0.00000     0.00000     0.00000     0.00000     0.00000     0.00000     0.00000     0.00000     0.00000
   -19.31131     0.00000     0.00000     0.00000     0.00000     0.00000     0.00000     0.00000     0.00000     0.00000     0.00000
   -19.20031     0.00000     0.00000     0.00000     0.00000     0.00000     0.00000     0.00000     0.00000     0.00000     0.00000
   -19.09031     0.00000     0.00000     0.00000     0.00000     0.00000     0.00000     0.00000     0.00000     0.00000     0.00000
   -18.97931     0.00000     0.00000     0.00000     0.00000     0.00000     0.00000     0.00000     0.00000     0.00000     0.00000
   -18.86831     0.00000     0.00000     0.00000     0.00000     0.00000     0.00000     0.00000     0.00000     0.00000     0.00000
   -18.75731     0.00000     0.00000     0.00000     0.00000     0.00000     0.00000     0.00000     0.00000     0.00000     0.00000
   -18.64631     0.00000     0.00000     0.00000     0.00000     0.00000     0.00000     0.00000     0.00000     0.00000     0.00000
   -18.53531     0.00000     0.00000     0.00000     0.00000     0.00000     0.00000     0.00000     0.00000     0.00000     0.00000
   -18.42531     0.00000     0.00000     0.00000     0.00000     0.00000     0.00000     0.00000     0.00000     0.00000     0.00000
   -18.31431     0.00083     0.00001     0.00000     0.00002     0.00000     0.00000     0.00000     0.00000     0.00000     0.00087
   -18.20331     0.00285     0.00005     0.00002     0.00011     0.00000     0.00000     0.00000     0.00000     0.00000     0.00303
   -18.09231     0.00549     0.00013     0.00005     0.00030     0.00000     0.00000     0.00001     0.00000     0.00002     0.00600
   -17.98131     0.00860     0.00027     0.00012     0.00062     0.00000     0.00000     0.00003     0.00000     0.00005     0.00970
   -17.87131     0.01208     0.00050     0.00022     0.00112     0.00000     0.00000     0.00007     0.00000     0.00012     0.01412
   -17.76031     0.01589     0.00084     0.00037     0.00184     0.00000     0.00000     0.00015     0.00000     0.00026     0.01936
   -17.64931     0.01996     0.00131     0.00063     0.00279     0.00001     0.00000     0.00030     0.00000     0.00051     0.02551
   -17.53831     0.02422     0.00196     0.00110     0.00394     0.00001     0.00000     0.00058     0.00000     0.00094     0.03276
   -17.42731     0.02863     0.00286     0.00191     0.00529     0.00001     0.00001     0.00114     0.00001     0.00163     0.04149
   -17.31631     0.03315     0.00411     0.00320     0.00688     0.00002     0.00001     0.00226     0.00001     0.00276     0.05239
   -17.20631     0.03774     0.00595     0.00521     0.00881     0.00002     0.00002     0.00473     0.00001     0.00469     0.06719
   -17.09531     0.04276     0.00921     0.00866     0.01162     0.00003     0.00003     0.01288     0.00002     0.00909     0.09428
   -16.98431     0.04685     0.01497     0.01427     0.01651     0.00003     0.00004     0.02776     0.00002     0.01624     0.13669
   -16.87331     0.04823     0.01859     0.01767     0.01966     0.00004     0.00004     0.03622     0.00002     0.02022     0.16068
   -16.76231     0.04823     0.01859     0.01767     0.01966     0.00004     0.00004     0.03622     0.00002     0.02022     0.16068
   -16.65131     0.04823     0.01859     0.01767     0.01966     0.00004     0.00004     0.03622     0.00002     0.02022     0.16068
   -16.54131     0.04823     0.01859     0.01767     0.01966     0.00004     0.00004     0.03622     0.00002     0.02022     0.16068
   -16.43031     0.04823     0.01859     0.01767     0.01966     0.00004     0.00004     0.03622     0.00002     0.02022     0.16068
   -16.31931     0.04823     0.01859     0.01767     0.01966     0.00004     0.00004     0.03622     0.00002     0.02022     0.16068
   -16.20831     0.04823     0.01859     0.01767     0.01966     0.00004     0.00004     0.03622     0.00002     0.02022     0.16068
   -16.09731     0.04823     0.01859     0.01767     0.01966     0.00004     0.00004     0.03622     0.00002     0.02022     0.16068
   -15.98631     0.04823     0.01859     0.01767     0.01966     0.00004     0.00004     0.03622     0.00002     0.02022     0.16068
   -15.87631     0.04823     0.01859     0.01767     0.01966     0.00004     0.00004     0.03622     0.00002     0.02022     0.16068
   -15.76531     0.04823     0.01859     0.01767     0.01966     0.00004     0.00004     0.03622     0.00002     0.02022     0.16068
   -15.65431     0.04823     0.01859     0.01767     0.01966     0.00004     0.00004     0.03622     0.00002     0.02022     0.16068
   -15.54331     0.04823     0.01859     0.01767     0.01966     0.00004     0.00004     0.03622     0.00002     0.02022     0.16068
   -15.43231     0.04823     0.01859     0.01767     0.01966     0.00004     0.00004     0.03622     0.00002     0.02022     0.16068
   -15.32231     0.04823     0.01859     0.01767     0.01966     0.00004     0.00004     0.03622     0.00002     0.02022     0.16068
   -15.21131     0.04823     0.01859     0.01767     0.01966     0.00004     0.00004     0.03622     0.00002     0.02022     0.16068
   -15.10031     0.04823     0.01859     0.01767     0.01966     0.00004     0.00004     0.03622     0.00002     0.02022     0.16068
   -14.98931     0.04823     0.01859     0.01767     0.01966     0.00004     0.00004     0.03622     0.00002     0.02022     0.16068
   -14.87831     0.04823     0.01859     0.01767     0.01966     0.00004     0.00004     0.03622     0.00002     0.02022     0.16068
   -14.76731     0.04823     0.01859     0.01767     0.01966     0.00004     0.00004     0.03622     0.00002     0.02022     0.16068
   -14.65731     0.04823     0.01859     0.01767     0.01966     0.00004     0.00004     0.03622     0.00002     0.02022     0.16068
   -14.54631     0.04823     0.01859     0.01767     0.01966     0.00004     0.00004     0.03622     0.00002     0.02022     0.16068
   -14.43531     0.04823     0.01859     0.01767     0.01966     0.00004     0.00004     0.03622     0.00002     0.02022     0.16068
   -14.32431     0.04823     0.01859     0.01767     0.01966     0.00004     0.00004     0.03622     0.00002     0.02022     0.16068
   -14.21331     0.04823     0.01859     0.01767     0.01966     0.00004     0.00004     0.03622     0.00002     0.02022     0.16068
   -14.10231     0.04823     0.01859     0.01767     0.01966     0.00004     0.00004     0.03622     0.00002     0.02022     0.16068
   -13.99231     0.04823     0.01859     0.01767     0.01966     0.00004     0.00004     0.03622     0.00002     0.02022     0.16068
   -13.88131     0.04823     0.01859     0.01767     0.01966     0.00004     0.00004     0.03622     0.00002     0.02022     0.16068
   -13.77031     0.04823     0.01859     0.01767     0.01966     0.00004     0.00004     0.03622     0.00002     0.02022     0.16068
   -13.65931     0.04823     0.01859     0.01767     0.01966     0.00004     0.00004     0.03622     0.00002     0.02022     0.16068
   -13.54831     0.04823     0.01859     0.01767     0.01966     0.00004     0.00004     0.03622     0.00002     0.02022     0.16068
   -13.43731     0.04823     0.01859     0.01767     0.01966     0.00004     0.00004     0.03622     0.00002     0.02022     0.16068
   -13.32731     0.04823     0.01859     0.01767     0.01966     0.00004     0.00004     0.03622     0.00002     0.02022     0.16068
   -13.21631     0.04823     0.01859     0.01767     0.01966     0.00004     0.00004     0.03622     0.00002     0.02022     0.16068
   -13.10531     0.04823     0.01859     0.01767     0.01966     0.00004     0.00004     0.03622     0.00002     0.02022     0.16068
   -12.99431     0.04823     0.01859     0.01767     0.01966     0.00004     0.00004     0.03622     0.00002     0.02022     0.16068
   -12.88331     0.04823     0.01859     0.01767     0.01966     0.00004     0.00004     0.03622     0.00002     0.02022     0.16068
   -12.77231     0.04823     0.01859     0.01767     0.01966     0.00004     0.00004     0.03622     0.00002     0.02022     0.16068
   -12.66231     0.04823     0.01859     0.01767     0.01966     0.00004     0.00004     0.03622     0.00002     0.02022     0.16068
   -12.55131     0.04823     0.01859     0.01767     0.01966     0.00004     0.00004     0.03622     0.00002     0.02022     0.16068
   -12.44031     0.04823     0.01859     0.01767     0.01966     0.00004     0.00004     0.03622     0.00002     0.02022     0.16068
   -12.32931     0.04823     0.01859     0.01767     0.01966     0.00004     0.00004     0.03622     0.00002     0.02022     0.16068
   -12.21831     0.04823     0.01859     0.01767     0.01966     0.00004     0.00004     0.03622     0.00002     0.02022     0.16068
   -12.10831     0.04823     0.01859     0.01767     0.01966     0.00004     0.00004     0.03622     0.00002     0.02022     0.16068
   -11.99731     0.04823     0.01859     0.01767     0.01966     0.00004     0.00004     0.03622     0.00002     0.02022     0.16068
   -11.88631     0.04823     0.01859     0.01767     0.01966     0.00004     0.00004     0.03622     0.00002     0.02022     0.16068
   -11.77531     0.04823     0.01859     0.01767     0.01966     0.00004     0.00004     0.03622     0.00002     0.02022     0.16068
   -11.66431     0.04823     0.01859     0.01767     0.01966     0.00004     0.00004     0.03622     0.00002     0.02022     0.16068
   -11.55331     0.04823     0.01859     0.01767     0.01966     0.00004     0.00004     0.03622     0.00002     0.02022     0.16068
   -11.44331     0.04823     0.01859     0.01767     0.01966     0.00004     0.00004     0.03622     0.00002     0.02022     0.16068
   -11.33231     0.04823     0.01859     0.01767     0.01966     0.00004     0.00004     0.03622     0.00002     0.02022     0.16068
   -11.22131     0.04823     0.01859     0.01767     0.01966     0.00004     0.00004     0.03622     0.00002     0.02022     0.16068
   -11.11031     0.04823     0.01859     0.01767     0.01966     0.00004     0.00004     0.03622     0.00002     0.02022     0.16068
   -10.99931     0.04823     0.01859     0.01767     0.01966     0.00004     0.00004     0.03622     0.00002     0.02022     0.16068
   -10.88831     0.04823     0.01859     0.01767     0.01966     0.00004     0.00004     0.03622     0.00002     0.02022     0.16068
   -10.77831     0.04823     0.01859     0.01767     0.01966     0.00004     0.00004     0.03622     0.00002     0.02022     0.16068
   -10.66731     0.04823     0.01859     0.01767     0.01966     0.00004     0.00004     0.03622     0.00002     0.02022     0.16068
   -10.55631     0.04823     0.01859     0.01767     0.01966     0.00004     0.00004     0.03622     0.00002     0.02022     0.16068
   -10.44531     0.04823     0.01859     0.01767     0.01966     0.00004     0.00004     0.03622     0.00002     0.02022     0.16068
   -10.33431     0.04823     0.01859     0.01767     0.01966     0.00004     0.00004     0.03622     0.00002     0.02022     0.16068
   -10.22331     0.04823     0.01859     0.01767     0.01966     0.00004     0.00004     0.03622     0.00002     0.02022     0.16068
   -10.11331     0.04823     0.01859     0.01767     0.01966     0.00004     0.00004     0.03622     0.00002     0.02022     0.16068
   -10.00231     0.04823     0.01859     0.01767     0.01966     0.00004     0.00004     0.03622     0.00002     0.02022     0.16068
    -9.89131     0.04823     0.01859     0.01767     0.01966     0.00004     0.00004     0.03622     0.00002     0.02022     0.16068
    -9.78031     0.04823     0.01859     0.01767     0.01966     0.00004     0.00004     0.03622     0.00002     0.02022     0.16068
    -9.66931     0.04823     0.01859     0.01767     0.01966     0.00004     0.00004     0.03622     0.00002     0.02022     0.16068
    -9.55931     0.04823     0.01859     0.01767     0.01966     0.00004     0.00004     0.03622     0.00002     0.02022     0.16068
    -9.44831     0.04823     0.01859     0.01767     0.01966     0.00004     0.00004     0.03622     0.00002     0.02022     0.16068
    -9.33731     0.04823     0.01859     0.01767     0.01966     0.00004     0.00004     0.03622     0.00002     0.02022     0.16068
    -9.22631     0.04823     0.01859     0.01767     0.01966     0.00004     0.00004     0.03622     0.00002     0.02022     0.16068
    -9.11531     0.04823     0.01859     0.01767     0.01966     0.00004     0.00004     0.03622     0.00002     0.02022     0.16068
    -9.00431     0.04823     0.01859     0.01767     0.01966     0.00004     0.00004     0.03622     0.00002     0.02022     0.16068
    -8.89431     0.04823     0.01859     0.01767     0.01966     0.00004     0.00004     0.03622     0.00002     0.02022     0.16068
    -8.78331     0.04823     0.01859     0.01767     0.01966     0.00004     0.00004     0.03622     0.00002     0.02022     0.16068
    -8.67231     0.04823     0.01859     0.01767     0.01966     0.00004     0.00004     0.03622     0.00002     0.02022     0.16068
    -8.56131     0.04823     0.01859     0.01767     0.01966     0.00004     0.00004     0.03622     0.00002     0.02022     0.16068
    -8.45031     0.04823     0.01859     0.01767     0.01966     0.00004     0.00004     0.03622     0.00002     0.02022     0.16068
    -8.33931     0.04823     0.01859     0.01767     0.01966     0.00004     0.00004     0.03622     0.00002     0.02022     0.16068
    -8.22931     0.04823     0.01859     0.01767     0.01966     0.00004     0.00004     0.03622     0.00002     0.02022     0.16068
    -8.11831     0.04823     0.01859     0.01767     0.01966     0.00004     0.00004     0.03622     0.00002     0.02022     0.16068
    -8.00731     0.04823     0.01859     0.01767     0.01966     0.00004     0.00004     0.03622     0.00002     0.02022     0.16068
    -7.89631     0.04823     0.01859     0.01767     0.01966     0.00004     0.00004     0.03622     0.00002     0.02022     0.16068
    -7.78531     0.04823     0.01859     0.01767     0.01966     0.00004     0.00004     0.03622     0.00002     0.02022     0.16068
    -7.67431     0.04823     0.01859     0.01767     0.01966     0.00004     0.00004     0.03622     0.00002     0.02022     0.16068
    -7.56431     0.04823     0.01859     0.01767     0.01966     0.00004     0.00004     0.03622     0.00002     0.02022     0.16068
    -7.45331     0.04823     0.01859     0.01767     0.01966     0.00004     0.00004     0.03622     0.00002     0.02022     0.16068
    -7.34231     0.04823     0.01859     0.01767     0.01966     0.00004     0.00004     0.03622     0.00002     0.02022     0.16068
    -7.23131     0.04823     0.01859     0.01767     0.01966     0.00004     0.00004     0.03622     0.00002     0.02022     0.16068
    -7.12031     0.04954     0.01859     0.01768     0.01968     0.00146     0.00117     0.03622     0.00112     0.02023     0.16568
    -7.00931     0.05315     0.01862     0.01772     0.01975     0.00565     0.00453     0.03628     0.00425     0.02029     0.18024
    -6.89931     0.05857     0.01870     0.01784     0.01993     0.01238     0.01050     0.03660     0.00921     0.02065     0.20438
    -6.78831     0.06603     0.01885     0.01811     0.02032     0.02204     0.02078     0.03811     0.01621     0.02230     0.24274
    -6.67731     0.07801     0.01917     0.01891     0.02119     0.03647     0.04279     0.04887     0.02573     0.03540     0.32654
    -6.56631     0.09562     0.01999     0.02061     0.02290     0.06031     0.07668     0.08330     0.03934     0.06640     0.48515
    -6.45531     0.11226     0.02146     0.02232     0.02481     0.08870     0.10730     0.13144     0.05460     0.10009     0.66298
    -6.34531     0.12076     0.02244     0.02326     0.02646     0.10517     0.12464     0.16014     0.06644     0.12428     0.77358
    -6.23431     0.12499     0.02303     0.02476     0.02889     0.11230     0.14224     0.17796     0.08354     0.15649     0.87420
    -6.12331     0.12985     0.02512     0.02917     0.03282     0.13658     0.18284     0.26392     0.12641     0.31523     1.24195
    -6.01231     0.13379     0.02756     0.03404     0.03665     0.17677     0.22608     0.40969     0.17440     0.53483     1.75382
    -5.90131     0.13760     0.02925     0.03683     0.03956     0.21724     0.25529     0.52193     0.20460     0.64127     2.08357
    -5.79031     0.14154     0.03056     0.03842     0.04163     0.25341     0.28186     0.57009     0.22310     0.67390     2.25450
    -5.68031     0.14435     0.03147     0.03964     0.04287     0.27784     0.30547     0.58290     0.24011     0.69387     2.35852
    -5.56931     0.14768     0.03284     0.04177     0.04484     0.32233     0.34554     0.59623     0.27409     0.71654     2.52186
    -5.45831     0.15135     0.03437     0.04528     0.04756     0.39563     0.40478     0.61698     0.31474     0.74114     2.75183
    -5.34731     0.15646     0.03586     0.04931     0.05202     0.47317     0.48043     0.64700     0.35656     0.76657     3.01736
    -5.23631     0.16166     0.03706     0.05242     0.05602     0.53765     0.54807     0.67458     0.40658     0.78734     3.26140
    -5.12531     0.16439     0.03770     0.05511     0.05748     0.60279     0.62163     0.69266     0.50810     0.80488     3.54475
    -5.01531     0.16610     0.03820     0.05753     0.05839     0.65678     0.68450     0.70480     0.60162     0.81946     3.78738
    -4.90431     0.16713     0.03848     0.05900     0.05902     0.67821     0.70162     0.71079     0.62947     0.82735     3.87106
    -4.79331     0.16760     0.03858     0.05957     0.05939     0.68794     0.70793     0.71331     0.64158     0.83123     3.90713
    -4.68231     0.16855     0.03883     0.06053     0.06000     0.70809     0.72017     0.71706     0.66246     0.83497     3.97065
    -4.57131     0.17150     0.03938     0.06301     0.06144     0.73681     0.74393     0.72387     0.69155     0.84102     4.07251
    -4.46031     0.17797     0.04026     0.06703     0.06368     0.76002     0.77732     0.73230     0.72195     0.84858     4.18913
    -4.35031     0.18696     0.04268     0.07592     0.06898     0.78500     0.82309     0.74259     0.76740     0.86155     4.35417
    -4.23931     0.19833     0.04501     0.08319     0.07422     0.81235     0.86928     0.75161     0.81241     0.87337     4.51977
    -4.12831     0.20749     0.04588     0.08440     0.07623     0.83242     0.89648     0.75747     0.84490     0.87949     4.62475
    -4.01731     0.21601     0.04734     0.08546     0.07818     0.85069     0.92905     0.76367     0.88929     0.88652     4.74621
    -3.90631     0.22508     0.04918     0.08691     0.08023     0.87294     0.96678     0.77131     0.93147     0.89372     4.87763
    -3.79631     0.22996     0.05048     0.08830     0.08173     0.88642     0.98399     0.77783     0.94853     0.89877     4.94602
    -3.68531     0.23400     0.05173     0.08954     0.08323     0.89769     0.99573     0.78545     0.96028     0.90332     5.00098
    -3.57431     0.23843     0.05428     0.09106     0.08620     0.91558     1.00986     0.79716     0.97530     0.90899     5.07686
    -3.46331     0.24389     0.05777     0.09324     0.09051     0.94374     1.02622     0.81448     0.99401     0.91681     5.18067
    -3.35231     0.24958     0.06054     0.09574     0.09478     0.97317     1.04008     0.83454     1.01011     0.92793     5.28647
    -3.24131     0.25383     0.06224     0.09764     0.09824     0.99257     1.05009     0.85115     1.02120     0.93986     5.36682
    -3.13131     0.25736     0.06374     0.09903     0.10083     1.00529     1.05858     0.86468     1.02979     0.95201     5.43130
    -3.02031     0.26135     0.06599     0.10051     0.10305     1.01698     1.06847     0.87928     1.03885     0.96755     5.50202
    -2.90931     0.26551     0.06903     0.10199     0.10525     1.02822     1.07880     0.89525     1.04926     0.98891     5.58223
    -2.79831     0.26976     0.07355     0.10361     0.10791     1.04054     1.09039     0.91266     1.06207     1.01688     5.67735
    -2.68731     0.27395     0.07864     0.10553     0.11148     1.05421     1.10302     0.93126     1.07706     1.04547     5.78064
    -2.57631     0.27741     0.08268     0.10721     0.11513     1.06650     1.11355     0.94972     1.09040     1.06894     5.87154
    -2.46631     0.28001     0.08579     0.10837     0.11779     1.07604     1.12125     0.96863     1.10026     1.08749     5.94563
    -2.35531     0.28219     0.08812     0.10928     0.11957     1.08271     1.12761     0.98599     1.10778     1.10222     6.00548
    -2.24431     0.28402     0.08936     0.10992     0.12047     1.08662     1.13231     0.99747     1.11315     1.11212     6.04544
    -2.13331     0.28575     0.08977     0.11062     0.12093     1.09003     1.13724     1.00641     1.11811     1.11954     6.07841
    -2.02231     0.28841     0.09069     0.11191     0.12213     1.10017     1.15162     1.02623     1.12597     1.13700     6.15412
    -1.91131     0.29216     0.09229     0.11385     0.12445     1.12882     1.17628     1.07780     1.13787     1.16733     6.31085
    -1.80131     0.29527     0.09377     0.11552     0.12671     1.15609     1.19710     1.12428     1.14988     1.20248     6.46109
    -1.69031     0.29743     0.09557     0.11684     0.12849     1.16990     1.21225     1.14401     1.16199     1.24156     6.56804
    -1.57931     0.29996     0.09783     0.11865     0.13051     1.18560     1.23099     1.16457     1.17780     1.28106     6.68697
    -1.46831     0.30284     0.10030     0.12101     0.13298     1.20419     1.25760     1.18643     1.19953     1.31952     6.82439
    -1.35731     0.30518     0.10299     0.12328     0.13543     1.22485     1.28695     1.20705     1.22226     1.35353     6.96153
    -1.24631     0.30688     0.10517     0.12504     0.13733     1.24794     1.31750     1.22390     1.24115     1.37623     7.08114
    -1.13631     0.30840     0.10660     0.12649     0.13876     1.27877     1.34333     1.23863     1.25573     1.38829     7.18499
    -1.02531     0.31184     0.10769     0.12785     0.13993     1.34524     1.39527     1.25801     1.27884     1.39550     7.36018
    -0.91431     0.31664     0.10892     0.12941     0.14103     1.42808     1.47904     1.27918     1.32551     1.40247     7.61028
    -0.80331     0.31998     0.11033     0.13125     0.14236     1.48416     1.55320     1.29449     1.39228     1.40898     7.83704
    -0.69231     0.32163     0.11118     0.13250     0.14339     1.51373     1.59668     1.30293     1.43839     1.41316     7.97358
    -0.58231     0.32267     0.11203     0.13314     0.14396     1.54796     1.62890     1.30823     1.49104     1.41944     8.10737
    -0.47131     0.32810     0.11371     0.13476     0.14522     1.65731     1.72417     1.31978     1.60796     1.43183     8.46285
    -0.36031     0.33517     0.11558     0.13759     0.14713     1.78565     1.83604     1.33424     1.74504     1.44281     8.87927
    -0.24931     0.33795     0.11736     0.14011     0.14900     1.85120     1.88508     1.34416     1.84443     1.45089     9.12017
    -0.13831     0.33851     0.11894     0.14148     0.15087     1.88208     1.89798     1.34936     1.90308     1.46051     9.24282
    -0.02731     0.33858     0.11966     0.14193     0.15185     1.89243     1.90061     1.35081     1.92662     1.46592     9.28841
     0.08269     0.33858     0.11966     0.14193     0.15185     1.89243     1.90062     1.35081     1.92663     1.46593     9.28844
     0.19369     0.33858     0.11966     0.14193     0.15185     1.89243     1.90062     1.35081     1.92663     1.46593     9.28844
     0.30469     0.33858     0.11966     0.14193     0.15185     1.89243     1.90062     1.35081     1.92663     1.46593     9.28844
     0.41569     0.33858     0.11966     0.14193     0.15185     1.89243     1.90062     1.35081     1.92663     1.46593     9.28844
     0.52669     0.33858     0.11966     0.14193     0.15185     1.89243     1.90062     1.35081     1.92663     1.46593     9.28844
     0.63769     0.33858     0.11966     0.14193     0.15185     1.89243     1.90062     1.35081     1.92663     1.46595     9.28847
     0.74769     0.33895     0.11968     0.14195     0.15189     1.89246     1.90066     1.35230     1.92666     1.47013     9.29469
     0.85869     0.33986     0.11974     0.14201     0.15202     1.89258     1.90080     1.35693     1.92677     1.48109     9.31180
     0.96969     0.34212     0.11991     0.14228     0.15235     1.89291     1.90109     1.38054     1.92704     1.49878     9.35702
     1.08069     0.34610     0.12033     0.14302     0.15309     1.89356     1.90171     1.43223     1.92757     1.53246     9.45005
     1.19169     0.35076     0.12115     0.14436     0.15445     1.89449     1.90275     1.50469     1.92847     1.58958     9.59069
     1.30269     0.35411     0.12234     0.14602     0.15651     1.89569     1.90419     1.58176     1.92966     1.65854     9.74883
     1.41269     0.35547     0.12380     0.14774     0.15855     1.89687     1.90552     1.64988     1.93106     1.72559     9.89449
     1.52369     0.35626     0.12571     0.14963     0.16018     1.89786     1.90657     1.72494     1.93245     1.80396    10.05756
     1.63469     0.35688     0.12765     0.15126     0.16146     1.89872     1.90756     1.80089     1.93360     1.89091    10.22894
     1.74569     0.35722     0.12894     0.15226     0.16230     1.89945     1.90836     1.86220     1.93453     1.96491    10.37018
     1.85669     0.35737     0.12967     0.15284     0.16283     1.90010     1.90897     1.91825     1.93536     2.02813    10.49351
     1.96669     0.35742     0.13000     0.15309     0.16307     1.90061     1.90936     1.95960     1.93599     2.07514    10.58428
     2.07769     0.35743     0.13007     0.15314     0.16312     1.90079     1.90949     1.97305     1.93621     2.09191    10.61522
     2.18869     0.35743     0.13007     0.15314     0.16312     1.90079     1.90949     1.97305     1.93621     2.09191    10.61522
     2.29969     0.35743     0.13007     0.15314     0.16312     1.90079     1.90949     1.97305     1.93621     2.09191    10.61522
     2.41069     0.35743     0.13007     0.15314     0.16312     1.90079     1.90949     1.97305     1.93621     2.09191    10.61522
     2.52169     0.35743     0.13007     0.15314     0.16312     1.90079     1.90949     1.97305     1.93621     2.09191    10.61522
     2.63169     0.35743     0.13007     0.15314     0.16312     1.90079     1.90949     1.97305     1.93621     2.09191    10.61522
     2.74269     0.35743     0.13007     0.15314     0.16312     1.90079     1.90949     1.97305     1.93621     2.09191    10.61522
     2.85369     0.35743     0.13007     0.15314     0.16312     1.90079     1.90949     1.97305     1.93621     2.09191    10.61522
     2.96469     0.35743     0.13007     0.15314     0.16312     1.90079     1.90949     1.97305     1.93621     2.09191    10.61522
     3.07569     0.35743     0.13007     0.15314     0.16312     1.90079     1.90949     1.97305     1.93621     2.09191    10.61522
     3.18669     0.35743     0.13007     0.15314     0.16312     1.90079     1.90949     1.97305     1.93621     2.09191    10.61522
     3.29669     0.35743     0.13007     0.15314     0.16312     1.90079     1.90949     1.97305     1.93621     2.09191    10.61522
     3.40769     0.35748     0.13007     0.15314     0.16312     1.90079     1.90949     1.97305     1.93621     2.09191    10.61528
     3.51869     0.35776     0.13007     0.15315     0.16313     1.90079     1.90949     1.97305     1.93621     2.09191    10.61555
     3.62969     0.35822     0.13007     0.15315     0.16313     1.90079     1.90949     1.97305     1.93621     2.09191    10.61603
     3.74069     0.35879     0.13008     0.15315     0.16314     1.90079     1.90949     1.97305     1.93621     2.09191    10.61661
     3.85169     0.35948     0.13009     0.15315     0.16316     1.90079     1.90949     1.97306     1.93621     2.09192    10.61733
     3.96169     0.36028     0.13010     0.15316     0.16318     1.90079     1.90949     1.97306     1.93621     2.09192    10.61818
     4.07269     0.36117     0.13011     0.15316     0.16322     1.90079     1.90949     1.97306     1.93621     2.09192    10.61914
     4.18369     0.36216     0.13013     0.15317     0.16326     1.90079     1.90949     1.97307     1.93621     2.09193    10.62021
     4.29469     0.36325     0.13016     0.15318     0.16331     1.90079     1.90949     1.97307     1.93621     2.09194    10.62140
     4.40569     0.36444     0.13018     0.15319     0.16337     1.90079     1.90949     1.97308     1.93621     2.09195    10.62272
     4.51669     0.36572     0.13022     0.15321     0.16344     1.90080     1.90949     1.97309     1.93621     2.09197    10.62416
     4.62669     0.36711     0.13027     0.15323     0.16353     1.90080     1.90950     1.97310     1.93622     2.09199    10.62574
     4.73769     0.36859     0.13032     0.15325     0.16363     1.90080     1.90950     1.97311     1.93622     2.09201    10.62745
     4.84869     0.37018     0.13038     0.15328     0.16375     1.90081     1.90950     1.97313     1.93622     2.09204    10.62930
     4.95969     0.37187     0.13045     0.15332     0.16389     1.90081     1.90950     1.97315     1.93622     2.09208    10.63129
     5.07069     0.37366     0.13054     0.15336     0.16405     1.90082     1.90950     1.97317     1.93623     2.09212    10.63345
     5.18069     0.37557     0.13064     0.15340     0.16423     1.90083     1.90951     1.97320     1.93623     2.09217    10.63577
     5.29169     0.37760     0.13075     0.15346     0.16443     1.90084     1.90951     1.97324     1.93623     2.09222    10.63827
     5.40269     0.37974     0.13088     0.15352     0.16465     1.90084     1.90951     1.97327     1.93624     2.09229    10.64095
     5.51369     0.38201     0.13104     0.15360     0.16490     1.90085     1.90952     1.97332     1.93624     2.09236    10.64384
     5.62469     0.38440     0.13121     0.15368     0.16518     1.90087     1.90952     1.97336     1.93625     2.09244    10.64692
     5.73569     0.38693     0.13140     0.15378     0.16549     1.90088     1.90953     1.97342     1.93626     2.09254    10.65023
     5.84569     0.38960     0.13162     0.15390     0.16584     1.90089     1.90954     1.97348     1.93626     2.09265    10.65379
     5.95669     0.39243     0.13188     0.15404     0.16623     1.90091     1.90955     1.97355     1.93627     2.09277    10.65763
     6.06769     0.39543     0.13218     0.15420     0.16666     1.90092     1.90956     1.97363     1.93628     2.09290    10.66176
     6.17869     0.39855     0.13250     0.15438     0.16713     1.90094     1.90957     1.97372     1.93630     2.09305    10.66613
     6.28969     0.40183     0.13287     0.15459     0.16764     1.90096     1.90958     1.97382     1.93631     2.09322    10.67081
     6.40069     0.40528     0.13329     0.15484     0.16821     1.90098     1.90960     1.97393     1.93632     2.09340    10.67585
     6.51069     0.40892     0.13378     0.15514     0.16883     1.90100     1.90961     1.97405     1.93634     2.09361    10.68128
     6.62169     0.41279     0.13434     0.15551     0.16952     1.90102     1.90963     1.97419     1.93636     2.09383    10.68719
     6.73269     0.41687     0.13499     0.15597     0.17027     1.90105     1.90966     1.97434     1.93638     2.09408    10.69360
     6.84369     0.42117     0.13574     0.15650     0.17109     1.90107     1.90969     1.97451     1.93640     2.09434    10.70052
     6.95469     0.42571     0.13661     0.15716     0.17202     1.90110     1.90972     1.97470     1.93643     2.09464    10.70808
     7.06569     0.43051     0.13766     0.15797     0.17310     1.90114     1.90976     1.97491     1.93646     2.09495    10.71646
     7.17569     0.43559     0.13895     0.15900     0.17436     1.90118     1.90980     1.97515     1.93650     2.09530    10.72583
     7.28669     0.44099     0.14081     0.16060     0.17615     1.90124     1.90986     1.97542     1.93654     2.09568    10.73728
     7.39769     0.44665     0.14338     0.16288     0.17857     1.90130     1.90993     1.97573     1.93659     2.09609    10.75112
     7.50869     0.45250     0.14621     0.16539     0.18114     1.90137     1.91000     1.97609     1.93664     2.09656    10.76589
     7.61969     0.45853     0.14908     0.16789     0.18367     1.90144     1.91009     1.97650     1.93669     2.09706    10.78094
     7.72969     0.46479     0.15204     0.17044     0.18618     1.90151     1.91019     1.97694     1.93674     2.09760    10.79642
     7.84069     0.47230     0.15504     0.17300     0.18864     1.90159     1.91030     1.97744     1.93678     2.09818    10.81327
     7.95169     0.48333     0.15810     0.17558     0.19105     1.90167     1.91043     1.97802     1.93683     2.09878    10.83380
     8.06269     0.49892     0.16126     0.17824     0.19348     1.90175     1.91059     1.97873     1.93688     2.09944    10.85927
     8.17369     0.51899     0.16453     0.18095     0.19588     1.90185     1.91076     1.97962     1.93693     2.10014    10.88965
     8.28469     0.54127     0.16790     0.18374     0.19825     1.90196     1.91096     1.98055     1.93698     2.10086    10.92247
     8.39469     0.56318     0.17138     0.18661     0.20058     1.90209     1.91119     1.98142     1.93704     2.10156    10.95505
     8.50569     0.58466     0.17497     0.18955     0.20289     1.90224     1.91144     1.98221     1.93710     2.10224    10.98731
     8.61669     0.60574     0.17864     0.19252     0.20519     1.90242     1.91173     1.98293     1.93716     2.10288    11.01920
     8.72769     0.62623     0.18237     0.19551     0.20748     1.90263     1.91204     1.98359     1.93723     2.10348    11.05056
     8.83869     0.64620     0.18615     0.19851     0.20977     1.90287     1.91238     1.98420     1.93731     2.10404    11.08144
     8.94969     0.66578     0.18995     0.20149     0.21207     1.90315     1.91275     1.98477     1.93740     2.10458    11.11195
     9.05969     0.68451     0.19372     0.20439     0.21437     1.90346     1.91315     1.98528     1.93750     2.10507    11.14144
     9.17069     0.70226     0.19742     0.20719     0.21667     1.90381     1.91355     1.98574     1.93761     2.10550    11.16976
     9.28169     0.71949     0.20110     0.20995     0.21896     1.90418     1.91399     1.98617     1.93772     2.10592    11.19749
     9.39269     0.73632     0.20475     0.21269     0.22125     1.90458     1.91447     1.98656     1.93784     2.10633    11.22479
     9.50369     0.75292     0.20835     0.21542     0.22354     1.90501     1.91498     1.98692     1.93799     2.10671    11.25182
     9.61469     0.76896     0.21182     0.21808     0.22575     1.90545     1.91553     1.98725     1.93814     2.10707    11.27803
     9.72469     0.78427     0.21512     0.22064     0.22781     1.90587     1.91611     1.98755     1.93831     2.10740    11.30307
     9.83569     0.79914     0.21826     0.22312     0.22976     1.90629     1.91670     1.98785     1.93848     2.10770    11.32731
     9.94669     0.81374     0.22124     0.22549     0.23164     1.90671     1.91729     1.98814     1.93866     2.10799    11.35088
    10.05769     0.82846     0.22404     0.22769     0.23345     1.90714     1.91787     1.98844     1.93886     2.10825    11.37421
    10.16869     0.84392     0.22662     0.22970     0.23517     1.90756     1.91843     1.98878     1.93905     2.10848    11.39771
    10.27969     0.86017     0.22882     0.23146     0.23671     1.90794     1.91892     1.98918     1.93926     2.10867    11.42113
    10.38969     0.87449     0.23054     0.23287     0.23803     1.90827     1.91932     1.98953     1.93947     2.10884    11.44136
    10.50069     0.88424     0.23172     0.23387     0.23908     1.90855     1.91958     1.98975     1.93966     2.10897    11.45543
    10.61169     0.88903     0.23235     0.23444     0.23970     1.90872     1.91972     1.98987     1.93979     2.10905    11.46267
    10.72269     0.89027     0.23256     0.23463     0.23991     1.90878     1.91977     1.98990     1.93984     2.10907    11.46472
    10.83369     0.89043     0.23259     0.23465     0.23994     1.90880     1.91978     1.98990     1.93984     2.10907    11.46500
    10.94369     0.89043     0.23259     0.23465     0.23994     1.90880     1.91978     1.98990     1.93984     2.10907    11.46500
    11.05469     0.89043     0.23259     0.23465     0.23994     1.90880     1.91978     1.98990     1.93984     2.10907    11.46500
    11.16569     0.89043     0.23259     0.23465     0.23994     1.90880     1.91978     1.98990     1.93984     2.10907    11.46500
    11.27669     0.89043     0.23259     0.23465     0.23994     1.90880     1.91978     1.98990     1.93984     2.10907    11.46500
    11.38769     0.89043     0.23259     0.23465     0.23994     1.90880     1.91978     1.98990     1.93984     2.10907    11.46500
    11.49869     0.89043     0.23259     0.23465     0.23994     1.90880     1.91978     1.98990     1.93984     2.10907    11.46500
    11.60869     0.89043     0.23259     0.23465     0.23994     1.90880     1.91978     1.98990     1.93984     2.10907    11.46500
    11.71969     0.89043     0.23259     0.23465     0.23994     1.90880     1.91978     1.98990     1.93984     2.10907    11.46500
    11.83069     0.89043     0.23259     0.23465     0.23994     1.90880     1.91978     1.98990     1.93984     2.10907    11.46500
    11.94169     0.89043     0.23259     0.23465     0.23994     1.90880     1.91978     1.98990     1.93984     2.10907    11.46500
    12.05269     0.89043     0.23259     0.23465     0.23994     1.90880     1.91978     1.98990     1.93984     2.10907    11.46500
    12.16369     0.89043     0.23259     0.23465     0.23994     1.90880     1.91978     1.98990     1.93984     2.10907    11.46500
    12.27369     0.89043     0.23259     0.23465     0.23994     1.90880     1.91978     1.98990     1.93984     2.10907    11.46500
    12.38469     0.89043     0.23259     0.23465     0.23994     1.90880     1.91978     1.98990     1.93984     2.10907    11.46500
    12.49569     0.89043     0.23259     0.23465     0.23994     1.90880     1.91978     1.98990     1.93984     2.10907    11.46500
    12.60669     0.89043     0.23259     0.23465     0.23994     1.90880     1.91978     1.98990     1.93984     2.10907    11.46500
    12.71769     0.89043     0.23259     0.23465     0.23994     1.90880     1.91978     1.98990     1.93984     2.10907    11.46500
    12.82869     0.89043     0.23259     0.23465     0.23994     1.90880     1.91978     1.98990     1.93984     2.10907    11.46500
