     #Energy           s          py          pz          px         dxy         dyz         dz2         dxz         dx2       tot  
   -20.42031     0.00000     0.00000     0.00000     0.00000     0.00000     0.00000     0.00000     0.00000     0.00000     0.00000
   -20.30931     0.00000     0.00000     0.00000     0.00000     0.00000     0.00000     0.00000     0.00000     0.00000     0.00000
   -20.19831     0.00000     0.00000     0.00000     0.00000     0.00000     0.00000     0.00000     0.00000     0.00000     0.00000
   -20.08731     0.00000     0.00000     0.00000     0.00000     0.00000     0.00000     0.00000     0.00000     0.00000     0.00000
   -19.97631     0.00000     0.00000     0.00000     0.00000     0.00000     0.00000     0.00000     0.00000     0.00000     0.00000
   -19.86531     0.00000     0.00000     0.00000     0.00000     0.00000     0.00000     0.00000     0.00000     0.00000     0.00000
   -19.75531     0.00000     0.00000     0.00000     0.00000     0.00000     0.00000     0.00000     0.00000     0.00000     0.00000
   -19.64431     0.00000     0.00000     0.00000     0.00000     0.00000     0.00000     0.00000     0.00000     0.00000     0.00000
   -19.53331     0.00000     0.00000     0.00000     0.00000     0.00000     0.00000     0.00000     0.00000     0.00000     0.00000
   -19.42231     0.00000     0.00000     0.00000     0.00000     0.00000     0.00000     0.00000     0.00000     0.00000     0.00000
   -19.31131     0.00000     0.00000     0.00000     0.00000     0.00000     0.00000     0.00000     0.00000     0.00000     0.00000
   -19.20031     0.00000     0.00000     0.00000     0.00000     0.00000     0.00000     0.00000     0.00000     0.00000     0.00000
   -19.09031     0.00000     0.00000     0.00000     0.00000     0.00000     0.00000     0.00000     0.00000     0.00000     0.00000
   -18.97931     0.00000     0.00000     0.00000     0.00000     0.00000     0.00000     0.00000     0.00000     0.00000     0.00000
   -18.86831     0.00000     0.00000     0.00000     0.00000     0.00000     0.00000     0.00000     0.00000     0.00000     0.00000
   -18.75731     0.00000     0.00000     0.00000     0.00000     0.00000     0.00000     0.00000     0.00000     0.00000     0.00000
   -18.64631     0.00000     0.00000     0.00000     0.00000     0.00000     0.00000     0.00000     0.00000     0.00000     0.00000
   -18.53531     0.00000     0.00000     0.00000     0.00000     0.00000     0.00000     0.00000     0.00000     0.00000     0.00000
   -18.42531     0.00000     0.00000     0.00000     0.00000     0.00000     0.00000     0.00000     0.00000     0.00000     0.00000
   -18.31431    -0.00484    -0.00000    -0.00000    -0.00000     0.00000     0.00000     0.00000     0.00000     0.00000    -0.00484
   -18.20331    -0.01723    -0.00000    -0.00000    -0.00001     0.00000     0.00000     0.00000     0.00000     0.00000    -0.01725
   -18.09231    -0.03493    -0.00001    -0.00000    -0.00002     0.00000     0.00000     0.00000     0.00000     0.00000    -0.03496
   -17.98131    -0.05790    -0.00002    -0.00001    -0.00004     0.00000     0.00000     0.00000     0.00000     0.00000    -0.05797
   -17.87131    -0.08665    -0.00003    -0.00001    -0.00007     0.00000     0.00000     0.00000     0.00000     0.00000    -0.08676
   -17.76031    -0.12224    -0.00005    -0.00002    -0.00010     0.00000     0.00000     0.00000     0.00000     0.00000    -0.12241
   -17.64931    -0.16600    -0.00007    -0.00003    -0.00015     0.00000     0.00000     0.00000     0.00000     0.00000    -0.16625
   -17.53831    -0.22016    -0.00009    -0.00005    -0.00020     0.00000     0.00000     0.00000     0.00000     0.00000    -0.22051
   -17.42731    -0.28835    -0.00012    -0.00008    -0.00025     0.00000     0.00000     0.00000     0.00000     0.00000    -0.28879
   -17.31631    -0.37746    -0.00016    -0.00012    -0.00030     0.00000     0.00000     0.00000     0.00000     0.00000    -0.37803
   -17.20631    -0.50350    -0.00020    -0.00016    -0.00034     0.00000     0.00000     0.00000     0.00000     0.00000    -0.50420
   -17.09531    -0.73835    -0.00024    -0.00022    -0.00039     0.00000     0.00000     0.00000     0.00000     0.00000    -0.73919
   -16.98431    -1.12846    -0.00028    -0.00027    -0.00042     0.00000     0.00000     0.00000     0.00000     0.00000    -1.12943
   -16.87331    -1.35876    -0.00029    -0.00029    -0.00044     0.00000     0.00000     0.00000     0.00000     0.00000    -1.35978
   -16.76231    -1.35876    -0.00029    -0.00029    -0.00044     0.00000     0.00000     0.00000     0.00000     0.00000    -1.35978
   -16.65131    -1.35876    -0.00029    -0.00029    -0.00044     0.00000     0.00000     0.00000     0.00000     0.00000    -1.35978
   -16.54131    -1.35876    -0.00029    -0.00029    -0.00044     0.00000     0.00000     0.00000     0.00000     0.00000    -1.35978
   -16.43031    -1.35876    -0.00029    -0.00029    -0.00044     0.00000     0.00000     0.00000     0.00000     0.00000    -1.35978
   -16.31931    -1.35876    -0.00029    -0.00029    -0.00044     0.00000     0.00000     0.00000     0.00000     0.00000    -1.35978
   -16.20831    -1.35876    -0.00029    -0.00029    -0.00044     0.00000     0.00000     0.00000     0.00000     0.00000    -1.35978
   -16.09731    -1.35876    -0.00029    -0.00029    -0.00044     0.00000     0.00000     0.00000     0.00000     0.00000    -1.35978
   -15.98631    -1.35876    -0.00029    -0.00029    -0.00044     0.00000     0.00000     0.00000     0.00000     0.00000    -1.35978
   -15.87631    -1.35876    -0.00029    -0.00029    -0.00044     0.00000     0.00000     0.00000     0.00000     0.00000    -1.35978
   -15.76531    -1.35876    -0.00029    -0.00029    -0.00044     0.00000     0.00000     0.00000     0.00000     0.00000    -1.35978
   -15.65431    -1.35876    -0.00029    -0.00029    -0.00044     0.00000     0.00000     0.00000     0.00000     0.00000    -1.35978
   -15.54331    -1.35876    -0.00029    -0.00029    -0.00044     0.00000     0.00000     0.00000     0.00000     0.00000    -1.35978
   -15.43231    -1.35876    -0.00029    -0.00029    -0.00044     0.00000     0.00000     0.00000     0.00000     0.00000    -1.35978
   -15.32231    -1.35876    -0.00029    -0.00029    -0.00044     0.00000     0.00000     0.00000     0.00000     0.00000    -1.35978
   -15.21131    -1.35876    -0.00029    -0.00029    -0.00044     0.00000     0.00000     0.00000     0.00000     0.00000    -1.35978
   -15.10031    -1.35876    -0.00029    -0.00029    -0.00044     0.00000     0.00000     0.00000     0.00000     0.00000    -1.35978
   -14.98931    -1.35876    -0.00029    -0.00029    -0.00044     0.00000     0.00000     0.00000     0.00000     0.00000    -1.35978
   -14.87831    -1.35876    -0.00029    -0.00029    -0.00044     0.00000     0.00000     0.00000     0.00000     0.00000    -1.35978
   -14.76731    -1.35876    -0.00029    -0.00029    -0.00044     0.00000     0.00000     0.00000     0.00000     0.00000    -1.35978
   -14.65731    -1.35876    -0.00029    -0.00029    -0.00044     0.00000     0.00000     0.00000     0.00000     0.00000    -1.35978
   -14.54631    -1.35876    -0.00029    -0.00029    -0.00044     0.00000     0.00000     0.00000     0.00000     0.00000    -1.35978
   -14.43531    -1.35876    -0.00029    -0.00029    -0.00044     0.00000     0.00000     0.00000     0.00000     0.00000    -1.35978
   -14.32431    -1.35876    -0.00029    -0.00029    -0.00044     0.00000     0.00000     0.00000     0.00000     0.00000    -1.35978
   -14.21331    -1.35876    -0.00029    -0.00029    -0.00044     0.00000     0.00000     0.00000     0.00000     0.00000    -1.35978
   -14.10231    -1.35876    -0.00029    -0.00029    -0.00044     0.00000     0.00000     0.00000     0.00000     0.00000    -1.35978
   -13.99231    -1.35876    -0.00029    -0.00029    -0.00044     0.00000     0.00000     0.00000     0.00000     0.00000    -1.35978
   -13.88131    -1.35876    -0.00029    -0.00029    -0.00044     0.00000     0.00000     0.00000     0.00000     0.00000    -1.35978
   -13.77031    -1.35876    -0.00029    -0.00029    -0.00044     0.00000     0.00000     0.00000     0.00000     0.00000    -1.35978
   -13.65931    -1.35876    -0.00029    -0.00029    -0.00044     0.00000     0.00000     0.00000     0.00000     0.00000    -1.35978
   -13.54831    -1.35876    -0.00029    -0.00029    -0.00044     0.00000     0.00000     0.00000     0.00000     0.00000    -1.35978
   -13.43731    -1.35876    -0.00029    -0.00029    -0.00044     0.00000     0.00000     0.00000     0.00000     0.00000    -1.35978
   -13.32731    -1.35876    -0.00029    -0.00029    -0.00044     0.00000     0.00000     0.00000     0.00000     0.00000    -1.35978
   -13.21631    -1.35876    -0.00029    -0.00029    -0.00044     0.00000     0.00000     0.00000     0.00000     0.00000    -1.35978
   -13.10531    -1.35876    -0.00029    -0.00029    -0.00044     0.00000     0.00000     0.00000     0.00000     0.00000    -1.35978
   -12.99431    -1.35876    -0.00029    -0.00029    -0.00044     0.00000     0.00000     0.00000     0.00000     0.00000    -1.35978
   -12.88331    -1.35876    -0.00029    -0.00029    -0.00044     0.00000     0.00000     0.00000     0.00000     0.00000    -1.35978
   -12.77231    -1.35876    -0.00029    -0.00029    -0.00044     0.00000     0.00000     0.00000     0.00000     0.00000    -1.35978
   -12.66231    -1.35876    -0.00029    -0.00029    -0.00044     0.00000     0.00000     0.00000     0.00000     0.00000    -1.35978
   -12.55131    -1.35876    -0.00029    -0.00029    -0.00044     0.00000     0.00000     0.00000     0.00000     0.00000    -1.35978
   -12.44031    -1.35876    -0.00029    -0.00029    -0.00044     0.00000     0.00000     0.00000     0.00000     0.00000    -1.35978
   -12.32931    -1.35876    -0.00029    -0.00029    -0.00044     0.00000     0.00000     0.00000     0.00000     0.00000    -1.35978
   -12.21831    -1.35876    -0.00029    -0.00029    -0.00044     0.00000     0.00000     0.00000     0.00000     0.00000    -1.35978
   -12.10831    -1.35876    -0.00029    -0.00029    -0.00044     0.00000     0.00000     0.00000     0.00000     0.00000    -1.35978
   -11.99731    -1.35876    -0.00029    -0.00029    -0.00044     0.00000     0.00000     0.00000     0.00000     0.00000    -1.35978
   -11.88631    -1.35876    -0.00029    -0.00029    -0.00044     0.00000     0.00000     0.00000     0.00000     0.00000    -1.35978
   -11.77531    -1.35876    -0.00029    -0.00029    -0.00044     0.00000     0.00000     0.00000     0.00000     0.00000    -1.35978
   -11.66431    -1.35876    -0.00029    -0.00029    -0.00044     0.00000     0.00000     0.00000     0.00000     0.00000    -1.35978
   -11.55331    -1.35876    -0.00029    -0.00029    -0.00044     0.00000     0.00000     0.00000     0.00000     0.00000    -1.35978
   -11.44331    -1.35876    -0.00029    -0.00029    -0.00044     0.00000     0.00000     0.00000     0.00000     0.00000    -1.35978
   -11.33231    -1.35876    -0.00029    -0.00029    -0.00044     0.00000     0.00000     0.00000     0.00000     0.00000    -1.35978
   -11.22131    -1.35876    -0.00029    -0.00029    -0.00044     0.00000     0.00000     0.00000     0.00000     0.00000    -1.35978
   -11.11031    -1.35876    -0.00029    -0.00029    -0.00044     0.00000     0.00000     0.00000     0.00000     0.00000    -1.35978
   -10.99931    -1.35876    -0.00029    -0.00029    -0.00044     0.00000     0.00000     0.00000     0.00000     0.00000    -1.35978
   -10.88831    -1.35876    -0.00029    -0.00029    -0.00044     0.00000     0.00000     0.00000     0.00000     0.00000    -1.35978
   -10.77831    -1.35876    -0.00029    -0.00029    -0.00044     0.00000     0.00000     0.00000     0.00000     0.00000    -1.35978
   -10.66731    -1.35876    -0.00029    -0.00029    -0.00044     0.00000     0.00000     0.00000     0.00000     0.00000    -1.35978
   -10.55631    -1.35876    -0.00029    -0.00029    -0.00044     0.00000     0.00000     0.00000     0.00000     0.00000    -1.35978
   -10.44531    -1.35876    -0.00029    -0.00029    -0.00044     0.00000     0.00000     0.00000     0.00000     0.00000    -1.35978
   -10.33431    -1.35876    -0.00029    -0.00029    -0.00044     0.00000     0.00000     0.00000     0.00000     0.00000    -1.35978
   -10.22331    -1.35876    -0.00029    -0.00029    -0.00044     0.00000     0.00000     0.00000     0.00000     0.00000    -1.35978
   -10.11331    -1.35876    -0.00029    -0.00029    -0.00044     0.00000     0.00000     0.00000     0.00000     0.00000    -1.35978
   -10.00231    -1.35876    -0.00029    -0.00029    -0.00044     0.00000     0.00000     0.00000     0.00000     0.00000    -1.35978
    -9.89131    -1.35876    -0.00029    -0.00029    -0.00044     0.00000     0.00000     0.00000     0.00000     0.00000    -1.35978
    -9.78031    -1.35876    -0.00029    -0.00029    -0.00044     0.00000     0.00000     0.00000     0.00000     0.00000    -1.35978
    -9.66931    -1.35876    -0.00029    -0.00029    -0.00044     0.00000     0.00000     0.00000     0.00000     0.00000    -1.35978
    -9.55931    -1.35876    -0.00029    -0.00029    -0.00044     0.00000     0.00000     0.00000     0.00000     0.00000    -1.35978
    -9.44831    -1.35876    -0.00029    -0.00029    -0.00044     0.00000     0.00000     0.00000     0.00000     0.00000    -1.35978
    -9.33731    -1.35876    -0.00029    -0.00029    -0.00044     0.00000     0.00000     0.00000     0.00000     0.00000    -1.35978
    -9.22631    -1.35876    -0.00029    -0.00029    -0.00044     0.00000     0.00000     0.00000     0.00000     0.00000    -1.35978
    -9.11531    -1.35876    -0.00029    -0.00029    -0.00044     0.00000     0.00000     0.00000     0.00000     0.00000    -1.35978
    -9.00431    -1.35876    -0.00029    -0.00029    -0.00044     0.00000     0.00000     0.00000     0.00000     0.00000    -1.35978
    -8.89431    -1.35876    -0.00029    -0.00029    -0.00044     0.00000     0.00000     0.00000     0.00000     0.00000    -1.35978
    -8.78331    -1.35876    -0.00029    -0.00029    -0.00044     0.00000     0.00000     0.00000     0.00000     0.00000    -1.35978
    -8.67231    -1.35876    -0.00029    -0.00029    -0.00044     0.00000     0.00000     0.00000     0.00000     0.00000    -1.35978
    -8.56131    -1.35876    -0.00029    -0.00029    -0.00044     0.00000     0.00000     0.00000     0.00000     0.00000    -1.35978
    -8.45031    -1.35876    -0.00029    -0.00029    -0.00044     0.00000     0.00000     0.00000     0.00000     0.00000    -1.35978
    -8.33931    -1.35876    -0.00029    -0.00029    -0.00044     0.00000     0.00000     0.00000     0.00000     0.00000    -1.35978
    -8.22931    -1.35876    -0.00029    -0.00029    -0.00044     0.00000     0.00000     0.00000     0.00000     0.00000    -1.35978
    -8.11831    -1.35876    -0.00029    -0.00029    -0.00044     0.00000     0.00000     0.00000     0.00000     0.00000    -1.35978
    -8.00731    -1.35876    -0.00029    -0.00029    -0.00044     0.00000     0.00000     0.00000     0.00000     0.00000    -1.35978
    -7.89631    -1.35876    -0.00029    -0.00029    -0.00044     0.00000     0.00000     0.00000     0.00000     0.00000    -1.35978
    -7.78531    -1.35876    -0.00029    -0.00029    -0.00044     0.00000     0.00000     0.00000     0.00000     0.00000    -1.35978
    -7.67431    -1.35876    -0.00029    -0.00029    -0.00044     0.00000     0.00000     0.00000     0.00000     0.00000    -1.35978
    -7.56431    -1.35876    -0.00029    -0.00029    -0.00044     0.00000     0.00000     0.00000     0.00000     0.00000    -1.35978
    -7.45331    -1.35876    -0.00029    -0.00029    -0.00044     0.00000     0.00000     0.00000     0.00000     0.00000    -1.35978
    -7.34231    -1.35876    -0.00029    -0.00029    -0.00044     0.00000     0.00000     0.00000     0.00000     0.00000    -1.35978
    -7.23131    -1.35876    -0.00029    -0.00029    -0.00044     0.00000     0.00000     0.00000     0.00000     0.00000    -1.35978
    -7.12031    -1.35876    -0.00107    -0.00105    -0.00121     0.00000     0.00000     0.00000     0.00000     0.00000    -1.36210
    -7.00931    -1.35880    -0.00332    -0.00325    -0.00338     0.00000     0.00000     0.00000     0.00000     0.00000    -1.36875
    -6.89931    -1.35889    -0.00693    -0.00679    -0.00676     0.00000     0.00000     0.00000     0.00000     0.00000    -1.37937
    -6.78831    -1.35905    -0.01239    -0.01212    -0.01175     0.00000     0.00000     0.00000     0.00000     0.00000    -1.39531
    -6.67731    -1.35933    -0.02242    -0.02300    -0.02144     0.00000     0.00000     0.00000     0.00000     0.00000    -1.42619
    -6.56631    -1.35977    -0.03900    -0.04099    -0.04039     0.00000     0.00000     0.00000     0.00000     0.00000    -1.48015
    -6.45531    -1.36031    -0.05687    -0.05941    -0.06094     0.00000     0.00000     0.00000     0.00000     0.00000    -1.53753
    -6.34531    -1.36076    -0.06654    -0.06996    -0.07402     0.00000     0.00000     0.00000     0.00000     0.00000    -1.57128
    -6.23431    -1.36124    -0.07148    -0.07931    -0.08655     0.00000     0.00000     0.00000     0.00000     0.00000    -1.59859
    -6.12331    -1.36253    -0.09434    -0.10423    -0.11442     0.00000     0.00000     0.00000     0.00000     0.00000    -1.67551
    -6.01231    -1.36480    -0.12546    -0.13648    -0.14737     0.00000     0.00000     0.00000     0.00000     0.00000    -1.77410
    -5.90131    -1.36724    -0.14439    -0.15871    -0.16916     0.00000     0.00000     0.00000     0.00000     0.00000    -1.83950
    -5.79031    -1.36884    -0.15521    -0.16950    -0.18259     0.00000     0.00000     0.00000     0.00000     0.00000    -1.87614
    -5.68031    -1.36964    -0.16179    -0.17586    -0.19022     0.00000     0.00000     0.00000     0.00000     0.00000    -1.89751
    -5.56931    -1.37058    -0.17082    -0.18545    -0.20004     0.00000     0.00000     0.00000     0.00000     0.00000    -1.92690
    -5.45831    -1.37173    -0.18060    -0.19950    -0.21349     0.00000     0.00000     0.00000     0.00000     0.00000    -1.96532
    -5.34731    -1.37308    -0.19030    -0.21612    -0.23392     0.00000     0.00000     0.00000     0.00000     0.00000    -2.01342
    -5.23631    -1.37443    -0.19955    -0.22976    -0.25231     0.00000     0.00000     0.00000     0.00000     0.00000    -2.05605
    -5.12531    -1.37544    -0.20650    -0.24013    -0.26097     0.00000     0.00000     0.00000     0.00000     0.00000    -2.08304
    -5.01531    -1.37621    -0.21203    -0.24851    -0.26665     0.00000     0.00000     0.00000     0.00000     0.00000    -2.10340
    -4.90431    -1.37674    -0.21506    -0.25344    -0.26965     0.00000     0.00000     0.00000     0.00000     0.00000    -2.11490
    -4.79331    -1.37700    -0.21625    -0.25545    -0.27130     0.00000     0.00000     0.00000     0.00000     0.00000    -2.12000
    -4.68231    -1.37718    -0.21782    -0.25938    -0.27389     0.00000     0.00000     0.00000     0.00000     0.00000    -2.12828
    -4.57131    -1.37765    -0.22226    -0.26974    -0.28084     0.00000     0.00000     0.00000     0.00000     0.00000    -2.15049
    -4.46031    -1.37857    -0.23122    -0.28829    -0.29373     0.00000     0.00000     0.00000     0.00000     0.00000    -2.19182
    -4.35031    -1.37981    -0.24853    -0.32538    -0.31956     0.00000     0.00000     0.00000     0.00000     0.00000    -2.27328
    -4.23931    -1.38123    -0.26747    -0.35977    -0.34623     0.00000     0.00000     0.00000     0.00000     0.00000    -2.35470
    -4.12831    -1.38235    -0.27873    -0.37292    -0.36000     0.00000     0.00000     0.00000     0.00000     0.00000    -2.39400
    -4.01731    -1.38301    -0.29127    -0.38580    -0.37418     0.00000     0.00000     0.00000     0.00000     0.00000    -2.43426
    -3.90631    -1.38360    -0.30572    -0.40172    -0.38943     0.00000     0.00000     0.00000     0.00000     0.00000    -2.48047
    -3.79631    -1.38423    -0.31540    -0.41355    -0.40010     0.00000     0.00000     0.00000     0.00000     0.00000    -2.51327
    -3.68531    -1.38506    -0.32545    -0.42334    -0.41207     0.00000     0.00000     0.00000     0.00000     0.00000    -2.54592
    -3.57431    -1.38606    -0.34235    -0.43559    -0.43149     0.00000     0.00000     0.00000     0.00000     0.00000    -2.59549
    -3.46331    -1.38721    -0.36521    -0.45312    -0.45974     0.00000     0.00000     0.00000     0.00000     0.00000    -2.66528
    -3.35231    -1.38838    -0.38729    -0.47322    -0.49133     0.00000     0.00000     0.00000     0.00000     0.00000    -2.74021
    -3.24131    -1.38937    -0.40426    -0.48989    -0.51792     0.00000     0.00000     0.00000     0.00000     0.00000    -2.80143
    -3.13131    -1.39019    -0.42106    -0.50358    -0.53830     0.00000     0.00000     0.00000     0.00000     0.00000    -2.85313
    -3.02031    -1.39108    -0.44543    -0.51815    -0.55667     0.00000     0.00000     0.00000     0.00000     0.00000    -2.91133
    -2.90931    -1.39207    -0.47717    -0.53342    -0.57647     0.00000     0.00000     0.00000     0.00000     0.00000    -2.97913
    -2.79831    -1.39315    -0.51767    -0.55028    -0.60117     0.00000     0.00000     0.00000     0.00000     0.00000    -3.06227
    -2.68731    -1.39429    -0.56084    -0.56910    -0.63028     0.00000     0.00000     0.00000     0.00000     0.00000    -3.15451
    -2.57631    -1.39537    -0.59681    -0.58588    -0.65742     0.00000     0.00000     0.00000     0.00000     0.00000    -3.23548
    -2.46631    -1.39634    -0.62535    -0.59957    -0.67799     0.00000     0.00000     0.00000     0.00000     0.00000    -3.29925
    -2.35531    -1.39731    -0.64775    -0.61113    -0.69253     0.00000     0.00000     0.00000     0.00000     0.00000    -3.34872
    -2.24431    -1.39821    -0.66107    -0.61962    -0.70104     0.00000     0.00000     0.00000     0.00000     0.00000    -3.37994
    -2.13331    -1.39906    -0.66692    -0.62874    -0.70689     0.00000     0.00000     0.00000     0.00000     0.00000    -3.40160
    -2.02231    -1.40070    -0.67721    -0.64573    -0.71990     0.00000     0.00000     0.00000     0.00000     0.00000    -3.44354
    -1.91131    -1.40442    -0.69529    -0.67672    -0.74157     0.00000     0.00000     0.00000     0.00000     0.00000    -3.51800
    -1.80131    -1.40817    -0.71437    -0.70416    -0.76266     0.00000     0.00000     0.00000     0.00000     0.00000    -3.58937
    -1.69031    -1.41070    -0.73504    -0.72132    -0.78210     0.00000     0.00000     0.00000     0.00000     0.00000    -3.64916
    -1.57931    -1.41313    -0.75860    -0.74259    -0.80389     0.00000     0.00000     0.00000     0.00000     0.00000    -3.71821
    -1.46831    -1.41536    -0.78512    -0.76900    -0.82884     0.00000     0.00000     0.00000     0.00000     0.00000    -3.79832
    -1.35731    -1.41722    -0.81398    -0.79428    -0.85321     0.00000     0.00000     0.00000     0.00000     0.00000    -3.87870
    -1.24631    -1.41851    -0.83875    -0.81443    -0.87205     0.00000     0.00000     0.00000     0.00000     0.00000    -3.94374
    -1.13631    -1.41946    -0.85719    -0.83128    -0.88698     0.00000     0.00000     0.00000     0.00000     0.00000    -3.99491
    -1.02531    -1.42102    -0.87608    -0.84750    -0.90193     0.00000     0.00000     0.00000     0.00000     0.00000    -4.04654
    -0.91431    -1.42308    -0.89778    -0.86605    -0.91756     0.00000     0.00000     0.00000     0.00000     0.00000    -4.10447
    -0.80331    -1.42449    -0.91676    -0.88734    -0.93360     0.00000     0.00000     0.00000     0.00000     0.00000    -4.16219
    -0.69231    -1.42515    -0.92691    -0.90195    -0.94465     0.00000     0.00000     0.00000     0.00000     0.00000    -4.19866
    -0.58231    -1.42543    -0.93745    -0.91055    -0.95135     0.00000     0.00000     0.00000     0.00000     0.00000    -4.22478
    -0.47131    -1.42671    -0.96325    -0.93857    -0.96772     0.00000     0.00000     0.00000     0.00000     0.00000    -4.29626
    -0.36031    -1.42823    -0.99301    -0.98362    -0.99169     0.00000     0.00000     0.00000     0.00000     0.00000    -4.39655
    -0.24931    -1.42883    -1.01863    -1.01971    -1.01478     0.00000     0.00000     0.00000     0.00000     0.00000    -4.48195
    -0.13831    -1.42913    -1.04603    -1.04083    -1.04158     0.00000     0.00000     0.00000     0.00000     0.00000    -4.55757
    -0.02731    -1.42919    -1.06047    -1.04838    -1.05683     0.00000     0.00000     0.00000     0.00000     0.00000    -4.59487
     0.08269    -1.42919    -1.06049    -1.04838    -1.05685     0.00000     0.00000     0.00000     0.00000     0.00000    -4.59491
     0.19369    -1.42919    -1.06049    -1.04838    -1.05685     0.00000     0.00000     0.00000     0.00000     0.00000    -4.59491
     0.30469    -1.42919    -1.06049    -1.04838    -1.05685     0.00000     0.00000     0.00000     0.00000     0.00000    -4.59491
     0.41569    -1.42919    -1.06049    -1.04838    -1.05685     0.00000     0.00000     0.00000     0.00000     0.00000    -4.59491
     0.52669    -1.42919    -1.06049    -1.04838    -1.05685     0.00000     0.00000     0.00000     0.00000     0.00000    -4.59491
     0.63769    -1.42919    -1.06049    -1.04838    -1.05685     0.00000     0.00000     0.00000     0.00000     0.00000    -4.59491
     0.74769    -1.42955    -1.06068    -1.04855    -1.05736     0.00000     0.00000     0.00000     0.00000     0.00000    -4.59614
     0.85869    -1.43051    -1.06136    -1.04919    -1.05889     0.00000     0.00000     0.00000     0.00000     0.00000    -4.59995
     0.96969    -1.43217    -1.06315    -1.05319    -1.06229     0.00000     0.00000     0.00000     0.00000     0.00000    -4.61080
     1.08069    -1.43497    -1.06765    -1.06273    -1.07019     0.00000     0.00000     0.00000     0.00000     0.00000    -4.63555
     1.19169    -1.43872    -1.07664    -1.07765    -1.08411     0.00000     0.00000     0.00000     0.00000     0.00000    -4.67713
     1.30269    -1.44255    -1.08869    -1.09498    -1.10158     0.00000     0.00000     0.00000     0.00000     0.00000    -4.72780
     1.41269    -1.44560    -1.10466    -1.11161    -1.11824     0.00000     0.00000     0.00000     0.00000     0.00000    -4.78011
     1.52369    -1.44817    -1.13109    -1.13229    -1.13672     0.00000     0.00000     0.00000     0.00000     0.00000    -4.84827
     1.63469    -1.45045    -1.16556    -1.15563    -1.15740     0.00000     0.00000     0.00000     0.00000     0.00000    -4.92903
     1.74569    -1.45204    -1.19880    -1.17666    -1.17542     0.00000     0.00000     0.00000     0.00000     0.00000    -5.00293
     1.85669    -1.45320    -1.23047    -1.19786    -1.19119     0.00000     0.00000     0.00000     0.00000     0.00000    -5.07271
     1.96669    -1.45405    -1.25457    -1.21408    -1.20354     0.00000     0.00000     0.00000     0.00000     0.00000    -5.12623
     2.07769    -1.45440    -1.26251    -1.21928    -1.20834     0.00000     0.00000     0.00000     0.00000     0.00000    -5.14453
     2.18869    -1.45440    -1.26251    -1.21928    -1.20834     0.00000     0.00000     0.00000     0.00000     0.00000    -5.14453
     2.29969    -1.45440    -1.26251    -1.21928    -1.20834     0.00000     0.00000     0.00000     0.00000     0.00000    -5.14453
     2.41069    -1.45440    -1.26251    -1.21928    -1.20834     0.00000     0.00000     0.00000     0.00000     0.00000    -5.14453
     2.52169    -1.45440    -1.26251    -1.21928    -1.20834     0.00000     0.00000     0.00000     0.00000     0.00000    -5.14453
     2.63169    -1.45440    -1.26251    -1.21928    -1.20834     0.00000     0.00000     0.00000     0.00000     0.00000    -5.14453
     2.74269    -1.45440    -1.26251    -1.21928    -1.20834     0.00000     0.00000     0.00000     0.00000     0.00000    -5.14453
     2.85369    -1.45440    -1.26251    -1.21928    -1.20834     0.00000     0.00000     0.00000     0.00000     0.00000    -5.14453
     2.96469    -1.45440    -1.26251    -1.21928    -1.20834     0.00000     0.00000     0.00000     0.00000     0.00000    -5.14453
     3.07569    -1.45440    -1.26251    -1.21928    -1.20834     0.00000     0.00000     0.00000     0.00000     0.00000    -5.14453
     3.18669    -1.45440    -1.26251    -1.21928    -1.20834     0.00000     0.00000     0.00000     0.00000     0.00000    -5.14453
     3.29669    -1.45440    -1.26251    -1.21928    -1.20834     0.00000     0.00000     0.00000     0.00000     0.00000    -5.14453
     3.40769    -1.45444    -1.26251    -1.21928    -1.20834     0.00000     0.00000     0.00000     0.00000     0.00000    -5.14457
     3.51869    -1.45462    -1.26252    -1.21928    -1.20836     0.00000     0.00000     0.00000     0.00000     0.00000    -5.14477
     3.62969    -1.45493    -1.26253    -1.21929    -1.20839     0.00000     0.00000     0.00000     0.00000     0.00000    -5.14514
     3.74069    -1.45530    -1.26256    -1.21930    -1.20845     0.00000     0.00000     0.00000     0.00000     0.00000    -5.14560
     3.85169    -1.45576    -1.26259    -1.21931    -1.20854     0.00000     0.00000     0.00000     0.00000     0.00000    -5.14620
     3.96169    -1.45629    -1.26264    -1.21933    -1.20867     0.00000     0.00000     0.00000     0.00000     0.00000    -5.14693
     4.07269    -1.45688    -1.26272    -1.21936    -1.20884     0.00000     0.00000     0.00000     0.00000     0.00000    -5.14779
     4.18369    -1.45753    -1.26281    -1.21939    -1.20905     0.00000     0.00000     0.00000     0.00000     0.00000    -5.14878
     4.29469    -1.45825    -1.26292    -1.21944    -1.20931     0.00000     0.00000     0.00000     0.00000     0.00000    -5.14991
     4.40569    -1.45903    -1.26304    -1.21949    -1.20964     0.00000     0.00000     0.00000     0.00000     0.00000    -5.15120
     4.51669    -1.45988    -1.26319    -1.21955    -1.21002     0.00000     0.00000     0.00000     0.00000     0.00000    -5.15264
     4.62669    -1.46079    -1.26337    -1.21961    -1.21047     0.00000     0.00000     0.00000     0.00000     0.00000    -5.15425
     4.73769    -1.46177    -1.26359    -1.21969    -1.21099     0.00000     0.00000     0.00000     0.00000     0.00000    -5.15604
     4.84869    -1.46281    -1.26383    -1.21978    -1.21158     0.00000     0.00000     0.00000     0.00000     0.00000    -5.15800
     4.95969    -1.46391    -1.26409    -1.21988    -1.21226     0.00000     0.00000     0.00000     0.00000     0.00000    -5.16015
     5.07069    -1.46509    -1.26439    -1.22000    -1.21304     0.00000     0.00000     0.00000     0.00000     0.00000    -5.16251
     5.18069    -1.46633    -1.26472    -1.22012    -1.21391     0.00000     0.00000     0.00000     0.00000     0.00000    -5.16508
     5.29169    -1.46765    -1.26510    -1.22026    -1.21487     0.00000     0.00000     0.00000     0.00000     0.00000    -5.16789
     5.40269    -1.46905    -1.26553    -1.22042    -1.21594     0.00000     0.00000     0.00000     0.00000     0.00000    -5.17094
     5.51369    -1.47052    -1.26600    -1.22059    -1.21712     0.00000     0.00000     0.00000     0.00000     0.00000    -5.17423
     5.62469    -1.47207    -1.26650    -1.22079    -1.21843     0.00000     0.00000     0.00000     0.00000     0.00000    -5.17778
     5.73569    -1.47370    -1.26704    -1.22099    -1.21988     0.00000     0.00000     0.00000     0.00000     0.00000    -5.18162
     5.84569    -1.47542    -1.26764    -1.22122    -1.22147     0.00000     0.00000     0.00000     0.00000     0.00000    -5.18576
     5.95669    -1.47724    -1.26831    -1.22147    -1.22321     0.00000     0.00000     0.00000     0.00000     0.00000    -5.19024
     6.06769    -1.47917    -1.26905    -1.22174    -1.22512     0.00000     0.00000     0.00000     0.00000     0.00000    -5.19508
     6.17869    -1.48117    -1.26983    -1.22203    -1.22718     0.00000     0.00000     0.00000     0.00000     0.00000    -5.20020
     6.28969    -1.48326    -1.27066    -1.22235    -1.22939     0.00000     0.00000     0.00000     0.00000     0.00000    -5.20567
     6.40069    -1.48547    -1.27156    -1.22273    -1.23179     0.00000     0.00000     0.00000     0.00000     0.00000    -5.21155
     6.51069    -1.48780    -1.27254    -1.22319    -1.23434     0.00000     0.00000     0.00000     0.00000     0.00000    -5.21786
     6.62169    -1.49027    -1.27360    -1.22374    -1.23705     0.00000     0.00000     0.00000     0.00000     0.00000    -5.22466
     6.73269    -1.49290    -1.27475    -1.22441    -1.23992     0.00000     0.00000     0.00000     0.00000     0.00000    -5.23198
     6.84369    -1.49568    -1.27596    -1.22518    -1.24298     0.00000     0.00000     0.00000     0.00000     0.00000    -5.23980
     6.95469    -1.49863    -1.27727    -1.22607    -1.24621     0.00000     0.00000     0.00000     0.00000     0.00000    -5.24819
     7.06569    -1.50181    -1.27870    -1.22712    -1.24964     0.00000     0.00000     0.00000     0.00000     0.00000    -5.25728
     7.17569    -1.50528    -1.28023    -1.22833    -1.25327     0.00000     0.00000     0.00000     0.00000     0.00000    -5.26711
     7.28669    -1.50936    -1.28187    -1.22976    -1.25712     0.00000     0.00000     0.00000     0.00000     0.00000    -5.27811
     7.39769    -1.51413    -1.28360    -1.23141    -1.26119     0.00000     0.00000     0.00000     0.00000     0.00000    -5.29034
     7.50869    -1.51907    -1.28538    -1.23327    -1.26546     0.00000     0.00000     0.00000     0.00000     0.00000    -5.30319
     7.61969    -1.52395    -1.28721    -1.23527    -1.26995     0.00000     0.00000     0.00000     0.00000     0.00000    -5.31638
     7.72969    -1.52881    -1.28907    -1.23744    -1.27462     0.00000     0.00000     0.00000     0.00000     0.00000    -5.32994
     7.84069    -1.53367    -1.29096    -1.23984    -1.27949     0.00000     0.00000     0.00000     0.00000     0.00000    -5.34397
     7.95169    -1.53871    -1.29292    -1.24258    -1.28457     0.00000     0.00000     0.00000     0.00000     0.00000    -5.35878
     8.06269    -1.54408    -1.29496    -1.24590    -1.28996     0.00000     0.00000     0.00000     0.00000     0.00000    -5.37490
     8.17369    -1.54979    -1.29709    -1.25019    -1.29567     0.00000     0.00000     0.00000     0.00000     0.00000    -5.39274
     8.28469    -1.55557    -1.29934    -1.25509    -1.30141     0.00000     0.00000     0.00000     0.00000     0.00000    -5.41141
     8.39469    -1.56113    -1.30169    -1.26004    -1.30700     0.00000     0.00000     0.00000     0.00000     0.00000    -5.42985
     8.50569    -1.56646    -1.30413    -1.26501    -1.31242     0.00000     0.00000     0.00000     0.00000     0.00000    -5.44802
     8.61669    -1.57155    -1.30666    -1.27000    -1.31754     0.00000     0.00000     0.00000     0.00000     0.00000    -5.46576
     8.72769    -1.57638    -1.30927    -1.27501    -1.32232     0.00000     0.00000     0.00000     0.00000     0.00000    -5.48298
     8.83869    -1.58096    -1.31193    -1.28004    -1.32686     0.00000     0.00000     0.00000     0.00000     0.00000    -5.49978
     8.94969    -1.58531    -1.31461    -1.28504    -1.33120     0.00000     0.00000     0.00000     0.00000     0.00000    -5.51616
     9.05969    -1.58933    -1.31731    -1.28997    -1.33510     0.00000     0.00000     0.00000     0.00000     0.00000    -5.53171
     9.17069    -1.59302    -1.31998    -1.29477    -1.33858     0.00000     0.00000     0.00000     0.00000     0.00000    -5.54635
     9.28169    -1.59649    -1.32257    -1.29945    -1.34197     0.00000     0.00000     0.00000     0.00000     0.00000    -5.56048
     9.39269    -1.59974    -1.32510    -1.30400    -1.34529     0.00000     0.00000     0.00000     0.00000     0.00000    -5.57413
     9.50369    -1.60279    -1.32764    -1.30844    -1.34849     0.00000     0.00000     0.00000     0.00000     0.00000    -5.58737
     9.61469    -1.60557    -1.33009    -1.31274    -1.35149     0.00000     0.00000     0.00000     0.00000     0.00000    -5.59989
     9.72469    -1.60806    -1.33235    -1.31687    -1.35432     0.00000     0.00000     0.00000     0.00000     0.00000    -5.61160
     9.83569    -1.61032    -1.33451    -1.32090    -1.35699     0.00000     0.00000     0.00000     0.00000     0.00000    -5.62271
     9.94669    -1.61235    -1.33655    -1.32489    -1.35948     0.00000     0.00000     0.00000     0.00000     0.00000    -5.63328
    10.05769    -1.61416    -1.33850    -1.32897    -1.36179     0.00000     0.00000     0.00000     0.00000     0.00000    -5.64343
    10.16869    -1.61572    -1.34028    -1.33336    -1.36393     0.00000     0.00000     0.00000     0.00000     0.00000    -5.65329
    10.27969    -1.61699    -1.34178    -1.33821    -1.36588     0.00000     0.00000     0.00000     0.00000     0.00000    -5.66286
    10.38969    -1.61795    -1.34306    -1.34244    -1.36769     0.00000     0.00000     0.00000     0.00000     0.00000    -5.67113
    10.50069    -1.61857    -1.34404    -1.34503    -1.36921     0.00000     0.00000     0.00000     0.00000     0.00000    -5.67685
    10.61169    -1.61892    -1.34465    -1.34633    -1.37015     0.00000     0.00000     0.00000     0.00000     0.00000    -5.68005
    10.72269    -1.61905    -1.34495    -1.34680    -1.37051     0.00000     0.00000     0.00000     0.00000     0.00000    -5.68131
    10.83369    -1.61908    -1.34502    -1.34686    -1.37056     0.00000     0.00000     0.00000     0.00000     0.00000    -5.68152
    10.94369    -1.61908    -1.34502    -1.34686    -1.37056     0.00000     0.00000     0.00000     0.00000     0.00000    -5.68152
    11.05469    -1.61908    -1.34502    -1.34686    -1.37056     0.00000     0.00000     0.00000     0.00000     0.00000    -5.68152
    11.16569    -1.61908    -1.34502    -1.34686    -1.37056     0.00000     0.00000     0.00000     0.00000     0.00000    -5.68152
    11.27669    -1.61908    -1.34502    -1.34686    -1.37056     0.00000     0.00000     0.00000     0.00000     0.00000    -5.68152
    11.38769    -1.61908    -1.34502    -1.34686    -1.37056     0.00000     0.00000     0.00000     0.00000     0.00000    -5.68152
    11.49869    -1.61908    -1.34502    -1.34686    -1.37056     0.00000     0.00000     0.00000     0.00000     0.00000    -5.68152
    11.60869    -1.61908    -1.34502    -1.34686    -1.37056     0.00000     0.00000     0.00000     0.00000     0.00000    -5.68152
    11.71969    -1.61908    -1.34502    -1.34686    -1.37056     0.00000     0.00000     0.00000     0.00000     0.00000    -5.68152
    11.83069    -1.61908    -1.34502    -1.34686    -1.37056     0.00000     0.00000     0.00000     0.00000     0.00000    -5.68152
    11.94169    -1.61908    -1.34502    -1.34686    -1.37056     0.00000     0.00000     0.00000     0.00000     0.00000    -5.68152
    12.05269    -1.61908    -1.34502    -1.34686    -1.37056     0.00000     0.00000     0.00000     0.00000     0.00000    -5.68152
    12.16369    -1.61908    -1.34502    -1.34686    -1.37056     0.00000     0.00000     0.00000     0.00000     0.00000    -5.68152
    12.27369    -1.61908    -1.34502    -1.34686    -1.37056     0.00000     0.00000     0.00000     0.00000     0.00000    -5.68152
    12.38469    -1.61908    -1.34502    -1.34686    -1.37056     0.00000     0.00000     0.00000     0.00000     0.00000    -5.68152
    12.49569    -1.61908    -1.34502    -1.34686    -1.37056     0.00000     0.00000     0.00000     0.00000     0.00000    -5.68152
    12.60669    -1.61908    -1.34502    -1.34686    -1.37056     0.00000     0.00000     0.00000     0.00000     0.00000    -5.68152
    12.71769    -1.61908    -1.34502    -1.34686    -1.37056     0.00000     0.00000     0.00000     0.00000     0.00000    -5.68152
    12.82869    -1.61908    -1.34502    -1.34686    -1.37056     0.00000     0.00000     0.00000     0.00000     0.00000    -5.68152
