     #Energy           s          py          pz          px         dxy         dyz         dz2         dxz         dx2       tot  
   -20.42031     0.00000     0.00000     0.00000     0.00000     0.00000     0.00000     0.00000     0.00000     0.00000     0.00000
   -20.30931     0.00000     0.00000     0.00000     0.00000     0.00000     0.00000     0.00000     0.00000     0.00000     0.00000
   -20.19831     0.00000     0.00000     0.00000     0.00000     0.00000     0.00000     0.00000     0.00000     0.00000     0.00000
   -20.08731     0.00000     0.00000     0.00000     0.00000     0.00000     0.00000     0.00000     0.00000     0.00000     0.00000
   -19.97631     0.00000     0.00000     0.00000     0.00000     0.00000     0.00000     0.00000     0.00000     0.00000     0.00000
   -19.86531     0.00000     0.00000     0.00000     0.00000     0.00000     0.00000     0.00000     0.00000     0.00000     0.00000
   -19.75531     0.00000     0.00000     0.00000     0.00000     0.00000     0.00000     0.00000     0.00000     0.00000     0.00000
   -19.64431     0.00000     0.00000     0.00000     0.00000     0.00000     0.00000     0.00000     0.00000     0.00000     0.00000
   -19.53331     0.00000     0.00000     0.00000     0.00000     0.00000     0.00000     0.00000     0.00000     0.00000     0.00000
   -19.42231     0.00000     0.00000     0.00000     0.00000     0.00000     0.00000     0.00000     0.00000     0.00000     0.00000
   -19.31131     0.00000     0.00000     0.00000     0.00000     0.00000     0.00000     0.00000     0.00000     0.00000     0.00000
   -19.20031     0.00000     0.00000     0.00000     0.00000     0.00000     0.00000     0.00000     0.00000     0.00000     0.00000
   -19.09031     0.00000     0.00000     0.00000     0.00000     0.00000     0.00000     0.00000     0.00000     0.00000     0.00000
   -18.97931     0.00000     0.00000     0.00000     0.00000     0.00000     0.00000     0.00000     0.00000     0.00000     0.00000
   -18.86831     0.00000     0.00000     0.00000     0.00000     0.00000     0.00000     0.00000     0.00000     0.00000     0.00000
   -18.75731     0.00000     0.00000     0.00000     0.00000     0.00000     0.00000     0.00000     0.00000     0.00000     0.00000
   -18.64631     0.00000     0.00000     0.00000     0.00000     0.00000     0.00000     0.00000     0.00000     0.00000     0.00000
   -18.53531     0.00000     0.00000     0.00000     0.00000     0.00000     0.00000     0.00000     0.00000     0.00000     0.00000
   -18.42531     0.00000     0.00000     0.00000     0.00000     0.00000     0.00000     0.00000     0.00000     0.00000     0.00000
   -18.31431     0.08730     0.00001     0.00000     0.00003     0.00000     0.00000     0.00000     0.00000     0.00000     0.08735
   -18.20331     0.13642     0.00003     0.00001     0.00008     0.00000     0.00000     0.00000     0.00000     0.00000     0.13655
   -18.09231     0.18284     0.00006     0.00003     0.00014     0.00000     0.00000     0.00000     0.00000     0.00000     0.18307
   -17.98131     0.23180     0.00009     0.00004     0.00021     0.00000     0.00000     0.00000     0.00000     0.00000     0.23215
   -17.87131     0.28700     0.00013     0.00006     0.00029     0.00000     0.00000     0.00000     0.00000     0.00000     0.28748
   -17.76031     0.35520     0.00017     0.00008     0.00038     0.00000     0.00000     0.00000     0.00000     0.00000     0.35583
   -17.64931     0.43460     0.00021     0.00013     0.00042     0.00000     0.00000     0.00000     0.00000     0.00000     0.43536
   -17.53831     0.54280     0.00025     0.00020     0.00045     0.00000     0.00000     0.00000     0.00000     0.00000     0.54371
   -17.42731     0.68760     0.00029     0.00030     0.00045     0.00000     0.00000     0.00000     0.00000     0.00000     0.68863
   -17.31631     0.92060     0.00033     0.00038     0.00044     0.00000     0.00000     0.00000     0.00000     0.00000     0.92174
   -17.20631     1.35400     0.00036     0.00046     0.00040     0.00000     0.00000     0.00000     0.00000     0.00000     1.35522
   -17.09531     2.88400     0.00043     0.00054     0.00037     0.00000     0.00000     0.00000     0.00000     0.00000     2.88535
   -16.98431     4.15600     0.00025     0.00037     0.00030     0.00000     0.00000     0.00000     0.00000     0.00000     4.15692
   -16.87331     0.00000     0.00000     0.00000     0.00000     0.00000     0.00000     0.00000     0.00000     0.00000     0.00000
   -16.76231     0.00000     0.00000     0.00000     0.00000     0.00000     0.00000     0.00000     0.00000     0.00000     0.00000
   -16.65131     0.00000     0.00000     0.00000     0.00000     0.00000     0.00000     0.00000     0.00000     0.00000     0.00000
   -16.54131     0.00000     0.00000     0.00000     0.00000     0.00000     0.00000     0.00000     0.00000     0.00000     0.00000
   -16.43031     0.00000     0.00000     0.00000     0.00000     0.00000     0.00000     0.00000     0.00000     0.00000     0.00000
   -16.31931     0.00000     0.00000     0.00000     0.00000     0.00000     0.00000     0.00000     0.00000     0.00000     0.00000
   -16.20831     0.00000     0.00000     0.00000     0.00000     0.00000     0.00000     0.00000     0.00000     0.00000     0.00000
   -16.09731     0.00000     0.00000     0.00000     0.00000     0.00000     0.00000     0.00000     0.00000     0.00000     0.00000
   -15.98631     0.00000     0.00000     0.00000     0.00000     0.00000     0.00000     0.00000     0.00000     0.00000     0.00000
   -15.87631     0.00000     0.00000     0.00000     0.00000     0.00000     0.00000     0.00000     0.00000     0.00000     0.00000
   -15.76531     0.00000     0.00000     0.00000     0.00000     0.00000     0.00000     0.00000     0.00000     0.00000     0.00000
   -15.65431     0.00000     0.00000     0.00000     0.00000     0.00000     0.00000     0.00000     0.00000     0.00000     0.00000
   -15.54331     0.00000     0.00000     0.00000     0.00000     0.00000     0.00000     0.00000     0.00000     0.00000     0.00000
   -15.43231     0.00000     0.00000     0.00000     0.00000     0.00000     0.00000     0.00000     0.00000     0.00000     0.00000
   -15.32231     0.00000     0.00000     0.00000     0.00000     0.00000     0.00000     0.00000     0.00000     0.00000     0.00000
   -15.21131     0.00000     0.00000     0.00000     0.00000     0.00000     0.00000     0.00000     0.00000     0.00000     0.00000
   -15.10031     0.00000     0.00000     0.00000     0.00000     0.00000     0.00000     0.00000     0.00000     0.00000     0.00000
   -14.98931     0.00000     0.00000     0.00000     0.00000     0.00000     0.00000     0.00000     0.00000     0.00000     0.00000
   -14.87831     0.00000     0.00000     0.00000     0.00000     0.00000     0.00000     0.00000     0.00000     0.00000     0.00000
   -14.76731     0.00000     0.00000     0.00000     0.00000     0.00000     0.00000     0.00000     0.00000     0.00000     0.00000
   -14.65731     0.00000     0.00000     0.00000     0.00000     0.00000     0.00000     0.00000     0.00000     0.00000     0.00000
   -14.54631     0.00000     0.00000     0.00000     0.00000     0.00000     0.00000     0.00000     0.00000     0.00000     0.00000
   -14.43531     0.00000     0.00000     0.00000     0.00000     0.00000     0.00000     0.00000     0.00000     0.00000     0.00000
   -14.32431     0.00000     0.00000     0.00000     0.00000     0.00000     0.00000     0.00000     0.00000     0.00000     0.00000
   -14.21331     0.00000     0.00000     0.00000     0.00000     0.00000     0.00000     0.00000     0.00000     0.00000     0.00000
   -14.10231     0.00000     0.00000     0.00000     0.00000     0.00000     0.00000     0.00000     0.00000     0.00000     0.00000
   -13.99231     0.00000     0.00000     0.00000     0.00000     0.00000     0.00000     0.00000     0.00000     0.00000     0.00000
   -13.88131     0.00000     0.00000     0.00000     0.00000     0.00000     0.00000     0.00000     0.00000     0.00000     0.00000
   -13.77031     0.00000     0.00000     0.00000     0.00000     0.00000     0.00000     0.00000     0.00000     0.00000     0.00000
   -13.65931     0.00000     0.00000     0.00000     0.00000     0.00000     0.00000     0.00000     0.00000     0.00000     0.00000
   -13.54831     0.00000     0.00000     0.00000     0.00000     0.00000     0.00000     0.00000     0.00000     0.00000     0.00000
   -13.43731     0.00000     0.00000     0.00000     0.00000     0.00000     0.00000     0.00000     0.00000     0.00000     0.00000
   -13.32731     0.00000     0.00000     0.00000     0.00000     0.00000     0.00000     0.00000     0.00000     0.00000     0.00000
   -13.21631     0.00000     0.00000     0.00000     0.00000     0.00000     0.00000     0.00000     0.00000     0.00000     0.00000
   -13.10531     0.00000     0.00000     0.00000     0.00000     0.00000     0.00000     0.00000     0.00000     0.00000     0.00000
   -12.99431     0.00000     0.00000     0.00000     0.00000     0.00000     0.00000     0.00000     0.00000     0.00000     0.00000
   -12.88331     0.00000     0.00000     0.00000     0.00000     0.00000     0.00000     0.00000     0.00000     0.00000     0.00000
   -12.77231     0.00000     0.00000     0.00000     0.00000     0.00000     0.00000     0.00000     0.00000     0.00000     0.00000
   -12.66231     0.00000     0.00000     0.00000     0.00000     0.00000     0.00000     0.00000     0.00000     0.00000     0.00000
   -12.55131     0.00000     0.00000     0.00000     0.00000     0.00000     0.00000     0.00000     0.00000     0.00000     0.00000
   -12.44031     0.00000     0.00000     0.00000     0.00000     0.00000     0.00000     0.00000     0.00000     0.00000     0.00000
   -12.32931     0.00000     0.00000     0.00000     0.00000     0.00000     0.00000     0.00000     0.00000     0.00000     0.00000
   -12.21831     0.00000     0.00000     0.00000     0.00000     0.00000     0.00000     0.00000     0.00000     0.00000     0.00000
   -12.10831     0.00000     0.00000     0.00000     0.00000     0.00000     0.00000     0.00000     0.00000     0.00000     0.00000
   -11.99731     0.00000     0.00000     0.00000     0.00000     0.00000     0.00000     0.00000     0.00000     0.00000     0.00000
   -11.88631     0.00000     0.00000     0.00000     0.00000     0.00000     0.00000     0.00000     0.00000     0.00000     0.00000
   -11.77531     0.00000     0.00000     0.00000     0.00000     0.00000     0.00000     0.00000     0.00000     0.00000     0.00000
   -11.66431     0.00000     0.00000     0.00000     0.00000     0.00000     0.00000     0.00000     0.00000     0.00000     0.00000
   -11.55331     0.00000     0.00000     0.00000     0.00000     0.00000     0.00000     0.00000     0.00000     0.00000     0.00000
   -11.44331     0.00000     0.00000     0.00000     0.00000     0.00000     0.00000     0.00000     0.00000     0.00000     0.00000
   -11.33231     0.00000     0.00000     0.00000     0.00000     0.00000     0.00000     0.00000     0.00000     0.00000     0.00000
   -11.22131     0.00000     0.00000     0.00000     0.00000     0.00000     0.00000     0.00000     0.00000     0.00000     0.00000
   -11.11031     0.00000     0.00000     0.00000     0.00000     0.00000     0.00000     0.00000     0.00000     0.00000     0.00000
   -10.99931     0.00000     0.00000     0.00000     0.00000     0.00000     0.00000     0.00000     0.00000     0.00000     0.00000
   -10.88831     0.00000     0.00000     0.00000     0.00000     0.00000     0.00000     0.00000     0.00000     0.00000     0.00000
   -10.77831     0.00000     0.00000     0.00000     0.00000     0.00000     0.00000     0.00000     0.00000     0.00000     0.00000
   -10.66731     0.00000     0.00000     0.00000     0.00000     0.00000     0.00000     0.00000     0.00000     0.00000     0.00000
   -10.55631     0.00000     0.00000     0.00000     0.00000     0.00000     0.00000     0.00000     0.00000     0.00000     0.00000
   -10.44531     0.00000     0.00000     0.00000     0.00000     0.00000     0.00000     0.00000     0.00000     0.00000     0.00000
   -10.33431     0.00000     0.00000     0.00000     0.00000     0.00000     0.00000     0.00000     0.00000     0.00000     0.00000
   -10.22331     0.00000     0.00000     0.00000     0.00000     0.00000     0.00000     0.00000     0.00000     0.00000     0.00000
   -10.11331     0.00000     0.00000     0.00000     0.00000     0.00000     0.00000     0.00000     0.00000     0.00000     0.00000
   -10.00231     0.00000     0.00000     0.00000     0.00000     0.00000     0.00000     0.00000     0.00000     0.00000     0.00000
    -9.89131     0.00000     0.00000     0.00000     0.00000     0.00000     0.00000     0.00000     0.00000     0.00000     0.00000
    -9.78031     0.00000     0.00000     0.00000     0.00000     0.00000     0.00000     0.00000     0.00000     0.00000     0.00000
    -9.66931     0.00000     0.00000     0.00000     0.00000     0.00000     0.00000     0.00000     0.00000     0.00000     0.00000
    -9.55931     0.00000     0.00000     0.00000     0.00000     0.00000     0.00000     0.00000     0.00000     0.00000     0.00000
    -9.44831     0.00000     0.00000     0.00000     0.00000     0.00000     0.00000     0.00000     0.00000     0.00000     0.00000
    -9.33731     0.00000     0.00000     0.00000     0.00000     0.00000     0.00000     0.00000     0.00000     0.00000     0.00000
    -9.22631     0.00000     0.00000     0.00000     0.00000     0.00000     0.00000     0.00000     0.00000     0.00000     0.00000
    -9.11531     0.00000     0.00000     0.00000     0.00000     0.00000     0.00000     0.00000     0.00000     0.00000     0.00000
    -9.00431     0.00000     0.00000     0.00000     0.00000     0.00000     0.00000     0.00000     0.00000     0.00000     0.00000
    -8.89431     0.00000     0.00000     0.00000     0.00000     0.00000     0.00000     0.00000     0.00000     0.00000     0.00000
    -8.78331     0.00000     0.00000     0.00000     0.00000     0.00000     0.00000     0.00000     0.00000     0.00000     0.00000
    -8.67231     0.00000     0.00000     0.00000     0.00000     0.00000     0.00000     0.00000     0.00000     0.00000     0.00000
    -8.56131     0.00000     0.00000     0.00000     0.00000     0.00000     0.00000     0.00000     0.00000     0.00000     0.00000
    -8.45031     0.00000     0.00000     0.00000     0.00000     0.00000     0.00000     0.00000     0.00000     0.00000     0.00000
    -8.33931     0.00000     0.00000     0.00000     0.00000     0.00000     0.00000     0.00000     0.00000     0.00000     0.00000
    -8.22931     0.00000     0.00000     0.00000     0.00000     0.00000     0.00000     0.00000     0.00000     0.00000     0.00000
    -8.11831     0.00000     0.00000     0.00000     0.00000     0.00000     0.00000     0.00000     0.00000     0.00000     0.00000
    -8.00731     0.00000     0.00000     0.00000     0.00000     0.00000     0.00000     0.00000     0.00000     0.00000     0.00000
    -7.89631     0.00000     0.00000     0.00000     0.00000     0.00000     0.00000     0.00000     0.00000     0.00000     0.00000
    -7.78531     0.00000     0.00000     0.00000     0.00000     0.00000     0.00000     0.00000     0.00000     0.00000     0.00000
    -7.67431     0.00000     0.00000     0.00000     0.00000     0.00000     0.00000     0.00000     0.00000     0.00000     0.00000
    -7.56431     0.00000     0.00000     0.00000     0.00000     0.00000     0.00000     0.00000     0.00000     0.00000     0.00000
    -7.45331     0.00000     0.00000     0.00000     0.00000     0.00000     0.00000     0.00000     0.00000     0.00000     0.00000
    -7.34231     0.00000     0.00000     0.00000     0.00000     0.00000     0.00000     0.00000     0.00000     0.00000     0.00000
    -7.23131     0.00000     0.00000     0.00000     0.00000     0.00000     0.00000     0.00000     0.00000     0.00000     0.00000
    -7.12031     0.00014     0.01414     0.01378     0.01397     0.00000     0.00000     0.00000     0.00000     0.00000     0.04204
    -7.00931     0.00051     0.02640     0.02586     0.02508     0.00000     0.00000     0.00000     0.00000     0.00000     0.07785
    -6.89931     0.00105     0.03880     0.03800     0.03596     0.00000     0.00000     0.00000     0.00000     0.00000     0.11381
    -6.78831     0.00186     0.05966     0.05826     0.05408     0.00000     0.00000     0.00000     0.00000     0.00000     0.17386
    -6.67731     0.00318     0.12138     0.13808     0.12086     0.00000     0.00000     0.00000     0.00000     0.00000     0.38350
    -6.56631     0.00481     0.17786     0.18652     0.22100     0.00000     0.00000     0.00000     0.00000     0.00000     0.59019
    -6.45531     0.00501     0.14468     0.14580     0.14990     0.00000     0.00000     0.00000     0.00000     0.00000     0.44539
    -6.34531     0.00304     0.02978     0.04476     0.08612     0.00000     0.00000     0.00000     0.00000     0.00000     0.16370
    -6.23431     0.00569     0.05940     0.12388     0.14006     0.00000     0.00000     0.00000     0.00000     0.00000     0.32903
    -6.12331     0.01750     0.35280     0.32580     0.36300     0.00000     0.00000     0.00000     0.00000     0.00000     1.05910
    -6.01231     0.02344     0.20860     0.25620     0.23180     0.00000     0.00000     0.00000     0.00000     0.00000     0.72004
    -5.90131     0.02064     0.13310     0.14506     0.16140     0.00000     0.00000     0.00000     0.00000     0.00000     0.46020
    -5.79031     0.00817     0.06222     0.04968     0.08102     0.00000     0.00000     0.00000     0.00000     0.00000     0.20109
    -5.68031     0.00640     0.05638     0.06494     0.05678     0.00000     0.00000     0.00000     0.00000     0.00000     0.18450
    -5.56931     0.01059     0.10668     0.10824     0.12042     0.00000     0.00000     0.00000     0.00000     0.00000     0.34593
    -5.45831     0.01012     0.06970     0.14526     0.12232     0.00000     0.00000     0.00000     0.00000     0.00000     0.34740
    -5.34731     0.01425     0.10540     0.15472     0.24620     0.00000     0.00000     0.00000     0.00000     0.00000     0.52057
    -5.23631     0.01014     0.06148     0.09146     0.08574     0.00000     0.00000     0.00000     0.00000     0.00000     0.24882
    -5.12531     0.00808     0.06408     0.09556     0.07050     0.00000     0.00000     0.00000     0.00000     0.00000     0.23822
    -5.01531     0.00576     0.03570     0.05568     0.03196     0.00000     0.00000     0.00000     0.00000     0.00000     0.12910
    -4.90431     0.00384     0.01898     0.03324     0.02234     0.00000     0.00000     0.00000     0.00000     0.00000     0.07840
    -4.79331     0.00074     0.00238     0.00316     0.00735     0.00000     0.00000     0.00000     0.00000     0.00000     0.01362
    -4.68231     0.00265     0.02602     0.06774     0.03940     0.00000     0.00000     0.00000     0.00000     0.00000     0.13581
    -4.57131     0.00575     0.05418     0.11910     0.08598     0.00000     0.00000     0.00000     0.00000     0.00000     0.26501
    -4.46031     0.01089     0.10750     0.21580     0.14668     0.00000     0.00000     0.00000     0.00000     0.00000     0.48087
    -4.35031     0.01153     0.20480     0.45340     0.31940     0.00000     0.00000     0.00000     0.00000     0.00000     0.98913
    -4.23931     0.01402     0.13704     0.16724     0.16196     0.00000     0.00000     0.00000     0.00000     0.00000     0.48026
    -4.12831     0.00628     0.06610     0.07008     0.08652     0.00000     0.00000     0.00000     0.00000     0.00000     0.22898
    -4.01731     0.00552     0.16020     0.16238     0.16946     0.00000     0.00000     0.00000     0.00000     0.00000     0.49756
    -3.90631     0.00508     0.10062     0.12496     0.10562     0.00000     0.00000     0.00000     0.00000     0.00000     0.33628
    -3.79631     0.00634     0.07404     0.08844     0.08688     0.00000     0.00000     0.00000     0.00000     0.00000     0.25570
    -3.68531     0.00862     0.10738     0.08832     0.12916     0.00000     0.00000     0.00000     0.00000     0.00000     0.33348
    -3.57431     0.00948     0.19754     0.13264     0.22140     0.00000     0.00000     0.00000     0.00000     0.00000     0.56106
    -3.46331     0.01125     0.21500     0.18370     0.28840     0.00000     0.00000     0.00000     0.00000     0.00000     0.69835
    -3.35231     0.00992     0.18340     0.17906     0.28160     0.00000     0.00000     0.00000     0.00000     0.00000     0.65398
    -3.24131     0.00784     0.12286     0.12176     0.19818     0.00000     0.00000     0.00000     0.00000     0.00000     0.45064
    -3.13131     0.00710     0.18038     0.12528     0.16968     0.00000     0.00000     0.00000     0.00000     0.00000     0.48244
    -3.02031     0.00890     0.25940     0.13752     0.16218     0.00000     0.00000     0.00000     0.00000     0.00000     0.56800
    -2.90931     0.00897     0.31360     0.13794     0.19524     0.00000     0.00000     0.00000     0.00000     0.00000     0.65575
    -2.79831     0.01044     0.41740     0.16620     0.25040     0.00000     0.00000     0.00000     0.00000     0.00000     0.84444
    -2.68731     0.01023     0.36120     0.17368     0.27500     0.00000     0.00000     0.00000     0.00000     0.00000     0.82011
    -2.57631     0.00930     0.28760     0.12926     0.21480     0.00000     0.00000     0.00000     0.00000     0.00000     0.64096
    -2.46631     0.00819     0.22760     0.11794     0.15612     0.00000     0.00000     0.00000     0.00000     0.00000     0.50985
    -2.35531     0.00926     0.17662     0.09080     0.10612     0.00000     0.00000     0.00000     0.00000     0.00000     0.38280
    -2.24431     0.00703     0.06364     0.06240     0.04754     0.00000     0.00000     0.00000     0.00000     0.00000     0.18061
    -2.13331     0.00816     0.04190     0.10216     0.05808     0.00000     0.00000     0.00000     0.00000     0.00000     0.21030
    -2.02231     0.02158     0.14380     0.20440     0.17664     0.00000     0.00000     0.00000     0.00000     0.00000     0.54642
    -1.91131     0.04552     0.18246     0.35500     0.21440     0.00000     0.00000     0.00000     0.00000     0.00000     0.79738
    -1.80131     0.02218     0.16195     0.14017     0.16628     0.00000     0.00000     0.00000     0.00000     0.00000     0.49058
    -1.69031     0.02344     0.21100     0.16946     0.18444     0.00000     0.00000     0.00000     0.00000     0.00000     0.58834
    -1.57931     0.02040     0.21420     0.21440     0.20880     0.00000     0.00000     0.00000     0.00000     0.00000     0.65780
    -1.46831     0.01982     0.26440     0.26220     0.24140     0.00000     0.00000     0.00000     0.00000     0.00000     0.78782
    -1.35731     0.01377     0.25640     0.19409     0.19852     0.00000     0.00000     0.00000     0.00000     0.00000     0.66278
    -1.24631     0.00955     0.19064     0.16942     0.14140     0.00000     0.00000     0.00000     0.00000     0.00000     0.51101
    -1.13631     0.00761     0.14210     0.13472     0.12798     0.00000     0.00000     0.00000     0.00000     0.00000     0.41241
    -1.02531     0.02052     0.19884     0.15800     0.14182     0.00000     0.00000     0.00000     0.00000     0.00000     0.51918
    -0.91431     0.01653     0.19224     0.17792     0.13954     0.00000     0.00000     0.00000     0.00000     0.00000     0.52623
    -0.80331     0.00907     0.15000     0.20720     0.14917     0.00000     0.00000     0.00000     0.00000     0.00000     0.51544
    -0.69231     0.00283     0.03365     0.05578     0.05040     0.00000     0.00000     0.00000     0.00000     0.00000     0.14266
    -0.58231     0.00214     0.15694     0.09950     0.07010     0.00000     0.00000     0.00000     0.00000     0.00000     0.32868
    -0.47131     0.02100     0.30860     0.40680     0.22480     0.00000     0.00000     0.00000     0.00000     0.00000     0.96120
    -0.36031     0.00633     0.22840     0.40600     0.20800     0.00000     0.00000     0.00000     0.00000     0.00000     0.84873
    -0.24931     0.00450     0.23440     0.24480     0.20860     0.00000     0.00000     0.00000     0.00000     0.00000     0.69230
    -0.13831     0.00100     0.26040     0.13616     0.27480     0.00000     0.00000     0.00000     0.00000     0.00000     0.67236
    -0.02731     0.00000     0.00037     0.00000     0.00032     0.00000     0.00000     0.00000     0.00000     0.00000     0.00070
     0.08269     0.00000     0.00000     0.00000     0.00000     0.00000     0.00000     0.00000     0.00000     0.00000     0.00000
     0.19369     0.00000     0.00000     0.00000     0.00000     0.00000     0.00000     0.00000     0.00000     0.00000     0.00000
     0.30469     0.00000     0.00000     0.00000     0.00000     0.00000     0.00000     0.00000     0.00000     0.00000     0.00000
     0.41569     0.00000     0.00000     0.00000     0.00000     0.00000     0.00000     0.00000     0.00000     0.00000     0.00000
     0.52669     0.00000     0.00000     0.00000     0.00000     0.00000     0.00000     0.00000     0.00000     0.00000     0.00000
     0.63769     0.00003     0.00001     0.00001     0.00003     0.00000     0.00000     0.00000     0.00000     0.00000     0.00009
     0.74769     0.00650     0.00353     0.00296     0.00911     0.00000     0.00000     0.00000     0.00000     0.00000     0.02211
     0.85869     0.01075     0.00878     0.00866     0.01849     0.00000     0.00000     0.00000     0.00000     0.00000     0.04668
     0.96969     0.01926     0.02336     0.06360     0.04290     0.00000     0.00000     0.00000     0.00000     0.00000     0.14912
     1.08069     0.03136     0.05798     0.10850     0.09966     0.00000     0.00000     0.00000     0.00000     0.00000     0.29750
     1.19169     0.03616     0.10424     0.16080     0.15158     0.00000     0.00000     0.00000     0.00000     0.00000     0.45278
     1.30269     0.03306     0.11318     0.15186     0.16364     0.00000     0.00000     0.00000     0.00000     0.00000     0.46174
     1.41269     0.02200     0.17508     0.14826     0.13690     0.00000     0.00000     0.00000     0.00000     0.00000     0.48224
     1.52369     0.02442     0.30180     0.22500     0.19656     0.00000     0.00000     0.00000     0.00000     0.00000     0.74778
     1.63469     0.01661     0.32020     0.19600     0.17680     0.00000     0.00000     0.00000     0.00000     0.00000     0.70961
     1.74569     0.01209     0.27980     0.18358     0.14846     0.00000     0.00000     0.00000     0.00000     0.00000     0.62393
     1.85669     0.00886     0.29160     0.19912     0.13582     0.00000     0.00000     0.00000     0.00000     0.00000     0.63540
     1.96669     0.00642     0.14334     0.09384     0.08670     0.00000     0.00000     0.00000     0.00000     0.00000     0.33030
     2.07769     0.00000     0.00000     0.00000     0.00000     0.00000     0.00000     0.00000     0.00000     0.00000     0.00000
     2.18869     0.00000     0.00000     0.00000     0.00000     0.00000     0.00000     0.00000     0.00000     0.00000     0.00000
     2.29969     0.00000     0.00000     0.00000     0.00000     0.00000     0.00000     0.00000     0.00000     0.00000     0.00000
     2.41069     0.00000     0.00000     0.00000     0.00000     0.00000     0.00000     0.00000     0.00000     0.00000     0.00000
     2.52169     0.00000     0.00000     0.00000     0.00000     0.00000     0.00000     0.00000     0.00000     0.00000     0.00000
     2.63169     0.00000     0.00000     0.00000     0.00000     0.00000     0.00000     0.00000     0.00000     0.00000     0.00000
     2.74269     0.00000     0.00000     0.00000     0.00000     0.00000     0.00000     0.00000     0.00000     0.00000     0.00000
     2.85369     0.00000     0.00000     0.00000     0.00000     0.00000     0.00000     0.00000     0.00000     0.00000     0.00000
     2.96469     0.00000     0.00000     0.00000     0.00000     0.00000     0.00000     0.00000     0.00000     0.00000     0.00000
     3.07569     0.00000     0.00000     0.00000     0.00000     0.00000     0.00000     0.00000     0.00000     0.00000     0.00000
     3.18669     0.00000     0.00000     0.00000     0.00000     0.00000     0.00000     0.00000     0.00000     0.00000     0.00000
     3.29669     0.00000     0.00000     0.00000     0.00000     0.00000     0.00000     0.00000     0.00000     0.00000     0.00000
     3.40769     0.00066     0.00001     0.00001     0.00004     0.00000     0.00000     0.00000     0.00000     0.00000     0.00071
     3.51869     0.00259     0.00007     0.00004     0.00021     0.00000     0.00000     0.00000     0.00000     0.00000     0.00290
     3.62969     0.00301     0.00019     0.00007     0.00040     0.00000     0.00000     0.00000     0.00000     0.00000     0.00366
     3.74069     0.00372     0.00027     0.00011     0.00068     0.00000     0.00000     0.00000     0.00000     0.00000     0.00477
     3.85169     0.00450     0.00037     0.00016     0.00097     0.00000     0.00000     0.00000     0.00000     0.00000     0.00600
     3.96169     0.00507     0.00055     0.00021     0.00134     0.00000     0.00000     0.00000     0.00000     0.00000     0.00717
     4.07269     0.00559     0.00076     0.00028     0.00170     0.00000     0.00000     0.00000     0.00000     0.00000     0.00833
     4.18369     0.00619     0.00090     0.00036     0.00212     0.00000     0.00000     0.00000     0.00000     0.00000     0.00956
     4.29469     0.00677     0.00104     0.00042     0.00266     0.00000     0.00000     0.00000     0.00000     0.00000     0.01089
     4.40569     0.00738     0.00120     0.00050     0.00319     0.00000     0.00000     0.00000     0.00000     0.00000     0.01226
     4.51669     0.00794     0.00150     0.00058     0.00374     0.00000     0.00000     0.00000     0.00000     0.00000     0.01375
     4.62669     0.00850     0.00181     0.00065     0.00437     0.00000     0.00000     0.00000     0.00000     0.00000     0.01533
     4.73769     0.00908     0.00208     0.00076     0.00500     0.00000     0.00000     0.00000     0.00000     0.00000     0.01692
     4.84869     0.00968     0.00229     0.00087     0.00570     0.00000     0.00000     0.00000     0.00000     0.00000     0.01854
     4.95969     0.01029     0.00248     0.00097     0.00655     0.00000     0.00000     0.00000     0.00000     0.00000     0.02029
     5.07069     0.01092     0.00279     0.00106     0.00745     0.00000     0.00000     0.00000     0.00000     0.00000     0.02222
     5.18069     0.01157     0.00323     0.00120     0.00824     0.00000     0.00000     0.00000     0.00000     0.00000     0.02424
     5.29169     0.01223     0.00366     0.00135     0.00917     0.00000     0.00000     0.00000     0.00000     0.00000     0.02641
     5.40269     0.01292     0.00405     0.00150     0.01014     0.00000     0.00000     0.00000     0.00000     0.00000     0.02861
     5.51369     0.01362     0.00440     0.00166     0.01115     0.00000     0.00000     0.00000     0.00000     0.00000     0.03083
     5.62469     0.01435     0.00467     0.00180     0.01240     0.00000     0.00000     0.00000     0.00000     0.00000     0.03322
     5.73569     0.01513     0.00512     0.00194     0.01377     0.00000     0.00000     0.00000     0.00000     0.00000     0.03596
     5.84569     0.01594     0.00573     0.00214     0.01500     0.00000     0.00000     0.00000     0.00000     0.00000     0.03880
     5.95669     0.01693     0.00637     0.00237     0.01644     0.00000     0.00000     0.00000     0.00000     0.00000     0.04211
     6.06769     0.01777     0.00687     0.00256     0.01790     0.00000     0.00000     0.00000     0.00000     0.00000     0.04510
     6.17869     0.01830     0.00720     0.00265     0.01925     0.00000     0.00000     0.00000     0.00000     0.00000     0.04739
     6.28969     0.01950     0.00783     0.00315     0.02080     0.00000     0.00000     0.00000     0.00000     0.00000     0.05129
     6.40069     0.02038     0.00839     0.00367     0.02234     0.00000     0.00000     0.00000     0.00000     0.00000     0.05479
     6.51069     0.02164     0.00923     0.00450     0.02372     0.00000     0.00000     0.00000     0.00000     0.00000     0.05909
     6.62169     0.02302     0.00999     0.00556     0.02518     0.00000     0.00000     0.00000     0.00000     0.00000     0.06376
     6.73269     0.02436     0.01068     0.00648     0.02674     0.00000     0.00000     0.00000     0.00000     0.00000     0.06826
     6.84369     0.02574     0.01130     0.00744     0.02834     0.00000     0.00000     0.00000     0.00000     0.00000     0.07283
     6.95469     0.02758     0.01232     0.00868     0.03010     0.00000     0.00000     0.00000     0.00000     0.00000     0.07868
     7.06569     0.02988     0.01342     0.01014     0.03180     0.00000     0.00000     0.00000     0.00000     0.00000     0.08524
     7.17569     0.03262     0.01424     0.01176     0.03362     0.00000     0.00000     0.00000     0.00000     0.00000     0.09224
     7.28669     0.04106     0.01538     0.01395     0.03584     0.00000     0.00000     0.00000     0.00000     0.00000     0.10622
     7.39769     0.04510     0.01587     0.01599     0.03762     0.00000     0.00000     0.00000     0.00000     0.00000     0.11458
     7.50869     0.04404     0.01623     0.01742     0.03952     0.00000     0.00000     0.00000     0.00000     0.00000     0.11722
     7.61969     0.04402     0.01666     0.01874     0.04138     0.00000     0.00000     0.00000     0.00000     0.00000     0.12079
     7.72969     0.04362     0.01691     0.02040     0.04302     0.00000     0.00000     0.00000     0.00000     0.00000     0.12395
     7.84069     0.04416     0.01732     0.02284     0.04489     0.00000     0.00000     0.00000     0.00000     0.00000     0.12921
     7.95169     0.04678     0.01795     0.02672     0.04674     0.00000     0.00000     0.00000     0.00000     0.00000     0.13819
     8.06269     0.05002     0.01885     0.03329     0.05051     0.00000     0.00000     0.00000     0.00000     0.00000     0.15267
     8.17369     0.05318     0.01971     0.04406     0.05246     0.00000     0.00000     0.00000     0.00000     0.00000     0.16941
     8.28469     0.05108     0.02076     0.04449     0.05114     0.00000     0.00000     0.00000     0.00000     0.00000     0.16747
     8.39469     0.04914     0.02170     0.04470     0.04991     0.00000     0.00000     0.00000     0.00000     0.00000     0.16545
     8.50569     0.04718     0.02234     0.04502     0.04790     0.00000     0.00000     0.00000     0.00000     0.00000     0.16244
     8.61669     0.04468     0.02328     0.04512     0.04450     0.00000     0.00000     0.00000     0.00000     0.00000     0.15758
     8.72769     0.04240     0.02388     0.04527     0.04182     0.00000     0.00000     0.00000     0.00000     0.00000     0.15337
     8.83869     0.04026     0.02408     0.04543     0.04000     0.00000     0.00000     0.00000     0.00000     0.00000     0.14977
     8.94969     0.03819     0.02433     0.04492     0.03837     0.00000     0.00000     0.00000     0.00000     0.00000     0.14581
     9.05969     0.03436     0.02435     0.04389     0.03207     0.00000     0.00000     0.00000     0.00000     0.00000     0.13467
     9.17069     0.03222     0.02378     0.04273     0.03078     0.00000     0.00000     0.00000     0.00000     0.00000     0.12951
     9.28169     0.03038     0.02302     0.04160     0.03032     0.00000     0.00000     0.00000     0.00000     0.00000     0.12532
     9.39269     0.02845     0.02265     0.04040     0.02958     0.00000     0.00000     0.00000     0.00000     0.00000     0.12108
     9.50369     0.02659     0.02327     0.03958     0.02822     0.00000     0.00000     0.00000     0.00000     0.00000     0.11766
     9.61469     0.02351     0.02092     0.03775     0.02624     0.00000     0.00000     0.00000     0.00000     0.00000     0.10842
     9.72469     0.02135     0.02011     0.03641     0.02498     0.00000     0.00000     0.00000     0.00000     0.00000     0.10285
     9.83569     0.01933     0.01920     0.03578     0.02344     0.00000     0.00000     0.00000     0.00000     0.00000     0.09776
     9.94669     0.01729     0.01821     0.03581     0.02168     0.00000     0.00000     0.00000     0.00000     0.00000     0.09298
    10.05769     0.01536     0.01777     0.03740     0.02029     0.00000     0.00000     0.00000     0.00000     0.00000     0.09082
    10.16869     0.01278     0.01538     0.04130     0.01915     0.00000     0.00000     0.00000     0.00000     0.00000     0.08861
    10.27969     0.01008     0.01255     0.04545     0.01670     0.00000     0.00000     0.00000     0.00000     0.00000     0.08478
    10.38969     0.00729     0.01149     0.03113     0.01670     0.00000     0.00000     0.00000     0.00000     0.00000     0.06662
    10.50069     0.00473     0.00863     0.01746     0.01425     0.00000     0.00000     0.00000     0.00000     0.00000     0.04507
    10.61169     0.00180     0.00338     0.00561     0.00405     0.00000     0.00000     0.00000     0.00000     0.00000     0.01484
    10.72269     0.00029     0.00095     0.00073     0.00057     0.00000     0.00000     0.00000     0.00000     0.00000     0.00253
    10.83369     0.00000     0.00000     0.00000     0.00000     0.00000     0.00000     0.00000     0.00000     0.00000     0.00000
    10.94369     0.00000     0.00000     0.00000     0.00000     0.00000     0.00000     0.00000     0.00000     0.00000     0.00000
    11.05469     0.00000     0.00000     0.00000     0.00000     0.00000     0.00000     0.00000     0.00000     0.00000     0.00000
    11.16569     0.00000     0.00000     0.00000     0.00000     0.00000     0.00000     0.00000     0.00000     0.00000     0.00000
    11.27669     0.00000     0.00000     0.00000     0.00000     0.00000     0.00000     0.00000     0.00000     0.00000     0.00000
    11.38769     0.00000     0.00000     0.00000     0.00000     0.00000     0.00000     0.00000     0.00000     0.00000     0.00000
    11.49869     0.00000     0.00000     0.00000     0.00000     0.00000     0.00000     0.00000     0.00000     0.00000     0.00000
    11.60869     0.00000     0.00000     0.00000     0.00000     0.00000     0.00000     0.00000     0.00000     0.00000     0.00000
    11.71969     0.00000     0.00000     0.00000     0.00000     0.00000     0.00000     0.00000     0.00000     0.00000     0.00000
    11.83069     0.00000     0.00000     0.00000     0.00000     0.00000     0.00000     0.00000     0.00000     0.00000     0.00000
    11.94169     0.00000     0.00000     0.00000     0.00000     0.00000     0.00000     0.00000     0.00000     0.00000     0.00000
    12.05269     0.00000     0.00000     0.00000     0.00000     0.00000     0.00000     0.00000     0.00000     0.00000     0.00000
    12.16369     0.00000     0.00000     0.00000     0.00000     0.00000     0.00000     0.00000     0.00000     0.00000     0.00000
    12.27369     0.00000     0.00000     0.00000     0.00000     0.00000     0.00000     0.00000     0.00000     0.00000     0.00000
    12.38469     0.00000     0.00000     0.00000     0.00000     0.00000     0.00000     0.00000     0.00000     0.00000     0.00000
    12.49569     0.00000     0.00000     0.00000     0.00000     0.00000     0.00000     0.00000     0.00000     0.00000     0.00000
    12.60669     0.00000     0.00000     0.00000     0.00000     0.00000     0.00000     0.00000     0.00000     0.00000     0.00000
    12.71769     0.00000     0.00000     0.00000     0.00000     0.00000     0.00000     0.00000     0.00000     0.00000     0.00000
    12.82869     0.00000     0.00000     0.00000     0.00000     0.00000     0.00000     0.00000     0.00000     0.00000     0.00000
