     #Energy           s          py          pz          px         dxy         dyz         dz2         dxz         dx2       tot  
   -22.01378     0.00000     0.00000     0.00000     0.00000     0.00000     0.00000     0.00000     0.00000     0.00000     0.00000
   -21.90178     0.00000     0.00000     0.00000     0.00000     0.00000     0.00000     0.00000     0.00000     0.00000     0.00000
   -21.78978     0.00000     0.00000     0.00000     0.00000     0.00000     0.00000     0.00000     0.00000     0.00000     0.00000
   -21.67778     0.00000     0.00000     0.00000     0.00000     0.00000     0.00000     0.00000     0.00000     0.00000     0.00000
   -21.56578     0.00000     0.00000     0.00000     0.00000     0.00000     0.00000     0.00000     0.00000     0.00000     0.00000
   -21.45378     0.00000     0.00000     0.00000     0.00000     0.00000     0.00000     0.00000     0.00000     0.00000     0.00000
   -21.34078     0.00000     0.00000     0.00000     0.00000     0.00000     0.00000     0.00000     0.00000     0.00000     0.00000
   -21.22878     0.00000     0.00000     0.00000     0.00000     0.00000     0.00000     0.00000     0.00000     0.00000     0.00000
   -21.11678     0.00000     0.00000     0.00000     0.00000     0.00000     0.00000     0.00000     0.00000     0.00000     0.00000
   -21.00478     0.00000     0.00000     0.00000     0.00000     0.00000     0.00000     0.00000     0.00000     0.00000     0.00000
   -20.89278     0.00000     0.00000     0.00000     0.00000     0.00000     0.00000     0.00000     0.00000     0.00000     0.00000
   -20.78078     0.00000     0.00000     0.00000     0.00000     0.00000     0.00000     0.00000     0.00000     0.00000     0.00000
   -20.66778     0.00000     0.00000     0.00000     0.00000     0.00000     0.00000     0.00000     0.00000     0.00000     0.00000
   -20.55578     0.00000     0.00000     0.00000     0.00000     0.00000     0.00000     0.00000     0.00000     0.00000     0.00000
   -20.44378     0.00000     0.00000     0.00000     0.00000     0.00000     0.00000     0.00000     0.00000     0.00000     0.00000
   -20.33178     0.00000     0.00000     0.00000     0.00000     0.00000     0.00000     0.00000     0.00000     0.00000     0.00000
   -20.21978     0.00000     0.00000     0.00000     0.00000     0.00000     0.00000     0.00000     0.00000     0.00000     0.00000
   -20.10678     0.00000     0.00000     0.00000     0.00000     0.00000     0.00000     0.00000     0.00000     0.00000     0.00000
   -19.99478    -0.00034    -0.00000    -0.00000    -0.00000    -0.00000    -0.00000    -0.00000    -0.00000    -0.00000    -0.00034
   -19.88278    -0.00161    -0.00002    -0.00001    -0.00003    -0.00000    -0.00000    -0.00000    -0.00000    -0.00000    -0.00167
   -19.77078    -0.00382    -0.00007    -0.00003    -0.00015    -0.00000    -0.00000    -0.00000    -0.00000    -0.00001    -0.00407
   -19.65878    -0.00659    -0.00017    -0.00007    -0.00038    -0.00000    -0.00000    -0.00001    -0.00000    -0.00002    -0.00724
   -19.54678    -0.00979    -0.00034    -0.00015    -0.00076    -0.00000    -0.00000    -0.00003    -0.00000    -0.00005    -0.01113
   -19.43378    -0.01333    -0.00061    -0.00027    -0.00134    -0.00000    -0.00000    -0.00007    -0.00000    -0.00012    -0.01574
   -19.32178    -0.01710    -0.00100    -0.00046    -0.00213    -0.00000    -0.00000    -0.00014    -0.00000    -0.00024    -0.02106
   -19.20978    -0.02103    -0.00153    -0.00079    -0.00312    -0.00000    -0.00000    -0.00026    -0.00000    -0.00044    -0.02719
   -19.09778    -0.02512    -0.00227    -0.00137    -0.00429    -0.00001    -0.00000    -0.00050    -0.00000    -0.00077    -0.03433
   -18.98578    -0.02926    -0.00329    -0.00231    -0.00568    -0.00001    -0.00001    -0.00093    -0.00001    -0.00128    -0.04277
   -18.87378    -0.03339    -0.00471    -0.00374    -0.00732    -0.00001    -0.00001    -0.00173    -0.00001    -0.00206    -0.05298
   -18.76078    -0.03741    -0.00678    -0.00592    -0.00934    -0.00002    -0.00001    -0.00328    -0.00001    -0.00331    -0.06608
   -18.64878    -0.04117    -0.01035    -0.00959    -0.01228    -0.00002    -0.00002    -0.00665    -0.00001    -0.00554    -0.08563
   -18.53678    -0.04454    -0.01611    -0.01504    -0.01691    -0.00002    -0.00003    -0.01745    -0.00002    -0.01105    -0.12116
   -18.42478    -0.04612    -0.01953    -0.01816    -0.01972    -0.00003    -0.00003    -0.02592    -0.00002    -0.01510    -0.14462
   -18.31278    -0.04612    -0.01953    -0.01816    -0.01972    -0.00003    -0.00003    -0.02592    -0.00002    -0.01510    -0.14462
   -18.19978    -0.04612    -0.01953    -0.01816    -0.01972    -0.00003    -0.00003    -0.02592    -0.00002    -0.01510    -0.14462
   -18.08778    -0.04612    -0.01953    -0.01816    -0.01972    -0.00003    -0.00003    -0.02592    -0.00002    -0.01510    -0.14462
   -17.97578    -0.04612    -0.01953    -0.01816    -0.01972    -0.00003    -0.00003    -0.02592    -0.00002    -0.01510    -0.14462
   -17.86378    -0.04612    -0.01953    -0.01816    -0.01972    -0.00003    -0.00003    -0.02592    -0.00002    -0.01510    -0.14462
   -17.75178    -0.04612    -0.01953    -0.01816    -0.01972    -0.00003    -0.00003    -0.02592    -0.00002    -0.01510    -0.14462
   -17.63978    -0.04612    -0.01953    -0.01816    -0.01972    -0.00003    -0.00003    -0.02592    -0.00002    -0.01510    -0.14462
   -17.52678    -0.04612    -0.01953    -0.01816    -0.01972    -0.00003    -0.00003    -0.02592    -0.00002    -0.01510    -0.14462
   -17.41478    -0.04612    -0.01953    -0.01816    -0.01972    -0.00003    -0.00003    -0.02592    -0.00002    -0.01510    -0.14462
   -17.30278    -0.04612    -0.01953    -0.01816    -0.01972    -0.00003    -0.00003    -0.02592    -0.00002    -0.01510    -0.14462
   -17.19078    -0.04612    -0.01953    -0.01816    -0.01972    -0.00003    -0.00003    -0.02592    -0.00002    -0.01510    -0.14462
   -17.07878    -0.04612    -0.01953    -0.01816    -0.01972    -0.00003    -0.00003    -0.02592    -0.00002    -0.01510    -0.14462
   -16.96678    -0.04612    -0.01953    -0.01816    -0.01972    -0.00003    -0.00003    -0.02592    -0.00002    -0.01510    -0.14462
   -16.85378    -0.04612    -0.01953    -0.01816    -0.01972    -0.00003    -0.00003    -0.02592    -0.00002    -0.01510    -0.14462
   -16.74178    -0.04612    -0.01953    -0.01816    -0.01972    -0.00003    -0.00003    -0.02592    -0.00002    -0.01510    -0.14462
   -16.62978    -0.04612    -0.01953    -0.01816    -0.01972    -0.00003    -0.00003    -0.02592    -0.00002    -0.01510    -0.14462
   -16.51778    -0.04612    -0.01953    -0.01816    -0.01972    -0.00003    -0.00003    -0.02592    -0.00002    -0.01510    -0.14462
   -16.40578    -0.04612    -0.01953    -0.01816    -0.01972    -0.00003    -0.00003    -0.02592    -0.00002    -0.01510    -0.14462
   -16.29378    -0.04612    -0.01953    -0.01816    -0.01972    -0.00003    -0.00003    -0.02592    -0.00002    -0.01510    -0.14462
   -16.18078    -0.04612    -0.01953    -0.01816    -0.01972    -0.00003    -0.00003    -0.02592    -0.00002    -0.01510    -0.14462
   -16.06878    -0.04612    -0.01953    -0.01816    -0.01972    -0.00003    -0.00003    -0.02592    -0.00002    -0.01510    -0.14462
   -15.95678    -0.04612    -0.01953    -0.01816    -0.01972    -0.00003    -0.00003    -0.02592    -0.00002    -0.01510    -0.14462
   -15.84478    -0.04612    -0.01953    -0.01816    -0.01972    -0.00003    -0.00003    -0.02592    -0.00002    -0.01510    -0.14462
   -15.73278    -0.04612    -0.01953    -0.01816    -0.01972    -0.00003    -0.00003    -0.02592    -0.00002    -0.01510    -0.14462
   -15.61978    -0.04612    -0.01953    -0.01816    -0.01972    -0.00003    -0.00003    -0.02592    -0.00002    -0.01510    -0.14462
   -15.50778    -0.04612    -0.01953    -0.01816    -0.01972    -0.00003    -0.00003    -0.02592    -0.00002    -0.01510    -0.14462
   -15.39578    -0.04612    -0.01953    -0.01816    -0.01972    -0.00003    -0.00003    -0.02592    -0.00002    -0.01510    -0.14462
   -15.28378    -0.04612    -0.01953    -0.01816    -0.01972    -0.00003    -0.00003    -0.02592    -0.00002    -0.01510    -0.14462
   -15.17178    -0.04612    -0.01953    -0.01816    -0.01972    -0.00003    -0.00003    -0.02592    -0.00002    -0.01510    -0.14462
   -15.05978    -0.04612    -0.01953    -0.01816    -0.01972    -0.00003    -0.00003    -0.02592    -0.00002    -0.01510    -0.14462
   -14.94678    -0.04612    -0.01953    -0.01816    -0.01972    -0.00003    -0.00003    -0.02592    -0.00002    -0.01510    -0.14462
   -14.83478    -0.04612    -0.01953    -0.01816    -0.01972    -0.00003    -0.00003    -0.02592    -0.00002    -0.01510    -0.14462
   -14.72278    -0.04612    -0.01953    -0.01816    -0.01972    -0.00003    -0.00003    -0.02592    -0.00002    -0.01510    -0.14462
   -14.61078    -0.04612    -0.01953    -0.01816    -0.01972    -0.00003    -0.00003    -0.02592    -0.00002    -0.01510    -0.14462
   -14.49878    -0.04612    -0.01953    -0.01816    -0.01972    -0.00003    -0.00003    -0.02592    -0.00002    -0.01510    -0.14462
   -14.38678    -0.04612    -0.01953    -0.01816    -0.01972    -0.00003    -0.00003    -0.02592    -0.00002    -0.01510    -0.14462
   -14.27378    -0.04612    -0.01953    -0.01816    -0.01972    -0.00003    -0.00003    -0.02592    -0.00002    -0.01510    -0.14462
   -14.16178    -0.04612    -0.01953    -0.01816    -0.01972    -0.00003    -0.00003    -0.02592    -0.00002    -0.01510    -0.14462
   -14.04978    -0.04612    -0.01953    -0.01816    -0.01972    -0.00003    -0.00003    -0.02592    -0.00002    -0.01510    -0.14462
   -13.93778    -0.04612    -0.01953    -0.01816    -0.01972    -0.00003    -0.00003    -0.02592    -0.00002    -0.01510    -0.14462
   -13.82578    -0.04612    -0.01953    -0.01816    -0.01972    -0.00003    -0.00003    -0.02592    -0.00002    -0.01510    -0.14462
   -13.71378    -0.04612    -0.01953    -0.01816    -0.01972    -0.00003    -0.00003    -0.02592    -0.00002    -0.01510    -0.14462
   -13.60078    -0.04612    -0.01953    -0.01816    -0.01972    -0.00003    -0.00003    -0.02592    -0.00002    -0.01510    -0.14462
   -13.48878    -0.04612    -0.01953    -0.01816    -0.01972    -0.00003    -0.00003    -0.02592    -0.00002    -0.01510    -0.14462
   -13.37678    -0.04612    -0.01953    -0.01816    -0.01972    -0.00003    -0.00003    -0.02592    -0.00002    -0.01510    -0.14462
   -13.26478    -0.04612    -0.01953    -0.01816    -0.01972    -0.00003    -0.00003    -0.02592    -0.00002    -0.01510    -0.14462
   -13.15278    -0.04612    -0.01953    -0.01816    -0.01972    -0.00003    -0.00003    -0.02592    -0.00002    -0.01510    -0.14462
   -13.03978    -0.04612    -0.01953    -0.01816    -0.01972    -0.00003    -0.00003    -0.02592    -0.00002    -0.01510    -0.14462
   -12.92778    -0.04612    -0.01953    -0.01816    -0.01972    -0.00003    -0.00003    -0.02592    -0.00002    -0.01510    -0.14462
   -12.81578    -0.04612    -0.01953    -0.01816    -0.01972    -0.00003    -0.00003    -0.02592    -0.00002    -0.01510    -0.14462
   -12.70378    -0.04612    -0.01953    -0.01816    -0.01972    -0.00003    -0.00003    -0.02592    -0.00002    -0.01510    -0.14462
   -12.59178    -0.04612    -0.01953    -0.01816    -0.01972    -0.00003    -0.00003    -0.02592    -0.00002    -0.01510    -0.14462
   -12.47978    -0.04612    -0.01953    -0.01816    -0.01972    -0.00003    -0.00003    -0.02592    -0.00002    -0.01510    -0.14462
   -12.36678    -0.04612    -0.01953    -0.01816    -0.01972    -0.00003    -0.00003    -0.02592    -0.00002    -0.01510    -0.14462
   -12.25478    -0.04612    -0.01953    -0.01816    -0.01972    -0.00003    -0.00003    -0.02592    -0.00002    -0.01510    -0.14462
   -12.14278    -0.04612    -0.01953    -0.01816    -0.01972    -0.00003    -0.00003    -0.02592    -0.00002    -0.01510    -0.14462
   -12.03078    -0.04612    -0.01953    -0.01816    -0.01972    -0.00003    -0.00003    -0.02592    -0.00002    -0.01510    -0.14462
   -11.91878    -0.04612    -0.01953    -0.01816    -0.01972    -0.00003    -0.00003    -0.02592    -0.00002    -0.01510    -0.14462
   -11.80678    -0.04612    -0.01953    -0.01816    -0.01972    -0.00003    -0.00003    -0.02592    -0.00002    -0.01510    -0.14462
   -11.69378    -0.04612    -0.01953    -0.01816    -0.01972    -0.00003    -0.00003    -0.02592    -0.00002    -0.01510    -0.14462
   -11.58178    -0.04612    -0.01953    -0.01816    -0.01972    -0.00003    -0.00003    -0.02592    -0.00002    -0.01510    -0.14462
   -11.46978    -0.04612    -0.01953    -0.01816    -0.01972    -0.00003    -0.00003    -0.02592    -0.00002    -0.01510    -0.14462
   -11.35778    -0.04612    -0.01953    -0.01816    -0.01972    -0.00003    -0.00003    -0.02592    -0.00002    -0.01510    -0.14462
   -11.24578    -0.04612    -0.01953    -0.01816    -0.01972    -0.00003    -0.00003    -0.02592    -0.00002    -0.01510    -0.14462
   -11.13378    -0.04612    -0.01953    -0.01816    -0.01972    -0.00003    -0.00003    -0.02592    -0.00002    -0.01510    -0.14462
   -11.02078    -0.04612    -0.01953    -0.01816    -0.01972    -0.00003    -0.00003    -0.02592    -0.00002    -0.01510    -0.14462
   -10.90878    -0.04612    -0.01953    -0.01816    -0.01972    -0.00003    -0.00003    -0.02592    -0.00002    -0.01510    -0.14462
   -10.79678    -0.04612    -0.01953    -0.01816    -0.01972    -0.00003    -0.00003    -0.02592    -0.00002    -0.01510    -0.14462
   -10.68478    -0.04612    -0.01953    -0.01816    -0.01972    -0.00003    -0.00003    -0.02592    -0.00002    -0.01510    -0.14462
   -10.57278    -0.04612    -0.01953    -0.01816    -0.01972    -0.00003    -0.00003    -0.02592    -0.00002    -0.01510    -0.14462
   -10.45978    -0.04612    -0.01953    -0.01816    -0.01972    -0.00003    -0.00003    -0.02592    -0.00002    -0.01510    -0.14462
   -10.34778    -0.04612    -0.01953    -0.01816    -0.01972    -0.00003    -0.00003    -0.02592    -0.00002    -0.01510    -0.14462
   -10.23578    -0.04612    -0.01953    -0.01816    -0.01972    -0.00003    -0.00003    -0.02592    -0.00002    -0.01510    -0.14462
   -10.12378    -0.04612    -0.01953    -0.01816    -0.01972    -0.00003    -0.00003    -0.02592    -0.00002    -0.01510    -0.14462
   -10.01178    -0.04612    -0.01953    -0.01816    -0.01972    -0.00003    -0.00003    -0.02592    -0.00002    -0.01510    -0.14462
    -9.89978    -0.04612    -0.01953    -0.01816    -0.01972    -0.00003    -0.00003    -0.02592    -0.00002    -0.01510    -0.14462
    -9.78678    -0.04612    -0.01953    -0.01816    -0.01972    -0.00003    -0.00003    -0.02592    -0.00002    -0.01510    -0.14462
    -9.67478    -0.04612    -0.01953    -0.01816    -0.01972    -0.00003    -0.00003    -0.02592    -0.00002    -0.01510    -0.14462
    -9.56278    -0.04612    -0.01953    -0.01816    -0.01972    -0.00003    -0.00003    -0.02592    -0.00002    -0.01510    -0.14462
    -9.45078    -0.04612    -0.01953    -0.01816    -0.01972    -0.00003    -0.00003    -0.02592    -0.00002    -0.01510    -0.14462
    -9.33878    -0.04612    -0.01953    -0.01816    -0.01972    -0.00003    -0.00003    -0.02592    -0.00002    -0.01510    -0.14462
    -9.22678    -0.04612    -0.01953    -0.01816    -0.01972    -0.00003    -0.00003    -0.02592    -0.00002    -0.01510    -0.14462
    -9.11378    -0.04612    -0.01953    -0.01816    -0.01972    -0.00003    -0.00003    -0.02592    -0.00002    -0.01510    -0.14462
    -9.00178    -0.04612    -0.01953    -0.01816    -0.01972    -0.00003    -0.00003    -0.02592    -0.00002    -0.01510    -0.14462
    -8.88978    -0.04612    -0.01953    -0.01816    -0.01972    -0.00003    -0.00003    -0.02592    -0.00002    -0.01510    -0.14462
    -8.77778    -0.04612    -0.01953    -0.01816    -0.01972    -0.00003    -0.00003    -0.02592    -0.00002    -0.01510    -0.14462
    -8.66578    -0.04612    -0.01953    -0.01816    -0.01972    -0.00003    -0.00003    -0.02592    -0.00002    -0.01510    -0.14462
    -8.55378    -0.04612    -0.01953    -0.01816    -0.01972    -0.00003    -0.00003    -0.02592    -0.00002    -0.01510    -0.14462
    -8.44078    -0.04612    -0.01953    -0.01816    -0.01972    -0.00003    -0.00003    -0.02592    -0.00002    -0.01510    -0.14462
    -8.32878    -0.04612    -0.01953    -0.01816    -0.01972    -0.00003    -0.00003    -0.02592    -0.00002    -0.01510    -0.14462
    -8.21678    -0.04612    -0.01953    -0.01816    -0.01972    -0.00003    -0.00003    -0.02592    -0.00002    -0.01510    -0.14462
    -8.10478    -0.04612    -0.01953    -0.01816    -0.01972    -0.00003    -0.00003    -0.02592    -0.00002    -0.01510    -0.14462
    -7.99278    -0.04612    -0.01953    -0.01816    -0.01972    -0.00003    -0.00003    -0.02592    -0.00002    -0.01510    -0.14462
    -7.87978    -0.04612    -0.01953    -0.01816    -0.01972    -0.00003    -0.00003    -0.02592    -0.00002    -0.01510    -0.14462
    -7.76778    -0.04793    -0.01954    -0.01817    -0.01974    -0.00041    -0.00042    -0.02592    -0.00040    -0.01510    -0.14764
    -7.65578    -0.05257    -0.01958    -0.01822    -0.01983    -0.00140    -0.00146    -0.02593    -0.00138    -0.01511    -0.15549
    -7.54378    -0.05898    -0.01965    -0.01834    -0.02004    -0.00279    -0.00295    -0.02596    -0.00274    -0.01515    -0.16661
    -7.43178    -0.06686    -0.01978    -0.01854    -0.02040    -0.00453    -0.00487    -0.02605    -0.00441    -0.01524    -0.18068
    -7.31978    -0.07612    -0.01998    -0.01887    -0.02095    -0.00661    -0.00721    -0.02623    -0.00636    -0.01543    -0.19775
    -7.20678    -0.08678    -0.02026    -0.01937    -0.02172    -0.00906    -0.01000    -0.02660    -0.00857    -0.01577    -0.21812
    -7.09478    -0.09909    -0.02064    -0.02012    -0.02275    -0.01195    -0.01332    -0.02729    -0.01104    -0.01641    -0.24262
    -6.98278    -0.11355    -0.02115    -0.02124    -0.02416    -0.01539    -0.01736    -0.02860    -0.01378    -0.01754    -0.27277
    -6.87078    -0.13287    -0.02211    -0.02307    -0.02603    -0.02002    -0.02295    -0.03168    -0.01686    -0.01994    -0.31552
    -6.75878    -0.15608    -0.02389    -0.02609    -0.02829    -0.02523    -0.03004    -0.03673    -0.02020    -0.02409    -0.37064
    -6.64678    -0.17952    -0.02583    -0.03122    -0.03392    -0.02948    -0.03663    -0.04320    -0.02460    -0.03113    -0.43554
    -6.53378    -0.19963    -0.02742    -0.04218    -0.04159    -0.03287    -0.04167    -0.04984    -0.02982    -0.03843    -0.50345
    -6.42178    -0.21267    -0.02876    -0.05457    -0.04698    -0.03542    -0.04513    -0.05432    -0.03433    -0.04288    -0.55507
    -6.30978    -0.22113    -0.02984    -0.06160    -0.05157    -0.03726    -0.04742    -0.05694    -0.03828    -0.04612    -0.59017
    -6.19778    -0.22812    -0.03080    -0.06465    -0.05602    -0.03892    -0.04923    -0.05915    -0.04175    -0.04898    -0.61764
    -6.08578    -0.23336    -0.03151    -0.06547    -0.05907    -0.04017    -0.05049    -0.06098    -0.04411    -0.05141    -0.63656
    -5.97278    -0.23712    -0.03200    -0.06597    -0.06095    -0.04127    -0.05145    -0.06247    -0.04563    -0.05355    -0.65042
    -5.86078    -0.24051    -0.03313    -0.06739    -0.06269    -0.04288    -0.05301    -0.06427    -0.04727    -0.05586    -0.66701
    -5.74878    -0.24405    -0.03650    -0.06952    -0.06572    -0.04546    -0.05647    -0.06722    -0.05000    -0.05893    -0.69385
    -5.63678    -0.24762    -0.04116    -0.07248    -0.07053    -0.04947    -0.06156    -0.07244    -0.05388    -0.06392    -0.73306
    -5.52478    -0.25097    -0.04540    -0.07628    -0.07624    -0.05505    -0.06736    -0.08115    -0.05826    -0.07200    -0.78269
    -5.41278    -0.25416    -0.04920    -0.08002    -0.08218    -0.06210    -0.07360    -0.09411    -0.06252    -0.08323    -0.84111
    -5.29978    -0.25715    -0.05226    -0.08296    -0.08783    -0.06998    -0.07943    -0.11226    -0.06632    -0.09801    -0.90620
    -5.18778    -0.26023    -0.05511    -0.08539    -0.09299    -0.07792    -0.08562    -0.13909    -0.07037    -0.12047    -0.98721
    -5.07578    -0.26400    -0.05906    -0.08873    -0.09796    -0.08579    -0.09272    -0.19371    -0.07645    -0.17255    -1.13097
    -4.96378    -0.26770    -0.06438    -0.09248    -0.10293    -0.09432    -0.09974    -0.26115    -0.08359    -0.24141    -1.30769
    -4.85178    -0.27051    -0.06954    -0.09545    -0.10749    -0.10297    -0.10636    -0.30701    -0.08992    -0.29406    -1.44331
    -4.73978    -0.27276    -0.07367    -0.09782    -0.11150    -0.11072    -0.11263    -0.33477    -0.09575    -0.33142    -1.54104
    -4.62678    -0.27466    -0.07725    -0.09996    -0.11512    -0.11791    -0.11849    -0.35407    -0.10126    -0.35700    -1.61572
    -4.51478    -0.27629    -0.08088    -0.10219    -0.11837    -0.12481    -0.12390    -0.37035    -0.10656    -0.37477    -1.67813
    -4.40278    -0.27763    -0.08477    -0.10443    -0.12127    -0.13110    -0.12889    -0.38430    -0.11137    -0.38919    -1.73295
    -4.29078    -0.27874    -0.08873    -0.10680    -0.12399    -0.13693    -0.13415    -0.39543    -0.11673    -0.40265    -1.78416
    -4.17878    -0.27964    -0.09266    -0.10924    -0.12666    -0.14259    -0.13966    -0.40431    -0.12285    -0.41543    -1.83305
    -4.06678    -0.28029    -0.09641    -0.11150    -0.12909    -0.14778    -0.14475    -0.41179    -0.12908    -0.42636    -1.87705
    -3.95378    -0.28072    -0.09920    -0.11363    -0.13049    -0.15237    -0.14890    -0.41780    -0.13498    -0.43400    -1.91210
    -3.84178    -0.28100    -0.10068    -0.11532    -0.13085    -0.15622    -0.15180    -0.42168    -0.13986    -0.43883    -1.93625
    -3.72978    -0.28122    -0.10158    -0.11650    -0.13100    -0.15940    -0.15393    -0.42454    -0.14382    -0.44243    -1.95442
    -3.61778    -0.28139    -0.10220    -0.11735    -0.13112    -0.16194    -0.15560    -0.42670    -0.14700    -0.44516    -1.96845
    -3.50578    -0.28151    -0.10264    -0.11797    -0.13122    -0.16396    -0.15689    -0.42831    -0.14956    -0.44723    -1.97931
    -3.39278    -0.28160    -0.10297    -0.11843    -0.13131    -0.16554    -0.15788    -0.42950    -0.15159    -0.44877    -1.98760
    -3.28078    -0.28167    -0.10321    -0.11878    -0.13139    -0.16674    -0.15863    -0.43034    -0.15314    -0.44988    -1.99378
    -3.16878    -0.28171    -0.10339    -0.11903    -0.13145    -0.16762    -0.15919    -0.43091    -0.15429    -0.45070    -1.99827
    -3.05678    -0.28174    -0.10352    -0.11921    -0.13150    -0.16822    -0.15959    -0.43127    -0.15509    -0.45124    -2.00139
    -2.94478    -0.28176    -0.10361    -0.11934    -0.13153    -0.17025    -0.15984    -0.43149    -0.15560    -0.45158    -2.00500
    -2.83278    -0.28177    -0.10369    -0.11942    -0.13158    -0.17822    -0.15999    -0.43166    -0.15587    -0.45176    -2.01397
    -2.71978    -0.28180    -0.10378    -0.11946    -0.13164    -0.19248    -0.16249    -0.43182    -0.15602    -0.45184    -2.03132
    -2.60778    -0.28186    -0.10390    -0.11947    -0.13171    -0.21017    -0.17120    -0.43203    -0.15619    -0.45192    -2.05846
    -2.49578    -0.28197    -0.10406    -0.11949    -0.13181    -0.23152    -0.18944    -0.43242    -0.15659    -0.45213    -2.09943
    -2.38378    -0.28218    -0.10429    -0.11952    -0.13192    -0.25784    -0.22192    -0.43313    -0.15751    -0.45268    -2.16099
    -2.27178    -0.28257    -0.10456    -0.11957    -0.13206    -0.29216    -0.27962    -0.43459    -0.16008    -0.45417    -2.25938
    -2.15978    -0.28327    -0.10488    -0.11964    -0.13223    -0.34596    -0.37899    -0.43798    -0.17922    -0.45758    -2.43976
    -2.04678    -0.28402    -0.10523    -0.11973    -0.13241    -0.41768    -0.47279    -0.44431    -0.21832    -0.46164    -2.65614
    -1.93478    -0.28469    -0.10558    -0.11986    -0.13260    -0.48924    -0.53861    -0.45096    -0.26218    -0.46527    -2.84898
    -1.82278    -0.28558    -0.10590    -0.12003    -0.13281    -0.55600    -0.61015    -0.45636    -0.31058    -0.46960    -3.04701
    -1.71078    -0.28693    -0.10621    -0.12025    -0.13301    -0.62563    -0.68389    -0.46317    -0.37990    -0.47602    -3.27501
    -1.59878    -0.28856    -0.10664    -0.12062    -0.13343    -0.80254    -0.78259    -0.49165    -0.55317    -0.48883    -3.76803
    -1.48678    -0.29126    -0.10710    -0.12116    -0.13415    -1.00191    -0.91995    -0.53710    -0.84998    -0.51195    -4.47455
    -1.37378    -0.29384    -0.10746    -0.12159    -0.13475    -1.09160    -1.00736    -0.56703    -1.04565    -0.53223    -4.90150
    -1.26178    -0.29478    -0.10767    -0.12176    -0.13501    -1.12428    -1.02437    -0.58805    -1.07815    -0.54557    -5.01963
    -1.14978    -0.29620    -0.10785    -0.12193    -0.13522    -1.13535    -1.06934    -0.62651    -1.09325    -0.58781    -5.17347
    -1.03778    -0.29955    -0.10825    -0.12232    -0.13580    -1.20915    -1.17103    -0.69476    -1.12584    -0.67482    -5.54152
    -0.92578    -0.30358    -0.10887    -0.12302    -0.13668    -1.36746    -1.28174    -0.79549    -1.18118    -0.76411    -6.06212
    -0.81278    -0.30684    -0.10955    -0.12378    -0.13749    -1.49218    -1.35077    -0.87518    -1.24309    -0.84450    -6.48338
    -0.70078    -0.30985    -0.11034    -0.12454    -0.13820    -1.55373    -1.40656    -0.91437    -1.30210    -0.92980    -6.78949
    -0.58878    -0.31376    -0.11118    -0.12551    -0.13900    -1.60839    -1.48189    -0.96285    -1.38772    -1.00960    -7.13990
    -0.47678    -0.31814    -0.11230    -0.12676    -0.13997    -1.68897    -1.59371    -1.02671    -1.50423    -1.07710    -7.58790
    -0.36478    -0.32225    -0.11367    -0.12818    -0.14142    -1.80701    -1.70230    -1.08765    -1.67848    -1.13326    -8.11422
    -0.25278    -0.32570    -0.11523    -0.13040    -0.14400    -1.92188    -1.76865    -1.17011    -1.87894    -1.19996    -8.65487
    -0.13978    -0.32718    -0.11642    -0.13204    -0.14588    -1.97647    -1.80184    -1.22978    -1.97370    -1.25160    -8.95490
    -0.02778    -0.32724    -0.11670    -0.13216    -0.14608    -1.97813    -1.80474    -1.23431    -1.97961    -1.26292    -8.98188
     0.08422    -0.32724    -0.11670    -0.13216    -0.14608    -1.97813    -1.80474    -1.23431    -1.97961    -1.26292    -8.98188
     0.19622    -0.32724    -0.11670    -0.13216    -0.14608    -1.97813    -1.80474    -1.23431    -1.97961    -1.26292    -8.98188
     0.30822    -0.32724    -0.11670    -0.13216    -0.14608    -1.97813    -1.80474    -1.23431    -1.97961    -1.26292    -8.98188
     0.42022    -0.32750    -0.11671    -0.13216    -0.14609    -1.97814    -1.80479    -1.23525    -1.97962    -1.26573    -8.98597
     0.53322    -0.32839    -0.11674    -0.13219    -0.14616    -1.97821    -1.80497    -1.23940    -1.97970    -1.27707    -9.00284
     0.64522    -0.32984    -0.11684    -0.13230    -0.14635    -1.97841    -1.80530    -1.24951    -1.97992    -1.29753    -9.03599
     0.75722    -0.33282    -0.11708    -0.13267    -0.14678    -1.97894    -1.80590    -1.29208    -1.98038    -1.33126    -9.11791
     0.86922    -0.33751    -0.11771    -0.13367    -0.14776    -1.98002    -1.80703    -1.38194    -1.98131    -1.39991    -9.28685
     0.98122    -0.34138    -0.11893    -0.13526    -0.14951    -1.98164    -1.80877    -1.50230    -1.98286    -1.50133    -9.52198
     1.09322    -0.34302    -0.12028    -0.13674    -0.15116    -1.98311    -1.81037    -1.60382    -1.98441    -1.59471    -9.72762
     1.20622    -0.34374    -0.12166    -0.13803    -0.15229    -1.98410    -1.81150    -1.68884    -1.98550    -1.68459    -9.91025
     1.31822    -0.34439    -0.12292    -0.13915    -0.15321    -1.98491    -1.81244    -1.77327    -1.98640    -1.77389   -10.09058
     1.43022    -0.34472    -0.12373    -0.13987    -0.15383    -1.98558    -1.81316    -1.83954    -1.98713    -1.84709   -10.23464
     1.54222    -0.34488    -0.12426    -0.14034    -0.15423    -1.98617    -1.81372    -1.90037    -1.98780    -1.91502   -10.36678
     1.65422    -0.34492    -0.12451    -0.14055    -0.15442    -1.98667    -1.81411    -1.94596    -1.98838    -1.97049   -10.47002
     1.76722    -0.34493    -0.12457    -0.14059    -0.15446    -1.98688    -1.81425    -1.96224    -1.98864    -1.99299   -10.50954
     1.87922    -0.34493    -0.12457    -0.14059    -0.15446    -1.98688    -1.81425    -1.96224    -1.98864    -1.99299   -10.50954
     1.99122    -0.34493    -0.12457    -0.14059    -0.15446    -1.98688    -1.81425    -1.96224    -1.98864    -1.99299   -10.50954
     2.10322    -0.34503    -0.12457    -0.14059    -0.15446    -1.98688    -1.81425    -1.96224    -1.98864    -1.99299   -10.50964
     2.21522    -0.34537    -0.12457    -0.14059    -0.15446    -1.98688    -1.81425    -1.96224    -1.98864    -1.99299   -10.50999
     2.32722    -0.34590    -0.12457    -0.14059    -0.15447    -1.98688    -1.81425    -1.96224    -1.98864    -1.99299   -10.51053
     2.44022    -0.34657    -0.12458    -0.14059    -0.15448    -1.98688    -1.81425    -1.96224    -1.98864    -1.99300   -10.51123
     2.55222    -0.34737    -0.12459    -0.14060    -0.15450    -1.98688    -1.81425    -1.96224    -1.98864    -1.99300   -10.51208
     2.66422    -0.34828    -0.12460    -0.14060    -0.15453    -1.98688    -1.81425    -1.96225    -1.98864    -1.99301   -10.51305
     2.77622    -0.34929    -0.12462    -0.14061    -0.15457    -1.98689    -1.81425    -1.96225    -1.98864    -1.99302   -10.51414
     2.88822    -0.35040    -0.12464    -0.14062    -0.15462    -1.98689    -1.81425    -1.96226    -1.98864    -1.99304   -10.51535
     3.00022    -0.35161    -0.12467    -0.14063    -0.15468    -1.98689    -1.81426    -1.96228    -1.98864    -1.99306   -10.51670
     3.11322    -0.35293    -0.12470    -0.14065    -0.15475    -1.98689    -1.81426    -1.96229    -1.98864    -1.99308   -10.51818
     3.22522    -0.35435    -0.12474    -0.14066    -0.15483    -1.98690    -1.81426    -1.96231    -1.98864    -1.99311   -10.51980
     3.33722    -0.35586    -0.12479    -0.14069    -0.15493    -1.98690    -1.81426    -1.96233    -1.98864    -1.99315   -10.52155
     3.44922    -0.35748    -0.12485    -0.14071    -0.15505    -1.98691    -1.81426    -1.96235    -1.98865    -1.99319   -10.52345
     3.56122    -0.35920    -0.12492    -0.14074    -0.15518    -1.98691    -1.81426    -1.96238    -1.98865    -1.99324   -10.52550
     3.67322    -0.36102    -0.12500    -0.14078    -0.15534    -1.98692    -1.81427    -1.96242    -1.98865    -1.99330   -10.52770
     3.78622    -0.36296    -0.12509    -0.14082    -0.15551    -1.98693    -1.81427    -1.96246    -1.98866    -1.99337   -10.53008
     3.89822    -0.36502    -0.12520    -0.14087    -0.15571    -1.98694    -1.81427    -1.96250    -1.98866    -1.99345   -10.53263
     4.01022    -0.36718    -0.12533    -0.14093    -0.15594    -1.98695    -1.81428    -1.96256    -1.98867    -1.99354   -10.53537
     4.12222    -0.36948    -0.12548    -0.14100    -0.15618    -1.98696    -1.81428    -1.96262    -1.98867    -1.99364   -10.53831
     4.23422    -0.37189    -0.12564    -0.14108    -0.15646    -1.98697    -1.81429    -1.96268    -1.98868    -1.99376   -10.54145
     4.34722    -0.37443    -0.12582    -0.14117    -0.15677    -1.98698    -1.81429    -1.96276    -1.98869    -1.99389   -10.54481
     4.45922    -0.37711    -0.12603    -0.14128    -0.15712    -1.98700    -1.81430    -1.96284    -1.98869    -1.99403   -10.54841
     4.57122    -0.37995    -0.12628    -0.14141    -0.15751    -1.98701    -1.81431    -1.96293    -1.98870    -1.99419   -10.55229
     4.68322    -0.38294    -0.12656    -0.14155    -0.15794    -1.98703    -1.81432    -1.96304    -1.98871    -1.99436   -10.55646
     4.79522    -0.38606    -0.12687    -0.14172    -0.15841    -1.98704    -1.81433    -1.96315    -1.98872    -1.99456   -10.56086
     4.90722    -0.38933    -0.12722    -0.14191    -0.15892    -1.98706    -1.81434    -1.96327    -1.98873    -1.99477   -10.56556
     5.02022    -0.39278    -0.12762    -0.14213    -0.15949    -1.98708    -1.81435    -1.96341    -1.98875    -1.99500   -10.57061
     5.13222    -0.39639    -0.12807    -0.14241    -0.16010    -1.98710    -1.81437    -1.96356    -1.98876    -1.99526   -10.57601
     5.24422    -0.40020    -0.12860    -0.14275    -0.16077    -1.98712    -1.81439    -1.96373    -1.98878    -1.99553   -10.58186
     5.35622    -0.40423    -0.12920    -0.14315    -0.16151    -1.98714    -1.81441    -1.96391    -1.98880    -1.99583   -10.58818
     5.46822    -0.40847    -0.12988    -0.14364    -0.16231    -1.98716    -1.81443    -1.96411    -1.98882    -1.99615   -10.59497
     5.58022    -0.41292    -0.13066    -0.14421    -0.16320    -1.98719    -1.81445    -1.96434    -1.98884    -1.99650   -10.60231
     5.69322    -0.41761    -0.13159    -0.14491    -0.16421    -1.98721    -1.81448    -1.96458    -1.98886    -1.99687   -10.61034
     5.80522    -0.42255    -0.13270    -0.14578    -0.16535    -1.98724    -1.81452    -1.96486    -1.98889    -1.99727   -10.61916
     5.91722    -0.42775    -0.13404    -0.14687    -0.16669    -1.98728    -1.81456    -1.96516    -1.98892    -1.99770   -10.62898
     6.02922    -0.43327    -0.13596    -0.14853    -0.16855    -1.98733    -1.81460    -1.96550    -1.98896    -1.99816   -10.64085
     6.14122    -0.43903    -0.13851    -0.15080    -0.17096    -1.98738    -1.81466    -1.96589    -1.98900    -1.99866   -10.65489
     6.25322    -0.44495    -0.14126    -0.15324    -0.17348    -1.98744    -1.81473    -1.96632    -1.98904    -1.99921   -10.66967
     6.36622    -0.45104    -0.14406    -0.15569    -0.17598    -1.98750    -1.81481    -1.96680    -1.98908    -1.99979   -10.68474
     6.47822    -0.45737    -0.14694    -0.15818    -0.17846    -1.98757    -1.81490    -1.96731    -1.98912    -2.00041   -10.70027
     6.59022    -0.46401    -0.14985    -0.16069    -0.18089    -1.98764    -1.81501    -1.96787    -1.98916    -2.00106   -10.71618
     6.70222    -0.47131    -0.15280    -0.16321    -0.18326    -1.98772    -1.81513    -1.96849    -1.98921    -2.00173   -10.73285
     6.81422    -0.48249    -0.15582    -0.16578    -0.18561    -1.98780    -1.81527    -1.96920    -1.98925    -2.00243   -10.75366
     6.92722    -0.50009    -0.15891    -0.16840    -0.18791    -1.98789    -1.81543    -1.97010    -1.98929    -2.00317   -10.78120
     7.03922    -0.52203    -0.16213    -0.17111    -0.19022    -1.98800    -1.81562    -1.97114    -1.98934    -2.00393   -10.81352
     7.15122    -0.54512    -0.16550    -0.17391    -0.19253    -1.98812    -1.81583    -1.97214    -1.98940    -2.00468   -10.84724
     7.26322    -0.56758    -0.16892    -0.17675    -0.19480    -1.98826    -1.81607    -1.97304    -1.98946    -2.00539   -10.88027
     7.37522    -0.58943    -0.17239    -0.17961    -0.19703    -1.98841    -1.81632    -1.97384    -1.98953    -2.00606   -10.91262
     7.48722    -0.61070    -0.17593    -0.18249    -0.19926    -1.98859    -1.81661    -1.97455    -1.98960    -2.00667   -10.94440
     7.60022    -0.63127    -0.17951    -0.18538    -0.20149    -1.98879    -1.81692    -1.97519    -1.98968    -2.00725   -10.97549
     7.71222    -0.65119    -0.18310    -0.18825    -0.20373    -1.98902    -1.81725    -1.97577    -1.98977    -2.00778   -11.00585
     7.82422    -0.67051    -0.18665    -0.19105    -0.20596    -1.98928    -1.81760    -1.97629    -1.98987    -2.00827   -11.03548
     7.93622    -0.68901    -0.19013    -0.19377    -0.20817    -1.98955    -1.81797    -1.97676    -1.98998    -2.00871   -11.06405
     8.04822    -0.70677    -0.19355    -0.19643    -0.21035    -1.98984    -1.81836    -1.97717    -1.99010    -2.00911   -11.09167
     8.16022    -0.72418    -0.19691    -0.19906    -0.21252    -1.99015    -1.81878    -1.97754    -1.99022    -2.00951   -11.11886
     8.27322    -0.74131    -0.20018    -0.20165    -0.21468    -1.99047    -1.81921    -1.97788    -1.99036    -2.00987   -11.14563
     8.38522    -0.75784    -0.20331    -0.20415    -0.21676    -1.99080    -1.81966    -1.97818    -1.99052    -2.01021   -11.17142
     8.49722    -0.77368    -0.20629    -0.20654    -0.21870    -1.99112    -1.82011    -1.97846    -1.99067    -2.01052   -11.19609
     8.60922    -0.78917    -0.20913    -0.20886    -0.22053    -1.99144    -1.82058    -1.97872    -1.99084    -2.01081   -11.22007
     8.72122    -0.80449    -0.21180    -0.21107    -0.22227    -1.99175    -1.82104    -1.97898    -1.99100    -2.01107   -11.24347
     8.83422    -0.82008    -0.21427    -0.21312    -0.22390    -1.99206    -1.82149    -1.97926    -1.99117    -2.01131   -11.26667
     8.94622    -0.83639    -0.21651    -0.21497    -0.22540    -1.99236    -1.82191    -1.97955    -1.99133    -2.01153   -11.28995
     9.05822    -0.85478    -0.21850    -0.21660    -0.22676    -1.99263    -1.82229    -1.97992    -1.99150    -2.01171   -11.31470
     9.17022    -0.87286    -0.22024    -0.21799    -0.22803    -1.99289    -1.82264    -1.98027    -1.99165    -2.01189   -11.33847
     9.28222    -0.88512    -0.22158    -0.21902    -0.22908    -1.99313    -1.82290    -1.98049    -1.99179    -2.01202   -11.35512
     9.39422    -0.89048    -0.22233    -0.21952    -0.22973    -1.99329    -1.82302    -1.98058    -1.99186    -2.01209   -11.36290
     9.50722    -0.89182    -0.22260    -0.21963    -0.22998    -1.99336    -1.82305    -1.98060    -1.99188    -2.01211   -11.36503
     9.61922    -0.89201    -0.22266    -0.21965    -0.23003    -1.99338    -1.82305    -1.98061    -1.99189    -2.01211   -11.36538
     9.73122    -0.89201    -0.22266    -0.21965    -0.23003    -1.99338    -1.82305    -1.98061    -1.99189    -2.01211   -11.36538
     9.84322    -0.89201    -0.22266    -0.21965    -0.23003    -1.99338    -1.82305    -1.98061    -1.99189    -2.01211   -11.36538
     9.95522    -0.89201    -0.22266    -0.21965    -0.23003    -1.99338    -1.82305    -1.98061    -1.99189    -2.01211   -11.36538
    10.06722    -0.89201    -0.22266    -0.21965    -0.23003    -1.99338    -1.82305    -1.98061    -1.99189    -2.01211   -11.36538
    10.18022    -0.89201    -0.22266    -0.21965    -0.23003    -1.99338    -1.82305    -1.98061    -1.99189    -2.01211   -11.36538
    10.29222    -0.89201    -0.22266    -0.21965    -0.23003    -1.99338    -1.82305    -1.98061    -1.99189    -2.01211   -11.36538
    10.40422    -0.89201    -0.22266    -0.21965    -0.23003    -1.99338    -1.82305    -1.98061    -1.99189    -2.01211   -11.36538
    10.51622    -0.89201    -0.22266    -0.21965    -0.23003    -1.99338    -1.82305    -1.98061    -1.99189    -2.01211   -11.36538
    10.62822    -0.89201    -0.22266    -0.21965    -0.23003    -1.99338    -1.82305    -1.98061    -1.99189    -2.01211   -11.36538
    10.74022    -0.89201    -0.22266    -0.21965    -0.23003    -1.99338    -1.82305    -1.98061    -1.99189    -2.01211   -11.36538
    10.85322    -0.89201    -0.22266    -0.21965    -0.23003    -1.99338    -1.82305    -1.98061    -1.99189    -2.01211   -11.36538
    10.96522    -0.89201    -0.22266    -0.21965    -0.23003    -1.99338    -1.82305    -1.98061    -1.99189    -2.01211   -11.36538
    11.07722    -0.89201    -0.22266    -0.21965    -0.23003    -1.99338    -1.82305    -1.98061    -1.99189    -2.01211   -11.36538
    11.18922    -0.89201    -0.22266    -0.21965    -0.23003    -1.99338    -1.82305    -1.98061    -1.99189    -2.01211   -11.36538
    11.30122    -0.89201    -0.22266    -0.21965    -0.23003    -1.99338    -1.82305    -1.98061    -1.99189    -2.01211   -11.36538
    11.41422    -0.89201    -0.22266    -0.21965    -0.23003    -1.99338    -1.82305    -1.98061    -1.99189    -2.01211   -11.36538
    11.52622    -0.89201    -0.22266    -0.21965    -0.23003    -1.99338    -1.82305    -1.98061    -1.99189    -2.01211   -11.36538
    11.63822    -0.89201    -0.22266    -0.21965    -0.23003    -1.99338    -1.82305    -1.98061    -1.99189    -2.01211   -11.36538
