      #Energy        TDOS-UP        TDOS-DOWN
     -22.01378       0.00000       0.00000
     -21.90178       0.00000       0.00000
     -21.78978       0.00000       0.00000
     -21.67778       0.00000       0.00000
     -21.56578       0.00000       0.00000
     -21.45378       0.00000       0.00000
     -21.34078       0.00000       0.00000
     -21.22878       0.00000       0.00000
     -21.11678       0.00000       0.00000
     -21.00478       0.00000       0.00000
     -20.89278       0.00000       0.00000
     -20.78078       0.00000       0.00000
     -20.66778       0.00000       0.00000
     -20.55578       0.00000       0.00000
     -20.44378       0.00000       0.00000
     -20.33178       0.00000       0.00000
     -20.21978       0.00000       0.00000
     -20.10678       0.00000       0.00000
     -19.99478       0.00286      -0.00286
     -19.88278       0.01440      -0.01440
     -19.77078       0.03574      -0.03574
     -19.65878       0.06495      -0.06495
     -19.54678       0.10212      -0.10212
     -19.43378       0.14788      -0.14788
     -19.32178       0.20293      -0.20293
     -19.20978       0.26922      -0.26922
     -19.09778       0.35014      -0.35014
     -18.98578       0.45057      -0.45057
     -18.87378       0.57875      -0.57875
     -18.76078       0.75245      -0.75245
     -18.64878       1.02840      -1.02840
     -18.53678       1.54934      -1.54934
     -18.42478       1.89573      -1.89573
     -18.31278       1.89573      -1.89573
     -18.19978       1.89573      -1.89573
     -18.08778       1.89573      -1.89573
     -17.97578       1.89573      -1.89573
     -17.86378       1.89573      -1.89573
     -17.75178       1.89573      -1.89573
     -17.63978       1.89573      -1.89573
     -17.52678       1.89573      -1.89573
     -17.41478       1.89573      -1.89573
     -17.30278       1.89573      -1.89573
     -17.19078       1.89573      -1.89573
     -17.07878       1.89573      -1.89573
     -16.96678       1.89573      -1.89573
     -16.85378       1.89573      -1.89573
     -16.74178       1.89573      -1.89573
     -16.62978       1.89573      -1.89573
     -16.51778       1.89573      -1.89573
     -16.40578       1.89573      -1.89573
     -16.29378       1.89573      -1.89573
     -16.18078       1.89573      -1.89573
     -16.06878       1.89573      -1.89573
     -15.95678       1.89573      -1.89573
     -15.84478       1.89573      -1.89573
     -15.73278       1.89573      -1.89573
     -15.61978       1.89573      -1.89573
     -15.50778       1.89573      -1.89573
     -15.39578       1.89573      -1.89573
     -15.28378       1.89573      -1.89573
     -15.17178       1.89573      -1.89573
     -15.05978       1.89573      -1.89573
     -14.94678       1.89573      -1.89573
     -14.83478       1.89573      -1.89573
     -14.72278       1.89573      -1.89573
     -14.61078       1.89573      -1.89573
     -14.49878       1.89573      -1.89573
     -14.38678       1.89573      -1.89573
     -14.27378       1.89573      -1.89573
     -14.16178       1.89573      -1.89573
     -14.04978       1.89573      -1.89573
     -13.93778       1.89573      -1.89573
     -13.82578       1.89573      -1.89573
     -13.71378       1.89573      -1.89573
     -13.60078       1.89573      -1.89573
     -13.48878       1.89573      -1.89573
     -13.37678       1.89573      -1.89573
     -13.26478       1.89573      -1.89573
     -13.15278       1.89573      -1.89573
     -13.03978       1.89573      -1.89573
     -12.92778       1.89573      -1.89573
     -12.81578       1.89573      -1.89573
     -12.70378       1.89573      -1.89573
     -12.59178       1.89573      -1.89573
     -12.47978       1.89573      -1.89573
     -12.36678       1.89573      -1.89573
     -12.25478       1.89573      -1.89573
     -12.14278       1.89573      -1.89573
     -12.03078       1.89573      -1.89573
     -11.91878       1.89573      -1.89573
     -11.80678       1.89573      -1.89573
     -11.69378       1.89573      -1.89573
     -11.58178       1.89573      -1.89573
     -11.46978       1.89573      -1.89573
     -11.35778       1.89573      -1.89573
     -11.24578       1.89573      -1.89573
     -11.13378       1.89573      -1.89573
     -11.02078       1.89573      -1.89573
     -10.90878       1.89573      -1.89573
     -10.79678       1.89573      -1.89573
     -10.68478       1.89573      -1.89573
     -10.57278       1.89573      -1.89573
     -10.45978       1.89573      -1.89573
     -10.34778       1.89573      -1.89573
     -10.23578       1.89573      -1.89573
     -10.12378       1.89573      -1.89573
     -10.01178       1.89573      -1.89573
      -9.89978       1.89573      -1.89573
      -9.78678       1.89573      -1.89573
      -9.67478       1.89573      -1.89573
      -9.56278       1.89573      -1.89573
      -9.45078       1.89573      -1.89573
      -9.33878       1.89573      -1.89573
      -9.22678       1.89573      -1.89573
      -9.11378       1.89573      -1.89573
      -9.00178       1.89573      -1.89573
      -8.88978       1.89573      -1.89573
      -8.77778       1.89573      -1.89573
      -8.66578       1.89573      -1.89573
      -8.55378       1.89573      -1.89573
      -8.44078       1.89573      -1.89573
      -8.32878       1.89573      -1.89573
      -8.21678       1.89573      -1.89573
      -8.10478       1.89573      -1.89573
      -7.99278       1.89573      -1.89573
      -7.87978       1.89573      -1.89573
      -7.76778       1.90510      -1.90510
      -7.65578       1.92963      -1.92963
      -7.54378       1.96469      -1.96469
      -7.43178       2.00945      -2.00945
      -7.31978       2.06429      -2.06429
      -7.20678       2.13031      -2.13031
      -7.09478       2.21036      -2.21036
      -6.98278       2.30959      -2.30959
      -6.87078       2.45062      -2.45062
      -6.75878       2.63403      -2.63403
      -6.64678       2.85714      -2.85714
      -6.53378       3.10325      -3.10325
      -6.42178       3.29782      -3.29782
      -6.30978       3.42996      -3.42996
      -6.19778       3.53131      -3.53131
      -6.08578       3.59956      -3.59956
      -5.97278       3.64882      -3.64882
      -5.86078       3.70785      -3.70785
      -5.74878       3.80348      -3.80348
      -5.63678       3.93983      -3.93983
      -5.52478       4.10416      -4.10416
      -5.41278       4.28841      -4.28841
      -5.29978       4.48331      -4.48331
      -5.18778       4.71400      -4.71400
      -5.07578       5.10408      -5.10408
      -4.96378       5.58217      -5.58217
      -4.85178       5.95902      -5.95902
      -4.73978       6.23918      -6.23918
      -4.62678       6.46274      -6.46274
      -4.51478       6.66129      -6.66129
      -4.40278       6.84598      -6.84598
      -4.29078       7.02518      -7.02518
      -4.17878       7.20017      -7.20017
      -4.06678       7.36210      -7.36210
      -3.95378       7.48960      -7.48960
      -3.84178       7.57225      -7.57225
      -3.72978       7.63235      -7.63235
      -3.61778       7.67855      -7.67855
      -3.50578       7.71461      -7.71461
      -3.39278       7.74268      -7.74268
      -3.28078       7.76420      -7.76420
      -3.16878       7.78048      -7.78048
      -3.05678       7.79251      -7.79251
      -2.94478       7.80275      -7.80275
      -2.83278       7.81739      -7.81739
      -2.71978       7.84016      -7.84016
      -2.60778       7.87335      -7.87335
      -2.49578       7.92283      -7.92283
      -2.38378       7.99634      -7.99634
      -2.27178       8.11158      -8.11158
      -2.15978       8.31703      -8.31703
      -2.04678       8.56017      -8.56017
      -1.93478       8.77778      -8.77778
      -1.82278       9.00314      -9.00314
      -1.71078       9.26226      -9.26226
      -1.59878       9.79879      -9.79879
      -1.48678      10.56012     -10.56012
      -1.37378      11.02856     -11.02856
      -1.26178      11.16444     -11.16444
      -1.14978      11.33918     -11.33918
      -1.03778      11.75283     -11.75283
      -0.92578      12.33389     -12.33389
      -0.81278      12.80782     -12.80782
      -0.70078      13.16072     -13.16072
      -0.58878      13.56831     -13.56831
      -0.47678      14.09272     -14.09272
      -0.36478      14.70968     -14.70968
      -0.25278      15.36175     -15.36175
      -0.13978      15.73971     -15.73971
      -0.02778      15.77918     -15.77918
       0.08422      15.77918     -15.77918
       0.19622      15.77918     -15.77918
       0.30822      15.77918     -15.77918
       0.42022      15.78402     -15.78402
       0.53322      15.80438     -15.80438
       0.64522      15.84517     -15.84517
       0.75722      15.94601     -15.94601
       0.86922      16.15616     -16.15616
       0.98122      16.45191     -16.45191
       1.09322      16.71580     -16.71580
       1.20622      16.95928     -16.95928
       1.31822      17.20432     -17.20432
       1.43022      17.40528     -17.40528
       1.54222      17.59373     -17.59373
       1.65422      17.74326     -17.74326
       1.76722      17.80098     -17.80098
       1.87922      17.80098     -17.80098
       1.99122      17.80098     -17.80098
       2.10322      17.80124     -17.80124
       2.21522      17.80209     -17.80209
       2.32722      17.80346     -17.80346
       2.44022      17.80523     -17.80523
       2.55222      17.80740     -17.80740
       2.66422      17.80992     -17.80992
       2.77622      17.81279     -17.81279
       2.88822      17.81602     -17.81602
       3.00022      17.81964     -17.81964
       3.11322      17.82364     -17.82364
       3.22522      17.82805     -17.82805
       3.33722      17.83288     -17.83288
       3.44922      17.83814     -17.83814
       3.56122      17.84384     -17.84384
       3.67322      17.85001     -17.85001
       3.78622      17.85670     -17.85670
       3.89822      17.86394     -17.86394
       4.01022      17.87174     -17.87174
       4.12222      17.88012     -17.88012
       4.23422      17.88911     -17.88911
       4.34722      17.89877     -17.89877
       4.45922      17.90917     -17.90917
       4.57122      17.92039     -17.92039
       4.68322      17.93246     -17.93246
       4.79522      17.94526     -17.94526
       4.90722      17.95892     -17.95892
       5.02022      17.97361     -17.97361
       5.13222      17.98936     -17.98936
       5.24422      18.00642     -18.00642
       5.35622      18.02484     -18.02484
       5.46822      18.04464     -18.04464
       5.58022      18.06603     -18.06603
       5.69322      18.08942     -18.08942
       5.80522      18.11507     -18.11507
       5.91722      18.14352     -18.14352
       6.02922      18.17781     -18.17781
       6.14122      18.21820     -18.21820
       6.25322      18.26067     -18.26067
       6.36622      18.30389     -18.30389
       6.47822      18.34827     -18.34827
       6.59022      18.39351     -18.39351
       6.70222      18.44019     -18.44019
       6.81422      18.49350     -18.49350
       6.92722      18.55754     -18.55754
       7.03922      18.62979     -18.62979
       7.15122      18.70447     -18.70447
       7.26322      18.77757     -18.77757
       7.37522      18.84897     -18.84897
       7.48722      18.91895     -18.91893
       7.60022      18.98741     -18.98739
       7.71222      19.05411     -19.05410
       7.82422      19.11885     -19.11884
       7.93622      19.18095     -19.18093
       8.04822      19.24072     -19.24071
       8.16022      19.29926     -19.29924
       8.27322      19.35641     -19.35640
       8.38522      19.41102     -19.41102
       8.49722      19.46286     -19.46286
       8.60922      19.51283     -19.51282
       8.72122      19.56107     -19.56104
       8.83422      19.60819     -19.60817
       8.94622      19.65434     -19.65438
       9.05822      19.70179     -19.70196
       9.17022      19.74685     -19.74720
       9.28222      19.77895     -19.77936
       9.39422      19.79426     -19.79463
       9.50722      19.79840     -19.79885
       9.61922      19.79905     -19.79955
       9.73122      19.79908     -19.79955
       9.84322      19.79908     -19.79955
       9.95522      19.79908     -19.79955
      10.06722      19.79908     -19.79955
      10.18022      19.79908     -19.79955
      10.29222      19.79908     -19.79955
      10.40422      19.79908     -19.79955
      10.51622      19.79908     -19.79955
      10.62822      19.79908     -19.79955
      10.74022      19.79908     -19.79955
      10.85322      19.79908     -19.79955
      10.96522      19.79908     -19.79955
      11.07722      19.79908     -19.79955
      11.18922      19.79908     -19.79955
      11.30122      19.79908     -19.79955
      11.41422      19.79908     -19.79955
      11.52622      19.79908     -19.79955
      11.63822      19.79908     -19.79955
