     #Energy           s          py          pz          px         dxy         dyz         dz2         dxz         dx2       tot  
   -22.01378     0.00000     0.00000     0.00000     0.00000     0.00000     0.00000     0.00000     0.00000     0.00000     0.00000
   -21.90178     0.00000     0.00000     0.00000     0.00000     0.00000     0.00000     0.00000     0.00000     0.00000     0.00000
   -21.78978     0.00000     0.00000     0.00000     0.00000     0.00000     0.00000     0.00000     0.00000     0.00000     0.00000
   -21.67778     0.00000     0.00000     0.00000     0.00000     0.00000     0.00000     0.00000     0.00000     0.00000     0.00000
   -21.56578     0.00000     0.00000     0.00000     0.00000     0.00000     0.00000     0.00000     0.00000     0.00000     0.00000
   -21.45378     0.00000     0.00000     0.00000     0.00000     0.00000     0.00000     0.00000     0.00000     0.00000     0.00000
   -21.34078     0.00000     0.00000     0.00000     0.00000     0.00000     0.00000     0.00000     0.00000     0.00000     0.00000
   -21.22878     0.00000     0.00000     0.00000     0.00000     0.00000     0.00000     0.00000     0.00000     0.00000     0.00000
   -21.11678     0.00000     0.00000     0.00000     0.00000     0.00000     0.00000     0.00000     0.00000     0.00000     0.00000
   -21.00478     0.00000     0.00000     0.00000     0.00000     0.00000     0.00000     0.00000     0.00000     0.00000     0.00000
   -20.89278     0.00000     0.00000     0.00000     0.00000     0.00000     0.00000     0.00000     0.00000     0.00000     0.00000
   -20.78078     0.00000     0.00000     0.00000     0.00000     0.00000     0.00000     0.00000     0.00000     0.00000     0.00000
   -20.66778     0.00000     0.00000     0.00000     0.00000     0.00000     0.00000     0.00000     0.00000     0.00000     0.00000
   -20.55578     0.00000     0.00000     0.00000     0.00000     0.00000     0.00000     0.00000     0.00000     0.00000     0.00000
   -20.44378     0.00000     0.00000     0.00000     0.00000     0.00000     0.00000     0.00000     0.00000     0.00000     0.00000
   -20.33178     0.00000     0.00000     0.00000     0.00000     0.00000     0.00000     0.00000     0.00000     0.00000     0.00000
   -20.21978     0.00000     0.00000     0.00000     0.00000     0.00000     0.00000     0.00000     0.00000     0.00000     0.00000
   -20.10678     0.00000     0.00000     0.00000     0.00000     0.00000     0.00000     0.00000     0.00000     0.00000     0.00000
   -19.99478     0.03472     0.00000     0.00000     0.00000     0.00000     0.00000     0.00000     0.00000     0.00000     0.03472
   -19.88278     0.10604     0.00002     0.00001     0.00004     0.00000     0.00000     0.00000     0.00000     0.00000     0.10610
   -19.77078     0.15680     0.00004     0.00002     0.00009     0.00000     0.00000     0.00000     0.00000     0.00000     0.15695
   -19.65878     0.20660     0.00007     0.00003     0.00016     0.00000     0.00000     0.00000     0.00000     0.00000     0.20687
   -19.54678     0.26040     0.00010     0.00005     0.00025     0.00000     0.00000     0.00000     0.00000     0.00000     0.26080
   -19.43378     0.32040     0.00014     0.00006     0.00033     0.00000     0.00000     0.00000     0.00000     0.00000     0.32094
   -19.32178     0.38560     0.00018     0.00008     0.00041     0.00000     0.00000     0.00000     0.00000     0.00000     0.38627
   -19.20978     0.47380     0.00022     0.00015     0.00045     0.00000     0.00000     0.00000     0.00000     0.00000     0.47462
   -19.09778     0.58680     0.00026     0.00023     0.00048     0.00000     0.00000     0.00000     0.00000     0.00000     0.58776
   -18.98578     0.74480     0.00029     0.00032     0.00048     0.00000     0.00000     0.00000     0.00000     0.00000     0.74589
   -18.87378     0.97440     0.00032     0.00040     0.00047     0.00000     0.00000     0.00000     0.00000     0.00000     0.97558
   -18.76078     1.38340     0.00033     0.00047     0.00043     0.00000     0.00000     0.00000     0.00000     0.00000     1.38463
   -18.64878     2.41000     0.00031     0.00050     0.00037     0.00000     0.00000     0.00000     0.00000     0.00000     2.41118
   -18.53678     4.84000     0.00021     0.00033     0.00026     0.00000     0.00000     0.00000     0.00000     0.00000     4.84080
   -18.42478     0.00000     0.00000     0.00000     0.00000     0.00000     0.00000     0.00000     0.00000     0.00000     0.00000
   -18.31278     0.00000     0.00000     0.00000     0.00000     0.00000     0.00000     0.00000     0.00000     0.00000     0.00000
   -18.19978     0.00000     0.00000     0.00000     0.00000     0.00000     0.00000     0.00000     0.00000     0.00000     0.00000
   -18.08778     0.00000     0.00000     0.00000     0.00000     0.00000     0.00000     0.00000     0.00000     0.00000     0.00000
   -17.97578     0.00000     0.00000     0.00000     0.00000     0.00000     0.00000     0.00000     0.00000     0.00000     0.00000
   -17.86378     0.00000     0.00000     0.00000     0.00000     0.00000     0.00000     0.00000     0.00000     0.00000     0.00000
   -17.75178     0.00000     0.00000     0.00000     0.00000     0.00000     0.00000     0.00000     0.00000     0.00000     0.00000
   -17.63978     0.00000     0.00000     0.00000     0.00000     0.00000     0.00000     0.00000     0.00000     0.00000     0.00000
   -17.52678     0.00000     0.00000     0.00000     0.00000     0.00000     0.00000     0.00000     0.00000     0.00000     0.00000
   -17.41478     0.00000     0.00000     0.00000     0.00000     0.00000     0.00000     0.00000     0.00000     0.00000     0.00000
   -17.30278     0.00000     0.00000     0.00000     0.00000     0.00000     0.00000     0.00000     0.00000     0.00000     0.00000
   -17.19078     0.00000     0.00000     0.00000     0.00000     0.00000     0.00000     0.00000     0.00000     0.00000     0.00000
   -17.07878     0.00000     0.00000     0.00000     0.00000     0.00000     0.00000     0.00000     0.00000     0.00000     0.00000
   -16.96678     0.00000     0.00000     0.00000     0.00000     0.00000     0.00000     0.00000     0.00000     0.00000     0.00000
   -16.85378     0.00000     0.00000     0.00000     0.00000     0.00000     0.00000     0.00000     0.00000     0.00000     0.00000
   -16.74178     0.00000     0.00000     0.00000     0.00000     0.00000     0.00000     0.00000     0.00000     0.00000     0.00000
   -16.62978     0.00000     0.00000     0.00000     0.00000     0.00000     0.00000     0.00000     0.00000     0.00000     0.00000
   -16.51778     0.00000     0.00000     0.00000     0.00000     0.00000     0.00000     0.00000     0.00000     0.00000     0.00000
   -16.40578     0.00000     0.00000     0.00000     0.00000     0.00000     0.00000     0.00000     0.00000     0.00000     0.00000
   -16.29378     0.00000     0.00000     0.00000     0.00000     0.00000     0.00000     0.00000     0.00000     0.00000     0.00000
   -16.18078     0.00000     0.00000     0.00000     0.00000     0.00000     0.00000     0.00000     0.00000     0.00000     0.00000
   -16.06878     0.00000     0.00000     0.00000     0.00000     0.00000     0.00000     0.00000     0.00000     0.00000     0.00000
   -15.95678     0.00000     0.00000     0.00000     0.00000     0.00000     0.00000     0.00000     0.00000     0.00000     0.00000
   -15.84478     0.00000     0.00000     0.00000     0.00000     0.00000     0.00000     0.00000     0.00000     0.00000     0.00000
   -15.73278     0.00000     0.00000     0.00000     0.00000     0.00000     0.00000     0.00000     0.00000     0.00000     0.00000
   -15.61978     0.00000     0.00000     0.00000     0.00000     0.00000     0.00000     0.00000     0.00000     0.00000     0.00000
   -15.50778     0.00000     0.00000     0.00000     0.00000     0.00000     0.00000     0.00000     0.00000     0.00000     0.00000
   -15.39578     0.00000     0.00000     0.00000     0.00000     0.00000     0.00000     0.00000     0.00000     0.00000     0.00000
   -15.28378     0.00000     0.00000     0.00000     0.00000     0.00000     0.00000     0.00000     0.00000     0.00000     0.00000
   -15.17178     0.00000     0.00000     0.00000     0.00000     0.00000     0.00000     0.00000     0.00000     0.00000     0.00000
   -15.05978     0.00000     0.00000     0.00000     0.00000     0.00000     0.00000     0.00000     0.00000     0.00000     0.00000
   -14.94678     0.00000     0.00000     0.00000     0.00000     0.00000     0.00000     0.00000     0.00000     0.00000     0.00000
   -14.83478     0.00000     0.00000     0.00000     0.00000     0.00000     0.00000     0.00000     0.00000     0.00000     0.00000
   -14.72278     0.00000     0.00000     0.00000     0.00000     0.00000     0.00000     0.00000     0.00000     0.00000     0.00000
   -14.61078     0.00000     0.00000     0.00000     0.00000     0.00000     0.00000     0.00000     0.00000     0.00000     0.00000
   -14.49878     0.00000     0.00000     0.00000     0.00000     0.00000     0.00000     0.00000     0.00000     0.00000     0.00000
   -14.38678     0.00000     0.00000     0.00000     0.00000     0.00000     0.00000     0.00000     0.00000     0.00000     0.00000
   -14.27378     0.00000     0.00000     0.00000     0.00000     0.00000     0.00000     0.00000     0.00000     0.00000     0.00000
   -14.16178     0.00000     0.00000     0.00000     0.00000     0.00000     0.00000     0.00000     0.00000     0.00000     0.00000
   -14.04978     0.00000     0.00000     0.00000     0.00000     0.00000     0.00000     0.00000     0.00000     0.00000     0.00000
   -13.93778     0.00000     0.00000     0.00000     0.00000     0.00000     0.00000     0.00000     0.00000     0.00000     0.00000
   -13.82578     0.00000     0.00000     0.00000     0.00000     0.00000     0.00000     0.00000     0.00000     0.00000     0.00000
   -13.71378     0.00000     0.00000     0.00000     0.00000     0.00000     0.00000     0.00000     0.00000     0.00000     0.00000
   -13.60078     0.00000     0.00000     0.00000     0.00000     0.00000     0.00000     0.00000     0.00000     0.00000     0.00000
   -13.48878     0.00000     0.00000     0.00000     0.00000     0.00000     0.00000     0.00000     0.00000     0.00000     0.00000
   -13.37678     0.00000     0.00000     0.00000     0.00000     0.00000     0.00000     0.00000     0.00000     0.00000     0.00000
   -13.26478     0.00000     0.00000     0.00000     0.00000     0.00000     0.00000     0.00000     0.00000     0.00000     0.00000
   -13.15278     0.00000     0.00000     0.00000     0.00000     0.00000     0.00000     0.00000     0.00000     0.00000     0.00000
   -13.03978     0.00000     0.00000     0.00000     0.00000     0.00000     0.00000     0.00000     0.00000     0.00000     0.00000
   -12.92778     0.00000     0.00000     0.00000     0.00000     0.00000     0.00000     0.00000     0.00000     0.00000     0.00000
   -12.81578     0.00000     0.00000     0.00000     0.00000     0.00000     0.00000     0.00000     0.00000     0.00000     0.00000
   -12.70378     0.00000     0.00000     0.00000     0.00000     0.00000     0.00000     0.00000     0.00000     0.00000     0.00000
   -12.59178     0.00000     0.00000     0.00000     0.00000     0.00000     0.00000     0.00000     0.00000     0.00000     0.00000
   -12.47978     0.00000     0.00000     0.00000     0.00000     0.00000     0.00000     0.00000     0.00000     0.00000     0.00000
   -12.36678     0.00000     0.00000     0.00000     0.00000     0.00000     0.00000     0.00000     0.00000     0.00000     0.00000
   -12.25478     0.00000     0.00000     0.00000     0.00000     0.00000     0.00000     0.00000     0.00000     0.00000     0.00000
   -12.14278     0.00000     0.00000     0.00000     0.00000     0.00000     0.00000     0.00000     0.00000     0.00000     0.00000
   -12.03078     0.00000     0.00000     0.00000     0.00000     0.00000     0.00000     0.00000     0.00000     0.00000     0.00000
   -11.91878     0.00000     0.00000     0.00000     0.00000     0.00000     0.00000     0.00000     0.00000     0.00000     0.00000
   -11.80678     0.00000     0.00000     0.00000     0.00000     0.00000     0.00000     0.00000     0.00000     0.00000     0.00000
   -11.69378     0.00000     0.00000     0.00000     0.00000     0.00000     0.00000     0.00000     0.00000     0.00000     0.00000
   -11.58178     0.00000     0.00000     0.00000     0.00000     0.00000     0.00000     0.00000     0.00000     0.00000     0.00000
   -11.46978     0.00000     0.00000     0.00000     0.00000     0.00000     0.00000     0.00000     0.00000     0.00000     0.00000
   -11.35778     0.00000     0.00000     0.00000     0.00000     0.00000     0.00000     0.00000     0.00000     0.00000     0.00000
   -11.24578     0.00000     0.00000     0.00000     0.00000     0.00000     0.00000     0.00000     0.00000     0.00000     0.00000
   -11.13378     0.00000     0.00000     0.00000     0.00000     0.00000     0.00000     0.00000     0.00000     0.00000     0.00000
   -11.02078     0.00000     0.00000     0.00000     0.00000     0.00000     0.00000     0.00000     0.00000     0.00000     0.00000
   -10.90878     0.00000     0.00000     0.00000     0.00000     0.00000     0.00000     0.00000     0.00000     0.00000     0.00000
   -10.79678     0.00000     0.00000     0.00000     0.00000     0.00000     0.00000     0.00000     0.00000     0.00000     0.00000
   -10.68478     0.00000     0.00000     0.00000     0.00000     0.00000     0.00000     0.00000     0.00000     0.00000     0.00000
   -10.57278     0.00000     0.00000     0.00000     0.00000     0.00000     0.00000     0.00000     0.00000     0.00000     0.00000
   -10.45978     0.00000     0.00000     0.00000     0.00000     0.00000     0.00000     0.00000     0.00000     0.00000     0.00000
   -10.34778     0.00000     0.00000     0.00000     0.00000     0.00000     0.00000     0.00000     0.00000     0.00000     0.00000
   -10.23578     0.00000     0.00000     0.00000     0.00000     0.00000     0.00000     0.00000     0.00000     0.00000     0.00000
   -10.12378     0.00000     0.00000     0.00000     0.00000     0.00000     0.00000     0.00000     0.00000     0.00000     0.00000
   -10.01178     0.00000     0.00000     0.00000     0.00000     0.00000     0.00000     0.00000     0.00000     0.00000     0.00000
    -9.89978     0.00000     0.00000     0.00000     0.00000     0.00000     0.00000     0.00000     0.00000     0.00000     0.00000
    -9.78678     0.00000     0.00000     0.00000     0.00000     0.00000     0.00000     0.00000     0.00000     0.00000     0.00000
    -9.67478     0.00000     0.00000     0.00000     0.00000     0.00000     0.00000     0.00000     0.00000     0.00000     0.00000
    -9.56278     0.00000     0.00000     0.00000     0.00000     0.00000     0.00000     0.00000     0.00000     0.00000     0.00000
    -9.45078     0.00000     0.00000     0.00000     0.00000     0.00000     0.00000     0.00000     0.00000     0.00000     0.00000
    -9.33878     0.00000     0.00000     0.00000     0.00000     0.00000     0.00000     0.00000     0.00000     0.00000     0.00000
    -9.22678     0.00000     0.00000     0.00000     0.00000     0.00000     0.00000     0.00000     0.00000     0.00000     0.00000
    -9.11378     0.00000     0.00000     0.00000     0.00000     0.00000     0.00000     0.00000     0.00000     0.00000     0.00000
    -9.00178     0.00000     0.00000     0.00000     0.00000     0.00000     0.00000     0.00000     0.00000     0.00000     0.00000
    -8.88978     0.00000     0.00000     0.00000     0.00000     0.00000     0.00000     0.00000     0.00000     0.00000     0.00000
    -8.77778     0.00000     0.00000     0.00000     0.00000     0.00000     0.00000     0.00000     0.00000     0.00000     0.00000
    -8.66578     0.00000     0.00000     0.00000     0.00000     0.00000     0.00000     0.00000     0.00000     0.00000     0.00000
    -8.55378     0.00000     0.00000     0.00000     0.00000     0.00000     0.00000     0.00000     0.00000     0.00000     0.00000
    -8.44078     0.00000     0.00000     0.00000     0.00000     0.00000     0.00000     0.00000     0.00000     0.00000     0.00000
    -8.32878     0.00000     0.00000     0.00000     0.00000     0.00000     0.00000     0.00000     0.00000     0.00000     0.00000
    -8.21678     0.00000     0.00000     0.00000     0.00000     0.00000     0.00000     0.00000     0.00000     0.00000     0.00000
    -8.10478     0.00000     0.00000     0.00000     0.00000     0.00000     0.00000     0.00000     0.00000     0.00000     0.00000
    -7.99278     0.00000     0.00000     0.00000     0.00000     0.00000     0.00000     0.00000     0.00000     0.00000     0.00000
    -7.87978     0.00000     0.00000     0.00000     0.00000     0.00000     0.00000     0.00000     0.00000     0.00000     0.00000
    -7.76778     0.00021     0.02120     0.02140     0.02120     0.00000     0.00000     0.00000     0.00000     0.00000     0.06401
    -7.65578     0.00060     0.03464     0.03530     0.03424     0.00000     0.00000     0.00000     0.00000     0.00000     0.10478
    -7.54378     0.00116     0.04582     0.04676     0.04562     0.00000     0.00000     0.00000     0.00000     0.00000     0.13936
    -7.43178     0.00185     0.05774     0.05880     0.05792     0.00000     0.00000     0.00000     0.00000     0.00000     0.17631
    -7.31978     0.00272     0.06986     0.07134     0.07128     0.00000     0.00000     0.00000     0.00000     0.00000     0.21520
    -7.20678     0.00376     0.08468     0.08696     0.08662     0.00000     0.00000     0.00000     0.00000     0.00000     0.26202
    -7.09478     0.00528     0.10320     0.10792     0.10770     0.00000     0.00000     0.00000     0.00000     0.00000     0.32410
    -6.98278     0.00725     0.13030     0.13884     0.13548     0.00000     0.00000     0.00000     0.00000     0.00000     0.41187
    -6.87078     0.01214     0.22480     0.21980     0.19108     0.00000     0.00000     0.00000     0.00000     0.00000     0.64782
    -6.75878     0.01493     0.25340     0.28180     0.19838     0.00000     0.00000     0.00000     0.00000     0.00000     0.74851
    -6.64678     0.01937     0.16688     0.35980     0.44220     0.00000     0.00000     0.00000     0.00000     0.00000     0.98825
    -6.53378     0.01550     0.13518     0.49860     0.32500     0.00000     0.00000     0.00000     0.00000     0.00000     0.97428
    -6.42178     0.00958     0.07644     0.30460     0.21240     0.00000     0.00000     0.00000     0.00000     0.00000     0.60302
    -6.30978     0.00908     0.07062     0.17568     0.21960     0.00000     0.00000     0.00000     0.00000     0.00000     0.47498
    -6.19778     0.00921     0.06646     0.08512     0.19284     0.00000     0.00000     0.00000     0.00000     0.00000     0.35363
    -6.08578     0.00774     0.04136     0.03098     0.12622     0.00000     0.00000     0.00000     0.00000     0.00000     0.20630
    -5.97278     0.00678     0.04224     0.03994     0.11132     0.00000     0.00000     0.00000     0.00000     0.00000     0.20028
    -5.86078     0.00609     0.08592     0.07614     0.12022     0.00000     0.00000     0.00000     0.00000     0.00000     0.28837
    -5.74878     0.00602     0.19424     0.10170     0.20220     0.00000     0.00000     0.00000     0.00000     0.00000     0.50416
    -5.63678     0.00560     0.19646     0.16334     0.25800     0.00000     0.00000     0.00000     0.00000     0.00000     0.62340
    -5.52478     0.00500     0.20680     0.20180     0.31220     0.00000     0.00000     0.00000     0.00000     0.00000     0.72580
    -5.41278     0.00455     0.20340     0.21820     0.35000     0.00000     0.00000     0.00000     0.00000     0.00000     0.77615
    -5.29978     0.00404     0.19310     0.22640     0.37900     0.00000     0.00000     0.00000     0.00000     0.00000     0.80254
    -5.18778     0.00391     0.26900     0.33960     0.44560     0.00000     0.00000     0.00000     0.00000     0.00000     1.05811
    -5.07578     0.00352     0.85620     0.68480     0.54580     0.00000     0.00000     0.00000     0.00000     0.00000     2.09032
    -4.96378     0.00397     0.74260     0.54320     0.50800     0.00000     0.00000     0.00000     0.00000     0.00000     1.79777
    -4.85178     0.00388     0.53660     0.35560     0.41320     0.00000     0.00000     0.00000     0.00000     0.00000     1.30928
    -4.73978     0.00366     0.40420     0.27420     0.35320     0.00000     0.00000     0.00000     0.00000     0.00000     1.03526
    -4.62678     0.00318     0.31140     0.25100     0.31080     0.00000     0.00000     0.00000     0.00000     0.00000     0.87638
    -4.51478     0.00282     0.33440     0.26700     0.27200     0.00000     0.00000     0.00000     0.00000     0.00000     0.87622
    -4.40278     0.00232     0.34160     0.22580     0.23540     0.00000     0.00000     0.00000     0.00000     0.00000     0.80512
    -4.29078     0.00224     0.37620     0.24940     0.23160     0.00000     0.00000     0.00000     0.00000     0.00000     0.85944
    -4.17878     0.00189     0.34720     0.21340     0.22400     0.00000     0.00000     0.00000     0.00000     0.00000     0.78649
    -4.06678     0.00154     0.33560     0.23200     0.19182     0.00000     0.00000     0.00000     0.00000     0.00000     0.76096
    -3.95378     0.00118     0.19334     0.19222     0.06982     0.00000     0.00000     0.00000     0.00000     0.00000     0.45656
    -3.84178     0.00094     0.12648     0.14788     0.03976     0.00000     0.00000     0.00000     0.00000     0.00000     0.31506
    -3.72978     0.00075     0.09518     0.11226     0.03192     0.00000     0.00000     0.00000     0.00000     0.00000     0.24011
    -3.61778     0.00059     0.07250     0.08800     0.02648     0.00000     0.00000     0.00000     0.00000     0.00000     0.18757
    -3.50578     0.00044     0.05616     0.06982     0.02252     0.00000     0.00000     0.00000     0.00000     0.00000     0.14894
    -3.39278     0.00031     0.04336     0.05458     0.01823     0.00000     0.00000     0.00000     0.00000     0.00000     0.11649
    -3.28078     0.00023     0.03298     0.04250     0.01483     0.00000     0.00000     0.00000     0.00000     0.00000     0.09054
    -3.16878     0.00016     0.02506     0.03240     0.01191     0.00000     0.00000     0.00000     0.00000     0.00000     0.06953
    -3.05678     0.00010     0.01896     0.02436     0.00879     0.00000     0.00000     0.00000     0.00000     0.00000     0.05221
    -2.94478     0.00004     0.01292     0.01648     0.00669     0.00000     0.00000     0.00000     0.00000     0.00000     0.03613
    -2.83278     0.00003     0.01157     0.01023     0.00744     0.00000     0.00000     0.00000     0.00000     0.00000     0.02927
    -2.71978     0.00005     0.01014     0.00233     0.00712     0.00000     0.00000     0.00000     0.00000     0.00000     0.01964
    -2.60778     0.00013     0.01461     0.00202     0.00929     0.00000     0.00000     0.00000     0.00000     0.00000     0.02606
    -2.49578     0.00032     0.02276     0.00441     0.01270     0.00000     0.00000     0.00000     0.00000     0.00000     0.04018
    -2.38378     0.00069     0.03236     0.00798     0.01622     0.00000     0.00000     0.00000     0.00000     0.00000     0.05725
    -2.27178     0.00165     0.04598     0.01456     0.02074     0.00000     0.00000     0.00000     0.00000     0.00000     0.08293
    -2.15978     0.00291     0.05642     0.02680     0.03538     0.00000     0.00000     0.00000     0.00000     0.00000     0.12151
    -2.04678     0.00184     0.05254     0.02084     0.02696     0.00000     0.00000     0.00000     0.00000     0.00000     0.10218
    -1.93478     0.00224     0.06044     0.03266     0.03676     0.00000     0.00000     0.00000     0.00000     0.00000     0.13210
    -1.82278     0.00340     0.06432     0.04390     0.03908     0.00000     0.00000     0.00000     0.00000     0.00000     0.15070
    -1.71078     0.00538     0.07170     0.07010     0.04198     0.00000     0.00000     0.00000     0.00000     0.00000     0.18916
    -1.59878     0.00872     0.07946     0.09604     0.09220     0.00000     0.00000     0.00000     0.00000     0.00000     0.27642
    -1.48678     0.00884     0.07402     0.13052     0.11048     0.00000     0.00000     0.00000     0.00000     0.00000     0.32386
    -1.37378     0.00282     0.05050     0.04926     0.06698     0.00000     0.00000     0.00000     0.00000     0.00000     0.16956
    -1.26178     0.00311     0.01958     0.01674     0.01083     0.00000     0.00000     0.00000     0.00000     0.00000     0.05026
    -1.14978     0.01990     0.05246     0.05050     0.05030     0.00000     0.00000     0.00000     0.00000     0.00000     0.17316
    -1.03778     0.03090     0.09206     0.07444     0.10674     0.00000     0.00000     0.00000     0.00000     0.00000     0.30414
    -0.92578     0.03406     0.08756     0.12436     0.10548     0.00000     0.00000     0.00000     0.00000     0.00000     0.35146
    -0.81278     0.02400     0.08392     0.07688     0.07532     0.00000     0.00000     0.00000     0.00000     0.00000     0.26012
    -0.70078     0.03094     0.09518     0.10368     0.09020     0.00000     0.00000     0.00000     0.00000     0.00000     0.32000
    -0.58878     0.04268     0.12246     0.14158     0.10666     0.00000     0.00000     0.00000     0.00000     0.00000     0.41338
    -0.47678     0.03564     0.23760     0.19936     0.12046     0.00000     0.00000     0.00000     0.00000     0.00000     0.59306
    -0.36478     0.02702     0.18398     0.19108     0.22160     0.00000     0.00000     0.00000     0.00000     0.00000     0.62368
    -0.25278     0.04168     0.22200     0.32880     0.33700     0.00000     0.00000     0.00000     0.00000     0.00000     0.92948
    -0.13978     0.00187     0.08751     0.02966     0.06390     0.00000     0.00000     0.00000     0.00000     0.00000     0.18294
    -0.02778     0.00000     0.00000     0.00000     0.00000     0.00000     0.00000     0.00000     0.00000     0.00000     0.00000
     0.08422     0.00000     0.00000     0.00000     0.00000     0.00000     0.00000     0.00000     0.00000     0.00000     0.00000
     0.19622     0.00000     0.00000     0.00000     0.00000     0.00000     0.00000     0.00000     0.00000     0.00000     0.00000
     0.30822     0.00000     0.00000     0.00000     0.00000     0.00000     0.00000     0.00000     0.00000     0.00000     0.00000
     0.42022     0.00392     0.00088     0.00065     0.00274     0.00000     0.00000     0.00000     0.00000     0.00000     0.00819
     0.53322     0.01120     0.00538     0.00429     0.01166     0.00000     0.00000     0.00000     0.00000     0.00000     0.03253
     0.64522     0.01617     0.01199     0.01208     0.02192     0.00000     0.00000     0.00000     0.00000     0.00000     0.06216
     0.75722     0.02706     0.03110     0.06924     0.05576     0.00000     0.00000     0.00000     0.00000     0.00000     0.18316
     0.86922     0.03986     0.08768     0.12430     0.11956     0.00000     0.00000     0.00000     0.00000     0.00000     0.37140
     0.98122     0.03662     0.13466     0.15466     0.14480     0.00000     0.00000     0.00000     0.00000     0.00000     0.47074
     1.09322     0.02218     0.13794     0.10044     0.09972     0.00000     0.00000     0.00000     0.00000     0.00000     0.36028
     1.20622     0.02384     0.20880     0.16254     0.13726     0.00000     0.00000     0.00000     0.00000     0.00000     0.53244
     1.31822     0.01463     0.18046     0.12824     0.10864     0.00000     0.00000     0.00000     0.00000     0.00000     0.43197
     1.43022     0.01007     0.18976     0.13060     0.10218     0.00000     0.00000     0.00000     0.00000     0.00000     0.43261
     1.54222     0.00664     0.20040     0.13226     0.09844     0.00000     0.00000     0.00000     0.00000     0.00000     0.43774
     1.65422     0.00368     0.12856     0.07984     0.07520     0.00000     0.00000     0.00000     0.00000     0.00000     0.28728
     1.76722     0.00000     0.00000     0.00000     0.00000     0.00000     0.00000     0.00000     0.00000     0.00000     0.00000
     1.87922     0.00000     0.00000     0.00000     0.00000     0.00000     0.00000     0.00000     0.00000     0.00000     0.00000
     1.99122     0.00000     0.00000     0.00000     0.00000     0.00000     0.00000     0.00000     0.00000     0.00000     0.00000
     2.10322     0.00120     0.00002     0.00002     0.00006     0.00000     0.00000     0.00000     0.00000     0.00000     0.00130
     2.21522     0.00261     0.00012     0.00004     0.00026     0.00000     0.00000     0.00000     0.00000     0.00000     0.00302
     2.32722     0.00340     0.00021     0.00008     0.00048     0.00000     0.00000     0.00000     0.00000     0.00000     0.00417
     2.44022     0.00415     0.00030     0.00012     0.00078     0.00000     0.00000     0.00000     0.00000     0.00000     0.00535
     2.55222     0.00489     0.00042     0.00017     0.00111     0.00000     0.00000     0.00000     0.00000     0.00000     0.00660
     2.66422     0.00537     0.00065     0.00023     0.00147     0.00000     0.00000     0.00000     0.00000     0.00000     0.00773
     2.77622     0.00595     0.00080     0.00031     0.00187     0.00000     0.00000     0.00000     0.00000     0.00000     0.00893
     2.88822     0.00652     0.00093     0.00037     0.00238     0.00000     0.00000     0.00000     0.00000     0.00000     0.01021
     3.00022     0.00712     0.00109     0.00044     0.00290     0.00000     0.00000     0.00000     0.00000     0.00000     0.01155
     3.11322     0.00767     0.00134     0.00052     0.00345     0.00000     0.00000     0.00000     0.00000     0.00000     0.01298
     3.22522     0.00819     0.00166     0.00059     0.00406     0.00000     0.00000     0.00000     0.00000     0.00000     0.01449
     3.33722     0.00873     0.00194     0.00068     0.00468     0.00000     0.00000     0.00000     0.00000     0.00000     0.01603
     3.44922     0.00930     0.00215     0.00079     0.00535     0.00000     0.00000     0.00000     0.00000     0.00000     0.01760
     3.56122     0.00986     0.00234     0.00089     0.00618     0.00000     0.00000     0.00000     0.00000     0.00000     0.01927
     3.67322     0.01044     0.00261     0.00098     0.00706     0.00000     0.00000     0.00000     0.00000     0.00000     0.02109
     3.78622     0.01104     0.00303     0.00110     0.00788     0.00000     0.00000     0.00000     0.00000     0.00000     0.02305
     3.89822     0.01165     0.00346     0.00125     0.00876     0.00000     0.00000     0.00000     0.00000     0.00000     0.02512
     4.01022     0.01227     0.00385     0.00139     0.00971     0.00000     0.00000     0.00000     0.00000     0.00000     0.02723
     4.12222     0.01291     0.00419     0.00154     0.01071     0.00000     0.00000     0.00000     0.00000     0.00000     0.02936
     4.23422     0.01357     0.00446     0.00168     0.01192     0.00000     0.00000     0.00000     0.00000     0.00000     0.03163
     4.34722     0.01427     0.00489     0.00181     0.01327     0.00000     0.00000     0.00000     0.00000     0.00000     0.03423
     4.45922     0.01499     0.00546     0.00199     0.01450     0.00000     0.00000     0.00000     0.00000     0.00000     0.03694
     4.57122     0.01586     0.00608     0.00221     0.01589     0.00000     0.00000     0.00000     0.00000     0.00000     0.04004
     4.68322     0.01664     0.00658     0.00240     0.01734     0.00000     0.00000     0.00000     0.00000     0.00000     0.04297
     4.79522     0.01709     0.00690     0.00248     0.01867     0.00000     0.00000     0.00000     0.00000     0.00000     0.04514
     4.90722     0.01820     0.00754     0.00297     0.02022     0.00000     0.00000     0.00000     0.00000     0.00000     0.04893
     5.02022     0.01888     0.00807     0.00347     0.02164     0.00000     0.00000     0.00000     0.00000     0.00000     0.05205
     5.13222     0.01994     0.00885     0.00424     0.02300     0.00000     0.00000     0.00000     0.00000     0.00000     0.05602
     5.24422     0.02112     0.00957     0.00528     0.02442     0.00000     0.00000     0.00000     0.00000     0.00000     0.06039
     5.35622     0.02228     0.01023     0.00615     0.02596     0.00000     0.00000     0.00000     0.00000     0.00000     0.06462
     5.46822     0.02340     0.01082     0.00706     0.02752     0.00000     0.00000     0.00000     0.00000     0.00000     0.06879
     5.58022     0.02480     0.01169     0.00811     0.02934     0.00000     0.00000     0.00000     0.00000     0.00000     0.07394
     5.69322     0.02658     0.01280     0.00949     0.03096     0.00000     0.00000     0.00000     0.00000     0.00000     0.07983
     5.80522     0.02840     0.01355     0.01099     0.03242     0.00000     0.00000     0.00000     0.00000     0.00000     0.08536
     5.91722     0.03116     0.01439     0.01276     0.03426     0.00000     0.00000     0.00000     0.00000     0.00000     0.09256
     6.02922     0.03878     0.01545     0.01525     0.03632     0.00000     0.00000     0.00000     0.00000     0.00000     0.10580
     6.14122     0.04136     0.01590     0.01694     0.03806     0.00000     0.00000     0.00000     0.00000     0.00000     0.11226
     6.25322     0.04032     0.01622     0.01817     0.03992     0.00000     0.00000     0.00000     0.00000     0.00000     0.11464
     6.36622     0.04022     0.01656     0.01957     0.04158     0.00000     0.00000     0.00000     0.00000     0.00000     0.11793
     6.47822     0.03998     0.01676     0.02130     0.04338     0.00000     0.00000     0.00000     0.00000     0.00000     0.12142
     6.59022     0.03908     0.01701     0.02338     0.04432     0.00000     0.00000     0.00000     0.00000     0.00000     0.12379
     6.70222     0.03938     0.01739     0.02594     0.04584     0.00000     0.00000     0.00000     0.00000     0.00000     0.12855
     6.81422     0.04272     0.01795     0.03126     0.04804     0.00000     0.00000     0.00000     0.00000     0.00000     0.13997
     6.92722     0.04600     0.01871     0.04154     0.04961     0.00000     0.00000     0.00000     0.00000     0.00000     0.15586
     7.03922     0.04754     0.01991     0.04804     0.05076     0.00000     0.00000     0.00000     0.00000     0.00000     0.16625
     7.15122     0.04544     0.02070     0.04692     0.05004     0.00000     0.00000     0.00000     0.00000     0.00000     0.16310
     7.26322     0.04288     0.02144     0.04614     0.04704     0.00000     0.00000     0.00000     0.00000     0.00000     0.15750
     7.37522     0.04070     0.02226     0.04594     0.04372     0.00000     0.00000     0.00000     0.00000     0.00000     0.15262
     7.48722     0.03852     0.02285     0.04562     0.04130     0.00000     0.00000     0.00000     0.00000     0.00000     0.14829
     7.60022     0.03652     0.02302     0.04498     0.03982     0.00000     0.00000     0.00000     0.00000     0.00000     0.14434
     7.71222     0.03414     0.02312     0.04366     0.03740     0.00000     0.00000     0.00000     0.00000     0.00000     0.13832
     7.82422     0.03178     0.02430     0.04301     0.03342     0.00000     0.00000     0.00000     0.00000     0.00000     0.13251
     7.93622     0.02898     0.02280     0.04150     0.03050     0.00000     0.00000     0.00000     0.00000     0.00000     0.12378
     8.04822     0.02734     0.02220     0.04030     0.03033     0.00000     0.00000     0.00000     0.00000     0.00000     0.12017
     8.16022     0.02556     0.02198     0.03928     0.02945     0.00000     0.00000     0.00000     0.00000     0.00000     0.11627
     8.27322     0.02353     0.02299     0.03856     0.02661     0.00000     0.00000     0.00000     0.00000     0.00000     0.11169
     8.38522     0.02086     0.02010     0.03663     0.02570     0.00000     0.00000     0.00000     0.00000     0.00000     0.10329
     8.49722     0.01906     0.01940     0.03545     0.02493     0.00000     0.00000     0.00000     0.00000     0.00000     0.09883
     8.60922     0.01725     0.01868     0.03499     0.02379     0.00000     0.00000     0.00000     0.00000     0.00000     0.09471
     8.72122     0.01537     0.01810     0.03519     0.02227     0.00000     0.00000     0.00000     0.00000     0.00000     0.09093
     8.83422     0.01356     0.01852     0.03712     0.02115     0.00000     0.00000     0.00000     0.00000     0.00000     0.09035
     8.94622     0.01118     0.01472     0.04024     0.01986     0.00000     0.00000     0.00000     0.00000     0.00000     0.08600
     9.05822     0.00951     0.01386     0.05189     0.01938     0.00000     0.00000     0.00000     0.00000     0.00000     0.09464
     9.17022     0.00750     0.01334     0.03826     0.02088     0.00000     0.00000     0.00000     0.00000     0.00000     0.07998
     9.28222     0.00495     0.00855     0.01860     0.01457     0.00000     0.00000     0.00000     0.00000     0.00000     0.04666
     9.39422     0.00181     0.00313     0.00448     0.00424     0.00000     0.00000     0.00000     0.00000     0.00000     0.01366
     9.50722     0.00031     0.00076     0.00057     0.00059     0.00000     0.00000     0.00000     0.00000     0.00000     0.00222
     9.61922     0.00002     0.00003     0.00003     0.00003     0.00000     0.00000     0.00000     0.00000     0.00000     0.00011
     9.73122     0.00000     0.00000     0.00000     0.00000     0.00000     0.00000     0.00000     0.00000     0.00000     0.00000
     9.84322     0.00000     0.00000     0.00000     0.00000     0.00000     0.00000     0.00000     0.00000     0.00000     0.00000
     9.95522     0.00000     0.00000     0.00000     0.00000     0.00000     0.00000     0.00000     0.00000     0.00000     0.00000
    10.06722     0.00000     0.00000     0.00000     0.00000     0.00000     0.00000     0.00000     0.00000     0.00000     0.00000
    10.18022     0.00000     0.00000     0.00000     0.00000     0.00000     0.00000     0.00000     0.00000     0.00000     0.00000
    10.29222     0.00000     0.00000     0.00000     0.00000     0.00000     0.00000     0.00000     0.00000     0.00000     0.00000
    10.40422     0.00000     0.00000     0.00000     0.00000     0.00000     0.00000     0.00000     0.00000     0.00000     0.00000
    10.51622     0.00000     0.00000     0.00000     0.00000     0.00000     0.00000     0.00000     0.00000     0.00000     0.00000
    10.62822     0.00000     0.00000     0.00000     0.00000     0.00000     0.00000     0.00000     0.00000     0.00000     0.00000
    10.74022     0.00000     0.00000     0.00000     0.00000     0.00000     0.00000     0.00000     0.00000     0.00000     0.00000
    10.85322     0.00000     0.00000     0.00000     0.00000     0.00000     0.00000     0.00000     0.00000     0.00000     0.00000
    10.96522     0.00000     0.00000     0.00000     0.00000     0.00000     0.00000     0.00000     0.00000     0.00000     0.00000
    11.07722     0.00000     0.00000     0.00000     0.00000     0.00000     0.00000     0.00000     0.00000     0.00000     0.00000
    11.18922     0.00000     0.00000     0.00000     0.00000     0.00000     0.00000     0.00000     0.00000     0.00000     0.00000
    11.30122     0.00000     0.00000     0.00000     0.00000     0.00000     0.00000     0.00000     0.00000     0.00000     0.00000
    11.41422     0.00000     0.00000     0.00000     0.00000     0.00000     0.00000     0.00000     0.00000     0.00000     0.00000
    11.52622     0.00000     0.00000     0.00000     0.00000     0.00000     0.00000     0.00000     0.00000     0.00000     0.00000
    11.63822     0.00000     0.00000     0.00000     0.00000     0.00000     0.00000     0.00000     0.00000     0.00000     0.00000
