           0     -7.83521
  0.00689188     -8.00931
   0.0137838     -8.18341
   0.0206756     -8.35461
   0.0275675     -8.52111
   0.0344594     -8.68111
   0.0413513     -8.83311
   0.0482432     -8.97641
    0.055135     -9.11001
   0.0620269     -9.23341
   0.0689188     -9.34611
   0.0758107     -9.44781
   0.0827025     -9.53811
   0.0895944     -9.61681
   0.0964863     -9.68351
    0.103378     -9.73841
     0.11027     -9.78111
    0.117162     -9.81171
    0.124054     -9.83011
    0.130946     -9.83631
    0.130946     -9.83631
    0.139386     -9.87651
    0.147827     -9.98781
    0.156268      -10.149
    0.164709     -10.3383
     0.17315     -10.5401
     0.18159      -10.744
    0.190031     -10.9435
    0.198472     -11.1341
    0.206913      -11.313
    0.215354     -11.4781
    0.223794     -11.6282
    0.232235     -11.7622
    0.240676     -11.8793
    0.249117     -11.9792
    0.257558     -12.0614
    0.265998     -12.1256
    0.274439     -12.1715
     0.28288     -12.1991
    0.291321     -12.2083
    0.291321     -12.2083
    0.301067      -12.196
    0.310814     -12.1592
    0.320561     -12.0978
    0.330307      -12.012
    0.340054     -11.9019
      0.3498     -11.7677
    0.359547     -11.6097
    0.369293     -11.4279
     0.37904     -11.2227
    0.388787     -10.9947
    0.398533     -10.7442
     0.40828     -10.4712
    0.418026     -10.1772
    0.427773     -9.86231
     0.43752     -9.52741
    0.447266     -9.17331
    0.457013     -8.80111
    0.466759     -8.41161
    0.476506     -8.00621
    0.476506     -8.00621
    0.481379     -8.00521
    0.486253     -8.00201
    0.491126     -7.99681
    0.495999     -7.98971
    0.500872     -7.98091
    0.505746     -7.97041
    0.510619     -7.95851
    0.515492     -7.94561
    0.520366     -7.93191
    0.525239     -7.91781
    0.530112     -7.90361
    0.534985     -7.88991
    0.539859     -7.87691
    0.544732     -7.86501
    0.549605     -7.85481
    0.554479     -7.84641
    0.559352     -7.84011
    0.564225     -7.83651
    0.569099     -7.83521
    0.569099     -7.83521
    0.573972     -7.83651
    0.578845     -7.84011
    0.583718     -7.84641
    0.588592     -7.85481
    0.593465     -7.86501
    0.598338     -7.87691
    0.603212     -7.88991
    0.608085     -7.90361
    0.612958     -7.91781
    0.617831     -7.93191
    0.622705     -7.94561
    0.627578     -7.95851
    0.632451     -7.97041
    0.637325     -7.98091
    0.642198     -7.98971
    0.647071     -7.99681
    0.651945     -8.00201
    0.656818     -8.00521
    0.661691     -8.00621

           0     -7.83521
  0.00689188     -7.66481
   0.0137838     -7.50271
   0.0206756     -7.35431
   0.0275675     -7.22571
   0.0344594     -7.12201
   0.0413513     -7.04651
   0.0482432     -6.99971
    0.055135     -6.97841
   0.0620269     -6.97751
   0.0689188     -6.99171
   0.0758107     -7.01561
   0.0827025     -7.04471
   0.0895944     -7.07531
   0.0964863     -7.10481
    0.103378     -7.13121
     0.11027     -7.15301
    0.117162     -7.16931
    0.124054     -7.17931
    0.130946     -7.18271
    0.130946     -7.18271
    0.139386     -7.12511
    0.147827     -6.96201
    0.156268     -6.71491
    0.164709     -6.40521
     0.17315     -6.04901
     0.18159     -5.65611
    0.190031     -5.23611
    0.198472     -4.79311
    0.206913     -4.33111
    0.215354     -3.85341
    0.223794     -3.36321
    0.232235     -2.86541
    0.240676     -2.36251
    0.249117     -1.86411
    0.257558     -1.37911
    0.265998    -0.924511
    0.274439    -0.530011
     0.28288    -0.246411
    0.291321    -0.138911
    0.291321    -0.138911
    0.301067    -0.218911
    0.310814    -0.440611
    0.320561    -0.760811
    0.330307     -1.14411
    0.340054     -1.56631
      0.3498     -2.01151
    0.359547     -2.47171
    0.369293     -2.94091
     0.37904     -3.41481
    0.388787     -3.89181
    0.398533     -4.36961
     0.40828     -4.84641
    0.418026     -5.32041
    0.427773     -5.78951
     0.43752     -6.25261
    0.447266     -6.70741
    0.457013     -7.15301
    0.466759     -7.58621
    0.476506     -8.00621
    0.476506     -8.00621
    0.481379     -8.00521
    0.486253     -8.00201
    0.491126     -7.99681
    0.495999     -7.98971
    0.500872     -7.98091
    0.505746     -7.97041
    0.510619     -7.95851
    0.515492     -7.94561
    0.520366     -7.93191
    0.525239     -7.91781
    0.530112     -7.90361
    0.534985     -7.88991
    0.539859     -7.87691
    0.544732     -7.86501
    0.549605     -7.85481
    0.554479     -7.84641
    0.559352     -7.84011
    0.564225     -7.83651
    0.569099     -7.83521
    0.569099     -7.83521
    0.573972     -7.83651
    0.578845     -7.84011
    0.583718     -7.84641
    0.588592     -7.85481
    0.593465     -7.86501
    0.598338     -7.87691
    0.603212     -7.88991
    0.608085     -7.90361
    0.612958     -7.91781
    0.617831     -7.93191
    0.622705     -7.94561
    0.627578     -7.95851
    0.632451     -7.97041
    0.637325     -7.98091
    0.642198     -7.98971
    0.647071     -7.99681
    0.651945     -8.00201
    0.656818     -8.00521
    0.661691     -8.00621

           0     -4.05671
  0.00689188     -4.17561
   0.0137838     -4.26701
   0.0206756     -4.32511
   0.0275675     -4.34391
   0.0344594     -4.31781
   0.0413513     -4.24351
   0.0482432     -4.12111
    0.055135     -3.95391
   0.0620269     -3.74701
   0.0689188     -3.50801
   0.0758107     -3.24361
   0.0827025     -2.96021
   0.0895944     -2.66471
   0.0964863     -2.36551
    0.103378     -2.07261
     0.11027     -1.80011
    0.117162     -1.56961
    0.124054     -1.41051
    0.130946     -1.35271
    0.130946     -1.35271
    0.139386     -1.34771
    0.147827     -1.33271
    0.156268     -1.30771
    0.164709     -1.27331
     0.17315     -1.22841
     0.18159     -1.17361
    0.190031     -1.10941
    0.198472     -1.03611
    0.206913    -0.954211
    0.215354    -0.864111
    0.223794    -0.767511
    0.232235    -0.665211
    0.240676    -0.561311
    0.249117    -0.458011
    0.257558    -0.359811
    0.265998    -0.272211
    0.274439    -0.200711
     0.28288    -0.154911
    0.291321    -0.138911
    0.291321    -0.138911
    0.301067    -0.191611
    0.310814    -0.336211
    0.320561    -0.539111
    0.330307    -0.773611
    0.340054     -1.02081
      0.3498     -1.26851
    0.359547     -1.51121
    0.369293     -1.74091
     0.37904     -1.95581
    0.388787     -2.15431
    0.398533     -2.33451
     0.40828     -2.49551
    0.418026     -2.63621
    0.427773     -2.75611
     0.43752     -2.85531
    0.447266     -2.93241
    0.457013     -2.98771
    0.466759     -3.02091
    0.476506     -3.03201
    0.476506     -3.03201
    0.481379     -3.04151
    0.486253     -3.06941
    0.491126     -3.11381
    0.495999     -3.17221
    0.500872     -3.24181
    0.505746     -3.31891
    0.510619     -3.40081
    0.515492     -3.48481
    0.520366     -3.56861
    0.525239     -3.65031
    0.530112     -3.72761
    0.534985     -3.79921
    0.539859     -3.86401
    0.544732     -3.92071
    0.549605     -3.96871
    0.554479     -4.00661
    0.559352     -4.03421
    0.564225     -4.05101
    0.569099     -4.05671
    0.569099     -4.05671
    0.573972     -4.05101
    0.578845     -4.03421
    0.583718     -4.00661
    0.588592     -3.96871
    0.593465     -3.92071
    0.598338     -3.86401
    0.603212     -3.79921
    0.608085     -3.72761
    0.612958     -3.65031
    0.617831     -3.56861
    0.622705     -3.48481
    0.627578     -3.40081
    0.632451     -3.31891
    0.637325     -3.24181
    0.642198     -3.17221
    0.647071     -3.11381
    0.651945     -3.06941
    0.656818     -3.04151
    0.661691     -3.03201

           0     -4.05671
  0.00689188     -3.91521
   0.0137838     -3.75611
   0.0206756     -3.58251
   0.0275675     -3.39871
   0.0344594     -3.20741
   0.0413513     -3.01121
   0.0482432     -2.81341
    0.055135     -2.61701
   0.0620269     -2.42431
   0.0689188     -2.24011
   0.0758107     -2.06661
   0.0827025     -1.90721
   0.0895944     -1.76441
   0.0964863     -1.64081
    0.103378     -1.53801
     0.11027     -1.45721
    0.117162     -1.39911
    0.124054     -1.36431
    0.130946     -1.35271
    0.130946     -1.35271
    0.139386     -1.34771
    0.147827     -1.33271
    0.156268     -1.30771
    0.164709     -1.27331
     0.17315     -1.22841
     0.18159     -1.17361
    0.190031     -1.10941
    0.198472     -1.03611
    0.206913    -0.954211
    0.215354    -0.864111
    0.223794    -0.767511
    0.232235    -0.665211
    0.240676    -0.561311
    0.249117    -0.458011
    0.257558    -0.359811
    0.265998    -0.272211
    0.274439    -0.200711
     0.28288    -0.154911
    0.291321    -0.138911
    0.291321    -0.138911
    0.301067    -0.191611
    0.310814    -0.336211
    0.320561    -0.539111
    0.330307    -0.773611
    0.340054     -1.02071
      0.3498     -1.26851
    0.359547     -1.51121
    0.369293     -1.74091
     0.37904     -1.95581
    0.388787     -2.15431
    0.398533     -2.33451
     0.40828     -2.49551
    0.418026     -2.63621
    0.427773     -2.75611
     0.43752     -2.85531
    0.447266     -2.93241
    0.457013     -2.98771
    0.466759     -3.02091
    0.476506     -3.03201
    0.476506     -3.03201
    0.481379     -3.04151
    0.486253     -3.06931
    0.491126     -3.11381
    0.495999     -3.17221
    0.500872     -3.24181
    0.505746     -3.31891
    0.510619     -3.40081
    0.515492     -3.48481
    0.520366     -3.56861
    0.525239     -3.65031
    0.530112     -3.72761
    0.534985     -3.79921
    0.539859     -3.86401
    0.544732     -3.92071
    0.549605     -3.96861
    0.554479     -4.00661
    0.559352     -4.03421
    0.564225     -4.05101
    0.569099     -4.05671
    0.569099     -4.05671
    0.573972     -4.05101
    0.578845     -4.03421
    0.583718     -4.00661
    0.588592     -3.96861
    0.593465     -3.92071
    0.598338     -3.86401
    0.603212     -3.79921
    0.608085     -3.72761
    0.612958     -3.65031
    0.617831     -3.56861
    0.622705     -3.48481
    0.627578     -3.40081
    0.632451     -3.31891
    0.637325     -3.24181
    0.642198     -3.17221
    0.647071     -3.11381
    0.651945     -3.06931
    0.656818     -3.04151
    0.661691     -3.03201

           0      4.15039
  0.00689188      3.99909
   0.0137838      3.83329
   0.0206756      3.67169
   0.0275675      3.52129
   0.0344594      3.38499
   0.0413513      3.26699
   0.0482432      3.16749
    0.055135      3.08599
   0.0620269      3.02889
   0.0689188      2.90889
   0.0758107      2.76199
   0.0827025      2.61049
   0.0895944      2.44839
   0.0964863      2.26899
    0.103378      2.06969
     0.11027      1.85979
    0.117162      1.66459
    0.124054      1.52129
    0.130946      1.46809
    0.130946      1.46809
    0.139386      1.47379
    0.147827      1.49249
    0.156268      1.52069
    0.164709      1.56009
     0.17315      1.61109
     0.18159      1.67229
    0.190031      1.74359
    0.198472      1.82419
    0.206913      1.91309
    0.215354      2.00909
    0.223794      2.11029
    0.232235      2.21069
    0.240676      2.31059
    0.249117      2.40299
    0.257558      2.47839
    0.265998      2.52369
    0.274439      2.52389
     0.28288      2.47779
    0.291321      2.45439
    0.291321      2.45439
    0.301067      2.42369
    0.310814      2.33529
    0.320561      2.20029
    0.330307      2.03169
    0.340054      1.84279
      0.3498      1.64499
    0.359547      1.44639
    0.369293      1.25529
     0.37904      1.07709
    0.388787     0.914489
    0.398533     0.771189
     0.40828     0.650989
    0.418026     0.553789
    0.427773     0.483289
     0.43752     0.440089
    0.447266     0.424489
    0.457013     0.438589
    0.466759     0.483889
    0.476506     0.561389
    0.476506     0.561389
    0.481379     0.578589
    0.486253     0.629589
    0.491126     0.712589
    0.495999     0.825089
    0.500872     0.963689
    0.505746      1.12619
    0.510619      1.30929
    0.515492      1.51049
    0.520366      1.72759
    0.525239      1.95749
    0.530112      2.20059
    0.534985      2.45489
    0.539859      2.71789
    0.544732      2.98839
    0.549605      3.26379
    0.554479      3.54059
    0.559352      3.80869
    0.564225      4.04089
    0.569099      4.15039
    0.569099      4.15039
    0.573972      4.04089
    0.578845      3.80869
    0.583718      3.54059
    0.588592      3.26379
    0.593465      2.98839
    0.598338      2.71789
    0.603212      2.45489
    0.608085      2.20059
    0.612958      1.95749
    0.617831      1.72759
    0.622705      1.51049
    0.627578      1.30929
    0.632451      1.12619
    0.637325     0.963689
    0.642198     0.825089
    0.647071     0.712589
    0.651945     0.629589
    0.656818     0.578589
    0.661691     0.561389

           0      4.15039
  0.00689188      4.23129
   0.0137838      4.17589
   0.0206756      4.03549
   0.0275675      3.86749
   0.0344594      3.69519
   0.0413513      3.52679
   0.0482432      3.36389
    0.055135      3.20719
   0.0620269      3.05649
   0.0689188      2.99149
   0.0758107      2.97529
   0.0827025      2.98029
   0.0895944      3.00289
   0.0964863      3.04169
    0.103378      3.09019
     0.11027      3.14159
    0.117162      3.18699
    0.124054      3.21639
    0.130946      3.22749
    0.130946      3.22749
    0.139386      3.23349
    0.147827      3.25109
    0.156268      3.27849
    0.164709      3.31279
     0.17315      3.35379
     0.18159      3.39149
    0.190031      3.42119
    0.198472      3.43469
    0.206913      3.42219
    0.215354      3.38039
    0.223794      3.30419
    0.232235      3.19649
    0.240676      3.06489
    0.249117      2.92119
    0.257558      2.77819
    0.265998      2.64879
    0.274439      2.54509
     0.28288      2.47779
    0.291321      2.45439
    0.291321      2.45439
    0.301067      2.52219
    0.310814      2.71079
    0.320561      2.98909
    0.330307      3.32859
    0.340054      3.70949
      0.3498      4.12119
    0.359547      4.03259
    0.369293      3.63979
     0.37904      3.22559
    0.388787      2.81809
    0.398533      2.43239
     0.40828      2.07599
    0.418026      1.75289
    0.427773      1.46519
     0.43752      1.21369
    0.447266     0.997889
    0.457013     0.816589
    0.466759     0.672189
    0.476506     0.561389
    0.476506     0.561389
    0.481379     0.578589
    0.486253     0.629589
    0.491126     0.712589
    0.495999     0.825089
    0.500872     0.963789
    0.505746      1.12619
    0.510619      1.30929
    0.515492      1.51049
    0.520366      1.72769
    0.525239      1.95749
    0.530112      2.20069
    0.534985      2.45489
    0.539859      2.71789
    0.544732      2.98839
    0.549605      3.26389
    0.554479      3.54059
    0.559352      3.80879
    0.564225      4.04099
    0.569099      4.15039
    0.569099      4.15039
    0.573972      4.04099
    0.578845      3.80879
    0.583718      3.54059
    0.588592      3.26389
    0.593465      2.98839
    0.598338      2.71789
    0.603212      2.45489
    0.608085      2.20069
    0.612958      1.95749
    0.617831      1.72769
    0.622705      1.51049
    0.627578      1.30929
    0.632451      1.12619
    0.637325     0.963789
    0.642198     0.825089
    0.647071     0.712589
    0.651945     0.629589
    0.656818     0.578589
    0.661691     0.561389

           0      4.94279
  0.00689188      4.86049
   0.0137838      4.93929
   0.0206756      5.13029
   0.0275675      5.37009
   0.0344594      5.63669
   0.0413513      5.92439
   0.0482432      6.23079
    0.055135      6.54639
   0.0620269      6.10499
   0.0689188      5.60279
   0.0758107      5.12459
   0.0827025      4.68059
   0.0895944      4.28119
   0.0964863      3.93869
    0.103378      3.66439
     0.11027      3.46249
    0.117162      3.32829
    0.124054      3.25189
    0.130946      3.22749
    0.130946      3.22749
    0.139386      3.23349
    0.147827      3.25109
    0.156268      3.27849
    0.164709      3.31279
     0.17315      3.35379
     0.18159      3.39149
    0.190031      3.42119
    0.198472      3.43469
    0.206913      3.42219
    0.215354      3.38039
    0.223794      3.30419
    0.232235      3.19649
    0.240676      3.06489
    0.249117      2.92119
    0.257558      2.77819
    0.265998      2.64879
    0.274439      2.54509
     0.28288      2.48259
    0.291321      2.45439
    0.291321      2.45439
    0.301067      2.52219
    0.310814      2.71089
    0.320561      2.98909
    0.330307      3.32859
    0.340054      3.70949
      0.3498      4.12119
    0.359547      4.55149
    0.369293      4.99719
     0.37904      5.46109
    0.388787      5.93079
    0.398533      6.40889
     0.40828      6.89309
    0.418026      7.38469
    0.427773      7.89039
     0.43752      8.39889
    0.447266      8.90389
    0.457013      9.40189
    0.466759      9.86729
    0.476506      10.1262
    0.476506      10.1262
    0.481379      10.0992
    0.486253      10.0082
    0.491126      9.84399
    0.495999      9.61099
    0.500872      9.32159
    0.505746      9.00749
    0.510619      8.67489
    0.515492      8.33339
    0.520366      7.98839
    0.525239      7.63749
    0.530112      7.28929
    0.534985      6.94389
    0.539859      6.60099
    0.544732      6.26309
    0.549605      5.93229
    0.554479      5.61299
    0.559352      5.31309
    0.564225      5.06099
    0.569099      4.94279
    0.569099      4.94279
    0.573972      5.06099
    0.578845      5.31309
    0.583718      5.61299
    0.588592      5.93229
    0.593465      6.26309
    0.598338      6.60099
    0.603212      6.94389
    0.608085      7.28929
    0.612958      7.63749
    0.617831      7.98839
    0.622705      8.33339
    0.627578      8.67479
    0.632451      9.00749
    0.637325      9.32159
    0.642198      9.61099
    0.647071      9.84399
    0.651945      10.0077
    0.656818      10.0983
    0.661691      10.1261

           0      4.94279
  0.00689188      5.12249
   0.0137838      5.34249
   0.0206756      5.58449
   0.0275675      5.83939
   0.0344594      6.10389
   0.0413513      6.38059
   0.0482432      6.65939
    0.055135      6.62999
   0.0620269      6.88569
   0.0689188      7.23219
   0.0758107      7.60299
   0.0827025      7.94129
   0.0895944      8.05349
   0.0964863      8.05629
    0.103378      7.97129
     0.11027      7.84609
    0.117162      7.72689
    0.124054      7.64429
    0.130946      7.61509
    0.130946      7.61509
    0.139386      7.62429
    0.147827      7.65159
    0.156268      7.69319
    0.164709      7.74449
     0.17315      7.79219
     0.18159      7.80759
    0.190031      7.71969
    0.198472      7.43529
    0.206913      7.12489
    0.215354      6.69479
    0.223794      6.24079
    0.232235      5.77079
    0.240676      5.29859
    0.249117      4.83339
    0.257558      4.38789
    0.265998      3.98659
    0.274439      3.66849
     0.28288      3.47439
    0.291321      3.41269
    0.291321      3.41269
    0.301067      3.49079
    0.310814      3.70109
    0.320561      3.98639
    0.330307      4.26679
    0.340054      4.42019
      0.3498      4.33049
    0.359547      4.55149
    0.369293      4.99719
     0.37904      5.46109
    0.388787      5.93079
    0.398533      6.40889
     0.40828      6.89309
    0.418026      7.38479
    0.427773      7.89039
     0.43752      8.39899
    0.447266      8.90389
    0.457013      9.40189
    0.466759      9.86749
    0.476506      10.1295
    0.476506      10.1267
    0.481379      10.1002
    0.486253      10.0089
    0.491126      9.84869
    0.495999      9.61119
    0.500872      9.32169
    0.505746      9.00759
    0.510619      8.67489
    0.515492      8.33349
    0.520366      7.98849
    0.525239      7.63759
    0.530112      7.28929
    0.534985      6.94399
    0.539859      6.60099
    0.544732      6.26319
    0.549605      5.93229
    0.554479      5.61299
    0.559352      5.31309
    0.564225      5.06099
    0.569099      4.94279
    0.569099      4.94279
    0.573972      5.06099
    0.578845      5.31309
    0.583718      5.61299
    0.588592      5.93229
    0.593465      6.26319
    0.598338      6.60099
    0.603212      6.94399
    0.608085      7.28929
    0.612958      7.63759
    0.617831      7.98849
    0.622705      8.33359
    0.627578      8.67489
    0.632451      9.00759
    0.637325      9.32169
    0.642198      9.61119
    0.647071      9.84609
    0.651945      10.0104
    0.656818      10.1019
    0.661691      10.1282



