 #energy          xx(cm^-1)       yy(cm^-1)       zz(cm^-1)       xy(cm^-1)       yz(cm^-1)       zx(cm^-1)
  0.00000000E+00  0.00000000E+00  0.00000000E+00  0.00000000E+00  0.00000000E+00  0.00000000E+00  0.00000000E+00
  0.12000000E-01  0.19964486E+03  0.21529818E+03  0.17660536E+03  0.00000000E+00  0.38509304E+02  0.30175104E+01
  0.24000000E-01  0.79707975E+03  0.85909779E+03  0.70524758E+03  0.00000000E+00  0.77302658E+02  0.11818799E+02
  0.35900000E-01  0.17828228E+04  0.19197832E+04  0.15780075E+04  0.00000000E+00  0.11170318E+03  0.17678954E+02
  0.47900000E-01  0.31577125E+04  0.33958950E+04  0.27963615E+04  0.00000000E+00  0.15079730E+03  0.34329233E+02
  0.59900000E-01  0.49079387E+04  0.52694925E+04  0.43490585E+04  0.00000000E+00  0.18213427E+03  0.60711422E+02
  0.71900000E-01  0.70200903E+04  0.75222714E+04  0.62253926E+04  0.00000000E+00  0.22241578E+03  0.72873977E+02
  0.83900000E-01  0.94777565E+04  0.10132234E+05  0.84122694E+04  0.00000000E+00  0.25247507E+03  0.11063192E+03
  0.95800000E-01  0.12249002E+05  0.13060284E+05  0.10882772E+05  0.00000000E+00  0.27463386E+03  0.12632346E+03
  0.10780000E+00  0.15336005E+05  0.16303628E+05  0.13640357E+05  0.00000000E+00  0.30215587E+03  0.17417959E+03
  0.11980000E+00  0.18702840E+05  0.19818681E+05  0.16654610E+05  0.22888739E+02  0.32997459E+03  0.19356878E+03
  0.13180000E+00  0.22322425E+05  0.23571389E+05  0.19903022E+05  0.25181434E+02  0.34629688E+03  0.23137670E+03
  0.14380000E+00  0.26165576E+05  0.27525659E+05  0.23360897E+05  0.54544591E+02  0.35994196E+03  0.29278779E+03
  0.15570000E+00  0.30181552E+05  0.31623680E+05  0.26984492E+05  0.63571369E+02  0.38728182E+03  0.31701710E+03
  0.16770000E+00  0.34375145E+05  0.35866049E+05  0.30779103E+05  0.10114416E+03  0.39861899E+03  0.36613244E+03
  0.17970000E+00  0.38694048E+05  0.40194454E+05  0.34699419E+05  0.13273688E+03  0.40818725E+03  0.41961642E+03
  0.19170000E+00  0.43102977E+05  0.44569400E+05  0.38714997E+05  0.14160078E+03  0.41627476E+03  0.44763755E+03
  0.20370000E+00  0.47566568E+05  0.48952456E+05  0.42795245E+05  0.18479702E+03  0.44233265E+03  0.50703030E+03
  0.21560000E+00  0.52025254E+05  0.53281126E+05  0.46887745E+05  0.19559272E+03  0.42147591E+03  0.55303948E+03
  0.22760000E+00  0.56491412E+05  0.57568428E+05  0.51005588E+05  0.23068313E+03  0.42442968E+03  0.58382090E+03
  0.23960000E+00  0.60907844E+05  0.61756833E+05  0.55098964E+05  0.24284569E+03  0.42689550E+03  0.65355007E+03
  0.25160000E+00  0.65241831E+05  0.65815618E+05  0.59140726E+05  0.27944961E+03  0.41495217E+03  0.67010057E+03
  0.26360000E+00  0.69462941E+05  0.69716989E+05  0.63106431E+05  0.28062828E+03  0.41461662E+03  0.74622304E+03
  0.27550000E+00  0.73516010E+05  0.73410288E+05  0.66949397E+05  0.33076020E+03  0.39489368E+03  0.77991065E+03
  0.28750000E+00  0.77428394E+05  0.76928539E+05  0.70699414E+05  0.33233485E+03  0.39258027E+03  0.79967123E+03
  0.29950000E+00  0.81151060E+05  0.80228877E+05  0.74317742E+05  0.33406492E+03  0.36549933E+03  0.88356167E+03
  0.31150000E+00  0.84664057E+05  0.83298689E+05  0.77793173E+05  0.33593652E+03  0.38014371E+03  0.90804411E+03
  0.32350000E+00  0.87950995E+05  0.86129918E+05  0.81119258E+05  0.34887789E+03  0.32788222E+03  0.94302494E+03
  0.33540000E+00  0.90971730E+05  0.88691524E+05  0.84268174E+05  0.35036571E+03  0.33994342E+03  0.96887487E+03
  0.34740000E+00  0.93769822E+05  0.91035108E+05  0.87292946E+05  0.35210598E+03  0.35210598E+03  0.10035394E+04
  0.35940000E+00  0.96311731E+05  0.93136058E+05  0.90175140E+05  0.35397304E+03  0.30844545E+03  0.10323096E+04
  0.37140000E+00  0.98593140E+05  0.94999207E+05  0.92925942E+05  0.31322780E+03  0.31874413E+03  0.10667773E+04
  0.38340000E+00  0.10061230E+06  0.96631065E+05  0.95561404E+05  0.32334824E+03  0.26701105E+03  0.11012451E+04
  0.39530000E+00  0.10234474E+06  0.98016225E+05  0.98076804E+05  0.32465504E+03  0.27529856E+03  0.11332230E+04
  0.40730000E+00  0.10384596E+06  0.99214385E+05  0.10054586E+06  0.28803681E+03  0.28365571E+03  0.11676239E+04
  0.41930000E+00  0.10509498E+06  0.10021154E+06  0.10297127E+06  0.28899556E+03  0.29201286E+03  0.12020248E+04
  0.43130000E+00  0.10609904E+06  0.10101985E+06  0.10538471E+06  0.24861127E+03  0.22798642E+03  0.12388289E+04
  0.44330000E+00  0.10686775E+06  0.10165160E+06  0.10782097E+06  0.24925867E+03  0.23432966E+03  0.12732967E+04
  0.45520000E+00  0.10738852E+06  0.10209741E+06  0.11029367E+06  0.20531526E+03  0.24062003E+03  0.13074772E+04
  0.46720000E+00  0.10772161E+06  0.10241564E+06  0.11289164E+06  0.15460677E+03  0.24696327E+03  0.12653107E+04
  0.47920000E+00  0.10785809E+06  0.10259791E+06  0.11563322E+06  0.15857784E+03  0.26949813E+03  0.12978102E+04
  0.49120000E+00  0.10781413E+06  0.10265801E+06  0.11856301E+06  0.10851795E+03  0.27624683E+03  0.13303096E+04
  0.50320000E+00  0.10760871E+06  0.10261155E+06  0.12172672E+06  0.11116903E+03  0.28299553E+03  0.13628090E+04
  0.51510000E+00  0.10724194E+06  0.10245520E+06  0.12514652E+06  0.56947215E+02  0.28968799E+03  0.13950376E+04
  0.52710000E+00  0.10677823E+06  0.10224491E+06  0.12891666E+06  0.56935506E+02  0.29643669E+03  0.14442171E+04
  0.53910000E+00  0.10621982E+06  0.10197952E+06  0.13305847E+06  0.00000000E+00  0.30318539E+03  0.13773363E+04
  0.55110000E+00  0.10559308E+06  0.10167679E+06  0.13761530E+06  0.00000000E+00  0.30993409E+03  0.14079949E+04
  0.56310000E+00  0.10492413E+06  0.10135689E+06  0.14262746E+06  0.60824101E+02  0.31668280E+03  0.14386535E+04
  0.57500000E+00  0.10422175E+06  0.10102128E+06  0.14810669E+06  0.62109497E+02  0.32337526E+03  0.14690566E+04
  0.58700000E+00  0.10354933E+06  0.10072476E+06  0.15413603E+06  0.12671355E+03  0.33012396E+03  0.14997151E+04
  0.59900000E+00  0.10291406E+06  0.10046842E+06  0.16071703E+06  0.12930395E+03  0.22720591E+03  0.14128261E+04
  0.61100000E+00  0.10234007E+06  0.10027085E+06  0.16787117E+06  0.19758875E+03  0.23175762E+03  0.14411298E+04
  0.62300000E+00  0.10185076E+06  0.10014762E+06  0.17561265E+06  0.20146938E+03  0.22154940E+03  0.14694335E+04
  0.63490000E+00  0.10144841E+06  0.10009810E+06  0.18391961E+06  0.27959277E+03  0.22578124E+03  0.14975014E+04
  0.64690000E+00  0.10118259E+06  0.10016594E+06  0.19284912E+06  0.28487725E+03  0.23004865E+03  0.15258051E+04
  0.65890000E+00  0.10105028E+06  0.10034511E+06  0.20236473E+06  0.29016172E+03  0.23431605E+03  0.15541087E+04
  0.67090000E+00  0.10106057E+06  0.10064227E+06  0.21245168E+06  0.36839836E+03  0.23858345E+03  0.14424728E+04
  0.68290000E+00  0.10122084E+06  0.10106199E+06  0.22308667E+06  0.37498769E+03  0.24285086E+03  0.14682735E+04
  0.69480000E+00  0.10151879E+06  0.10159064E+06  0.23420707E+06  0.38152210E+03  0.24708270E+03  0.14938591E+04
  0.70680000E+00  0.10198389E+06  0.10225665E+06  0.24584233E+06  0.46435484E+03  0.25135011E+03  0.15196598E+04
  0.71880000E+00  0.10259849E+06  0.10304177E+06  0.25791835E+06  0.48342511E+03  0.25561751E+03  0.15454605E+04
  0.73080000E+00  0.10335777E+06  0.10393980E+06  0.27038788E+06  0.49149564E+03  0.25988491E+03  0.15712612E+04
  0.74280000E+00  0.10425470E+06  0.10494516E+06  0.28319960E+06  0.49956618E+03  0.24943748E+03  0.15970618E+04
  0.75470000E+00  0.10526659E+06  0.10603463E+06  0.29625995E+06  0.58993896E+03  0.25343359E+03  0.16226475E+04
  0.76670000E+00  0.10641347E+06  0.10722823E+06  0.30958849E+06  0.59931920E+03  0.25746327E+03  0.16484482E+04
  0.77870000E+00  0.10767105E+06  0.10850192E+06  0.32308838E+06  0.60869944E+03  0.26149296E+03  0.15019215E+04
  0.79070000E+00  0.10902936E+06  0.10984819E+06  0.33670015E+06  0.61807968E+03  0.26552264E+03  0.15250665E+04
  0.80270000E+00  0.11048077E+06  0.11125787E+06  0.35036401E+06  0.64278923E+03  0.26955233E+03  0.15482116E+04
  0.81460000E+00  0.11200173E+06  0.11271047E+06  0.36397729E+06  0.65231856E+03  0.25980552E+03  0.15711638E+04
  0.82660000E+00  0.11361385E+06  0.11422826E+06  0.37757074E+06  0.66192797E+03  0.26363276E+03  0.15943088E+04
  0.83860000E+00  0.11529632E+06  0.11579247E+06  0.39104629E+06  0.67153738E+03  0.26746000E+03  0.16174539E+04
  0.85060000E+00  0.11704487E+06  0.11740091E+06  0.40435161E+06  0.68114678E+03  0.27128723E+03  0.16405990E+04
  0.86260000E+00  0.11885657E+06  0.11905338E+06  0.41743853E+06  0.69075619E+03  0.27511447E+03  0.16637440E+04
  0.87450000E+00  0.12071530E+06  0.12073775E+06  0.43021154E+06  0.68358503E+03  0.26615479E+03  0.16866962E+04
  0.88650000E+00  0.12264896E+06  0.12248504E+06  0.44272719E+06  0.69296527E+03  0.13531586E+03  0.17098413E+04
  0.89850000E+00  0.12464453E+06  0.12428596E+06  0.45489782E+06  0.70234551E+03  0.13714755E+03  0.19318256E+04
  0.91050000E+00  0.12670499E+06  0.12614881E+06  0.46669038E+06  0.71172575E+03  0.13897924E+03  0.19576263E+04
  0.92250000E+00  0.12883412E+06  0.12808128E+06  0.47807280E+06  0.72110599E+03  0.14081092E+03  0.19834270E+04
  0.93440000E+00  0.13102189E+06  0.13008007E+06  0.48896640E+06  0.71373961E+03  0.14262735E+03  0.20090126E+04
  0.94640000E+00  0.13330151E+06  0.13218331E+06  0.49945069E+06  0.72290579E+03  0.13833169E+03  0.20348133E+04
  0.95840000E+00  0.13566653E+06  0.13438844E+06  0.50945274E+06  0.83341160E+03  0.00000000E+00  0.20606140E+04
  0.97040000E+00  0.13812180E+06  0.13670726E+06  0.51895374E+06  0.82565094E+03  0.00000000E+00  0.20864147E+04
  0.98240000E+00  0.14067651E+06  0.13915163E+06  0.52793842E+06  0.83586096E+03  0.00000000E+00  0.21122153E+04
  0.99440000E+00  0.14333597E+06  0.14173343E+06  0.53639297E+06  0.84607099E+03  0.00000000E+00  0.21380160E+04
  0.10063000E+01  0.14609334E+06  0.14444777E+06  0.54425081E+06  0.93982646E+03  0.00000000E+00  0.22411653E+04
  0.10183000E+01  0.14898451E+06  0.14733348E+06  0.55161160E+06  0.95103378E+03  0.14302012E+03  0.22678909E+04
  0.10303000E+01  0.15200158E+06  0.15038300E+06  0.55841213E+06  0.94330873E+03  0.14470552E+03  0.22946166E+04
  0.10423000E+01  0.15514988E+06  0.15360288E+06  0.56464652E+06  0.10564193E+04  0.14639092E+03  0.23213422E+04
  0.10543000E+01  0.15843422E+06  0.15699727E+06  0.57030948E+06  0.10685818E+04  0.14807632E+03  0.23480678E+04
  0.10662000E+01  0.16184367E+06  0.16055319E+06  0.57534575E+06  0.11621311E+04  0.29883877E+03  0.24646154E+04
  0.10782000E+01  0.16541080E+06  0.16429987E+06  0.57986060E+06  0.11752108E+04  0.29132609E+03  0.24923544E+04
  0.10902000E+01  0.16912322E+06  0.16821912E+06  0.58380207E+06  0.12684635E+04  0.29456845E+03  0.23218733E+04
  0.11022000E+01  0.17298120E+06  0.17230643E+06  0.58717282E+06  0.13838187E+04  0.44532833E+03  0.23474305E+04
  0.11142000E+01  0.17698143E+06  0.17655497E+06  0.58998009E+06  0.13988848E+04  0.45017676E+03  0.24880619E+04
  0.11261000E+01  0.18110848E+06  0.18093970E+06  0.59217892E+06  0.14911639E+04  0.60406651E+03  0.23285527E+04
  0.11381000E+01  0.18538774E+06  0.18547992E+06  0.59388740E+06  0.15070541E+04  0.61050359E+03  0.23533663E+04
  0.11501000E+01  0.18979815E+06  0.19014884E+06  0.59506856E+06  0.16250448E+04  0.61694068E+03  0.23781799E+04
  0.11621000E+01  0.19433257E+06  0.19493175E+06  0.59574222E+06  0.17167894E+04  0.77508310E+03  0.22165290E+04
  0.11741000E+01  0.19898266E+06  0.19981457E+06  0.59593094E+06  0.18352092E+04  0.78308671E+03  0.22394172E+04
  0.11860000E+01  0.20372264E+06  0.20476498E+06  0.59561480E+06  0.19255760E+04  0.94327566E+03  0.20820392E+04
  0.11980000E+01  0.20857423E+06  0.20980437E+06  0.59492590E+06  0.19450591E+04  0.95281977E+03  0.21031053E+04
  0.12100000E+01  0.21351046E+06  0.21489952E+06  0.59385148E+06  0.21339754E+04  0.11147604E+04  0.19550770E+04
  0.12220000E+01  0.21852006E+06  0.22003912E+06  0.59243267E+06  0.22532940E+04  0.11258158E+04  0.19744662E+04
  0.12340000E+01  0.22359022E+06  0.22521107E+06  0.59071777E+06  0.23420733E+04  0.11368713E+04  0.16271727E+04
  0.12459000E+01  0.22869207E+06  0.23038777E+06  0.58870675E+06  0.24616900E+04  0.13014927E+04  0.16428642E+04
  0.12579000E+01  0.23385148E+06  0.23559762E+06  0.58655181E+06  0.26449827E+04  0.13140281E+04  0.12749399E+04
  0.12699000E+01  0.23903999E+06  0.24081854E+06  0.58426079E+06  0.27651825E+04  0.14796968E+04  0.12871024E+04
  0.12819000E+01  0.24425136E+06  0.24604694E+06  0.58189294E+06  0.29799065E+04  0.15404342E+04  0.91871907E+03
  0.12939000E+01  0.24947705E+06  0.25128282E+06  0.57950989E+06  0.31580915E+04  0.15548544E+04  0.63718102E+03
  0.13058000E+01  0.25469559E+06  0.25651069E+06  0.57712796E+06  0.33700113E+04  0.17259276E+04  0.64304118E+03
  0.13178000E+01  0.25994382E+06  0.26177500E+06  0.57489830E+06  0.37091234E+04  0.17417885E+04  0.33137294E+03
  0.13298000E+01  0.26520268E+06  0.26706407E+06  0.57283421E+06  0.39200650E+04  0.17576494E+04  0.00000000E+00
  0.13418000E+01  0.27047593E+06  0.27238773E+06  0.57099364E+06  0.42164745E+04  0.19891998E+04  0.33740796E+03
  0.13538000E+01  0.27577303E+06  0.27775937E+06  0.56942923E+06  0.45518456E+04  0.20069896E+04  0.66667878E+03
  0.13657000E+01  0.28108095E+06  0.28317160E+06  0.56814875E+06  0.48033210E+04  0.20246312E+04  0.10910802E+04
  0.13777000E+01  0.28645480E+06  0.28868102E+06  0.56727934E+06  0.51844162E+04  0.22013344E+04  0.11006672E+04
  0.13897000E+01  0.29188865E+06  0.29428354E+06  0.56681738E+06  0.55672473E+04  0.22883270E+04  0.15659786E+04
  0.14017000E+01  0.29740073E+06  0.29999635E+06  0.56679573E+06  0.59510666E+04  0.23080866E+04  0.20338722E+04
  0.14137000E+01  0.30301247E+06  0.30583704E+06  0.56723992E+06  0.63117039E+04  0.24878397E+04  0.22655354E+04
  0.14256000E+01  0.30872276E+06  0.31179865E+06  0.56813061E+06  0.66239999E+04  0.25087814E+04  0.27191152E+04
  0.14376000E+01  0.31459712E+06  0.31794315E+06  0.56956030E+06  0.70518914E+04  0.26067417E+04  0.29726732E+04
  0.14496000E+01  0.32063991E+06  0.32426288E+06  0.57149710E+06  0.74302288E+04  0.26285009E+04  0.33849525E+04
  0.14616000E+01  0.32687219E+06  0.33077291E+06  0.57394379E+06  0.78736099E+04  0.28116650E+04  0.36380731E+04
  0.14736000E+01  0.33331916E+06  0.33748836E+06  0.57689630E+06  0.82567738E+04  0.29197733E+04  0.38950656E+04
  0.14855000E+01  0.33998118E+06  0.34439502E+06  0.58030940E+06  0.85833717E+04  0.29433518E+04  0.40519559E+04
  0.14975000E+01  0.34692145E+06  0.35154980E+06  0.58424751E+06  0.90552873E+04  0.31276798E+04  0.43222983E+04
  0.15095000E+01  0.35413843E+06  0.35894159E+06  0.58865835E+06  0.93452230E+04  0.32455100E+04  0.47521614E+04
  0.15215000E+01  0.36164800E+06  0.36657499E+06  0.59352136E+06  0.97096199E+04  0.32713107E+04  0.49696092E+04
  0.15335000E+01  0.36946325E+06  0.37445658E+06  0.59881572E+06  0.10025926E+05  0.33968863E+04  0.52017967E+04
  0.15454000E+01  0.37756892E+06  0.38256585E+06  0.60447802E+06  0.10377337E+05  0.34232462E+04  0.52161923E+04
  0.15574000E+01  0.38602249E+06  0.39095470E+06  0.61055986E+06  0.10588880E+05  0.34498277E+04  0.54728102E+04
  0.15694000E+01  0.39479950E+06  0.39959911E+06  0.61699530E+06  0.10896074E+05  0.37453205E+04  0.57352045E+04
  0.15814000E+01  0.40390172E+06  0.40850099E+06  0.62375861E+06  0.11083358E+05  0.37739581E+04  0.57833238E+04
  0.15934000E+01  0.41332479E+06  0.41765590E+06  0.63081973E+06  0.11286521E+05  0.39166382E+04  0.58610442E+04
  0.16053000E+01  0.42303372E+06  0.42703648E+06  0.63810840E+06  0.11505415E+05  0.39458888E+04  0.59338643E+04
  0.16173000E+01  0.43307049E+06  0.43669053E+06  0.64567911E+06  0.11603000E+05  0.40967787E+04  0.60581804E+04
  0.16293000E+01  0.44339492E+06  0.44658769E+06  0.65346285E+06  0.11758235E+05  0.39640083E+04  0.59417745E+04
  0.16413000E+01  0.45399063E+06  0.45671965E+06  0.66143322E+06  0.11785561E+05  0.39932037E+04  0.60464586E+04
  0.16533000E+01  0.46483935E+06  0.46708119E+06  0.66956420E+06  0.11862151E+05  0.40223992E+04  0.60262267E+04
  0.16652000E+01  0.47589180E+06  0.47763554E+06  0.67779291E+06  0.11913002E+05  0.41850014E+04  0.59511179E+04
  0.16772000E+01  0.48718567E+06  0.48843133E+06  0.68617894E+06  0.11899439E+05  0.42151599E+04  0.58886950E+04
  0.16892000E+01  0.49867067E+06  0.49943038E+06  0.69466193E+06  0.11891158E+05  0.42453185E+04  0.57325627E+04
  0.17012000E+01  0.51032604E+06  0.51062492E+06  0.70322343E+06  0.11889161E+05  0.42754770E+04  0.54956937E+04
  0.17132000E+01  0.52213187E+06  0.52200400E+06  0.71185244E+06  0.11772217E+05  0.43056356E+04  0.53418719E+04
  0.17251000E+01  0.53404089E+06  0.53352946E+06  0.72049282E+06  0.11782318E+05  0.43355428E+04  0.49979395E+04
  0.17371000E+01  0.54609547E+06  0.54525492E+06  0.72921897E+06  0.11693407E+05  0.43657014E+04  0.48462069E+04
  0.17491000E+01  0.55825341E+06  0.55714027E+06  0.73798258E+06  0.11603383E+05  0.45679672E+04  0.46968004E+04
  0.17611000E+01  0.57050186E+06  0.56917744E+06  0.74678112E+06  0.11512754E+05  0.45993065E+04  0.43792231E+04
  0.17731000E+01  0.58283536E+06  0.58136389E+06  0.75561119E+06  0.11422112E+05  0.46306458E+04  0.40516015E+04
  0.17850000E+01  0.59521693E+06  0.59365967E+06  0.76442834E+06  0.11474217E+05  0.48313369E+04  0.39158024E+04
  0.17970000E+01  0.60770926E+06  0.60612628E+06  0.77332120E+06  0.11389189E+05  0.48638164E+04  0.35748228E+04
  0.18090000E+01  0.62028495E+06  0.61872976E+06  0.78225027E+06  0.11311274E+05  0.50626475E+04  0.32230967E+04
  0.18210000E+01  0.63294798E+06  0.63147051E+06  0.79121634E+06  0.11227784E+05  0.53975880E+04  0.28642521E+04
  0.18330000E+01  0.64570776E+06  0.64434903E+06  0.80022426E+06  0.11146982E+05  0.54331569E+04  0.22369291E+04
  0.18449000E+01  0.65853756E+06  0.65733262E+06  0.80923517E+06  0.11066938E+05  0.57671808E+04  0.19698508E+04
  0.18569000E+01  0.67152392E+06  0.67049327E+06  0.81833830E+06  0.10984821E+05  0.59551171E+04  0.16845831E+04
  0.18689000E+01  0.68464216E+06  0.68380094E+06  0.82749403E+06  0.10912450E+05  0.61379634E+04  0.13804784E+04
  0.18809000E+01  0.69790620E+06  0.69726215E+06  0.83670548E+06  0.10830989E+05  0.64680380E+04  0.71344173E+03
  0.18929000E+01  0.71133089E+06  0.71087974E+06  0.84596958E+06  0.10769124E+05  0.66585730E+04  0.36165355E+03
  0.19048000E+01  0.72488861E+06  0.72462140E+06  0.85524272E+06  0.10690113E+05  0.69869194E+04  0.00000000E+00
  0.19168000E+01  0.73866641E+06  0.73856642E+06  0.86461270E+06  0.10612171E+05  0.73385642E+04  0.39520485E+03
  0.19288000E+01  0.75263122E+06  0.75268043E+06  0.87402900E+06  0.10569554E+05  0.75422899E+04  0.85790477E+03
  0.19408000E+01  0.76678790E+06  0.76696472E+06  0.88348687E+06  0.10321968E+05  0.77496418E+04  0.12679359E+04
  0.19528000E+01  0.78113522E+06  0.78141614E+06  0.89297514E+06  0.10251413E+05  0.81243675E+04  0.18014761E+04
  0.19647000E+01  0.79562962E+06  0.79599201E+06  0.90244219E+06  0.10002174E+05  0.83397653E+04  0.23691419E+04
  0.19767000E+01  0.81033923E+06  0.81076321E+06  0.91196296E+06  0.99372194E+04  0.87263143E+04  0.29460497E+04
  0.19887000E+01  0.82521124E+06  0.82568019E+06  0.92148036E+06  0.96927751E+04  0.88497666E+04  0.32132741E+04
  0.20007000E+01  0.84022283E+06  0.84072499E+06  0.93097734E+06  0.93761273E+04  0.89819109E+04  0.40735782E+04
  0.20127000E+01  0.85535000E+06  0.85588085E+06  0.94043536E+06  0.91324807E+04  0.93927862E+04  0.43942442E+04
  0.20246000E+01  0.87051990E+06  0.87107863E+06  0.94978737E+06  0.88026296E+04  0.95423402E+04  0.47276316E+04
  0.20366000E+01  0.88578131E+06  0.88637621E+06  0.95910308E+06  0.86601992E+04  0.97008622E+04  0.53832048E+04
  0.20486000E+01  0.90105516E+06  0.90169848E+06  0.96831432E+06  0.84283605E+04  0.97935881E+04  0.57277833E+04
  0.20606000E+01  0.91629736E+06  0.91700876E+06  0.97738963E+06  0.79698904E+04  0.99738815E+04  0.60709847E+04
  0.20726000E+01  0.93146228E+06  0.93226681E+06  0.98630600E+06  0.76195790E+04  0.10162472E+05  0.63020280E+04
  0.20845000E+01  0.94645542E+06  0.94738391E+06  0.99498178E+06  0.72700177E+04  0.10302044E+05  0.68753838E+04
  0.20965000E+01  0.96132040E+06  0.96240582E+06  0.10034841E+07  0.69611550E+04  0.10307399E+05  0.72188831E+04
  0.21085000E+01  0.97596009E+06  0.97723894E+06  0.10117295E+07  0.64333235E+04  0.10478131E+05  0.75024449E+04
  0.21205000E+01  0.99032540E+06  0.99183676E+06  0.10196900E+07  0.62717644E+04  0.10495853E+05  0.77998897E+04
  0.21325000E+01  0.10043679E+07  0.10061518E+07  0.10273294E+07  0.57252898E+04  0.10482354E+05  0.81076716E+04
  0.21444000E+01  0.10179933E+07  0.10200863E+07  0.10345658E+07  0.53552768E+04  0.10510341E+05  0.84224004E+04
  0.21564000E+01  0.10312526E+07  0.10336912E+07  0.10414672E+07  0.49699626E+04  0.10521083E+05  0.84695319E+04
  0.21684000E+01  0.10440590E+07  0.10468749E+07  0.10479529E+07  0.45703947E+04  0.10562450E+05  0.88081819E+04
  0.21804000E+01  0.10563762E+07  0.10595998E+07  0.10539961E+07  0.41588647E+04  0.10600985E+05  0.88781726E+04
  0.21924000E+01  0.10681749E+07  0.10718275E+07  0.10595695E+07  0.36158233E+04  0.10656812E+05  0.89937450E+04
  0.22043000E+01  0.10793803E+07  0.10834775E+07  0.10646039E+07  0.31595794E+04  0.10481844E+05  0.90872943E+04
  0.22163000E+01  0.10900724E+07  0.10946232E+07  0.10691790E+07  0.28500622E+04  0.10560536E+05  0.92466322E+04
  0.22283000E+01  0.11001903E+07  0.11051925E+07  0.10732312E+07  0.23792176E+04  0.10396094E+05  0.93608093E+04
  0.22403000E+01  0.11097273E+07  0.11151722E+07  0.10767528E+07  0.20324043E+04  0.10232478E+05  0.95551500E+04
  0.22523000E+01  0.11186851E+07  0.11245544E+07  0.10797398E+07  0.16636799E+04  0.10320804E+05  0.94412039E+04
  0.22642000E+01  0.11270237E+07  0.11332851E+07  0.10821461E+07  0.12733674E+04  0.10166107E+05  0.96709550E+04
  0.22762000E+01  0.11348525E+07  0.11414693E+07  0.10840752E+07  0.86338246E+03  0.10016051E+05  0.95843707E+04
  0.22882000E+01  0.11421451E+07  0.11490669E+07  0.10854873E+07  0.43717874E+03  0.98716330E+04  0.95080736E+04
  0.23002000E+01  0.11489254E+07  0.11560968E+07  0.10864025E+07  0.00000000E+00  0.96628522E+04  0.94425301E+04
  0.23122000E+01  0.11552238E+07  0.11625768E+07  0.10868402E+07  0.44176413E+03  0.95234327E+04  0.93879945E+04
  0.23241000E+01  0.11610269E+07  0.11684827E+07  0.10867819E+07  0.88155135E+03  0.93935043E+04  0.91267508E+04
  0.23361000E+01  0.11664668E+07  0.11739508E+07  0.10863464E+07  0.88610305E+03  0.91747289E+04  0.90997635E+04
  0.23481000E+01  0.11715390E+07  0.11789618E+07  0.10855170E+07  0.14161992E+04  0.90578190E+04  0.89349018E+04
  0.23601000E+01  0.11762820E+07  0.11835545E+07  0.10843277E+07  0.18614417E+04  0.88342927E+04  0.87215551E+04
  0.23721000E+01  0.11807389E+07  0.11877697E+07  0.10828091E+07  0.22873405E+04  0.88792109E+04  0.85641940E+04
  0.23840000E+01  0.11849002E+07  0.11915988E+07  0.10809486E+07  0.24588498E+04  0.87790360E+04  0.84073855E+04
  0.23960000E+01  0.11889063E+07  0.11951834E+07  0.10788715E+07  0.28786433E+04  0.85534423E+04  0.80586350E+04
  0.24080000E+01  0.11927481E+07  0.11985179E+07  0.10765576E+07  0.30925174E+04  0.83239682E+04  0.79085108E+04
  0.24200000E+01  0.11964589E+07  0.12016434E+07  0.10740362E+07  0.34956479E+04  0.80913599E+04  0.77609906E+04
  0.24320000E+01  0.12000747E+07  0.12046003E+07  0.10713302E+07  0.37446771E+04  0.78565290E+04  0.74152954E+04
  0.24439000E+01  0.12035720E+07  0.12073790E+07  0.10684178E+07  0.40246998E+04  0.76202432E+04  0.72690198E+04
  0.24559000E+01  0.12070776E+07  0.12101134E+07  0.10654018E+07  0.43989355E+04  0.76576600E+04  0.71270409E+04
  0.24679000E+01  0.12105643E+07  0.12127864E+07  0.10622527E+07  0.47003254E+04  0.74204564E+04  0.67690659E+04
  0.24799000E+01  0.12140485E+07  0.12154308E+07  0.10589809E+07  0.47231804E+04  0.71847373E+04  0.64016822E+04
  0.24919000E+01  0.12175445E+07  0.12180685E+07  0.10555942E+07  0.50513119E+04  0.69519676E+04  0.62667851E+04
  0.25038000E+01  0.12210083E+07  0.12206742E+07  0.10520543E+07  0.54018986E+04  0.69851665E+04  0.60546699E+04
  0.25158000E+01  0.12245484E+07  0.12233650E+07  0.10484465E+07  0.54277883E+04  0.67555946E+04  0.59221730E+04
  0.25278000E+01  0.12281144E+07  0.12261052E+07  0.10447360E+07  0.57989978E+04  0.65319518E+04  0.55418223E+04
  0.25398000E+01  0.12317024E+07  0.12289039E+07  0.10409222E+07  0.58265269E+04  0.63155703E+04  0.53046285E+04
  0.25518000E+01  0.12353110E+07  0.12317687E+07  0.10370066E+07  0.59586933E+04  0.61075921E+04  0.53296917E+04
  0.25637000E+01  0.12388804E+07  0.12346530E+07  0.10329579E+07  0.59864809E+04  0.61360741E+04  0.49317636E+04
  0.25757000E+01  0.12424976E+07  0.12376509E+07  0.10288595E+07  0.64111829E+04  0.56503822E+04  0.49548478E+04
  0.25877000E+01  0.12461001E+07  0.12407131E+07  0.10246810E+07  0.62096436E+04  0.54541645E+04  0.46921714E+04
  0.25997000E+01  0.12496764E+07  0.12438286E+07  0.10204366E+07  0.62384397E+04  0.52698325E+04  0.47139305E+04
  0.26117000E+01  0.12532102E+07  0.12469921E+07  0.10161431E+07  0.65031642E+04  0.49815203E+04  0.43005136E+04
  0.26236000E+01  0.12566323E+07  0.12501407E+07  0.10117832E+07  0.65327953E+04  0.48048696E+04  0.43201085E+04
  0.26356000E+01  0.12600267E+07  0.12533577E+07  0.10074596E+07  0.63785213E+04  0.46416159E+04  0.43398681E+04
  0.26476000E+01  0.12633277E+07  0.12565832E+07  0.10031592E+07  0.64075630E+04  0.43296841E+04  0.40503211E+04
  0.26596000E+01  0.12665179E+07  0.12598030E+07  0.99891787E+06  0.62730424E+04  0.41787657E+04  0.40686788E+04
  0.26716000E+01  0.12695857E+07  0.12629976E+07  0.99476884E+06  0.57440905E+04  0.36968636E+04  0.39606098E+04
  0.26835000E+01  0.12724654E+07  0.12661099E+07  0.99070988E+06  0.57696762E+04  0.33541374E+04  0.39782514E+04
  0.26955000E+01  0.12752441E+07  0.12692226E+07  0.98685722E+06  0.56229520E+04  0.32361674E+04  0.36758024E+04
  0.27075000E+01  0.12778670E+07  0.12722736E+07  0.98320647E+06  0.56479846E+04  0.28824016E+04  0.35786100E+04
  0.27195000E+01  0.12803280E+07  0.12752558E+07  0.97980004E+06  0.50092439E+04  0.24107838E+04  0.35944709E+04
  0.27315000E+01  0.12826281E+07  0.12781611E+07  0.97667118E+06  0.50313476E+04  0.24214216E+04  0.32823902E+04
  0.27434000E+01  0.12847184E+07  0.12809404E+07  0.97381701E+06  0.43203662E+04  0.20461674E+04  0.31966298E+04
  0.27554000E+01  0.12867035E+07  0.12836841E+07  0.97133908E+06  0.43392640E+04  0.15910089E+04  0.28783473E+04
  0.27674000E+01  0.12885473E+07  0.12863490E+07  0.96922922E+06  0.35678726E+04  0.12053137E+04  0.28048880E+04
  0.27794000E+01  0.12902674E+07  0.12889425E+07  0.96750473E+06  0.35833436E+04  0.12105402E+04  0.24823198E+04
  0.27914000E+01  0.12918801E+07  0.12914736E+07  0.96618770E+06  0.35988146E+04  0.81392153E+03  0.24207958E+04
  0.28033000E+01  0.12933679E+07  0.12939068E+07  0.96525349E+06  0.28412743E+04  0.40974770E+03  0.20956276E+04
  0.28153000E+01  0.12948520E+07  0.12963527E+07  0.96477482E+06  0.34947321E+04  0.00000000E+00  0.17625079E+04
  0.28273000E+01  0.12963129E+07  0.12987865E+07  0.96472553E+06  0.35096281E+04  0.39709397E+03  0.13806260E+04
  0.28393000E+01  0.12977925E+07  0.13012287E+07  0.96510128E+06  0.35961119E+04  0.41500968E+03  0.13864859E+04
  0.28513000E+01  0.12993224E+07  0.13037044E+07  0.96589428E+06  0.36113105E+04  0.83138728E+03  0.10473265E+04
  0.28632000E+01  0.13008962E+07  0.13061957E+07  0.96706404E+06  0.41545143E+04  0.12470385E+04  0.70262452E+03
  0.28752000E+01  0.13026395E+07  0.13088156E+07  0.96866808E+06  0.41719264E+04  0.16601832E+04  0.35323976E+03
  0.28872000E+01  0.13045444E+07  0.13115443E+07  0.97065200E+06  0.46650399E+04  0.16671122E+04  0.00000000E+00
  0.28992000E+01  0.13066442E+07  0.13144125E+07  0.97300410E+06  0.46844291E+04  0.20778144E+04  0.35618834E+03
  0.29112000E+01  0.13089696E+07  0.13174365E+07  0.97570717E+06  0.55201343E+04  0.25807221E+04  0.71440364E+03
  0.29232000E+01  0.13115399E+07  0.13206417E+07  0.97873789E+06  0.55428884E+04  0.25913599E+04  0.10737365E+04
  0.29351000E+01  0.13143406E+07  0.13239948E+07  0.98204712E+06  0.59497193E+04  0.30032861E+04  0.14761158E+04
  0.29471000E+01  0.13174682E+07  0.13275972E+07  0.98567868E+06  0.63583095E+04  0.35382337E+04  0.18450208E+04
  0.29591000E+01  0.13208880E+07  0.13314124E+07  0.98958219E+06  0.67249271E+04  0.35526407E+04  0.22796709E+04
  0.29711000E+01  0.13246013E+07  0.13354358E+07  0.99372951E+06  0.71323634E+04  0.41113009E+04  0.22889156E+04
  0.29831000E+01  0.13285990E+07  0.13396668E+07  0.99810447E+06  0.75547926E+04  0.41279061E+04  0.27482988E+04
  0.29950000E+01  0.13328285E+07  0.13440455E+07  0.10026528E+07  0.75849297E+04  0.47057464E+04  0.32299514E+04
  0.30070000E+01  0.13373580E+07  0.13486419E+07  0.10074146E+07  0.80199007E+04  0.47246008E+04  0.33540341E+04
  0.30190000E+01  0.13421152E+07  0.13533908E+07  0.10123376E+07  0.84620460E+04  0.49370435E+04  0.38781516E+04
  0.30310000E+01  0.13470741E+07  0.13582576E+07  0.10174020E+07  0.84956812E+04  0.55509832E+04  0.40369377E+04
  0.30430000E+01  0.13521962E+07  0.13632118E+07  0.10225855E+07  0.89433521E+04  0.55729601E+04  0.44385661E+04
  0.30549000E+01  0.13574039E+07  0.13681692E+07  0.10278324E+07  0.89783261E+04  0.58268738E+04  0.46204296E+04
  0.30669000E+01  0.13627404E+07  0.13731818E+07  0.10331868E+07  0.92290320E+04  0.64641872E+04  0.48187158E+04
  0.30789000E+01  0.13681239E+07  0.13781577E+07  0.10385997E+07  0.92651428E+04  0.64894799E+04  0.50349994E+04
  0.30909000E+01  0.13735078E+07  0.13830582E+07  0.10440506E+07  0.95614039E+04  0.67805903E+04  0.52710214E+04
  0.31029000E+01  0.13788537E+07  0.13878377E+07  0.10495153E+07  0.95985248E+04  0.68069150E+04  0.55284393E+04
  0.31148000E+01  0.13840737E+07  0.13924095E+07  0.10549466E+07  0.99374261E+04  0.71174374E+04  0.58084955E+04
  0.31268000E+01  0.13892181E+07  0.13968265E+07  0.10603928E+07  0.99757108E+04  0.74463695E+04  0.61125736E+04
  0.31388000E+01  0.13942043E+07  0.14010079E+07  0.10658104E+07  0.98814735E+04  0.74749471E+04  0.57293926E+04
  0.31508000E+01  0.13990029E+07  0.14049232E+07  0.10711824E+07  0.99192515E+04  0.74893782E+04  0.60674236E+04
  0.31628000E+01  0.14035750E+07  0.14085393E+07  0.10764960E+07  0.98410816E+04  0.75179019E+04  0.60238215E+04
  0.31747000E+01  0.14078550E+07  0.14117972E+07  0.10817147E+07  0.98781086E+04  0.78966190E+04  0.60464861E+04
  0.31867000E+01  0.14119044E+07  0.14147643E+07  0.10868969E+07  0.98197634E+04  0.79264673E+04  0.60425296E+04
  0.31987000E+01  0.14156581E+07  0.14173850E+07  0.10919999E+07  0.98567412E+04  0.80065810E+04  0.60652836E+04
  0.32107000E+01  0.14190998E+07  0.14196544E+07  0.10970314E+07  0.98219353E+04  0.80366179E+04  0.56364277E+04
  0.32227000E+01  0.14222123E+07  0.14215701E+07  0.11019864E+07  0.98586448E+04  0.80666548E+04  0.56574938E+04
  0.32346000E+01  0.14249420E+07  0.14230936E+07  0.11068413E+07  0.98950484E+04  0.84987245E+04  0.57250486E+04
  0.32466000E+01  0.14273652E+07  0.14243215E+07  0.11116620E+07  0.98869138E+04  0.82221145E+04  0.57462879E+04
  0.32586000E+01  0.14294356E+07  0.14252164E+07  0.11164306E+07  0.93597216E+04  0.82525048E+04  0.52859894E+04
  0.32706000E+01  0.14311504E+07  0.14258036E+07  0.11211507E+07  0.93941894E+04  0.82828952E+04  0.53054554E+04
  0.32826000E+01  0.14325043E+07  0.14260902E+07  0.11258396E+07  0.94286572E+04  0.84641892E+04  0.53249214E+04
  0.32945000E+01  0.14334592E+07  0.14260612E+07  0.11304727E+07  0.94628377E+04  0.84948734E+04  0.48170773E+04
  0.33065000E+01  0.14341058E+07  0.14258240E+07  0.11351261E+07  0.94788817E+04  0.85258154E+04  0.41044762E+04
  0.33185000E+01  0.14344051E+07  0.14253541E+07  0.11397810E+07  0.95132826E+04  0.85567574E+04  0.41193722E+04
  0.33305000E+01  0.14343666E+07  0.14246773E+07  0.11444481E+07  0.95476835E+04  0.82899579E+04  0.41342682E+04
  0.33425000E+01  0.14339983E+07  0.14238230E+07  0.11491366E+07  0.89632192E+04  0.83198271E+04  0.33877784E+04
  0.33544000E+01  0.14332737E+07  0.14227638E+07  0.11538203E+07  0.89951301E+04  0.83494474E+04  0.33998396E+04
  0.33664000E+01  0.14322988E+07  0.14216162E+07  0.11585742E+07  0.90273092E+04  0.88981737E+04  0.34120022E+04
  0.33784000E+01  0.14310397E+07  0.14203552E+07  0.11633698E+07  0.90824534E+04  0.86659953E+04  0.34241647E+04
  0.33904000E+01  0.14295253E+07  0.14190028E+07  0.11682080E+07  0.91147141E+04  0.86967767E+04  0.27014734E+04
  0.34024000E+01  0.14277727E+07  0.14175842E+07  0.11730947E+07  0.91469748E+04  0.87275581E+04  0.27110350E+04
  0.34143000E+01  0.14257730E+07  0.14160770E+07  0.11779934E+07  0.91789666E+04  0.87580830E+04  0.27205170E+04
  0.34263000E+01  0.14236353E+07  0.14145805E+07  0.11829751E+07  0.92112273E+04  0.87888645E+04  0.27300786E+04
  0.34383000E+01  0.14213496E+07  0.14130709E+07  0.11880089E+07  0.92434879E+04  0.85614080E+04  0.27396402E+04
  0.34503000E+01  0.14189482E+07  0.14115702E+07  0.11930912E+07  0.93443956E+04  0.85912882E+04  0.27492018E+04
  0.34623000E+01  0.14164651E+07  0.14100899E+07  0.11982273E+07  0.93768950E+04  0.86211683E+04  0.27587634E+04
  0.34742000E+01  0.14138950E+07  0.14086063E+07  0.12033847E+07  0.94091236E+04  0.86507995E+04  0.27682453E+04
  0.34862000E+01  0.14113543E+07  0.14072137E+07  0.12086431E+07  0.94416230E+04  0.86806796E+04  0.36739785E+04
  0.34982000E+01  0.14088431E+07  0.14058850E+07  0.12139815E+07  0.89374846E+04  0.87105597E+04  0.36866249E+04
  0.35102000E+01  0.14063901E+07  0.14046290E+07  0.12194020E+07  0.89681432E+04  0.87404399E+04  0.36992712E+04
  0.35222000E+01  0.14040408E+07  0.14034664E+07  0.12249327E+07  0.89988017E+04  0.87703200E+04  0.37119176E+04
  0.35341000E+01  0.14017801E+07  0.14023577E+07  0.12305533E+07  0.92061267E+04  0.87999512E+04  0.43870041E+04
  0.35461000E+01  0.13997209E+07  0.14013977E+07  0.12363624E+07  0.92373860E+04  0.85820589E+04  0.44019002E+04
  0.35581000E+01  0.13978538E+07  0.14005513E+07  0.12423493E+07  0.86111006E+04  0.86111006E+04  0.44167962E+04
  0.35701000E+01  0.13962094E+07  0.13998286E+07  0.12485440E+07  0.86401422E+04  0.86401422E+04  0.44316922E+04
  0.35821000E+01  0.13948029E+07  0.13992331E+07  0.12549848E+07  0.86691839E+04  0.86691839E+04  0.44465883E+04
  0.35940000E+01  0.13936094E+07  0.13987348E+07  0.12616701E+07  0.83078481E+04  0.86979836E+04  0.44613601E+04
