  #energy          xx             yy              zz              xy              yz              zx
  0.00000000E+00  0.00000000E+00  0.00000000E+00  0.00000000E+00  0.00000000E+00  0.31622777E-01  0.00000000E+00
  0.12000000E-01  0.16414714E+00  0.17701722E+00  0.14520416E+00  0.00000000E+00  0.31662182E-01  0.24809839E-02
  0.24000000E-01  0.32767775E+00  0.35317323E+00  0.28992574E+00  0.00000000E+00  0.31778955E-01  0.48586827E-02
  0.35900000E-01  0.48997073E+00  0.52761139E+00  0.43368163E+00  0.00000000E+00  0.30699233E-01  0.48586827E-02
  0.47900000E-01  0.65041941E+00  0.69947978E+00  0.57598903E+00  0.00000000E+00  0.31060932E-01  0.70710678E-02
  0.59900000E-01  0.80840451E+00  0.86795736E+00  0.71634931E+00  0.00000000E+00  0.30000000E-01  0.10000000E-01
  0.71900000E-01  0.96331922E+00  0.10322301E+01  0.85426826E+00  0.00000000E+00  0.30520604E-01  0.10000000E-01
  0.83900000E-01  0.11145512E+01  0.11915154E+01  0.98925358E+00  0.00000000E+00  0.29690188E-01  0.13009929E-01
  0.95800000E-01  0.12615126E+01  0.13450658E+01  0.11208060E+01  0.00000000E+00  0.28284271E-01  0.13009929E-01
  0.10780000E+00  0.14036211E+01  0.14921824E+01  0.12484277E+01  0.00000000E+00  0.27654683E-01  0.15941710E-01
  0.11980000E+00  0.15403065E+01  0.16322036E+01  0.13716209E+01  0.18850439E-02  0.27175660E-01  0.15941710E-01
  0.13180000E+00  0.16710228E+01  0.17645184E+01  0.14899100E+01  0.18850439E-02  0.25923258E-01  0.17320508E-01
  0.14380000E+00  0.17952620E+01  0.18885794E+01  0.16028285E+01  0.37423915E-02  0.24696193E-01  0.20088638E-01
  0.15570000E+00  0.19125350E+01  0.20039192E+01  0.17099447E+01  0.40283701E-02  0.24541150E-01  0.20088638E-01
  0.16770000E+00  0.20224039E+01  0.21101187E+01  0.18108368E+01  0.59506467E-02  0.23452079E-01  0.21540787E-01
  0.17970000E+00  0.21244793E+01  0.22068584E+01  0.19051560E+01  0.72878589E-02  0.22411338E-01  0.23038851E-01
  0.19170000E+00  0.22184088E+01  0.22938821E+01  0.19925698E+01  0.72878589E-02  0.21424682E-01  0.23038851E-01
  0.20370000E+00  0.23039190E+01  0.23710455E+01  0.20728168E+01  0.89507689E-02  0.21424682E-01  0.24558357E-01
  0.21560000E+00  0.23807943E+01  0.24382659E+01  0.21456902E+01  0.89507689E-02  0.19287699E-01  0.25308348E-01
  0.22760000E+00  0.24488748E+01  0.24955630E+01  0.22110671E+01  0.10000000E-01  0.18398817E-01  0.25308348E-01
  0.23960000E+00  0.25080883E+01  0.25430484E+01  0.22688879E+01  0.10000000E-01  0.17578879E-01  0.26912155E-01
  0.25160000E+00  0.25584205E+01  0.25809212E+01  0.23191692E+01  0.10958454E-01  0.16272108E-01  0.26277604E-01
  0.26360000E+00  0.25999451E+01  0.26094539E+01  0.23620258E+01  0.10503703E-01  0.15518785E-01  0.27930561E-01
  0.27550000E+00  0.26327932E+01  0.26290070E+01  0.23976262E+01  0.11845355E-01  0.14142136E-01  0.27930561E-01
  0.28750000E+00  0.26571668E+01  0.26400129E+01  0.24262435E+01  0.11404978E-01  0.13472464E-01  0.27442902E-01
  0.29950000E+00  0.26733375E+01  0.26429583E+01  0.24482293E+01  0.11005010E-01  0.12040546E-01  0.29106934E-01
  0.31150000E+00  0.26816213E+01  0.26383751E+01  0.24639952E+01  0.10640342E-01  0.12040546E-01  0.28761088E-01
  0.32350000E+00  0.26823960E+01  0.26268554E+01  0.24740365E+01  0.10640342E-01  0.10000000E-01  0.28761088E-01
  0.33540000E+00  0.26760844E+01  0.26090084E+01  0.24788882E+01  0.10306589E-01  0.10000000E-01  0.28501062E-01
  0.34740000E+00  0.26631136E+01  0.25854463E+01  0.24791668E+01  0.10000000E-01  0.10000000E-01  0.28501062E-01
  0.35940000E+00  0.26439761E+01  0.25567967E+01  0.24755128E+01  0.97173654E-02  0.84675295E-02  0.28339246E-01
  0.37140000E+00  0.26191551E+01  0.25236812E+01  0.24686043E+01  0.83209865E-02  0.84675295E-02  0.28339246E-01
  0.38340000E+00  0.25891392E+01  0.24866867E+01  0.24591603E+01  0.83209865E-02  0.68712150E-02  0.28339246E-01
  0.39530000E+00  0.25544366E+01  0.24464006E+01  0.24479126E+01  0.81031103E-02  0.68712150E-02  0.28284271E-01
  0.40730000E+00  0.25155423E+01  0.24033480E+01  0.24356014E+01  0.69773418E-02  0.68712150E-02  0.28284271E-01
  0.41930000E+00  0.24729397E+01  0.23580299E+01  0.24229677E+01  0.68002163E-02  0.68712150E-02  0.28284271E-01
  0.43130000E+00  0.24271041E+01  0.23109134E+01  0.24107632E+01  0.56871905E-02  0.52153799E-02  0.28339246E-01
  0.44330000E+00  0.23785121E+01  0.22624183E+01  0.23997275E+01  0.55476487E-02  0.52153799E-02  0.28339246E-01
  0.45520000E+00  0.23276197E+01  0.22129363E+01  0.23905881E+01  0.44501576E-02  0.52153799E-02  0.28339246E-01
  0.46720000E+00  0.22748691E+01  0.21628175E+01  0.23840500E+01  0.32649918E-02  0.52153799E-02  0.26720881E-01
  0.47920000E+00  0.22207124E+01  0.21124096E+01  0.23807962E+01  0.32649918E-02  0.55487526E-02  0.26720881E-01
  0.49120000E+00  0.21655776E+01  0.20620106E+01  0.23814818E+01  0.21797145E-02  0.55487526E-02  0.26720881E-01
  0.50320000E+00  0.21099065E+01  0.20119262E+01  0.23867213E+01  0.21797145E-02  0.55487526E-02  0.26720881E-01
  0.51510000E+00  0.20541376E+01  0.19624513E+01  0.23970861E+01  0.10907805E-02  0.55487526E-02  0.26720881E-01
  0.52710000E+00  0.19986932E+01  0.19138376E+01  0.24130841E+01  0.10657285E-02  0.55487526E-02  0.27033103E-01
  0.53910000E+00  0.19439838E+01  0.18663798E+01  0.24351718E+01  0.00000000E+00  0.55487526E-02  0.25207344E-01
  0.55110000E+00  0.18904337E+01  0.18203203E+01  0.24637278E+01  0.00000000E+00  0.55487526E-02  0.25207344E-01
  0.56310000E+00  0.18384266E+01  0.17759232E+01  0.24990448E+01  0.10657285E-02  0.55487526E-02  0.25207344E-01
  0.57500000E+00  0.17883270E+01  0.17334106E+01  0.25413428E+01  0.10657285E-02  0.55487526E-02  0.25207344E-01
  0.58700000E+00  0.17404663E+01  0.16929906E+01  0.25907319E+01  0.21298126E-02  0.55487526E-02  0.25207344E-01
  0.59900000E+00  0.16951351E+01  0.16548520E+01  0.26472290E+01  0.21298126E-02  0.37423915E-02  0.23271175E-01
  0.61100000E+00  0.16525741E+01  0.16191606E+01  0.27107617E+01  0.31906372E-02  0.37423915E-02  0.23271175E-01
  0.62300000E+00  0.16129936E+01  0.15860213E+01  0.27811485E+01  0.31906372E-02  0.35086411E-02  0.23271175E-01
  0.63490000E+00  0.15765085E+01  0.15555247E+01  0.28581113E+01  0.43448724E-02  0.35086411E-02  0.23271175E-01
  0.64690000E+00  0.15432100E+01  0.15277044E+01  0.29412838E+01  0.43448724E-02  0.35086411E-02  0.23271175E-01
  0.65890000E+00  0.15131238E+01  0.15025644E+01  0.30302030E+01  0.43448724E-02  0.35086411E-02  0.23271175E-01
  0.67090000E+00  0.14862107E+01  0.14800590E+01  0.31243436E+01  0.54177170E-02  0.35086411E-02  0.21213203E-01
  0.68290000E+00  0.14624103E+01  0.14601153E+01  0.32230937E+01  0.54177170E-02  0.35086411E-02  0.21213203E-01
  0.69480000E+00  0.14415942E+01  0.14426145E+01  0.33258037E+01  0.54177170E-02  0.35086411E-02  0.21213203E-01
  0.70680000E+00  0.14236114E+01  0.14274189E+01  0.34317571E+01  0.64820123E-02  0.35086411E-02  0.21213203E-01
  0.71880000E+00  0.14082810E+01  0.14143655E+01  0.35402227E+01  0.66355596E-02  0.35086411E-02  0.21213203E-01
  0.73080000E+00  0.13954073E+01  0.14032651E+01  0.36504391E+01  0.66355596E-02  0.35086411E-02  0.21213203E-01
  0.74280000E+00  0.13847780E+01  0.13939492E+01  0.37616393E+01  0.66355596E-02  0.33131892E-02  0.21213203E-01
  0.75470000E+00  0.13761717E+01  0.13862124E+01  0.38730671E+01  0.77123930E-02  0.33131892E-02  0.21213203E-01
  0.76670000E+00  0.13693913E+01  0.13798761E+01  0.39839673E+01  0.77123930E-02  0.33131892E-02  0.21213203E-01
  0.77870000E+00  0.13642224E+01  0.13747498E+01  0.40936205E+01  0.77123930E-02  0.33131892E-02  0.19029767E-01
  0.79070000E+00  0.13604674E+01  0.13706847E+01  0.42013416E+01  0.77123930E-02  0.33131892E-02  0.19029767E-01
  0.80270000E+00  0.13579689E+01  0.13675207E+01  0.43064821E+01  0.79008124E-02  0.33131892E-02  0.19029767E-01
  0.81460000E+00  0.13565529E+01  0.13651371E+01  0.44084539E+01  0.79008124E-02  0.31467366E-02  0.19029767E-01
  0.82660000E+00  0.13561018E+01  0.13634354E+01  0.45067073E+01  0.79008124E-02  0.31467366E-02  0.19029767E-01
  0.83860000E+00  0.13564912E+01  0.13623286E+01  0.46007616E+01  0.79008124E-02  0.31467366E-02  0.19029767E-01
  0.85060000E+00  0.13576363E+01  0.13617661E+01  0.46901876E+01  0.79008124E-02  0.31467366E-02  0.19029767E-01
  0.86260000E+00  0.13594716E+01  0.13617227E+01  0.47746276E+01  0.79008124E-02  0.31467366E-02  0.19029767E-01
  0.87450000E+00  0.13619430E+01  0.13621963E+01  0.48537641E+01  0.77123930E-02  0.30028311E-02  0.19029767E-01
  0.88650000E+00  0.13650280E+01  0.13632036E+01  0.49273552E+01  0.77123930E-02  0.15060049E-02  0.19029767E-01
  0.89850000E+00  0.13687104E+01  0.13647730E+01  0.49951921E+01  0.77123930E-02  0.15060049E-02  0.21213203E-01
  0.91050000E+00  0.13729989E+01  0.13669720E+01  0.50571440E+01  0.77123930E-02  0.15060049E-02  0.21213203E-01
  0.92250000E+00  0.13779103E+01  0.13698584E+01  0.51130976E+01  0.77123930E-02  0.15060049E-02  0.21213203E-01
  0.93440000E+00  0.13834627E+01  0.13735180E+01  0.51630057E+01  0.75363905E-02  0.15060049E-02  0.21213203E-01
  0.94640000E+00  0.13896863E+01  0.13780288E+01  0.52068409E+01  0.75363905E-02  0.14421265E-02  0.21213203E-01
  0.95840000E+00  0.13966331E+01  0.13834757E+01  0.52446138E+01  0.85796418E-02  0.00000000E+00  0.21213203E-01
  0.97040000E+00  0.14043257E+01  0.13899437E+01  0.52763582E+01  0.83946406E-02  0.00000000E+00  0.21213203E-01
  0.98240000E+00  0.14128291E+01  0.13975147E+01  0.53021417E+01  0.83946406E-02  0.00000000E+00  0.21213203E-01
  0.99440000E+00  0.14221667E+01  0.14062664E+01  0.53220430E+01  0.83946406E-02  0.00000000E+00  0.21213203E-01
  0.10063000E+01  0.14323837E+01  0.14162495E+01  0.53361500E+01  0.92146027E-02  0.00000000E+00  0.21973682E-01
  0.10183000E+01  0.14435167E+01  0.14275198E+01  0.53445859E+01  0.92146027E-02  0.13857274E-02  0.21973682E-01
  0.10303000E+01  0.14555959E+01  0.14400960E+01  0.53474602E+01  0.90333029E-02  0.13857274E-02  0.21973682E-01
  0.10423000E+01  0.14686392E+01  0.14539954E+01  0.53449093E+01  0.10000000E-01  0.13857274E-02  0.21973682E-01
  0.10543000E+01  0.14826587E+01  0.14692115E+01  0.53370688E+01  0.10000000E-01  0.13857274E-02  0.21973682E-01
  0.10662000E+01  0.14976608E+01  0.14857190E+01  0.53241055E+01  0.10754070E-01  0.27653792E-02  0.22806933E-01
  0.10782000E+01  0.15136343E+01  0.15034685E+01  0.53061643E+01  0.10754070E-01  0.26658547E-02  0.22806933E-01
  0.10902000E+01  0.15305710E+01  0.15223889E+01  0.52834290E+01  0.11479639E-01  0.26658547E-02  0.21013034E-01
  0.11022000E+01  0.15484419E+01  0.15424017E+01  0.52560799E+01  0.12387259E-01  0.39863584E-02  0.21013034E-01
  0.11142000E+01  0.15671875E+01  0.15634112E+01  0.52243302E+01  0.12387259E-01  0.39863584E-02  0.22032027E-01
  0.11261000E+01  0.15867856E+01  0.15853068E+01  0.51883875E+01  0.13064863E-01  0.52925409E-02  0.20401661E-01
  0.11381000E+01  0.16071522E+01  0.16079513E+01  0.51484928E+01  0.13064863E-01  0.52925409E-02  0.20401661E-01
  0.11501000E+01  0.16282189E+01  0.16312273E+01  0.51049069E+01  0.13940750E-01  0.52925409E-02  0.20401661E-01
  0.11621000E+01  0.16499034E+01  0.16549905E+01  0.50579124E+01  0.14575718E-01  0.65805347E-02  0.18818558E-01
  0.11741000E+01  0.16721166E+01  0.16791074E+01  0.50078033E+01  0.15421865E-01  0.65805347E-02  0.18818558E-01
  0.11860000E+01  0.16947710E+01  0.17034422E+01  0.49549264E+01  0.16018889E-01  0.78471212E-02  0.17320508E-01
  0.11980000E+01  0.17177511E+01  0.17278822E+01  0.48996209E+01  0.16018889E-01  0.78471212E-02  0.17320508E-01
  0.12100000E+01  0.17409657E+01  0.17522921E+01  0.48422687E+01  0.17400449E-01  0.90897630E-02  0.15941710E-01
  0.12220000E+01  0.17643166E+01  0.17765814E+01  0.47832625E+01  0.18192948E-01  0.90897630E-02  0.15941710E-01
  0.12340000E+01  0.17876977E+01  0.18006570E+01  0.47230365E+01  0.18725859E-01  0.90897630E-02  0.13009929E-01
  0.12459000E+01  0.18110245E+01  0.18244529E+01  0.46619998E+01  0.19494253E-01  0.10306589E-01  0.13009929E-01
  0.12579000E+01  0.18342158E+01  0.18479117E+01  0.46006233E+01  0.20745941E-01  0.10306589E-01  0.10000000E-01
  0.12699000E+01  0.18571948E+01  0.18710130E+01  0.45393497E+01  0.21483780E-01  0.11496341E-01  0.10000000E-01
  0.12819000E+01  0.18799195E+01  0.18937395E+01  0.44786318E+01  0.22935326E-01  0.11856197E-01  0.70710678E-02
  0.12939000E+01  0.19023320E+01  0.19161014E+01  0.44189242E+01  0.24081327E-01  0.11856197E-01  0.48586827E-02
  0.13058000E+01  0.19244258E+01  0.19381403E+01  0.43606564E+01  0.25463091E-01  0.13040743E-01  0.48586827E-02
  0.13178000E+01  0.19461953E+01  0.19599053E+01  0.43042545E+01  0.27770148E-01  0.13040743E-01  0.24809839E-02
  0.13298000E+01  0.19676507E+01  0.19814611E+01  0.42500989E+01  0.29084617E-01  0.13040743E-01  0.00000000E+00
  0.13418000E+01  0.19888282E+01  0.20028857E+01  0.41985555E+01  0.31004027E-01  0.14626723E-01  0.24809839E-02
  0.13538000E+01  0.20098040E+01  0.20242802E+01  0.41499386E+01  0.33173358E-01  0.14626723E-01  0.48586827E-02
  0.13657000E+01  0.20306381E+01  0.20457417E+01  0.41045274E+01  0.34701058E-01  0.14626723E-01  0.78823876E-02
  0.13777000E+01  0.20514355E+01  0.20673785E+01  0.40625501E+01  0.37128006E-01  0.15764775E-01  0.78823876E-02
  0.13897000E+01  0.20722997E+01  0.20893026E+01  0.40241904E+01  0.39525363E-01  0.16246262E-01  0.11117859E-01
  0.14017000E+01  0.20933573E+01  0.21116275E+01  0.39895868E+01  0.41888630E-01  0.16246262E-01  0.14316109E-01
  0.14137000E+01  0.21147531E+01  0.21344660E+01  0.39588217E+01  0.44049987E-01  0.17362872E-01  0.15811388E-01
  0.14256000E+01  0.21366204E+01  0.21579082E+01  0.39319404E+01  0.45843635E-01  0.17362872E-01  0.18818558E-01
  0.14376000E+01  0.21591017E+01  0.21820657E+01  0.39089315E+01  0.48397616E-01  0.17890248E-01  0.20401661E-01
  0.14496000E+01  0.21823571E+01  0.22070160E+01  0.38897552E+01  0.50572035E-01  0.17890248E-01  0.23038851E-01
  0.14616000E+01  0.22065098E+01  0.22328411E+01  0.38743357E+01  0.53149817E-01  0.18979793E-01  0.24558357E-01
  0.14736000E+01  0.22317065E+01  0.22596210E+01  0.38625539E+01  0.55282439E-01  0.19549063E-01  0.26079039E-01
  0.14855000E+01  0.22580764E+01  0.22873922E+01  0.38542810E+01  0.57008771E-01  0.19549063E-01  0.26912155E-01
  0.14975000E+01  0.22857080E+01  0.23162020E+01  0.38493416E+01  0.59661178E-01  0.20606863E-01  0.28477662E-01
  0.15095000E+01  0.23147088E+01  0.23461031E+01  0.38475707E+01  0.61081961E-01  0.21213203E-01  0.31060932E-01
  0.15215000E+01  0.23451495E+01  0.23770991E+01  0.38487599E+01  0.62963185E-01  0.21213203E-01  0.32226022E-01
  0.15335000E+01  0.23770805E+01  0.24092069E+01  0.38527057E+01  0.64505555E-01  0.21855143E-01  0.33467711E-01
  0.15454000E+01  0.24105256E+01  0.24424276E+01  0.38591888E+01  0.66252372E-01  0.21855143E-01  0.33301907E-01
  0.15574000E+01  0.24455067E+01  0.24767529E+01  0.38679825E+01  0.67082039E-01  0.21855143E-01  0.34671021E-01
  0.15694000E+01  0.24819862E+01  0.25121599E+01  0.38788647E+01  0.68500355E-01  0.23545708E-01  0.36055513E-01
  0.15814000E+01  0.25199411E+01  0.25486359E+01  0.38916273E+01  0.69149025E-01  0.23545708E-01  0.36082132E-01
  0.15934000E+01  0.25593110E+01  0.25861292E+01  0.39060417E+01  0.69886242E-01  0.24251860E-01  0.36291641E-01
  0.16053000E+01  0.26000111E+01  0.26246125E+01  0.39218834E+01  0.70713529E-01  0.24251860E-01  0.36470173E-01
  0.16173000E+01  0.26419490E+01  0.26640331E+01  0.39389691E+01  0.70784169E-01  0.24992421E-01  0.36957963E-01
  0.16293000E+01  0.26850110E+01  0.27043451E+01  0.39570931E+01  0.71202868E-01  0.24004348E-01  0.35980859E-01
  0.16413000E+01  0.27290742E+01  0.27454791E+01  0.39760740E+01  0.70846548E-01  0.24004348E-01  0.36347080E-01
  0.16533000E+01  0.27740075E+01  0.27873861E+01  0.39957378E+01  0.70789396E-01  0.24004348E-01  0.35962528E-01
  0.16652000E+01  0.28196697E+01  0.28300014E+01  0.40159384E+01  0.70584809E-01  0.24796228E-01  0.35260508E-01
  0.16772000E+01  0.28659333E+01  0.28732610E+01  0.40365371E+01  0.70000000E-01  0.24796228E-01  0.34641016E-01
  0.16892000E+01  0.29126558E+01  0.29170932E+01  0.40574095E+01  0.69454356E-01  0.24796228E-01  0.33482985E-01
  0.17012000E+01  0.29597073E+01  0.29614408E+01  0.40784428E+01  0.68952853E-01  0.24796228E-01  0.31873046E-01
  0.17132000E+01  0.30069662E+01  0.30062298E+01  0.40995702E+01  0.67796397E-01  0.24796228E-01  0.30763930E-01
  0.17251000E+01  0.30543349E+01  0.30514099E+01  0.41207076E+01  0.67386497E-01  0.24796228E-01  0.28584667E-01
  0.17371000E+01  0.31017027E+01  0.30969286E+01  0.41418041E+01  0.66415991E-01  0.24796228E-01  0.27525394E-01
  0.17491000E+01  0.31490036E+01  0.31427246E+01  0.41628225E+01  0.65452525E-01  0.25767053E-01  0.26493777E-01
  0.17611000E+01  0.31961670E+01  0.31887471E+01  0.41837501E+01  0.64498797E-01  0.25767053E-01  0.24534063E-01
  0.17731000E+01  0.32431652E+01  0.32349773E+01  0.42045698E+01  0.63557909E-01  0.25767053E-01  0.22544983E-01
  0.17850000E+01  0.32899816E+01  0.32813741E+01  0.42252750E+01  0.63422195E-01  0.26704566E-01  0.21644072E-01
  0.17970000E+01  0.33366004E+01  0.33279091E+01  0.42458853E+01  0.62531829E-01  0.26704566E-01  0.19627404E-01
  0.18090000E+01  0.33830553E+01  0.33745732E+01  0.42664197E+01  0.61692073E-01  0.27611852E-01  0.17578879E-01
  0.18210000E+01  0.34293711E+01  0.34213661E+01  0.42868839E+01  0.60833178E-01  0.29244635E-01  0.15518785E-01
  0.18330000E+01  0.34756014E+01  0.34682879E+01  0.43073054E+01  0.60000000E-01  0.29244635E-01  0.12040546E-01
  0.18449000E+01  0.35217955E+01  0.35153516E+01  0.43277118E+01  0.59184920E-01  0.30842328E-01  0.10534573E-01
  0.18569000E+01  0.35680373E+01  0.35625611E+01  0.43481126E+01  0.58366127E-01  0.31641583E-01  0.89507689E-02
  0.18689000E+01  0.36143815E+01  0.36099405E+01  0.43685290E+01  0.57609304E-01  0.32403703E-01  0.72878589E-02
  0.18809000E+01  0.36608992E+01  0.36575208E+01  0.43889772E+01  0.56814453E-01  0.33928392E-01  0.37423915E-02
  0.18929000E+01  0.37076644E+01  0.37053129E+01  0.44094406E+01  0.56131819E-01  0.34706427E-01  0.18850439E-02
  0.19048000E+01  0.37547266E+01  0.37533424E+01  0.44299255E+01  0.55371888E-01  0.36190349E-01  0.00000000E+00
  0.19168000E+01  0.38021388E+01  0.38016241E+01  0.44504223E+01  0.54624044E-01  0.37773803E-01  0.20342386E-02
  0.19288000E+01  0.38499177E+01  0.38501695E+01  0.44709011E+01  0.54066206E-01  0.38580908E-01  0.43884212E-02
  0.19408000E+01  0.38980812E+01  0.38989801E+01  0.44913380E+01  0.52473271E-01  0.39396466E-01  0.64457424E-02
  0.19528000E+01  0.39466160E+01  0.39480353E+01  0.45116772E+01  0.51794352E-01  0.41047642E-01  0.91017972E-02
  0.19647000E+01  0.39954998E+01  0.39973197E+01  0.45318921E+01  0.50229006E-01  0.41880707E-01  0.11897378E-01
  0.19767000E+01  0.40446647E+01  0.40467809E+01  0.45519015E+01  0.49599869E-01  0.43555851E-01  0.14704685E-01
  0.19887000E+01  0.40940419E+01  0.40963684E+01  0.45716527E+01  0.48087841E-01  0.43905503E-01  0.15941710E-01
  0.20007000E+01  0.41435151E+01  0.41459915E+01  0.45910662E+01  0.46237883E-01  0.44293825E-01  0.20088638E-01
  0.20127000E+01  0.41929650E+01  0.41955672E+01  0.46100573E+01  0.44767840E-01  0.46043869E-01  0.21540787E-01
  0.20246000E+01  0.42422464E+01  0.42449692E+01  0.46285353E+01  0.42897266E-01  0.46502048E-01  0.23038851E-01
  0.20366000E+01  0.42911846E+01  0.42940666E+01  0.46463933E+01  0.41954501E-01  0.46996013E-01  0.26079039E-01
  0.20486000E+01  0.43396093E+01  0.43427076E+01  0.46635389E+01  0.40592178E-01  0.47167307E-01  0.27585816E-01
  0.20606000E+01  0.43873184E+01  0.43907247E+01  0.46798340E+01  0.38160589E-01  0.47755888E-01  0.29068449E-01
  0.20726000E+01  0.44341073E+01  0.44379372E+01  0.46951838E+01  0.36272033E-01  0.48377152E-01  0.30000000E-01
  0.20845000E+01  0.44797593E+01  0.44841541E+01  0.47094441E+01  0.34410421E-01  0.48761596E-01  0.32542541E-01
  0.20965000E+01  0.45240741E+01  0.45291822E+01  0.47225009E+01  0.32759922E-01  0.48507694E-01  0.33972817E-01
  0.21085000E+01  0.45668303E+01  0.45728144E+01  0.47342070E+01  0.30103584E-01  0.49030538E-01  0.35106346E-01
  0.21205000E+01  0.46078259E+01  0.46148580E+01  0.47444546E+01  0.29181518E-01  0.48835529E-01  0.36291641E-01
  0.21325000E+01  0.46468668E+01  0.46551199E+01  0.47531016E+01  0.26488957E-01  0.48498263E-01  0.37511422E-01
  0.21444000E+01  0.46837696E+01  0.46933998E+01  0.47600198E+01  0.24639537E-01  0.48357899E-01  0.38751320E-01
  0.21564000E+01  0.47183716E+01  0.47295295E+01  0.47651073E+01  0.22739464E-01  0.48137945E-01  0.38751320E-01
  0.21684000E+01  0.47505299E+01  0.47633423E+01  0.47682474E+01  0.20795565E-01  0.48059769E-01  0.40077747E-01
  0.21804000E+01  0.47801206E+01  0.47947073E+01  0.47693505E+01  0.18818935E-01  0.47969641E-01  0.40173885E-01
  0.21924000E+01  0.48070540E+01  0.48234917E+01  0.47683274E+01  0.16272108E-01  0.47958315E-01  0.40474100E-01
  0.22043000E+01  0.48312576E+01  0.48495966E+01  0.47651193E+01  0.14142136E-01  0.46916263E-01  0.40674321E-01
  0.22163000E+01  0.48526976E+01  0.48729562E+01  0.47596858E+01  0.12687680E-01  0.47012553E-01  0.41163421E-01
  0.22283000E+01  0.48713640E+01  0.48935123E+01  0.47519957E+01  0.10534573E-01  0.46031271E-01  0.41447292E-01
  0.22403000E+01  0.48872719E+01  0.49112513E+01  0.47420513E+01  0.89507689E-02  0.45064137E-01  0.42081164E-01
  0.22523000E+01  0.49004732E+01  0.49261841E+01  0.47298712E+01  0.72878589E-02  0.45210957E-01  0.41357812E-01
  0.22642000E+01  0.49110535E+01  0.49383380E+01  0.47154977E+01  0.55487526E-02  0.44299242E-01  0.42141597E-01
  0.22762000E+01  0.49190975E+01  0.49477784E+01  0.46989997E+01  0.37423915E-02  0.43415271E-01  0.41544124E-01
  0.22882000E+01  0.49247445E+01  0.49545902E+01  0.46804456E+01  0.18850439E-02  0.42564882E-01  0.40997273E-01
  0.23002000E+01  0.49281354E+01  0.49588960E+01  0.46599533E+01  0.00000000E+00  0.41447292E-01  0.40502254E-01
  0.23122000E+01  0.49294350E+01  0.49608111E+01  0.46376366E+01  0.18850439E-02  0.40637271E-01  0.40059345E-01
  0.23241000E+01  0.49288307E+01  0.49604823E+01  0.46136434E+01  0.37423915E-02  0.39877621E-01  0.38745191E-01
  0.23361000E+01  0.49264873E+01  0.49580954E+01  0.45881049E+01  0.37423915E-02  0.38748798E-01  0.38432187E-01
  0.23481000E+01  0.49226230E+01  0.49538126E+01  0.45611719E+01  0.59506467E-02  0.38059534E-01  0.37543055E-01
  0.23601000E+01  0.49174218E+01  0.49478245E+01  0.45330088E+01  0.77817175E-02  0.36931572E-01  0.36460275E-01
  0.23721000E+01  0.49110832E+01  0.49403267E+01  0.45037608E+01  0.95138049E-02  0.36931572E-01  0.35621313E-01
  0.23840000E+01  0.49037908E+01  0.49315135E+01  0.44735802E+01  0.10176119E-01  0.36332643E-01  0.34794542E-01
  0.23960000E+01  0.48957275E+01  0.49215754E+01  0.44426215E+01  0.11853796E-01  0.35221718E-01  0.33184180E-01
  0.24080000E+01  0.48870712E+01  0.49107121E+01  0.44110015E+01  0.12671035E-01  0.34105965E-01  0.32403703E-01
  0.24200000E+01  0.48779667E+01  0.48991039E+01  0.43788492E+01  0.14251768E-01  0.32988500E-01  0.31641583E-01
  0.24320000E+01  0.48685667E+01  0.48869267E+01  0.43462650E+01  0.15191730E-01  0.31873046E-01  0.30083011E-01
  0.24439000E+01  0.48589796E+01  0.48743490E+01  0.43133442E+01  0.16248246E-01  0.30763930E-01  0.29345995E-01
  0.24559000E+01  0.48493210E+01  0.48615169E+01  0.42801517E+01  0.17672311E-01  0.30763930E-01  0.28632218E-01
  0.24679000E+01  0.48396809E+01  0.48485647E+01  0.42467500E+01  0.18791298E-01  0.29666033E-01  0.27061858E-01
  0.24799000E+01  0.48301240E+01  0.48356237E+01  0.42131836E+01  0.18791298E-01  0.28584667E-01  0.25469262E-01
  0.24919000E+01  0.48207060E+01  0.48227809E+01  0.41794851E+01  0.20000000E-01  0.27525394E-01  0.24812505E-01
  0.25038000E+01  0.48114436E+01  0.48101272E+01  0.41456719E+01  0.21286448E-01  0.27525394E-01  0.23858726E-01
  0.25158000E+01  0.48023773E+01  0.47977361E+01  0.41117487E+01  0.21286448E-01  0.26493777E-01  0.23225303E-01
  0.25278000E+01  0.47934979E+01  0.47856556E+01  0.40777471E+01  0.22634278E-01  0.25495098E-01  0.21630487E-01
  0.25398000E+01  0.47847880E+01  0.47739166E+01  0.40436648E+01  0.22634278E-01  0.24534063E-01  0.20606863E-01
  0.25518000E+01  0.47762395E+01  0.47625435E+01  0.40095099E+01  0.23038851E-01  0.23614557E-01  0.20606863E-01
  0.25637000E+01  0.47678062E+01  0.47515370E+01  0.39753175E+01  0.23038851E-01  0.23614557E-01  0.18979793E-01
  0.25757000E+01  0.47594491E+01  0.47408836E+01  0.39410977E+01  0.24558357E-01  0.21644072E-01  0.18979793E-01
  0.25877000E+01  0.47511138E+01  0.47305741E+01  0.39068900E+01  0.23676045E-01  0.20795565E-01  0.17890248E-01
  0.25997000E+01  0.47427556E+01  0.47205621E+01  0.38727479E+01  0.23676045E-01  0.20000000E-01  0.17890248E-01
  0.26117000E+01  0.47343137E+01  0.47108236E+01  0.38387337E+01  0.24567324E-01  0.18818935E-01  0.16246262E-01
  0.26236000E+01  0.47257094E+01  0.47012972E+01  0.38049262E+01  0.24567324E-01  0.18069261E-01  0.16246262E-01
  0.26356000E+01  0.47168999E+01  0.46919346E+01  0.37714169E+01  0.23877944E-01  0.17375852E-01  0.16246262E-01
  0.26476000E+01  0.47078225E+01  0.46826889E+01  0.37382979E+01  0.23877944E-01  0.16134676E-01  0.15093623E-01
  0.26596000E+01  0.46984157E+01  0.46735053E+01  0.37056968E+01  0.23271175E-01  0.15502014E-01  0.15093623E-01
  0.26716000E+01  0.46886411E+01  0.46643112E+01  0.36737293E+01  0.21213203E-01  0.13652696E-01  0.14626723E-01
  0.26835000E+01  0.46784373E+01  0.46550700E+01  0.36425147E+01  0.21213203E-01  0.12332061E-01  0.14626723E-01
  0.26955000E+01  0.46677803E+01  0.46457396E+01  0.36121968E+01  0.20581710E-01  0.11845355E-01  0.13454552E-01
  0.27075000E+01  0.46566502E+01  0.46362673E+01  0.35828835E+01  0.20581710E-01  0.10503703E-01  0.13040743E-01
  0.27195000E+01  0.46450308E+01  0.46266289E+01  0.35547152E+01  0.18173540E-01  0.87463252E-02  0.13040743E-01
  0.27315000E+01  0.46329322E+01  0.46167973E+01  0.35277970E+01  0.18173540E-01  0.87463252E-02  0.11856197E-01
  0.27434000E+01  0.46203538E+01  0.46067665E+01  0.35022298E+01  0.15537740E-01  0.73588245E-02  0.11496341E-01
  0.27554000E+01  0.46073399E+01  0.45965280E+01  0.34781045E+01  0.15537740E-01  0.56969757E-02  0.10306589E-01
  0.27674000E+01  0.45939350E+01  0.45860977E+01  0.34555007E+01  0.12720196E-01  0.42971902E-02  0.10000000E-01
  0.27794000E+01  0.45802069E+01  0.45755038E+01  0.34344600E+01  0.12720196E-01  0.42971902E-02  0.88117687E-02
  0.27914000E+01  0.45662171E+01  0.45647803E+01  0.34150404E+01  0.12720196E-01  0.28768478E-02  0.85564280E-02
  0.28033000E+01  0.45520697E+01  0.45539664E+01  0.33972556E+01  0.10000000E-01  0.14421265E-02  0.73756610E-02
  0.28153000E+01  0.45378682E+01  0.45431274E+01  0.33810975E+01  0.12247449E-01  0.00000000E+00  0.61767897E-02
  0.28273000E+01  0.45237060E+01  0.45323379E+01  0.33665750E+01  0.12247449E-01  0.13857274E-02  0.48179311E-02
  0.28393000E+01  0.45097284E+01  0.45216691E+01  0.33536522E+01  0.12496211E-01  0.14421265E-02  0.48179311E-02
  0.28513000E+01  0.44960427E+01  0.45112059E+01  0.33422821E+01  0.12496211E-01  0.28768478E-02  0.36240620E-02
  0.28632000E+01  0.44827796E+01  0.45010411E+01  0.33324218E+01  0.14316109E-01  0.42971902E-02  0.24211853E-02
  0.28752000E+01  0.44700524E+01  0.44912458E+01  0.33240179E+01  0.14316109E-01  0.56969757E-02  0.12121544E-02
  0.28872000E+01  0.44579829E+01  0.44819038E+01  0.33169819E+01  0.15941710E-01  0.56969757E-02  0.00000000E+00
  0.28992000E+01  0.44466769E+01  0.44731135E+01  0.33112572E+01  0.15941710E-01  0.70710678E-02  0.12121544E-02
  0.29112000E+01  0.44362288E+01  0.44649238E+01  0.33067691E+01  0.18708287E-01  0.87463252E-02  0.24211853E-02
  0.29232000E+01  0.44266930E+01  0.44574131E+01  0.33034238E+01  0.18708287E-01  0.87463252E-02  0.36240620E-02
  0.29351000E+01  0.44181598E+01  0.44506127E+01  0.33011544E+01  0.20000000E-01  0.10095555E-01  0.49619679E-02
  0.29471000E+01  0.44106409E+01  0.44445508E+01  0.32998706E+01  0.21286448E-01  0.11845355E-01  0.61767897E-02
  0.29591000E+01  0.44041566E+01  0.44392477E+01  0.32995039E+01  0.22422517E-01  0.11845355E-01  0.76009684E-02
  0.29711000E+01  0.43987000E+01  0.44346788E+01  0.32999498E+01  0.23684958E-01  0.13652696E-01  0.76009684E-02
  0.29831000E+01  0.43942274E+01  0.44308332E+01  0.33011451E+01  0.24986830E-01  0.13652696E-01  0.90897630E-02
  0.29950000E+01  0.43907008E+01  0.44276528E+01  0.33030122E+01  0.24986830E-01  0.15502014E-01  0.10640342E-01
  0.30070000E+01  0.43880408E+01  0.44250648E+01  0.33054550E+01  0.26314310E-01  0.15502014E-01  0.11005010E-01
  0.30190000E+01  0.43861462E+01  0.44229958E+01  0.33084051E+01  0.27654683E-01  0.16134676E-01  0.12674128E-01
  0.30310000E+01  0.43849230E+01  0.44213270E+01  0.33117921E+01  0.27654683E-01  0.18069261E-01  0.13140822E-01
  0.30430000E+01  0.43842387E+01  0.44199546E+01  0.33155388E+01  0.28997115E-01  0.18069261E-01  0.14391205E-01
  0.30549000E+01  0.43839795E+01  0.44187481E+01  0.33195690E+01  0.28997115E-01  0.18818935E-01  0.14922507E-01
  0.30669000E+01  0.43839939E+01  0.44175842E+01  0.33238059E+01  0.29690188E-01  0.20795565E-01  0.15502014E-01
  0.30789000E+01  0.43841588E+01  0.44163121E+01  0.33281969E+01  0.29690188E-01  0.20795565E-01  0.16134676E-01
  0.30909000E+01  0.43843236E+01  0.44148089E+01  0.33326753E+01  0.30520604E-01  0.21644072E-01  0.16825433E-01
  0.31029000E+01  0.43843664E+01  0.44129330E+01  0.33371629E+01  0.30520604E-01  0.21644072E-01  0.17578879E-01
  0.31148000E+01  0.43841507E+01  0.44105549E+01  0.33416176E+01  0.31477495E-01  0.22544983E-01  0.18398817E-01
  0.31268000E+01  0.43835579E+01  0.44075654E+01  0.33459779E+01  0.31477495E-01  0.23496377E-01  0.19287699E-01
  0.31388000E+01  0.43824723E+01  0.44038584E+01  0.33502154E+01  0.31060932E-01  0.23496377E-01  0.18009488E-01
  0.31508000E+01  0.43808077E+01  0.43993464E+01  0.33542776E+01  0.31060932E-01  0.23452079E-01  0.18999401E-01
  0.31628000E+01  0.43784493E+01  0.43939352E+01  0.33581270E+01  0.30699233E-01  0.23452079E-01  0.18791298E-01
  0.31747000E+01  0.43753383E+01  0.43875899E+01  0.33617581E+01  0.30699233E-01  0.24541150E-01  0.18791298E-01
  0.31867000E+01  0.43713998E+01  0.43802543E+01  0.33651434E+01  0.30402988E-01  0.24541150E-01  0.18708287E-01
  0.31987000E+01  0.43665786E+01  0.43719051E+01  0.33682592E+01  0.30402988E-01  0.24696193E-01  0.18708287E-01
  0.32107000E+01  0.43608348E+01  0.43625392E+01  0.33711318E+01  0.30182399E-01  0.24696193E-01  0.17320508E-01
  0.32227000E+01  0.43541258E+01  0.43521597E+01  0.33737491E+01  0.30182399E-01  0.24696193E-01  0.17320508E-01
  0.32346000E+01  0.43464334E+01  0.43407953E+01  0.33761459E+01  0.30182399E-01  0.25923258E-01  0.17462846E-01
  0.32466000E+01  0.43377323E+01  0.43284823E+01  0.33783169E+01  0.30046119E-01  0.24986830E-01  0.17462846E-01
  0.32586000E+01  0.43280271E+01  0.43152520E+01  0.33803145E+01  0.28339246E-01  0.24986830E-01  0.16004852E-01
  0.32706000E+01  0.43173201E+01  0.43011906E+01  0.33821509E+01  0.28339246E-01  0.24986830E-01  0.16004852E-01
  0.32826000E+01  0.43056070E+01  0.42863285E+01  0.33838802E+01  0.28339246E-01  0.25440393E-01  0.16004852E-01
  0.32945000E+01  0.42929147E+01  0.42707589E+01  0.33855325E+01  0.28339246E-01  0.25440393E-01  0.14426153E-01
  0.33065000E+01  0.42792642E+01  0.42545517E+01  0.33871311E+01  0.28284271E-01  0.25440393E-01  0.12247449E-01
  0.33185000E+01  0.42646797E+01  0.42377697E+01  0.33887224E+01  0.28284271E-01  0.25440393E-01  0.12247449E-01
  0.33305000E+01  0.42491997E+01  0.42204960E+01  0.33903386E+01  0.28284271E-01  0.24558357E-01  0.12247449E-01
  0.33425000E+01  0.42328575E+01  0.42028220E+01  0.33920065E+01  0.26457513E-01  0.24558357E-01  0.10000000E-01
  0.33544000E+01  0.42157096E+01  0.41847969E+01  0.33937492E+01  0.26457513E-01  0.24558357E-01  0.10000000E-01
  0.33664000E+01  0.41978248E+01  0.41665161E+01  0.33955846E+01  0.26457513E-01  0.26079039E-01  0.10000000E-01
  0.33784000E+01  0.41792374E+01  0.41480341E+01  0.33975287E+01  0.26524581E-01  0.25308348E-01  0.10000000E-01
  0.33904000E+01  0.41600383E+01  0.41294170E+01  0.33995830E+01  0.26524581E-01  0.25308348E-01  0.78615138E-02
  0.34024000E+01  0.41402840E+01  0.41107392E+01  0.34017637E+01  0.26524581E-01  0.25308348E-01  0.78615138E-02
  0.34143000E+01  0.41200751E+01  0.40920562E+01  0.34040631E+01  0.26524581E-01  0.25308348E-01  0.78615138E-02
  0.34263000E+01  0.40994897E+01  0.40734154E+01  0.34064862E+01  0.26524581E-01  0.25308348E-01  0.78615138E-02
  0.34383000E+01  0.40786231E+01  0.40548668E+01  0.34090418E+01  0.26524581E-01  0.24567324E-01  0.78615138E-02
  0.34503000E+01  0.40575709E+01  0.40364730E+01  0.34117185E+01  0.26720881E-01  0.24567324E-01  0.78615138E-02
  0.34623000E+01  0.40364316E+01  0.40182647E+01  0.34145300E+01  0.26720881E-01  0.24567324E-01  0.78615138E-02
  0.34742000E+01  0.40153071E+01  0.40002877E+01  0.34174810E+01  0.26720881E-01  0.24567324E-01  0.78615138E-02
  0.34862000E+01  0.39942954E+01  0.39825768E+01  0.34205993E+01  0.26720881E-01  0.24567324E-01  0.10397783E-01
  0.34982000E+01  0.39735109E+01  0.39651679E+01  0.34239218E+01  0.25207344E-01  0.24567324E-01  0.10397783E-01
  0.35102000E+01  0.39530321E+01  0.39480822E+01  0.34274527E+01  0.25207344E-01  0.24567324E-01  0.10397783E-01
  0.35222000E+01  0.39329836E+01  0.39313745E+01  0.34312679E+01  0.25207344E-01  0.24567324E-01  0.10397783E-01
  0.35341000E+01  0.39134292E+01  0.39150416E+01  0.34354055E+01  0.25701267E-01  0.24567324E-01  0.12247449E-01
  0.35461000E+01  0.38944569E+01  0.38991223E+01  0.34399429E+01  0.25701267E-01  0.23877944E-01  0.12247449E-01
  0.35581000E+01  0.38761452E+01  0.38836250E+01  0.34449426E+01  0.23877944E-01  0.23877944E-01  0.12247449E-01
  0.35701000E+01  0.38585720E+01  0.38685740E+01  0.34504830E+01  0.23877944E-01  0.23877944E-01  0.12247449E-01
  0.35821000E+01  0.38417718E+01  0.38539740E+01  0.34566640E+01  0.23877944E-01  0.23877944E-01  0.12247449E-01
  0.35940000E+01  0.38257748E+01  0.38398453E+01  0.34635715E+01  0.22806933E-01  0.23877944E-01  0.12247449E-01
