    0.0000    0.0000    0.0000    0.0000    0.0000    0.0000    0.0000
    0.0120    3.0013    3.2630    3.1189    0.0000   -0.0001    0.0001
    0.0240    5.9823    6.4985    6.2213    0.0000   -0.0002    0.0002
    0.0359    8.9228    9.6794    9.2908    0.0000   -0.0004    0.0002
    0.0479   11.8032   12.7793   12.3112    0.0000   -0.0005    0.0003
    0.0599   14.6042   15.7733   15.2663    0.0000   -0.0006    0.0004
    0.0719   17.3074   18.6378   18.1404    0.0000   -0.0007    0.0004
    0.0839   19.8952   21.3512   20.9184    0.0000   -0.0008    0.0005
    0.0958   22.3514   23.8942   23.5857   -0.0000   -0.0008    0.0005
    0.1078   24.6611   26.2502   26.1285   -0.0000   -0.0009    0.0006
    0.1198   26.8109   28.4052   28.5339   -0.0001   -0.0010    0.0006
    0.1318   28.7892   30.3481   30.7904   -0.0001   -0.0010    0.0006
    0.1438   30.5866   32.0710   32.8878   -0.0002   -0.0010    0.0007
    0.1557   32.1955   33.5693   34.8177   -0.0002   -0.0011    0.0007
    0.1677   33.6108   34.8413   36.5731   -0.0003   -0.0011    0.0007
    0.1797   34.8297   35.8886   38.1496   -0.0004   -0.0011    0.0007
    0.1917   35.8515   36.7155   39.5443   -0.0004   -0.0011    0.0007
    0.2037   36.6782   37.3294   40.7568   -0.0005   -0.0011    0.0007
    0.2156   37.3139   37.7398   41.7887   -0.0005   -0.0010    0.0006
    0.2276   37.7646   37.9585   42.6441   -0.0006   -0.0010    0.0006
    0.2396   38.0386   37.9992   43.3290   -0.0006   -0.0010    0.0006
    0.2516   38.1456   37.8769   43.8513   -0.0007   -0.0009    0.0005
    0.2636   38.0970   37.6076   44.2210   -0.0007   -0.0009    0.0005
    0.2755   37.9052   37.2079   44.4492   -0.0008   -0.0008    0.0005
    0.2875   37.5834   36.6948   44.5487   -0.0008   -0.0008    0.0004
    0.2995   37.1454   36.0849   44.5334   -0.0008   -0.0007    0.0004
    0.3115   36.6051   35.3943   44.4177   -0.0008   -0.0007    0.0003
    0.3235   35.9765   34.6386   44.2168   -0.0008   -0.0006    0.0003
    0.3354   35.2732   33.8322   43.9457   -0.0008   -0.0006    0.0002
    0.3474   34.5079   32.9882   43.6200   -0.0008   -0.0006    0.0002
    0.3594   33.6931   32.1185   43.2547   -0.0008   -0.0005    0.0001
    0.3714   32.8401   31.2337   42.8645   -0.0007   -0.0005    0.0001
    0.3834   31.9591   30.3428   42.4639   -0.0007   -0.0004    0.0001
    0.3953   31.0597   29.4538   42.0667   -0.0007   -0.0004    0.0000
    0.4073   30.1502   28.5730   41.6861   -0.0006   -0.0004   -0.0000
    0.4193   29.2379   27.7058   41.3346   -0.0006   -0.0004   -0.0000
    0.4313   28.3293   26.8566   41.0243   -0.0005   -0.0003   -0.0001
    0.4433   27.4301   26.0288   40.7667   -0.0005   -0.0003   -0.0001
    0.4552   26.5452   25.2251   40.5727   -0.0004   -0.0003   -0.0001
    0.4672   25.6788   24.4476   40.4526   -0.0003   -0.0003   -0.0002
    0.4792   24.8347   23.6981   40.4161   -0.0003   -0.0003   -0.0002
    0.4912   24.0161   22.9779   40.4724   -0.0002   -0.0003   -0.0002
    0.5032   23.2260   22.2882   40.6300   -0.0002   -0.0003   -0.0002
    0.5151   22.4670   21.6301   40.8966   -0.0001   -0.0003   -0.0002
    0.5271   21.7414   21.0042   41.2788   -0.0001   -0.0003   -0.0003
    0.5391   21.0511   20.4116   41.7824   -0.0000   -0.0003   -0.0003
    0.5511   20.3981   19.8529   42.4117    0.0000   -0.0003   -0.0003
    0.5631   19.7839   19.3289   43.1695    0.0001   -0.0003   -0.0003
    0.5750   19.2097   18.8400   44.0571    0.0001   -0.0003   -0.0003
    0.5870   18.6765   18.3866   45.0737    0.0002   -0.0003   -0.0003
    0.5990   18.1849   17.9689   46.2165    0.0002   -0.0002   -0.0003
    0.6110   17.7351   17.5870   47.4807    0.0003   -0.0002   -0.0003
    0.6230   17.3272   17.2405   48.8591    0.0003   -0.0002   -0.0003
    0.6349   16.9605   16.9289   50.3424    0.0004   -0.0002   -0.0003
    0.6469   16.6342   16.6513   51.9190    0.0004   -0.0002   -0.0003
    0.6589   16.3471   16.4066   53.5752    0.0004   -0.0002   -0.0003
    0.6709   16.0975   16.1933   55.2957    0.0005   -0.0002   -0.0003
    0.6829   15.8837   16.0098   57.0633    0.0005   -0.0002   -0.0003
    0.6948   15.7034   15.8541   58.8598    0.0005   -0.0002   -0.0003
    0.7068   15.5543   15.7241   60.6658    0.0006   -0.0002   -0.0003
    0.7188   15.4339   15.6176   62.4616    0.0006   -0.0002   -0.0003
    0.7308   15.3397   15.5322   64.2274    0.0006   -0.0002   -0.0003
    0.7428   15.2691   15.4658   65.9436    0.0006   -0.0002   -0.0003
    0.7547   15.2195   15.4160   67.5916    0.0007   -0.0002   -0.0003
    0.7667   15.1887   15.3808   69.1535    0.0007   -0.0002   -0.0003
    0.7787   15.1743   15.3581   70.6132    0.0007   -0.0002   -0.0003
    0.7907   15.1742   15.3464   71.9562    0.0007   -0.0002   -0.0003
    0.8027   15.1868   15.3440   73.1699    0.0007   -0.0002   -0.0003
    0.8146   15.2103   15.3498   74.2440    0.0007   -0.0002   -0.0003
    0.8266   15.2436   15.3629   75.1701    0.0007   -0.0002   -0.0003
    0.8386   15.2855   15.3826   75.9424    0.0007   -0.0002   -0.0003
    0.8506   15.3353   15.4086   76.5570    0.0007   -0.0002   -0.0003
    0.8626   15.3925   15.4409   77.0124    0.0007   -0.0002   -0.0003
    0.8745   15.4567   15.4797   77.3087    0.0007   -0.0002   -0.0003
    0.8865   15.5279   15.5255   77.4482    0.0007   -0.0001   -0.0003
    0.8985   15.6061   15.5788   77.4344    0.0007   -0.0001   -0.0003
    0.9105   15.6916   15.6406   77.2727    0.0007   -0.0001   -0.0003
    0.9225   15.7848   15.7117   76.9692    0.0007   -0.0001   -0.0003
    0.9344   15.8860   15.7932   76.5313    0.0007   -0.0001   -0.0003
    0.9464   15.9957   15.8861   75.9670    0.0007   -0.0001   -0.0003
    0.9584   16.1146   15.9914   75.2848    0.0008   -0.0000   -0.0003
    0.9704   16.2430   16.1101   74.4937    0.0008   -0.0000   -0.0003
    0.9824   16.3817   16.2431   73.6029    0.0008   -0.0000   -0.0003
    0.9944   16.5310   16.3912   72.6218    0.0008    0.0000   -0.0003
    1.0063   16.6914   16.5549   71.5595    0.0009    0.0000   -0.0004
    1.0183   16.8633   16.7347   70.4255    0.0009    0.0001   -0.0004
    1.0303   17.0470   16.9306   69.2288    0.0009    0.0001   -0.0004
    1.0423   17.2426   17.1426   67.9783    0.0010    0.0001   -0.0004
    1.0543   17.4501   17.3704   66.6827    0.0010    0.0001   -0.0004
    1.0662   17.6695   17.6134   65.3507    0.0011    0.0002   -0.0005
    1.0782   17.9005   17.8708   63.9903    0.0011    0.0002   -0.0005
    1.0902   18.1428   18.1414   62.6097    0.0012    0.0002   -0.0005
    1.1022   18.3959   18.4240   61.2165    0.0013    0.0003   -0.0005
    1.1142   18.6589   18.7172   59.8184    0.0013    0.0003   -0.0006
    1.1261   18.9313   19.0194   58.4225    0.0014    0.0004   -0.0006
    1.1381   19.2119   19.3287   57.0358    0.0014    0.0004   -0.0006
    1.1501   19.4997   19.6435   55.6650    0.0015    0.0004   -0.0006
    1.1621   19.7935   19.9619   54.3164    0.0016    0.0005   -0.0006
    1.1741   20.0921   20.2822   52.9959    0.0017    0.0005   -0.0006
    1.1860   20.3943   20.6027   51.7093    0.0018    0.0006   -0.0006
    1.1980   20.6986   20.9221   50.4618    0.0018    0.0006   -0.0006
    1.2100   21.0038   21.2388   49.2581    0.0020    0.0007   -0.0006
    1.2220   21.3088   21.5519   48.1025    0.0021    0.0007   -0.0006
    1.2340   21.6123   21.8605   46.9991    0.0022    0.0007   -0.0005
    1.2459   21.9134   22.1641   45.9509    0.0023    0.0008   -0.0005
    1.2579   22.2113   22.4623   44.9610    0.0025    0.0008   -0.0004
    1.2699   22.5053   22.7553   44.0315    0.0026    0.0009   -0.0004
    1.2819   22.7952   23.0433   43.1642    0.0028    0.0009   -0.0003
    1.2939   23.0806   23.3268   42.3604    0.0030    0.0009   -0.0002
    1.3058   23.3619   23.6068   41.6207    0.0032    0.0010   -0.0002
    1.3178   23.6394   23.8843   40.9453    0.0035    0.0010   -0.0001
    1.3298   23.9137   24.1605   40.3339    0.0037    0.0010    0.0000
    1.3418   24.1857   24.4367   39.7858    0.0040    0.0011    0.0001
    1.3538   24.4568   24.7145   39.2998    0.0043    0.0011    0.0002
    1.3657   24.7282   24.9953   38.8744    0.0045    0.0011    0.0003
    1.3777   25.0016   25.2806   38.5075    0.0048    0.0012    0.0003
    1.3897   25.2786   25.5720   38.1971    0.0051    0.0012    0.0004
    1.4017   25.5611   25.8709   37.9407    0.0054    0.0012    0.0005
    1.4137   25.8511   26.1787   37.7355    0.0056    0.0013    0.0005
    1.4256   26.1504   26.4965   37.5787    0.0058    0.0013    0.0006
    1.4376   26.4608   26.8255   37.4671    0.0060    0.0013    0.0006
    1.4496   26.7843   27.1665   37.3976    0.0062    0.0013    0.0007
    1.4616   27.1223   27.5203   37.3669    0.0064    0.0014    0.0007
    1.4736   27.4764   27.8876   37.3715    0.0065    0.0014    0.0007
    1.4855   27.8479   28.2686   37.4082    0.0065    0.0014    0.0006
    1.4975   28.2375   28.6635   37.4734    0.0066    0.0015    0.0006
    1.5095   28.6461   29.0726   37.5638    0.0065    0.0015    0.0005
    1.5215   29.0740   29.4955   37.6760    0.0065    0.0015    0.0004
    1.5335   29.5212   29.9320   37.8066    0.0064    0.0015    0.0003
    1.5454   29.9873   30.3817   37.9524    0.0062    0.0015    0.0002
    1.5574   30.4718   30.8440   38.1102    0.0060    0.0015    0.0001
    1.5694   30.9735   31.3181   38.2769    0.0058    0.0016   -0.0000
    1.5814   31.4912   31.8034   38.4498    0.0055    0.0016   -0.0001
    1.5934   32.0233   32.2987   38.6262    0.0052    0.0016   -0.0003
    1.6053   32.5679   32.8032   38.8034    0.0049    0.0016   -0.0004
    1.6173   33.1230   33.3157   38.9793    0.0045    0.0016   -0.0006
    1.6293   33.6863   33.8351   39.1517    0.0042    0.0015   -0.0007
    1.6413   34.2555   34.3600   39.3189    0.0038    0.0015   -0.0008
    1.6533   34.8282   34.8894   39.4792    0.0035    0.0015   -0.0010
    1.6652   35.4020   35.4219   39.6314    0.0031    0.0015   -0.0011
    1.6772   35.9747   35.9563   39.7744    0.0028    0.0015   -0.0012
    1.6892   36.5441   36.4913   39.9074    0.0025    0.0015   -0.0012
    1.7012   37.1082   37.0257   40.0297    0.0022    0.0015   -0.0013
    1.7132   37.6652   37.5583   40.1412    0.0019    0.0015   -0.0013
    1.7251   38.2138   38.0881   40.2416    0.0016    0.0015   -0.0013
    1.7371   38.7526   38.6142   40.3310    0.0014    0.0015   -0.0013
    1.7491   39.2808   39.1355   40.4094    0.0012    0.0016   -0.0013
    1.7611   39.7977   39.6512   40.4774    0.0010    0.0016   -0.0013
    1.7731   40.3032   40.1609   40.5352    0.0008    0.0016   -0.0012
    1.7850   40.7973   40.6639   40.5831    0.0006    0.0017   -0.0012
    1.7970   41.2801   41.1597   40.6216    0.0004    0.0017   -0.0011
    1.8090   41.7522   41.6480   40.6512    0.0003    0.0018   -0.0010
    1.8210   42.2142   42.1287   40.6720    0.0001    0.0019   -0.0009
    1.8330   42.6668   42.6016   40.6843   -0.0000    0.0019   -0.0007
    1.8449   43.1106   43.0666   40.6884   -0.0002    0.0020   -0.0006
    1.8569   43.5466   43.5235   40.6841   -0.0003    0.0021   -0.0005
    1.8689   43.9751   43.9722   40.6714   -0.0005    0.0021   -0.0004
    1.8809   44.3966   44.4127   40.6501   -0.0006    0.0022   -0.0002
    1.8929   44.8114   44.8446   40.6197   -0.0008    0.0022   -0.0001
    1.9048   45.2193   45.2676   40.5798   -0.0009    0.0023    0.0000
    1.9168   45.6200   45.6810   40.5297   -0.0010    0.0023    0.0001
    1.9288   46.0126   46.0842   40.4688   -0.0012    0.0023    0.0002
    1.9408   46.3961   46.4762   40.3961   -0.0013    0.0023    0.0003
    1.9528   46.7689   46.8557   40.3107   -0.0014    0.0023    0.0004
    1.9647   47.1293   47.2213   40.2118   -0.0015    0.0023    0.0005
    1.9767   47.4750   47.5711   40.0981   -0.0016    0.0023    0.0006
    1.9887   47.8036   47.9033   39.9687   -0.0017    0.0022    0.0006
    2.0007   48.1122   48.2154   39.8224   -0.0017    0.0021    0.0007
    2.0127   48.3979   48.5051   39.6581   -0.0018    0.0021    0.0007
    2.0246   48.6577   48.7697   39.4748   -0.0018    0.0020    0.0007
    2.0366   48.8883   49.0065   39.2712   -0.0018    0.0019    0.0007
    2.0486   49.0868   49.2126   39.0466   -0.0019    0.0017    0.0007
    2.0606   49.2500   49.3853   38.7998   -0.0018    0.0016    0.0007
    2.0726   49.3751   49.5218   38.5301   -0.0018    0.0015    0.0006
    2.0845   49.4595   49.6195   38.2367   -0.0018    0.0013    0.0005
    2.0965   49.5011   49.6761   37.9192   -0.0017    0.0012    0.0005
    2.1085   49.4979   49.6895   37.5771   -0.0016    0.0010    0.0004
    2.1205   49.4487   49.6582   37.2105   -0.0016    0.0009    0.0003
    2.1325   49.3525   49.5808   36.8193   -0.0015    0.0007    0.0002
    2.1444   49.2091   49.4565   36.4039   -0.0014    0.0006    0.0001
    2.1564   49.0188   49.2851   35.9651   -0.0013    0.0004   -0.0001
    2.1684   48.7824   49.0668   35.5038   -0.0012    0.0003   -0.0002
    2.1804   48.5012   48.8026   35.0212   -0.0011    0.0001   -0.0003
    2.1924   48.1773   48.4937   34.5188   -0.0009    0.0000   -0.0005
    2.2043   47.8131   48.1420   33.9986   -0.0008   -0.0001   -0.0006
    2.2163   47.4115   47.7499   33.4626   -0.0007   -0.0003   -0.0008
    2.2283   46.9758   47.3201   32.9130   -0.0006   -0.0004   -0.0009
    2.2403   46.5095   46.8559   32.3524   -0.0005   -0.0005   -0.0011
    2.2523   46.0165   46.3608   31.7833   -0.0004   -0.0006   -0.0012
    2.2642   45.5009   45.8384   31.2085   -0.0003   -0.0007   -0.0014
    2.2762   44.9666   45.2927   30.6307   -0.0002   -0.0008   -0.0015
    2.2882   44.4176   44.7277   30.0525   -0.0001   -0.0009   -0.0016
    2.3002   43.8581   44.1476   29.4765   -0.0000   -0.0009   -0.0017
    2.3122   43.2917   43.5562   28.9052    0.0001   -0.0010   -0.0018
    2.3241   42.7221   42.9573   28.3410    0.0002   -0.0011   -0.0019
    2.3361   42.1524   42.3548   27.7859    0.0002   -0.0011   -0.0020
    2.3481   41.5859   41.7521   27.2416    0.0003   -0.0012   -0.0020
    2.3601   41.0249   41.1523   26.7098    0.0004   -0.0012   -0.0021
    2.3721   40.4719   40.5584   26.1917    0.0005   -0.0012   -0.0021
    2.3840   39.9285   39.9728   25.6882    0.0005   -0.0013   -0.0021
    2.3960   39.3964   39.3977   25.2001    0.0006   -0.0013   -0.0021
    2.4080   38.8766   38.8350   24.7278    0.0006   -0.0013   -0.0021
    2.4200   38.3698   38.2862   24.2715    0.0007   -0.0013   -0.0021
    2.4320   37.8765   37.7522   23.8312    0.0007   -0.0013   -0.0020
    2.4439   37.3967   37.2340   23.4067    0.0007   -0.0013   -0.0020
    2.4559   36.9302   36.7319   22.9976    0.0008   -0.0013   -0.0020
    2.4679   36.4767   36.2461   22.6037    0.0008   -0.0013   -0.0019
    2.4799   36.0357   35.7765   22.2244    0.0008   -0.0013   -0.0018
    2.4919   35.6062   35.3228   21.8593    0.0008   -0.0013   -0.0018
    2.5038   35.1874   34.8843   21.5080    0.0008   -0.0013   -0.0017
    2.5158   34.7784   34.4604   21.1700    0.0008   -0.0013   -0.0017
    2.5278   34.3782   34.0502   20.8451    0.0008   -0.0013   -0.0016
    2.5398   33.9856   33.6528   20.5331    0.0008   -0.0013   -0.0015
    2.5518   33.5997   33.2670   20.2338    0.0007   -0.0013   -0.0015
    2.5637   33.2195   32.8919   19.9473    0.0007   -0.0013   -0.0014
    2.5757   32.8440   32.5263   19.6737    0.0007   -0.0012   -0.0014
    2.5877   32.4723   32.1692   19.4131    0.0006   -0.0012   -0.0013
    2.5997   32.1037   31.8194   19.1658    0.0006   -0.0012   -0.0013
    2.6117   31.7376   31.4760   18.9322    0.0005   -0.0011   -0.0012
    2.6236   31.3732   31.1382   18.7126    0.0005   -0.0011   -0.0012
    2.6356   31.0103   30.8049   18.5073    0.0004   -0.0011   -0.0012
    2.6476   30.6486   30.4756   18.3167    0.0004   -0.0010   -0.0011
    2.6596   30.2880   30.1498   18.1411    0.0003   -0.0010   -0.0011
    2.6716   29.9286   29.8268   17.9807    0.0003   -0.0009   -0.0011
    2.6835   29.5705   29.5065   17.8357    0.0003   -0.0008   -0.0011
    2.6955   29.2140   29.1887   17.7062    0.0002   -0.0008   -0.0010
    2.7075   28.8598   28.8733   17.5920    0.0002   -0.0007   -0.0010
    2.7195   28.5084   28.5605   17.4931    0.0002   -0.0006   -0.0010
    2.7315   28.1607   28.2506   17.4091    0.0002   -0.0006   -0.0009
    2.7434   27.8174   27.9439   17.3397    0.0002   -0.0005   -0.0009
    2.7554   27.4795   27.6408   17.2842    0.0002   -0.0004   -0.0008
    2.7674   27.1480   27.3419   17.2422    0.0002   -0.0003   -0.0008
    2.7794   26.8239   27.0479   17.2128    0.0002   -0.0003   -0.0007
    2.7914   26.5082   26.7593   17.1954    0.0002   -0.0002   -0.0007
    2.8033   26.2018   26.4767   17.1891    0.0002   -0.0001   -0.0006
    2.8153   25.9057   26.2009   17.1929    0.0003   -0.0000   -0.0005
    2.8273   25.6205   25.9324   17.2061    0.0003    0.0001   -0.0004
    2.8393   25.3470   25.6716   17.2277    0.0004    0.0001   -0.0004
    2.8513   25.0855   25.4190   17.2566    0.0004    0.0002   -0.0003
    2.8632   24.8364   25.1749   17.2922    0.0005    0.0003   -0.0002
    2.8752   24.5997   24.9393   17.3334    0.0005    0.0004   -0.0001
    2.8872   24.3752   24.7121   17.3793    0.0006    0.0004   -0.0000
    2.8992   24.1625   24.4933   17.4292    0.0006    0.0005    0.0001
    2.9112   23.9611   24.2822   17.4823    0.0007    0.0006    0.0002
    2.9232   23.7700   24.0785   17.5378    0.0007    0.0006    0.0003
    2.9351   23.5884   23.8811   17.5949    0.0008    0.0007    0.0004
    2.9471   23.4149   23.6893   17.6531    0.0008    0.0008    0.0005
    2.9591   23.2481   23.5019   17.7117    0.0009    0.0008    0.0006
    2.9711   23.0867   23.3176   17.7700    0.0009    0.0009    0.0006
    2.9831   22.9290   23.1352   17.8276    0.0009    0.0009    0.0007
    2.9950   22.7734   22.9532   17.8839    0.0009    0.0010    0.0008
    3.0070   22.6183   22.7703   17.9384    0.0009    0.0010    0.0008
    3.0190   22.4620   22.5850   17.9906    0.0009    0.0010    0.0009
    3.0310   22.3031   22.3959   18.0402    0.0009    0.0011    0.0009
    3.0430   22.1401   22.2019   18.0868    0.0009    0.0011    0.0010
    3.0549   21.9717   22.0017   18.1300    0.0009    0.0011    0.0010
    3.0669   21.7967   21.7945   18.1695    0.0008    0.0012    0.0010
    3.0789   21.6143   21.5793   18.2052    0.0008    0.0012    0.0010
    3.0909   21.4235   21.3557   18.2368    0.0007    0.0012    0.0010
    3.1029   21.2239   21.1233   18.2642    0.0007    0.0012    0.0010
    3.1148   21.0150   20.8820   18.2873    0.0006    0.0012    0.0010
    3.1268   20.7967   20.6318   18.3061    0.0006    0.0012    0.0010
    3.1388   20.5690   20.3732   18.3208    0.0005    0.0012    0.0009
    3.1508   20.3320   20.1066   18.3314    0.0005    0.0011    0.0009
    3.1628   20.0860   19.8327   18.3381    0.0004    0.0011    0.0008
    3.1747   19.8316   19.5526   18.3413    0.0004    0.0011    0.0008
    3.1867   19.5693   19.2670   18.3411    0.0003    0.0011    0.0007
    3.1987   19.2999   18.9772   18.3379    0.0003    0.0010    0.0007
    3.2107   19.0240   18.6844   18.3323    0.0002    0.0010    0.0006
    3.2227   18.7426   18.3896   18.3245    0.0002    0.0010    0.0006
    3.2346   18.4565   18.0942   18.3151    0.0002    0.0010    0.0005
    3.2466   18.1666   17.7994   18.3044    0.0001    0.0009    0.0005
    3.2586   17.8739   17.5061   18.2930    0.0001    0.0009    0.0004
    3.2706   17.5794   17.2156   18.2812    0.0001    0.0009    0.0004
    3.2826   17.2840   16.9288   18.2695    0.0001    0.0008    0.0004
    3.2945   16.9887   16.6465   18.2582    0.0001    0.0008    0.0003
    3.3065   16.6944   16.3696   18.2475    0.0000    0.0008    0.0003
    3.3185   16.4021   16.0986   18.2378    0.0000    0.0008    0.0003
    3.3305   16.1127   15.8342   18.2293    0.0000    0.0007    0.0003
    3.3425   15.8270   15.5768   18.2220   -0.0000    0.0007    0.0002
    3.3544   15.5461   15.3267   18.2161   -0.0000    0.0007    0.0002
    3.3664   15.2707   15.0843   18.2116   -0.0000    0.0007    0.0002
    3.3784   15.0016   14.8497   18.2086   -0.0001    0.0006    0.0002
    3.3904   14.7395   14.6230   18.2070   -0.0001    0.0006    0.0002
    3.4024   14.4852   14.4042   18.2069   -0.0001    0.0006    0.0002
    3.4143   14.2393   14.1933   18.2082   -0.0001    0.0006    0.0002
    3.4263   14.0023   13.9903   18.2111   -0.0001    0.0006    0.0002
    3.4383   13.7748   13.7950   18.2156   -0.0001    0.0005    0.0002
    3.4503   13.5571   13.6072   18.2218   -0.0002    0.0005    0.0002
    3.4623   13.3495   13.4269   18.2299   -0.0002    0.0005    0.0002
    3.4742   13.1523   13.2537   18.2401   -0.0002    0.0005    0.0002
    3.4862   12.9654   13.0874   18.2528   -0.0002    0.0005    0.0003
    3.4982   12.7890   12.9278   18.2684   -0.0003    0.0005    0.0003
    3.5102   12.6229   12.7746   18.2871   -0.0003    0.0005    0.0003
    3.5222   12.4669   12.6275   18.3096   -0.0003    0.0005    0.0003
    3.5341   12.3206   12.4861   18.3362   -0.0004    0.0005    0.0003
    3.5461   12.1836   12.3502   18.3675   -0.0004    0.0004    0.0003
    3.5581   12.0555   12.2194   18.4039   -0.0004    0.0004    0.0003
    3.5701   11.9356   12.0934   18.4459   -0.0004    0.0004    0.0003
    3.5821   11.8232   11.9717   18.4938   -0.0004    0.0004    0.0003
    3.5940   11.7175   11.8539   18.5481   -0.0005    0.0004    0.0003
    3.6060   11.6177   11.7397   18.6088   -0.0005    0.0004    0.0003
    3.6180   11.5230   11.6287   18.6763   -0.0005    0.0004    0.0003
    3.6300   11.4325   11.5203   18.7503   -0.0005    0.0004    0.0003
    3.6420   11.3452   11.4143   18.8309   -0.0005    0.0004    0.0003
    3.6539   11.2601   11.3100   18.9176   -0.0005    0.0004    0.0003
    3.6659   11.1765   11.2071   19.0101   -0.0005    0.0004    0.0002
    3.6779   11.0934   11.1052   19.1078   -0.0005    0.0004    0.0002
    3.6899   11.0100   11.0037   19.2098   -0.0005    0.0003    0.0002
    3.7019   10.9256   10.9023   19.3153   -0.0005    0.0003    0.0002
    3.7138   10.8394   10.8007   19.4231   -0.0005    0.0003    0.0002
    3.7258   10.7508   10.6983   19.5322   -0.0005    0.0003    0.0002
    3.7378   10.6594   10.5951   19.6410   -0.0004    0.0003    0.0002
    3.7498   10.5648   10.4906   19.7483   -0.0004    0.0002    0.0001
    3.7618   10.4667   10.3847   19.8524   -0.0004    0.0002    0.0001
    3.7737   10.3650   10.2773   19.9517   -0.0003    0.0002    0.0001
    3.7857   10.2597   10.1682   20.0445   -0.0003    0.0002    0.0001
    3.7977   10.1508   10.0575   20.1292   -0.0002    0.0001    0.0001
    3.8097   10.0385    9.9451   20.2039   -0.0002    0.0001    0.0001
    3.8217    9.9231    9.8313   20.2670   -0.0002    0.0001    0.0001
    3.8336    9.8050    9.7161   20.3167   -0.0001    0.0000    0.0001
    3.8456    9.6846    9.5997   20.3514   -0.0000    0.0000    0.0000
    3.8576    9.5624    9.4825   20.3695    0.0000   -0.0000    0.0000
    3.8696    9.4390    9.3646   20.3697    0.0001   -0.0000    0.0000
    3.8816    9.3149    9.2464   20.3506    0.0001   -0.0001    0.0000
    3.8935    9.1906    9.1281   20.3111    0.0002   -0.0001    0.0000
    3.9055    9.0666    9.0102   20.2502    0.0002   -0.0001   -0.0000
    3.9175    8.9436    8.8929   20.1672    0.0002   -0.0001   -0.0000
    3.9295    8.8219    8.7765   20.0615    0.0003   -0.0001   -0.0000
    3.9415    8.7020    8.6612   19.9330    0.0003   -0.0002   -0.0000
    3.9534    8.5842    8.5474   19.7815    0.0003   -0.0002   -0.0000
    3.9654    8.4689    8.4352   19.6073    0.0004   -0.0002   -0.0000
    3.9774    8.3563    8.3248   19.4109    0.0004   -0.0002   -0.0000
    3.9894    8.2465    8.2165   19.1932    0.0004   -0.0002   -0.0000
    4.0014    8.1398    8.1102   18.9550    0.0004   -0.0002   -0.0001
    4.0133    8.0361    8.0062   18.6976    0.0004   -0.0002   -0.0001
    4.0253    7.9354    7.9045   18.4226    0.0004   -0.0002   -0.0001
    4.0373    7.8379    7.8051   18.1315    0.0004   -0.0002   -0.0001
    4.0493    7.7433    7.7082   17.8262    0.0004   -0.0002   -0.0001
    4.0613    7.6516    7.6138   17.5086    0.0004   -0.0002   -0.0001
    4.0732    7.5627    7.5219   17.1809    0.0004   -0.0002   -0.0001
    4.0852    7.4766    7.4326   16.8450    0.0003   -0.0002   -0.0001
    4.0972    7.3931    7.3459   16.5031    0.0003   -0.0002   -0.0001
    4.1092    7.3120    7.2618   16.1574    0.0003   -0.0002   -0.0001
    4.1212    7.2335    7.1804   15.8100    0.0003   -0.0002   -0.0001
    4.1331    7.1574    7.1019   15.4627    0.0003   -0.0002   -0.0001
    4.1451    7.0836    7.0262   15.1176    0.0002   -0.0002   -0.0002
    4.1571    7.0122    6.9535   14.7764    0.0002   -0.0002   -0.0002
    4.1691    6.9432    6.8839   14.4407    0.0002   -0.0002   -0.0002
    4.1811    6.8767    6.8174   14.1120    0.0002   -0.0002   -0.0002
    4.1930    6.8127    6.7541   13.7915    0.0001   -0.0002   -0.0002
    4.2050    6.7513    6.6942   13.4803    0.0001   -0.0002   -0.0002
    4.2170    6.6926    6.6378   13.1794    0.0001   -0.0002   -0.0002
    4.2290    6.6368    6.5850   12.8894    0.0001   -0.0002   -0.0002
    4.2410    6.5841    6.5358   12.6108    0.0001   -0.0002   -0.0003
    4.2529    6.5345    6.4904   12.3441    0.0000   -0.0002   -0.0003
    4.2649    6.4883    6.4488   12.0894    0.0000   -0.0002   -0.0003
    4.2769    6.4455    6.4111   11.8467    0.0000   -0.0002   -0.0003
    4.2889    6.4065    6.3774   11.6159   -0.0000   -0.0003   -0.0003
    4.3009    6.3712    6.3478   11.3968   -0.0000   -0.0003   -0.0004
    4.3128    6.3399    6.3222   11.1891   -0.0000   -0.0003   -0.0004
    4.3248    6.3127    6.3008   10.9922   -0.0000   -0.0003   -0.0004
    4.3368    6.2896    6.2834   10.8057   -0.0000   -0.0003   -0.0004
    4.3488    6.2708    6.2702   10.6289   -0.0001   -0.0003   -0.0005
    4.3608    6.2562    6.2610   10.4613   -0.0001   -0.0003   -0.0005
    4.3727    6.2460    6.2559   10.3022   -0.0001   -0.0004   -0.0005
    4.3847    6.2400    6.2547   10.1507   -0.0001   -0.0004   -0.0005
    4.3967    6.2382    6.2573   10.0063   -0.0001   -0.0004   -0.0006
    4.4087    6.2405    6.2636    9.8682   -0.0001   -0.0004   -0.0006
    4.4207    6.2468    6.2734    9.7356   -0.0001   -0.0004   -0.0006
    4.4326    6.2568    6.2864    9.6080   -0.0001   -0.0004   -0.0006
    4.4446    6.2703    6.3024    9.4845   -0.0001   -0.0004   -0.0006
    4.4566    6.2870    6.3211    9.3647   -0.0001   -0.0004   -0.0007
    4.4686    6.3064    6.3421    9.2477   -0.0001   -0.0004   -0.0007
    4.4806    6.3283    6.3650    9.1332   -0.0001   -0.0004   -0.0007
    4.4925    6.3522    6.3893    9.0205   -0.0001   -0.0004   -0.0007
    4.5045    6.3775    6.4146    8.9092   -0.0001   -0.0004   -0.0007
    4.5165    6.4038    6.4404    8.7989   -0.0001   -0.0004   -0.0007
    4.5285    6.4305    6.4660    8.6892   -0.0001   -0.0004   -0.0007
    4.5405    6.4569    6.4910    8.5797   -0.0001   -0.0003   -0.0007
    4.5524    6.4826    6.5148    8.4703   -0.0001   -0.0003   -0.0007
    4.5644    6.5068    6.5367    8.3606   -0.0001   -0.0003   -0.0006
    4.5764    6.5291    6.5562    8.2507   -0.0001   -0.0003   -0.0006
    4.5884    6.5488    6.5728    8.1402   -0.0001   -0.0003   -0.0006
    4.6004    6.5653    6.5858    8.0294   -0.0001   -0.0002   -0.0006
    4.6123    6.5782    6.5949    7.9180   -0.0001   -0.0002   -0.0005
    4.6243    6.5869    6.5996    7.8062   -0.0001   -0.0002   -0.0005
    4.6363    6.5910    6.5994    7.6941   -0.0000   -0.0002   -0.0005
    4.6483    6.5900    6.5939    7.5819   -0.0000   -0.0001   -0.0005
    4.6603    6.5838    6.5830    7.4697   -0.0000   -0.0001   -0.0004
    4.6722    6.5720    6.5664    7.3577   -0.0000   -0.0001   -0.0004
    4.6842    6.5543    6.5438    7.2462   -0.0000   -0.0001   -0.0003
    4.6962    6.5307    6.5153    7.1354   -0.0000   -0.0000   -0.0003
    4.7082    6.5010    6.4807    7.0256    0.0000   -0.0000   -0.0003
    4.7202    6.4653    6.4401    6.9171    0.0000   -0.0000   -0.0002
    4.7321    6.4235    6.3936    6.8101    0.0000    0.0000   -0.0002
    4.7441    6.3758    6.3413    6.7049    0.0000    0.0000   -0.0002
    4.7561    6.3224    6.2834    6.6017    0.0000    0.0000   -0.0001
    4.7681    6.2634    6.2201    6.5008    0.0000    0.0001   -0.0001
    4.7801    6.1990    6.1518    6.4023    0.0001    0.0001   -0.0001
    4.7921    6.1297    6.0787    6.3064    0.0001    0.0001   -0.0001
    4.8040    6.0556    6.0013    6.2132    0.0001    0.0001   -0.0000
    4.8160    5.9772    5.9198    6.1229    0.0001    0.0001    0.0000
    4.8280    5.8948    5.8349    6.0355    0.0001    0.0001    0.0000
    4.8400    5.8089    5.7468    5.9511    0.0001    0.0001    0.0001
    4.8520    5.7199    5.6561    5.8696    0.0001    0.0001    0.0001
    4.8639    5.6283    5.5632    5.7910    0.0001    0.0001    0.0001
    4.8759    5.5346    5.4686    5.7152    0.0001    0.0001    0.0001
    4.8879    5.4392    5.3728    5.6422    0.0001    0.0001    0.0001
    4.8999    5.3427    5.2764    5.5719    0.0001    0.0001    0.0002
    4.9119    5.2456    5.1797    5.5041    0.0001    0.0001    0.0002
    4.9238    5.1482    5.0833    5.4388    0.0001    0.0001    0.0002
    4.9358    5.0513    4.9877    5.3757    0.0001    0.0001    0.0002
    4.9478    4.9551    4.8933    5.3147    0.0001    0.0000    0.0002
    4.9598    4.8602    4.8005    5.2557    0.0002    0.0000    0.0003
    4.9718    4.7669    4.7098    5.1985    0.0002    0.0000    0.0003
    4.9837    4.6758    4.6214    5.1429    0.0002    0.0000    0.0003
    4.9957    4.5871    4.5358    5.0889    0.0002    0.0000    0.0003
    5.0077    4.5012    4.4531    5.0362    0.0002    0.0000    0.0003
    5.0197    4.4183    4.3738    4.9848    0.0002   -0.0000    0.0003
    5.0317    4.3387    4.2978    4.9345    0.0002   -0.0000    0.0003
    5.0436    4.2625    4.2255    4.8852    0.0002   -0.0000    0.0003
    5.0556    4.1900    4.1569    4.8369    0.0002   -0.0000    0.0003
    5.0676    4.1211    4.0921    4.7893    0.0002   -0.0000    0.0003
    5.0796    4.0560    4.0310    4.7424    0.0002   -0.0000    0.0003
    5.0916    3.9946    3.9736    4.6962    0.0002   -0.0000    0.0003
    5.1035    3.9368    3.9198    4.6505    0.0002   -0.0000    0.0003
    5.1155    3.8826    3.8695    4.6053    0.0002   -0.0000    0.0003
    5.1275    3.8318    3.8226    4.5604    0.0001   -0.0000    0.0003
    5.1395    3.7843    3.7788    4.5158    0.0001   -0.0000    0.0003
    5.1515    3.7398    3.7380    4.4714    0.0001   -0.0000    0.0002
    5.1634    3.6982    3.6998    4.4272    0.0001   -0.0001    0.0002
    5.1754    3.6593    3.6642    4.3830    0.0001   -0.0000    0.0002
    5.1874    3.6228    3.6307    4.3388    0.0001   -0.0000    0.0002
    5.1994    3.5885    3.5992    4.2944    0.0001   -0.0000    0.0002
    5.2114    3.5562    3.5694    4.2498    0.0001   -0.0000    0.0002
    5.2233    3.5256    3.5410    4.2050    0.0001   -0.0000    0.0002
    5.2353    3.4966    3.5139    4.1599    0.0001   -0.0000    0.0001
    5.2473    3.4690    3.4878    4.1144    0.0001   -0.0000    0.0001
    5.2593    3.4425    3.4625    4.0684    0.0001   -0.0000    0.0001
    5.2713    3.4170    3.4379    4.0220    0.0001   -0.0000    0.0001
    5.2832    3.3925    3.4138    3.9751    0.0001   -0.0000    0.0001
    5.2952    3.3687    3.3901    3.9276    0.0000   -0.0000    0.0001
    5.3072    3.3455    3.3667    3.8797    0.0000   -0.0000    0.0001
    5.3192    3.3230    3.3434    3.8312    0.0000   -0.0000    0.0001
    5.3312    3.3009    3.3203    3.7823    0.0000   -0.0000    0.0000
    5.3431    3.2792    3.2973    3.7330    0.0000   -0.0000    0.0000
    5.3551    3.2579    3.2744    3.6834    0.0000   -0.0000    0.0000
    5.3671    3.2370    3.2515    3.6335    0.0000   -0.0000    0.0000
    5.3791    3.2163    3.2286    3.5834    0.0000   -0.0000    0.0000
    5.3911    3.1959    3.2058    3.5333    0.0000   -0.0000    0.0000
    5.4030    3.1757    3.1830    3.4831    0.0000   -0.0000   -0.0000
    5.4150    3.1557    3.1603    3.4331   -0.0000   -0.0000   -0.0000
    5.4270    3.1358    3.1377    3.3834   -0.0000   -0.0000   -0.0000
    5.4390    3.1161    3.1152    3.3340   -0.0000   -0.0000   -0.0000
    5.4510    3.0965    3.0928    3.2852   -0.0000   -0.0000   -0.0000
    5.4629    3.0768    3.0705    3.2369   -0.0000   -0.0001   -0.0000
    5.4749    3.0573    3.0483    3.1893   -0.0000   -0.0001   -0.0001
    5.4869    3.0376    3.0262    3.1425   -0.0000   -0.0001   -0.0001
    5.4989    3.0180    3.0043    3.0966   -0.0000   -0.0001   -0.0001
    5.5109    2.9982    2.9824    3.0517   -0.0000   -0.0001   -0.0001
    5.5228    2.9782    2.9607    3.0079   -0.0000   -0.0001   -0.0001
    5.5348    2.9581    2.9390    2.9652   -0.0000   -0.0001   -0.0001
    5.5468    2.9378    2.9174    2.9237   -0.0001   -0.0001   -0.0001
    5.5588    2.9173    2.8957    2.8834   -0.0001   -0.0001   -0.0001
    5.5708    2.8964    2.8741    2.8445   -0.0001   -0.0001   -0.0001
    5.5827    2.8753    2.8524    2.8068   -0.0001   -0.0001   -0.0001
    5.5947    2.8538    2.8307    2.7705   -0.0001   -0.0001   -0.0001
    5.6067    2.8319    2.8088    2.7356   -0.0001   -0.0002   -0.0001
    5.6187    2.8097    2.7868    2.7020   -0.0001   -0.0002   -0.0001
    5.6307    2.7872    2.7647    2.6699   -0.0001   -0.0002   -0.0001
    5.6426    2.7642    2.7424    2.6392   -0.0001   -0.0002   -0.0001
    5.6546    2.7408    2.7199    2.6098   -0.0001   -0.0002   -0.0001
    5.6666    2.7171    2.6973    2.5819   -0.0001   -0.0002   -0.0001
    5.6786    2.6930    2.6745    2.5553   -0.0001   -0.0002   -0.0001
    5.6906    2.6686    2.6515    2.5302   -0.0000   -0.0002   -0.0001
    5.7025    2.6439    2.6285    2.5064   -0.0000   -0.0002   -0.0001
    5.7145    2.6189    2.6053    2.4839   -0.0000   -0.0002   -0.0001
    5.7265    2.5937    2.5822    2.4628   -0.0000   -0.0001   -0.0001
    5.7385    2.5683    2.5590    2.4429   -0.0000   -0.0001   -0.0001
    5.7505    2.5429    2.5360    2.4243   -0.0000   -0.0001   -0.0001
    5.7624    2.5175    2.5131    2.4070    0.0000   -0.0001   -0.0001
    5.7744    2.4921    2.4904    2.3909    0.0000   -0.0001   -0.0001
    5.7864    2.4670    2.4681    2.3760    0.0000   -0.0001   -0.0001
    5.7984    2.4421    2.4462    2.3622    0.0000   -0.0001   -0.0000
    5.8104    2.4175    2.4249    2.3496    0.0000   -0.0001   -0.0000
    5.8223    2.3935    2.4041    2.3381    0.0000   -0.0001   -0.0000
    5.8343    2.3700    2.3840    2.3276    0.0001   -0.0000   -0.0000
    5.8463    2.3471    2.3647    2.3181    0.0001   -0.0000    0.0000
    5.8583    2.3251    2.3462    2.3096    0.0001   -0.0000    0.0000
    5.8703    2.3039    2.3286    2.3020    0.0001    0.0000    0.0000
    5.8822    2.2836    2.3120    2.2952    0.0001    0.0000    0.0000
    5.8942    2.2643    2.2964    2.2893    0.0001    0.0000    0.0001
    5.9062    2.2461    2.2818    2.2841    0.0001    0.0000    0.0001
    5.9182    2.2290    2.2683    2.2796    0.0001    0.0001    0.0001
    5.9302    2.2131    2.2558    2.2757    0.0001    0.0001    0.0001
    5.9421    2.1984    2.2444    2.2723    0.0001    0.0001    0.0001
    5.9541    2.1849    2.2341    2.2694    0.0001    0.0001    0.0001
    5.9661    2.1726    2.2247    2.2667    0.0001    0.0001    0.0001
    5.9781    2.1616    2.2162    2.2643    0.0001    0.0001    0.0001
    5.9901    2.1517    2.2086    2.2620    0.0001    0.0001    0.0001
    6.0020    2.1429    2.2018    2.2598    0.0000    0.0002    0.0001
    6.0140    2.1353    2.1956    2.2574    0.0000    0.0002    0.0001
    6.0260    2.1287    2.1900    2.2548    0.0000    0.0002    0.0002
    6.0380    2.1232    2.1849    2.2518    0.0000    0.0002    0.0002
    6.0500    2.1185    2.1802    2.2483    0.0000    0.0002    0.0002
    6.0619    2.1146    2.1757    2.2443   -0.0000    0.0002    0.0002
    6.0739    2.1115    2.1713    2.2396   -0.0000    0.0002    0.0002
    6.0859    2.1089    2.1669    2.2340   -0.0000    0.0002    0.0002
    6.0979    2.1068    2.1623    2.2275   -0.0000    0.0003    0.0003
    6.1099    2.1051    2.1575    2.2200   -0.0000    0.0003    0.0003
    6.1218    2.1035    2.1523    2.2113   -0.0001    0.0003    0.0003
    6.1338    2.1019    2.1466    2.2014   -0.0001    0.0003    0.0003
    6.1458    2.1002    2.1403    2.1902   -0.0001    0.0003    0.0003
    6.1578    2.0982    2.1333    2.1776   -0.0001    0.0003    0.0004
    6.1698    2.0957    2.1255    2.1636   -0.0001    0.0003    0.0004
    6.1817    2.0925    2.1168    2.1482   -0.0001    0.0003    0.0004
    6.1937    2.0884    2.1071    2.1312   -0.0001    0.0004    0.0005
    6.2057    2.0832    2.0964    2.1126   -0.0001    0.0004    0.0005
    6.2177    2.0768    2.0846    2.0926   -0.0001    0.0004    0.0005
    6.2297    2.0690    2.0715    2.0709   -0.0001    0.0004    0.0006
    6.2416    2.0597    2.0573    2.0478   -0.0001    0.0004    0.0006
    6.2536    2.0487    2.0418    2.0231   -0.0001    0.0004    0.0006
    6.2656    2.0359    2.0251    1.9970   -0.0001    0.0004    0.0006
    6.2776    2.0213    2.0070    1.9695   -0.0001    0.0004    0.0007
    6.2896    2.0047    1.9877    1.9407   -0.0001    0.0004    0.0007
    6.3015    1.9862    1.9671    1.9106   -0.0001    0.0005    0.0007
    6.3135    1.9657    1.9453    1.8794   -0.0001    0.0005    0.0007
    6.3255    1.9433    1.9223    1.8471   -0.0001    0.0005    0.0007
    6.3375    1.9191    1.8982    1.8139   -0.0001    0.0005    0.0007
    6.3495    1.8931    1.8730    1.7798   -0.0001    0.0005    0.0007
    6.3614    1.8655    1.8469    1.7449   -0.0000    0.0005    0.0007
    6.3734    1.8365    1.8198    1.7095   -0.0000    0.0005    0.0007
    6.3854    1.8062    1.7919    1.6736   -0.0000    0.0005    0.0007
    6.3974    1.7748    1.7633    1.6373   -0.0000    0.0005    0.0007
    6.4094    1.7426    1.7341    1.6008   -0.0000    0.0006    0.0007
    6.4213    1.7097    1.7044    1.5641    0.0000    0.0006    0.0007
    6.4333    1.6763    1.6744    1.5274    0.0000    0.0006    0.0007
    6.4453    1.6428    1.6441    1.4909    0.0000    0.0006    0.0007
    6.4573    1.6092    1.6136    1.4545    0.0000    0.0006    0.0007
    6.4693    1.5757    1.5831    1.4184    0.0000    0.0006    0.0007
    6.4812    1.5427    1.5526    1.3826    0.0000    0.0006    0.0007
    6.4932    1.5101    1.5223    1.3474    0.0000    0.0006    0.0006
    6.5052    1.4781    1.4921    1.3127    0.0000    0.0006    0.0006
    6.5172    1.4470    1.4623    1.2787    0.0000    0.0006    0.0006
    6.5292    1.4166    1.4328    1.2454    0.0000    0.0006    0.0006
    6.5411    1.3871    1.4037    1.2129    0.0001    0.0006    0.0006
    6.5531    1.3586    1.3751    1.1812    0.0001    0.0006    0.0006
    6.5651    1.3310    1.3469    1.1504    0.0001    0.0006    0.0005
    6.5771    1.3044    1.3193    1.1205    0.0001    0.0006    0.0005
    6.5891    1.2787    1.2921    1.0917    0.0000    0.0005    0.0005
    6.6010    1.2538    1.2655    1.0639    0.0000    0.0005    0.0005
    6.6130    1.2299    1.2394    1.0371    0.0000    0.0005    0.0005
    6.6250    1.2066    1.2139    1.0115    0.0000    0.0005    0.0004
    6.6370    1.1841    1.1888    0.9870    0.0000    0.0005    0.0004
    6.6490    1.1623    1.1643    0.9636    0.0000    0.0004    0.0004
    6.6609    1.1410    1.1403    0.9413    0.0000    0.0004    0.0004
    6.6729    1.1202    1.1168    0.9201    0.0000    0.0004    0.0003
    6.6849    1.0998    1.0938    0.9001    0.0000    0.0004    0.0003
    6.6969    1.0799    1.0713    0.8812    0.0000    0.0003    0.0003
    6.7089    1.0602    1.0492    0.8634    0.0000    0.0003    0.0003
    6.7209    1.0408    1.0276    0.8466    0.0000    0.0003    0.0003
    6.7328    1.0217    1.0065    0.8308    0.0000    0.0003    0.0002
    6.7448    1.0027    0.9858    0.8160    0.0000    0.0002    0.0002
    6.7568    0.9839    0.9655    0.8021    0.0000    0.0002    0.0002
    6.7688    0.9653    0.9457    0.7891    0.0000    0.0002    0.0002
    6.7808    0.9468    0.9263    0.7769    0.0000    0.0002    0.0002
    6.7927    0.9285    0.9073    0.7654    0.0000    0.0002    0.0002
    6.8047    0.9103    0.8888    0.7546   -0.0000    0.0001    0.0001
    6.8167    0.8922    0.8707    0.7445   -0.0000    0.0001    0.0001
    6.8287    0.8743    0.8530    0.7349   -0.0000    0.0001    0.0001
    6.8407    0.8565    0.8357    0.7259   -0.0000    0.0001    0.0001
    6.8526    0.8390    0.8188    0.7173   -0.0000    0.0001    0.0001
    6.8646    0.8216    0.8023    0.7090   -0.0000    0.0001    0.0001
    6.8766    0.8044    0.7862    0.7012   -0.0000    0.0001    0.0001
    6.8886    0.7876    0.7705    0.6936   -0.0000    0.0001    0.0001
    6.9006    0.7709    0.7551    0.6862   -0.0000    0.0000    0.0001
    6.9125    0.7546    0.7402    0.6789   -0.0000    0.0000    0.0001
    6.9245    0.7386    0.7256    0.6719   -0.0000    0.0000    0.0001
    6.9365    0.7228    0.7113    0.6648   -0.0000    0.0000    0.0001
    6.9485    0.7075    0.6975    0.6579   -0.0000    0.0000    0.0000
    6.9605    0.6925    0.6839    0.6509   -0.0000    0.0000    0.0000
    6.9724    0.6778    0.6707    0.6439   -0.0000    0.0000    0.0000
    6.9844    0.6635    0.6577    0.6368   -0.0000    0.0000    0.0000
    6.9964    0.6497    0.6451    0.6296   -0.0000    0.0000    0.0000
    7.0084    0.6361    0.6328    0.6223   -0.0000    0.0000    0.0000
    7.0204    0.6230    0.6207    0.6149   -0.0000    0.0000    0.0000
    7.0323    0.6102    0.6089    0.6073   -0.0000    0.0000    0.0000
    7.0443    0.5978    0.5973    0.5995   -0.0000    0.0000    0.0000
    7.0563    0.5858    0.5860    0.5916   -0.0000    0.0000    0.0000
    7.0683    0.5741    0.5749    0.5836   -0.0000    0.0000    0.0000
    7.0803    0.5627    0.5640    0.5753   -0.0000    0.0000    0.0000
    7.0922    0.5517    0.5532    0.5669   -0.0000    0.0000    0.0000
    7.1042    0.5409    0.5427    0.5584   -0.0000    0.0000    0.0000
    7.1162    0.5305    0.5324    0.5498   -0.0000    0.0000    0.0000
    7.1282    0.5203    0.5222    0.5410   -0.0000    0.0000    0.0000
    7.1402    0.5103    0.5121    0.5321   -0.0000    0.0000    0.0000
    7.1521    0.5007    0.5022    0.5232   -0.0000    0.0000    0.0000
    7.1641    0.4912    0.4925    0.5142   -0.0000    0.0000    0.0000
    7.1761    0.4819    0.4829    0.5051   -0.0000    0.0000    0.0000
    7.1881    0.4728    0.4734    0.4961   -0.0000    0.0000    0.0000
    7.2001    0.4639    0.4641    0.4871   -0.0000    0.0000    0.0000
    7.2120    0.4552    0.4549    0.4781   -0.0000    0.0000    0.0000
    7.2240    0.4466    0.4458    0.4691   -0.0000    0.0000    0.0000
    7.2360    0.4382    0.4368    0.4603   -0.0000    0.0000    0.0000
    7.2480    0.4299    0.4280    0.4515   -0.0000    0.0000    0.0000
    7.2600    0.4217    0.4193    0.4428   -0.0000    0.0000    0.0000
    7.2719    0.4136    0.4108    0.4343   -0.0000    0.0000    0.0000
    7.2839    0.4056    0.4023    0.4259   -0.0000    0.0000    0.0000
    7.2959    0.3978    0.3941    0.4176   -0.0000    0.0000    0.0000
    7.3079    0.3900    0.3859    0.4095   -0.0000    0.0000    0.0000
    7.3199    0.3823    0.3779    0.4015   -0.0000    0.0000    0.0000
    7.3318    0.3748    0.3700    0.3937   -0.0000    0.0000    0.0000
    7.3438    0.3673    0.3623    0.3860   -0.0000    0.0000    0.0000
    7.3558    0.3599    0.3548    0.3785   -0.0000    0.0000    0.0000
    7.3678    0.3526    0.3474    0.3711   -0.0000    0.0000    0.0000
    7.3798    0.3454    0.3402    0.3640   -0.0000    0.0000    0.0000
    7.3917    0.3384    0.3331    0.3569   -0.0000    0.0000    0.0000
    7.4037    0.3314    0.3262    0.3500   -0.0000    0.0000    0.0000
    7.4157    0.3245    0.3194    0.3432   -0.0000    0.0000    0.0000
    7.4277    0.3177    0.3128    0.3366   -0.0000    0.0000    0.0000
    7.4397    0.3111    0.3064    0.3300   -0.0000    0.0000    0.0000
    7.4516    0.3045    0.3001    0.3236   -0.0000    0.0000    0.0000
    7.4636    0.2981    0.2939    0.3173   -0.0000    0.0000    0.0000
    7.4756    0.2918    0.2879    0.3110   -0.0000    0.0000    0.0000
    7.4876    0.2856    0.2821    0.3049   -0.0000    0.0000    0.0000
    7.4996    0.2795    0.2764    0.2989   -0.0000    0.0000    0.0000
    7.5115    0.2735    0.2708    0.2929   -0.0000    0.0000    0.0000
    7.5235    0.2677    0.2654    0.2870   -0.0000    0.0000    0.0000
    7.5355    0.2620    0.2601    0.2813   -0.0000    0.0000    0.0000
    7.5475    0.2565    0.2550    0.2756   -0.0000    0.0000    0.0000
    7.5595    0.2511    0.2500    0.2699   -0.0000    0.0000    0.0000
    7.5714    0.2458    0.2451    0.2644   -0.0000    0.0000    0.0000
    7.5834    0.2407    0.2403    0.2590   -0.0000    0.0000    0.0000
    7.5954    0.2357    0.2356    0.2537   -0.0000    0.0000    0.0000
    7.6074    0.2308    0.2311    0.2484   -0.0000    0.0000    0.0000
    7.6194    0.2261    0.2267    0.2433   -0.0000    0.0000    0.0000
    7.6313    0.2216    0.2224    0.2383   -0.0000    0.0000    0.0000
    7.6433    0.2172    0.2182    0.2334   -0.0000    0.0000    0.0000
    7.6553    0.2129    0.2141    0.2287   -0.0000   -0.0000    0.0000
    7.6673    0.2088    0.2101    0.2240   -0.0000   -0.0000    0.0000
    7.6793    0.2049    0.2063    0.2195   -0.0000   -0.0000    0.0000
    7.6912    0.2010    0.2025    0.2151   -0.0000   -0.0000    0.0000
    7.7032    0.1973    0.1989    0.2109   -0.0000   -0.0000    0.0000
    7.7152    0.1938    0.1953    0.2068   -0.0000   -0.0000    0.0000
    7.7272    0.1903    0.1919    0.2028   -0.0000   -0.0000    0.0000
    7.7392    0.1870    0.1885    0.1989   -0.0000   -0.0000    0.0000
    7.7511    0.1838    0.1852    0.1952   -0.0000   -0.0000    0.0000
    7.7631    0.1807    0.1820    0.1916   -0.0000   -0.0000    0.0000
    7.7751    0.1777    0.1789    0.1881   -0.0000   -0.0000    0.0000
    7.7871    0.1748    0.1759    0.1847   -0.0000   -0.0000    0.0000
    7.7991    0.1720    0.1730    0.1815   -0.0000   -0.0000    0.0000
    7.8110    0.1693    0.1701    0.1784   -0.0000   -0.0000    0.0000
    7.8230    0.1666    0.1673    0.1753   -0.0000   -0.0000    0.0000
    7.8350    0.1640    0.1646    0.1724   -0.0000   -0.0000    0.0000
    7.8470    0.1615    0.1619    0.1696   -0.0000   -0.0000    0.0000
    7.8590    0.1591    0.1593    0.1669   -0.0000   -0.0000    0.0000
    7.8709    0.1567    0.1568    0.1643   -0.0000   -0.0000    0.0000
    7.8829    0.1543    0.1543    0.1617   -0.0000   -0.0000    0.0000
    7.8949    0.1520    0.1519    0.1593   -0.0000   -0.0000    0.0000
    7.9069    0.1498    0.1496    0.1569   -0.0000   -0.0000    0.0000
    7.9189    0.1476    0.1473    0.1546   -0.0000   -0.0000    0.0000
    7.9308    0.1454    0.1450    0.1524   -0.0000   -0.0000    0.0000
    7.9428    0.1433    0.1428    0.1502   -0.0000    0.0000    0.0000
    7.9548    0.1412    0.1407    0.1481   -0.0000    0.0000    0.0000
    7.9668    0.1392    0.1386    0.1461   -0.0000    0.0000    0.0000
    7.9788    0.1372    0.1365    0.1442   -0.0000    0.0000    0.0000
    7.9907    0.1352    0.1345    0.1423   -0.0000    0.0000    0.0000
    8.0027    0.1333    0.1326    0.1404   -0.0000    0.0000    0.0000
    8.0147    0.1314    0.1307    0.1387   -0.0000    0.0000    0.0000
    8.0267    0.1295    0.1288    0.1369   -0.0000    0.0000    0.0000
    8.0387    0.1277    0.1270    0.1353   -0.0000    0.0000    0.0000
    8.0506    0.1259    0.1253    0.1337   -0.0000    0.0000    0.0000
    8.0626    0.1242    0.1235    0.1321   -0.0000    0.0000    0.0000
    8.0746    0.1225    0.1219    0.1306   -0.0000    0.0000    0.0000
    8.0866    0.1208    0.1202    0.1291   -0.0000    0.0000    0.0000
    8.0986    0.1192    0.1187    0.1277   -0.0000    0.0000    0.0000
    8.1105    0.1177    0.1171    0.1263   -0.0000    0.0000    0.0000
    8.1225    0.1161    0.1156    0.1250   -0.0000    0.0000    0.0000
    8.1345    0.1146    0.1142    0.1237   -0.0000    0.0000    0.0000
    8.1465    0.1132    0.1127    0.1224   -0.0000    0.0000    0.0000
    8.1585    0.1118    0.1114    0.1212   -0.0000    0.0000    0.0000
    8.1704    0.1104    0.1100    0.1200   -0.0000    0.0000    0.0000
    8.1824    0.1091    0.1087    0.1189   -0.0000    0.0000    0.0000
    8.1944    0.1078    0.1075    0.1178   -0.0000    0.0000    0.0000
    8.2064    0.1066    0.1063    0.1167   -0.0000    0.0000    0.0000
    8.2184    0.1054    0.1051    0.1156   -0.0000    0.0000    0.0000
    8.2303    0.1042    0.1040    0.1146   -0.0000    0.0000    0.0000
    8.2423    0.1031    0.1029    0.1136   -0.0000    0.0000    0.0000
    8.2543    0.1020    0.1018    0.1126   -0.0000    0.0000    0.0000
    8.2663    0.1009    0.1008    0.1117   -0.0000    0.0000    0.0000
    8.2783    0.0999    0.0997    0.1107   -0.0000    0.0000    0.0000
    8.2902    0.0989    0.0988    0.1098   -0.0000    0.0000    0.0000
    8.3022    0.0980    0.0978    0.1089   -0.0000    0.0000    0.0000
    8.3142    0.0970    0.0969    0.1081   -0.0000    0.0000    0.0000
    8.3262    0.0962    0.0960    0.1072   -0.0000    0.0000    0.0000
    8.3382    0.0953    0.0952    0.1064   -0.0000    0.0000    0.0000
    8.3501    0.0944    0.0944    0.1056   -0.0000    0.0000    0.0000
    8.3621    0.0936    0.0935    0.1048   -0.0000    0.0000    0.0000
    8.3741    0.0928    0.0928    0.1040   -0.0000    0.0000    0.0000
    8.3861    0.0921    0.0920    0.1033   -0.0000    0.0000    0.0000
    8.3981    0.0913    0.0912    0.1025    0.0000    0.0000    0.0000
    8.4100    0.0906    0.0905    0.1018    0.0000    0.0000    0.0000
    8.4220    0.0899    0.0898    0.1011    0.0000    0.0000    0.0000
    8.4340    0.0892    0.0891    0.1004    0.0000    0.0000    0.0000
    8.4460    0.0885    0.0884    0.0997    0.0000    0.0000    0.0000
    8.4580    0.0878    0.0878    0.0990    0.0000    0.0000    0.0000
    8.4699    0.0872    0.0871    0.0983    0.0000    0.0000    0.0000
    8.4819    0.0865    0.0865    0.0976    0.0000    0.0000    0.0000
    8.4939    0.0859    0.0859    0.0970    0.0000    0.0000    0.0000
    8.5059    0.0853    0.0852    0.0963    0.0000    0.0000    0.0000
    8.5179    0.0847    0.0846    0.0957    0.0000    0.0000    0.0000
    8.5298    0.0841    0.0840    0.0950    0.0000    0.0000    0.0000
    8.5418    0.0835    0.0835    0.0944    0.0000    0.0000    0.0000
    8.5538    0.0829    0.0829    0.0938    0.0000    0.0000    0.0000
    8.5658    0.0824    0.0823    0.0932    0.0000    0.0000    0.0000
    8.5778    0.0818    0.0818    0.0926    0.0000    0.0000    0.0000
    8.5897    0.0813    0.0812    0.0920    0.0000    0.0000    0.0000
    8.6017    0.0807    0.0807    0.0914    0.0000    0.0000    0.0000
    8.6137    0.0802    0.0801    0.0908    0.0000    0.0000    0.0000
    8.6257    0.0796    0.0796    0.0902    0.0000    0.0000    0.0000
    8.6377    0.0791    0.0791    0.0896    0.0000    0.0000    0.0000
    8.6497    0.0786    0.0785    0.0891    0.0000    0.0000    0.0000
    8.6616    0.0781    0.0780    0.0885    0.0000    0.0000    0.0000
    8.6736    0.0776    0.0775    0.0880    0.0000    0.0000    0.0000
    8.6856    0.0771    0.0770    0.0874    0.0000    0.0000    0.0000
    8.6976    0.0766    0.0765    0.0869    0.0000    0.0000    0.0000
    8.7096    0.0761    0.0760    0.0864    0.0000    0.0000    0.0000
    8.7215    0.0756    0.0756    0.0858    0.0000    0.0000    0.0000
    8.7335    0.0751    0.0751    0.0853    0.0000    0.0000    0.0000
    8.7455    0.0746    0.0746    0.0848    0.0000    0.0000    0.0000
    8.7575    0.0742    0.0741    0.0843    0.0000    0.0000    0.0000
    8.7695    0.0737    0.0737    0.0838    0.0000    0.0000    0.0000
    8.7814    0.0733    0.0732    0.0833    0.0000    0.0000    0.0000
    8.7934    0.0728    0.0728    0.0828    0.0000    0.0000    0.0000
    8.8054    0.0724    0.0723    0.0823    0.0000    0.0000    0.0000
    8.8174    0.0719    0.0719    0.0818    0.0000    0.0000    0.0000
    8.8294    0.0715    0.0714    0.0813    0.0000    0.0000    0.0000
    8.8413    0.0710    0.0710    0.0809    0.0000    0.0000    0.0000
    8.8533    0.0706    0.0706    0.0804    0.0000    0.0000    0.0000
    8.8653    0.0702    0.0702    0.0799    0.0000    0.0000    0.0000
    8.8773    0.0698    0.0697    0.0795    0.0000    0.0000    0.0000
    8.8893    0.0694    0.0693    0.0790    0.0000    0.0000    0.0000
    8.9012    0.0690    0.0689    0.0785    0.0000    0.0000    0.0000
    8.9132    0.0685    0.0685    0.0781    0.0000    0.0000    0.0000
    8.9252    0.0681    0.0681    0.0777    0.0000    0.0000    0.0000
    8.9372    0.0677    0.0677    0.0772    0.0000    0.0000    0.0000
    8.9492    0.0673    0.0673    0.0768    0.0000    0.0000    0.0000
    8.9611    0.0670    0.0669    0.0763    0.0000    0.0000    0.0000
    8.9731    0.0666    0.0665    0.0759    0.0000    0.0000    0.0000
    8.9851    0.0662    0.0662    0.0755    0.0000    0.0000    0.0000
    8.9971    0.0658    0.0658    0.0751    0.0000    0.0000    0.0000
    9.0091    0.0654    0.0654    0.0747    0.0000    0.0000    0.0000
    9.0210    0.0651    0.0650    0.0742    0.0000    0.0000    0.0000
    9.0330    0.0647    0.0647    0.0738    0.0000    0.0000    0.0000
    9.0450    0.0643    0.0643    0.0734    0.0000    0.0000    0.0000
    9.0570    0.0640    0.0639    0.0730    0.0000    0.0000    0.0000
    9.0690    0.0636    0.0636    0.0726    0.0000    0.0000    0.0000
    9.0809    0.0632    0.0632    0.0722    0.0000    0.0000    0.0000
    9.0929    0.0629    0.0629    0.0718    0.0000    0.0000    0.0000
    9.1049    0.0625    0.0625    0.0715    0.0000    0.0000    0.0000
    9.1169    0.0622    0.0622    0.0711    0.0000    0.0000    0.0000
    9.1289    0.0619    0.0618    0.0707    0.0000    0.0000    0.0000
    9.1408    0.0615    0.0615    0.0703    0.0000    0.0000    0.0000
    9.1528    0.0612    0.0612    0.0699    0.0000    0.0000    0.0000
    9.1648    0.0609    0.0608    0.0696    0.0000    0.0000    0.0000
    9.1768    0.0605    0.0605    0.0692    0.0000    0.0000    0.0000
    9.1888    0.0602    0.0602    0.0688    0.0000    0.0000    0.0000
    9.2007    0.0599    0.0598    0.0685    0.0000    0.0000    0.0000
    9.2127    0.0595    0.0595    0.0681    0.0000    0.0000    0.0000
    9.2247    0.0592    0.0592    0.0678    0.0000    0.0000    0.0000
    9.2367    0.0589    0.0589    0.0674    0.0000    0.0000    0.0000
    9.2487    0.0586    0.0586    0.0670    0.0000    0.0000    0.0000
    9.2606    0.0583    0.0583    0.0667    0.0000    0.0000    0.0000
    9.2726    0.0580    0.0580    0.0664    0.0000    0.0000    0.0000
    9.2846    0.0577    0.0577    0.0660    0.0000    0.0000    0.0000
    9.2966    0.0574    0.0573    0.0657    0.0000    0.0000    0.0000
    9.3086    0.0571    0.0570    0.0653    0.0000    0.0000    0.0000
    9.3205    0.0568    0.0568    0.0650    0.0000    0.0000    0.0000
    9.3325    0.0565    0.0565    0.0647    0.0000    0.0000    0.0000
    9.3445    0.0562    0.0562    0.0643    0.0000    0.0000    0.0000
    9.3565    0.0559    0.0559    0.0640    0.0000    0.0000    0.0000
    9.3685    0.0556    0.0556    0.0637    0.0000    0.0000    0.0000
    9.3804    0.0553    0.0553    0.0634    0.0000    0.0000    0.0000
    9.3924    0.0550    0.0550    0.0631    0.0000    0.0000    0.0000
    9.4044    0.0547    0.0547    0.0627    0.0000    0.0000    0.0000
    9.4164    0.0545    0.0545    0.0624    0.0000    0.0000    0.0000
    9.4284    0.0542    0.0542    0.0621    0.0000    0.0000    0.0000
    9.4403    0.0539    0.0539    0.0618    0.0000    0.0000    0.0000
    9.4523    0.0536    0.0536    0.0615    0.0000    0.0000    0.0000
    9.4643    0.0534    0.0534    0.0612    0.0000    0.0000    0.0000
    9.4763    0.0531    0.0531    0.0609    0.0000    0.0000    0.0000
    9.4883    0.0528    0.0528    0.0606    0.0000    0.0000    0.0000
    9.5002    0.0526    0.0526    0.0603    0.0000    0.0000    0.0000
    9.5122    0.0523    0.0523    0.0600    0.0000    0.0000    0.0000
    9.5242    0.0521    0.0520    0.0597    0.0000    0.0000    0.0000
    9.5362    0.0518    0.0518    0.0594    0.0000    0.0000    0.0000
    9.5482    0.0515    0.0515    0.0591    0.0000    0.0000    0.0000
    9.5601    0.0513    0.0513    0.0588    0.0000    0.0000    0.0000
    9.5721    0.0510    0.0510    0.0586    0.0000    0.0000    0.0000
    9.5841    0.0508    0.0508    0.0583    0.0000    0.0000    0.0000
    9.5961    0.0505    0.0505    0.0580    0.0000    0.0000    0.0000
    9.6081    0.0503    0.0503    0.0577    0.0000    0.0000    0.0000
    9.6200    0.0500    0.0500    0.0574    0.0000    0.0000    0.0000
    9.6320    0.0498    0.0498    0.0572    0.0000    0.0000    0.0000
    9.6440    0.0496    0.0495    0.0569    0.0000    0.0000    0.0000
    9.6560    0.0493    0.0493    0.0566    0.0000    0.0000    0.0000
    9.6680    0.0491    0.0491    0.0563    0.0000    0.0000    0.0000
    9.6799    0.0488    0.0488    0.0561    0.0000    0.0000    0.0000
    9.6919    0.0486    0.0486    0.0558    0.0000    0.0000    0.0000
    9.7039    0.0484    0.0484    0.0556    0.0000    0.0000    0.0000
    9.7159    0.0481    0.0481    0.0553    0.0000    0.0000    0.0000
    9.7279    0.0479    0.0479    0.0550    0.0000    0.0000    0.0000
    9.7398    0.0477    0.0477    0.0548    0.0000    0.0000    0.0000
    9.7518    0.0475    0.0474    0.0545    0.0000    0.0000    0.0000
    9.7638    0.0472    0.0472    0.0543    0.0000    0.0000    0.0000
    9.7758    0.0470    0.0470    0.0540    0.0000    0.0000    0.0000
    9.7878    0.0468    0.0468    0.0538    0.0000    0.0000    0.0000
    9.7997    0.0466    0.0466    0.0535    0.0000    0.0000    0.0000
    9.8117    0.0464    0.0463    0.0533    0.0000    0.0000    0.0000
    9.8237    0.0461    0.0461    0.0530    0.0000    0.0000    0.0000
    9.8357    0.0459    0.0459    0.0528    0.0000    0.0000    0.0000
    9.8477    0.0457    0.0457    0.0525    0.0000    0.0000    0.0000
    9.8596    0.0455    0.0455    0.0523    0.0000    0.0000    0.0000
    9.8716    0.0453    0.0453    0.0521    0.0000    0.0000    0.0000
    9.8836    0.0451    0.0451    0.0518    0.0000    0.0000    0.0000
    9.8956    0.0449    0.0449    0.0516    0.0000    0.0000    0.0000
    9.9076    0.0447    0.0447    0.0514    0.0000    0.0000    0.0000
    9.9195    0.0445    0.0444    0.0511    0.0000    0.0000    0.0000
    9.9315    0.0443    0.0442    0.0509    0.0000    0.0000    0.0000
    9.9435    0.0441    0.0440    0.0507    0.0000    0.0000    0.0000
    9.9555    0.0439    0.0438    0.0504    0.0000    0.0000    0.0000
    9.9675    0.0437    0.0436    0.0502    0.0000    0.0000    0.0000
    9.9794    0.0435    0.0434    0.0500    0.0000    0.0000    0.0000
    9.9914    0.0433    0.0432    0.0498    0.0000    0.0000    0.0000
   10.0034    0.0431    0.0431    0.0495    0.0000    0.0000    0.0000
   10.0154    0.0429    0.0429    0.0493    0.0000    0.0000    0.0000
   10.0274    0.0427    0.0427    0.0491    0.0000    0.0000    0.0000
   10.0393    0.0425    0.0425    0.0489    0.0000    0.0000    0.0000
   10.0513    0.0423    0.0423    0.0487    0.0000    0.0000    0.0000
   10.0633    0.0421    0.0421    0.0484    0.0000    0.0000    0.0000
   10.0753    0.0419    0.0419    0.0482    0.0000    0.0000    0.0000
   10.0873    0.0417    0.0417    0.0480    0.0000    0.0000    0.0000
   10.0992    0.0415    0.0415    0.0478    0.0000    0.0000    0.0000
   10.1112    0.0414    0.0414    0.0476    0.0000    0.0000    0.0000
   10.1232    0.0412    0.0412    0.0474    0.0000    0.0000    0.0000
   10.1352    0.0410    0.0410    0.0472    0.0000    0.0000    0.0000
   10.1472    0.0408    0.0408    0.0470    0.0000    0.0000    0.0000
   10.1591    0.0406    0.0406    0.0468    0.0000    0.0000    0.0000
   10.1711    0.0405    0.0405    0.0466    0.0000    0.0000    0.0000
   10.1831    0.0403    0.0403    0.0464    0.0000    0.0000    0.0000
   10.1951    0.0401    0.0401    0.0462    0.0000    0.0000    0.0000
   10.2071    0.0399    0.0399    0.0460    0.0000    0.0000    0.0000
   10.2190    0.0398    0.0398    0.0458    0.0000    0.0000    0.0000
   10.2310    0.0396    0.0396    0.0456    0.0000    0.0000    0.0000
   10.2430    0.0394    0.0394    0.0454    0.0000    0.0000    0.0000
   10.2550    0.0392    0.0392    0.0452    0.0000    0.0000    0.0000
   10.2670    0.0391    0.0391    0.0450    0.0000    0.0000    0.0000
   10.2789    0.0389    0.0389    0.0448    0.0000    0.0000    0.0000
   10.2909    0.0387    0.0387    0.0446    0.0000    0.0000    0.0000
   10.3029    0.0386    0.0386    0.0444    0.0000    0.0000    0.0000
   10.3149    0.0384    0.0384    0.0442    0.0000    0.0000    0.0000
   10.3269    0.0382    0.0382    0.0441    0.0000    0.0000    0.0000
   10.3388    0.0381    0.0381    0.0439    0.0000    0.0000    0.0000
   10.3508    0.0379    0.0379    0.0437    0.0000    0.0000    0.0000
   10.3628    0.0378    0.0378    0.0435    0.0000    0.0000    0.0000
   10.3748    0.0376    0.0376    0.0433    0.0000    0.0000    0.0000
   10.3868    0.0374    0.0374    0.0431    0.0000    0.0000    0.0000
   10.3987    0.0373    0.0373    0.0430    0.0000    0.0000    0.0000
   10.4107    0.0371    0.0371    0.0428    0.0000    0.0000    0.0000
   10.4227    0.0370    0.0370    0.0426    0.0000    0.0000    0.0000
   10.4347    0.0368    0.0368    0.0424    0.0000    0.0000    0.0000
   10.4467    0.0367    0.0367    0.0423    0.0000    0.0000    0.0000
   10.4586    0.0365    0.0365    0.0421    0.0000    0.0000    0.0000
   10.4706    0.0364    0.0364    0.0419    0.0000    0.0000    0.0000
   10.4826    0.0362    0.0362    0.0417    0.0000    0.0000    0.0000
   10.4946    0.0361    0.0360    0.0416    0.0000    0.0000    0.0000
   10.5066    0.0359    0.0359    0.0414    0.0000    0.0000    0.0000
   10.5186    0.0358    0.0358    0.0412    0.0000    0.0000    0.0000
   10.5305    0.0356    0.0356    0.0410    0.0000    0.0000    0.0000
   10.5425    0.0355    0.0355    0.0409    0.0000    0.0000    0.0000
   10.5545    0.0353    0.0353    0.0407    0.0000    0.0000    0.0000
   10.5665    0.0352    0.0352    0.0405    0.0000    0.0000    0.0000
   10.5785    0.0350    0.0350    0.0404    0.0000    0.0000    0.0000
   10.5904    0.0349    0.0349    0.0402    0.0000    0.0000    0.0000
   10.6024    0.0347    0.0347    0.0401    0.0000    0.0000    0.0000
   10.6144    0.0346    0.0346    0.0399    0.0000    0.0000    0.0000
   10.6264    0.0345    0.0345    0.0397    0.0000    0.0000    0.0000
   10.6384    0.0343    0.0343    0.0396    0.0000    0.0000    0.0000
   10.6503    0.0342    0.0342    0.0394    0.0000    0.0000    0.0000
   10.6623    0.0340    0.0340    0.0393    0.0000    0.0000    0.0000
   10.6743    0.0339    0.0339    0.0391    0.0000    0.0000    0.0000
   10.6863    0.0338    0.0338    0.0389    0.0000    0.0000    0.0000
   10.6983    0.0336    0.0336    0.0388    0.0000    0.0000    0.0000
   10.7102    0.0335    0.0335    0.0386    0.0000    0.0000    0.0000
   10.7222    0.0334    0.0334    0.0385    0.0000    0.0000    0.0000
   10.7342    0.0332    0.0332    0.0383    0.0000    0.0000    0.0000
   10.7462    0.0331    0.0331    0.0382    0.0000    0.0000    0.0000
   10.7582    0.0330    0.0330    0.0380    0.0000    0.0000    0.0000
   10.7701    0.0328    0.0328    0.0379    0.0000    0.0000    0.0000
   10.7821    0.0327    0.0327    0.0377    0.0000    0.0000    0.0000
   10.7941    0.0326    0.0326    0.0376    0.0000    0.0000    0.0000
   10.8061    0.0324    0.0324    0.0374    0.0000    0.0000    0.0000
   10.8181    0.0323    0.0323    0.0373    0.0000    0.0000    0.0000
   10.8300    0.0322    0.0322    0.0371    0.0000    0.0000    0.0000
   10.8420    0.0321    0.0321    0.0370    0.0000    0.0000    0.0000
   10.8540    0.0319    0.0319    0.0368    0.0000    0.0000    0.0000
   10.8660    0.0318    0.0318    0.0367    0.0000    0.0000    0.0000
   10.8780    0.0317    0.0317    0.0366    0.0000    0.0000    0.0000
   10.8899    0.0316    0.0316    0.0364    0.0000    0.0000    0.0000
   10.9019    0.0314    0.0314    0.0363    0.0000    0.0000    0.0000
   10.9139    0.0313    0.0313    0.0361    0.0000    0.0000    0.0000
   10.9259    0.0312    0.0312    0.0360    0.0000    0.0000    0.0000
   10.9379    0.0311    0.0311    0.0359    0.0000    0.0000    0.0000
   10.9498    0.0309    0.0309    0.0357    0.0000    0.0000    0.0000
   10.9618    0.0308    0.0308    0.0356    0.0000    0.0000    0.0000
   10.9738    0.0307    0.0307    0.0354    0.0000    0.0000    0.0000
   10.9858    0.0306    0.0306    0.0353    0.0000    0.0000    0.0000
   10.9978    0.0305    0.0305    0.0352    0.0000    0.0000    0.0000
   11.0097    0.0304    0.0303    0.0350    0.0000    0.0000    0.0000
   11.0217    0.0302    0.0302    0.0349    0.0000    0.0000    0.0000
   11.0337    0.0301    0.0301    0.0348    0.0000    0.0000    0.0000
   11.0457    0.0300    0.0300    0.0346    0.0000    0.0000    0.0000
   11.0577    0.0299    0.0299    0.0345    0.0000    0.0000    0.0000
   11.0696    0.0298    0.0298    0.0344    0.0000    0.0000    0.0000
   11.0816    0.0297    0.0297    0.0342    0.0000    0.0000    0.0000
   11.0936    0.0295    0.0295    0.0341    0.0000    0.0000    0.0000
   11.1056    0.0294    0.0294    0.0340    0.0000    0.0000    0.0000
   11.1176    0.0293    0.0293    0.0339    0.0000    0.0000    0.0000
   11.1295    0.0292    0.0292    0.0337    0.0000    0.0000    0.0000
   11.1415    0.0291    0.0291    0.0336    0.0000    0.0000    0.0000
   11.1535    0.0290    0.0290    0.0335    0.0000    0.0000    0.0000
   11.1655    0.0289    0.0289    0.0334    0.0000    0.0000    0.0000
   11.1775    0.0288    0.0288    0.0332    0.0000    0.0000    0.0000
   11.1894    0.0287    0.0287    0.0331    0.0000    0.0000    0.0000
   11.2014    0.0286    0.0286    0.0330    0.0000    0.0000    0.0000
   11.2134    0.0285    0.0284    0.0329    0.0000    0.0000    0.0000
   11.2254    0.0283    0.0283    0.0327    0.0000    0.0000    0.0000
   11.2374    0.0282    0.0282    0.0326    0.0000    0.0000    0.0000
   11.2493    0.0281    0.0281    0.0325    0.0000    0.0000    0.0000
   11.2613    0.0280    0.0280    0.0324    0.0000    0.0000    0.0000
   11.2733    0.0279    0.0279    0.0323    0.0000    0.0000    0.0000
   11.2853    0.0278    0.0278    0.0321    0.0000    0.0000    0.0000
   11.2973    0.0277    0.0277    0.0320    0.0000    0.0000    0.0000
   11.3092    0.0276    0.0276    0.0319    0.0000    0.0000    0.0000
   11.3212    0.0275    0.0275    0.0318    0.0000    0.0000    0.0000
   11.3332    0.0274    0.0274    0.0317    0.0000    0.0000    0.0000
   11.3452    0.0273    0.0273    0.0315    0.0000    0.0000    0.0000
   11.3572    0.0272    0.0272    0.0314    0.0000    0.0000    0.0000
   11.3691    0.0271    0.0271    0.0313    0.0000    0.0000    0.0000
   11.3811    0.0270    0.0270    0.0312    0.0000    0.0000    0.0000
   11.3931    0.0269    0.0269    0.0311    0.0000    0.0000    0.0000
   11.4051    0.0268    0.0268    0.0310    0.0000    0.0000    0.0000
   11.4171    0.0267    0.0267    0.0309    0.0000    0.0000    0.0000
   11.4290    0.0266    0.0266    0.0308    0.0000    0.0000    0.0000
   11.4410    0.0265    0.0265    0.0306    0.0000    0.0000    0.0000
   11.4530    0.0264    0.0264    0.0305    0.0000    0.0000    0.0000
   11.4650    0.0263    0.0263    0.0304    0.0000    0.0000    0.0000
   11.4770    0.0262    0.0262    0.0303    0.0000    0.0000    0.0000
   11.4889    0.0261    0.0261    0.0302    0.0000    0.0000    0.0000
   11.5009    0.0260    0.0260    0.0301    0.0000    0.0000    0.0000
   11.5129    0.0260    0.0259    0.0300    0.0000    0.0000    0.0000
   11.5249    0.0259    0.0259    0.0299    0.0000    0.0000    0.0000
   11.5369    0.0258    0.0258    0.0298    0.0000    0.0000    0.0000
   11.5488    0.0257    0.0257    0.0297    0.0000    0.0000    0.0000
   11.5608    0.0256    0.0256    0.0296    0.0000    0.0000    0.0000
   11.5728    0.0255    0.0255    0.0295    0.0000    0.0000    0.0000
   11.5848    0.0254    0.0254    0.0293    0.0000    0.0000    0.0000
   11.5968    0.0253    0.0253    0.0292    0.0000    0.0000    0.0000
   11.6087    0.0252    0.0252    0.0291    0.0000    0.0000    0.0000
   11.6207    0.0251    0.0251    0.0290    0.0000    0.0000    0.0000
   11.6327    0.0250    0.0250    0.0289    0.0000    0.0000    0.0000
   11.6447    0.0249    0.0249    0.0288    0.0000    0.0000    0.0000
   11.6567    0.0249    0.0249    0.0287    0.0000    0.0000    0.0000
   11.6686    0.0248    0.0248    0.0286    0.0000    0.0000    0.0000
   11.6806    0.0247    0.0247    0.0285    0.0000    0.0000    0.0000
   11.6926    0.0246    0.0246    0.0284    0.0000    0.0000    0.0000
   11.7046    0.0245    0.0245    0.0283    0.0000    0.0000    0.0000
   11.7166    0.0244    0.0244    0.0282    0.0000    0.0000    0.0000
   11.7285    0.0243    0.0243    0.0281    0.0000    0.0000    0.0000
   11.7405    0.0243    0.0242    0.0280    0.0000    0.0000    0.0000
   11.7525    0.0242    0.0242    0.0279    0.0000    0.0000    0.0000
   11.7645    0.0241    0.0241    0.0278    0.0000    0.0000    0.0000
   11.7765    0.0240    0.0240    0.0277    0.0000    0.0000    0.0000
   11.7884    0.0239    0.0239    0.0276    0.0000    0.0000    0.0000
   11.8004    0.0238    0.0238    0.0275    0.0000    0.0000    0.0000
   11.8124    0.0237    0.0237    0.0275    0.0000    0.0000    0.0000
   11.8244    0.0237    0.0237    0.0274    0.0000    0.0000    0.0000
   11.8364    0.0236    0.0236    0.0273    0.0000    0.0000    0.0000
   11.8483    0.0235    0.0235    0.0272    0.0000    0.0000    0.0000
   11.8603    0.0234    0.0234    0.0271    0.0000    0.0000    0.0000
   11.8723    0.0233    0.0233    0.0270    0.0000    0.0000    0.0000
   11.8843    0.0233    0.0233    0.0269    0.0000    0.0000    0.0000
   11.8963    0.0232    0.0232    0.0268    0.0000    0.0000    0.0000
   11.9082    0.0231    0.0231    0.0267    0.0000    0.0000    0.0000
   11.9202    0.0230    0.0230    0.0266    0.0000    0.0000    0.0000
   11.9322    0.0229    0.0229    0.0265    0.0000    0.0000    0.0000
   11.9442    0.0229    0.0229    0.0264    0.0000    0.0000    0.0000
   11.9562    0.0228    0.0228    0.0263    0.0000    0.0000    0.0000
   11.9681    0.0227    0.0227    0.0263    0.0000    0.0000    0.0000
