    0.000000   83.662000   85.047400  115.417100
    0.012000   83.551100   84.914700  115.320200
    0.024000   83.219000   84.518200  115.030100
    0.035900   82.669000   83.862800  114.549100
    0.047900   81.905900   82.956400  113.880400
    0.059900   80.936700   81.810200  113.029200
    0.071900   79.770100   80.438000  112.001700
    0.083900   78.417100   78.856200  110.805900
    0.095800   76.889900   77.083700  109.451200
    0.107800   75.202800   75.141400  107.948500
    0.119800   73.371500   73.051800  106.310400
    0.131800   71.412900   70.838600  104.550500
    0.143800   69.345300   68.526500  102.684200
    0.155700   67.187600   66.140200  100.727700
    0.167700   64.959600   63.705100   98.698500
    0.179700   62.681200   61.245400   96.614500
    0.191700   60.372400   58.784800   94.494400
    0.203700   58.052900   56.345400   92.357100
    0.215600   55.741600   53.948000   90.221200
    0.227600   53.456400   51.611200   88.105000
    0.239600   51.214200   49.351600   86.026200
    0.251600   49.030200   47.183100   84.001400
    0.263600   46.917900   45.117600   82.045800
    0.275500   44.889200   43.164000   80.173500
    0.287500   42.953800   41.329200   78.396600
    0.299500   41.119400   39.617400   76.725600
    0.311500   39.392000   38.030800   75.169200
    0.323500   37.775700   36.569500   73.734200
    0.335400   36.272600   35.231800   72.425500
    0.347400   34.883500   34.014700   71.246400
    0.359400   33.607600   32.913800   70.198500
    0.371400   32.443100   31.923900   69.281900
    0.383400   31.387000   31.039200   68.495400
    0.395300   30.435900   30.253400   67.836400
    0.407300   29.585500   29.560000   67.301400
    0.419300   28.831200   28.952700   66.885800
    0.431300   28.168400   28.425300   66.584000
    0.443300   27.592100   27.971900   66.389800
    0.455200   27.097500   27.586800   66.296000
    0.467200   26.679900   27.265000   66.294700
    0.479200   26.334500   27.001500   66.376900
    0.491200   26.056900   26.792200   66.532900
    0.503200   25.842700   26.632900   66.752200
    0.515100   25.687400   26.519800   67.023100
    0.527100   25.586900   26.449400   67.332900
    0.539100   25.536900   26.418200   67.668200
    0.551100   25.533200   26.423100   68.014300
    0.563100   25.571700   26.460700   68.356000
    0.575000   25.648000   26.527700   68.677100
    0.587000   25.758000   26.621000   68.961200
    0.599000   25.897400   26.737200   69.191500
    0.611000   26.061900   26.873000   69.351100
    0.623000   26.247300   27.025300   69.423500
    0.634900   26.449700   27.190700   69.393300
    0.646900   26.665000   27.366200   69.245500
    0.658900   26.889600   27.548800   68.967000
    0.670900   27.120100   27.735700   68.546300
    0.682900   27.353400   27.924500   67.974100
    0.694800   27.586600   28.113000   67.243100
    0.706800   27.817400   28.299200   66.348900
    0.718800   28.043800   28.481700   65.289300
    0.730800   28.264300   28.659400   64.065300
    0.742800   28.477700   28.831400   62.680100
    0.754700   28.683200   28.997300   61.139800
    0.766700   28.880500   29.157100   59.452600
    0.778700   29.069400   29.311000   57.629200
    0.790700   29.250200   29.459700   55.681900
    0.802700   29.423400   29.603700   53.624700
    0.814600   29.589600   29.744100   51.472700
    0.826600   29.749600   29.881800   49.241900
    0.838600   29.904200   30.018000   46.949000
    0.850600   30.054400   30.153800   44.610600
    0.862600   30.201100   30.290300   42.243200
    0.874500   30.345100   30.428300   39.862900
    0.886500   30.487300   30.568900   37.485100
    0.898500   30.628300   30.712600   35.124400
    0.910500   30.768700   30.860000   32.794200
    0.922500   30.909100   31.011300   30.507000
    0.934400   31.049600   31.166500   28.273800
    0.946400   31.190500   31.325500   26.104700
    0.958400   31.331800   31.487800   24.008300
    0.970400   31.473300   31.652800   21.992300
    0.982400   31.614700   31.819600   20.062900
    0.994400   31.755700   31.987000   18.225600
    1.006300   31.895700   32.153900   16.484700
    1.018300   32.034100   32.318900   14.843600
    1.030300   32.170200   32.480400   13.305100
    1.042300   32.303100   32.636900   11.870900
    1.054300   32.431800   32.786900   10.542300
    1.066200   32.555600   32.928700    9.319700
    1.078200   32.673500   33.061100    8.203200
    1.090200   32.784400   33.182500    7.192200
    1.102200   32.887500   33.291800    6.285600
    1.114200   32.982000   33.388100    5.481800
    1.126100   33.066900   33.470600    4.778900
    1.138100   33.141600   33.538800    4.174400
    1.150100   33.205600   33.592500    3.665400
    1.162100   33.258400   33.631800    3.248500
    1.174100   33.299900   33.657100    2.920100
    1.186000   33.330000   33.669000    2.675900
    1.198000   33.348900   33.668500    2.511700
    1.210000   33.356800   33.656600    2.422500
    1.222000   33.354600   33.634700    2.403300
    1.234000   33.342900   33.604300    2.448700
    1.245900   33.322700   33.567000    2.553300
    1.257900   33.295200   33.524300    2.711200
    1.269900   33.261700   33.478000    2.916600
    1.281900   33.223600   33.429700    3.163700
    1.293900   33.182300   33.380700    3.446600
    1.305800   33.139500   33.332500    3.759500
    1.317800   33.096500   33.286200    4.096500
    1.329800   33.054800   33.242800    4.452200
    1.341800   33.015700   33.203000    4.821100
    1.353800   32.980300   33.167400    5.198100
    1.365700   32.949700   33.136100    5.578300
    1.377700   32.924600   33.109000    5.956900
    1.389700   32.905400   33.086100    6.329800
    1.401700   32.892400   33.066700    6.692900
    1.413700   32.885400   33.050100    7.042500
    1.425600   32.884000   33.035600    7.375300
    1.437600   32.887400   33.021900    7.688300
    1.449600   32.894600   33.007900    7.978900
    1.461600   32.904300   32.992300    8.244700
    1.473600   32.914800   32.973600    8.483700
    1.485500   32.924200   32.950600    8.694300
    1.497500   32.930500   32.921700    8.875200
    1.509500   32.931500   32.885400    9.025200
    1.521500   32.924800   32.840200    9.143800
    1.533500   32.908000   32.784700    9.230400
    1.545400   32.878700   32.717600    9.285000
    1.557400   32.834400   32.637500    9.307800
    1.569400   32.773100   32.543100    9.299100
    1.581400   32.692400   32.433300    9.259500
    1.593400   32.590400   32.307000    9.190100
    1.605300   32.465500   32.163300    9.092000
    1.617300   32.316300   32.001300    8.966300
    1.629300   32.141600   31.820200    8.814500
    1.641300   31.940700   31.619400    8.638300
    1.653300   31.713100   31.398600    8.439300
    1.665200   31.458800   31.157200    8.219200
    1.677200   31.177900   30.895100    7.979700
    1.689200   30.871100   30.612300    7.722600
    1.701200   30.539200   30.308600    7.449600
    1.713200   30.183200   29.984400    7.162200
    1.725100   29.804400   29.639800    6.862000
    1.737100   29.404300   29.275200    6.550400
    1.749100   28.984200   28.890900    6.228400
    1.761100   28.545700   28.487500    5.897200
    1.773100   28.090200   28.065400    5.557600
    1.785000   27.618900   27.625100    5.210300
    1.797000   27.133100   27.167100    4.855700
    1.809000   26.633500   26.691700    4.494200
    1.821000   26.121000   26.199300    4.126000
    1.833000   25.595800   25.690100    3.751100
    1.844900   25.058000   25.164100    3.369500
    1.856900   24.507400   24.621400    2.981000
    1.868900   23.943400   24.061700    2.585400
    1.880900   23.365300   23.484700    2.182400
    1.892900   22.772000   22.890000    1.772000
    1.904800   22.162300   22.277000    1.353900
    1.916800   21.534800   21.644800    0.927800
    1.928800   20.888200   20.992800    0.493900
    1.940800   20.221100   20.320100    0.051900
    1.952800   19.532100   19.626000   -0.397800
    1.964700   18.820000   18.909600   -0.855200
    1.976700   18.084000   18.170300   -1.319800
    1.988700   17.323300   17.407700   -1.791200
    2.000700   16.537700   16.621500   -2.268800
    2.012700   15.727200   15.811600   -2.751800
    2.024600   14.892400   14.978500   -3.239200
    2.036600   14.034300   14.122900   -3.730000
    2.048600   13.154400   13.245800   -4.222900
    2.060600   12.254600   12.348900   -4.716300
    2.072600   11.337400   11.434100   -5.208900
    2.084500   10.405800   10.503800   -5.698700
    2.096500    9.463000    9.560800   -6.183900
    2.108500    8.512700    8.608400   -6.662300
    2.120500    7.559000    7.650200   -7.131900
    2.132500    6.605900    6.689800   -7.590400
    2.144400    5.657900    5.731500   -8.035400
    2.156400    4.719400    4.779400   -8.464700
    2.168400    3.794700    3.837800   -8.875900
    2.180400    2.888000    2.910900   -9.266900
    2.192400    2.003400    2.002900   -9.635500
    2.204300    1.144700    1.117800   -9.979700
    2.216300    0.315200    0.259200  -10.297900
    2.228300   -0.482100   -0.569400  -10.588600
    2.240300   -1.244700   -1.365000  -10.850600
    2.252300   -1.970600   -2.125100  -11.083100
    2.264200   -2.658400   -2.847600  -11.285500
    2.276200   -3.307000   -3.530900  -11.457700
    2.288200   -3.916300   -4.173900  -11.599700
    2.300200   -4.486100   -4.776100  -11.712200
    2.312200   -5.017200   -5.337300  -11.795900
    2.324100   -5.510700   -5.857900  -11.852000
    2.336100   -5.967800   -6.338900  -11.881700
    2.348100   -6.390400   -6.781300  -11.886600
    2.360100   -6.780600   -7.186800  -11.868400
    2.372100   -7.140500   -7.557200  -11.828800
    2.384000   -7.472600   -7.894700  -11.769700
    2.396000   -7.779200   -8.201500  -11.693000
    2.408000   -8.063000   -8.480100  -11.600300
    2.420000   -8.326300   -8.732900  -11.493400
    2.432000   -8.571600   -8.962600  -11.373800
    2.443900   -8.801000   -9.171600  -11.243000
    2.455900   -9.016800   -9.362400  -11.102200
    2.467900   -9.220900   -9.537300  -10.952400
    2.479900   -9.414900   -9.698700  -10.794600
    2.491900   -9.600600   -9.848400  -10.629500
    2.503800   -9.779000   -9.988500  -10.457600
    2.515800   -9.951500  -10.120700  -10.279300
    2.527800  -10.118800  -10.246500  -10.095100
    2.539800  -10.281600  -10.367100   -9.905100
    2.551800  -10.440500  -10.483800   -9.709500
    2.563700  -10.595600  -10.597300   -9.508600
    2.575700  -10.747100  -10.708300   -9.302400
    2.587700  -10.894900  -10.817400   -9.091200
    2.599700  -11.038900  -10.924800   -8.875300
    2.611700  -11.178700  -11.030800   -8.655000
    2.623600  -11.313800  -11.135100   -8.430800
    2.635600  -11.443800  -11.237800   -8.203300
    2.647600  -11.568100  -11.338600   -7.973000
    2.659600  -11.686000  -11.437100   -7.740800
    2.671600  -11.797000  -11.532800   -7.507500
    2.683500  -11.900300  -11.625300   -7.273900
    2.695500  -11.995500  -11.714200   -7.041100
    2.707500  -12.082000  -11.798900   -6.810000
    2.719500  -12.159400  -11.879000   -6.581700
    2.731500  -12.227400  -11.954000   -6.357200
    2.743400  -12.285700  -12.023700   -6.137400
    2.755400  -12.334400  -12.087800   -5.923400
    2.767400  -12.373600  -12.146200   -5.716000
    2.779400  -12.403700  -12.198900   -5.516000
    2.791400  -12.425000  -12.246100   -5.324200
    2.803300  -12.438400  -12.288000   -5.141200
    2.815300  -12.444700  -12.325000   -4.967500
    2.827300  -12.444800  -12.357800   -4.803600
    2.839300  -12.440100  -12.387100   -4.649800
    2.851300  -12.431800  -12.413700   -4.506400
    2.863200  -12.421300  -12.438600   -4.373400
    2.875200  -12.410000  -12.462700   -4.251100
    2.887200  -12.399500  -12.487100   -4.139300
    2.899200  -12.391300  -12.513000   -4.038000
    2.911200  -12.386800  -12.541400   -3.947100
    2.923200  -12.387200  -12.573400   -3.866300
    2.935100  -12.394000  -12.610000   -3.795600
    2.947100  -12.408100  -12.651900   -3.734500
    2.959100  -12.430500  -12.700000   -3.682900
    2.971100  -12.461800  -12.754700   -3.640300
    2.983100  -12.502400  -12.816500   -3.606400
    2.995000  -12.552700  -12.885500   -3.580900
    3.007000  -12.612600  -12.961500   -3.563200
    3.019000  -12.681800  -13.044400   -3.553000
    3.031000  -12.759900  -13.133500   -3.549800
    3.043000  -12.846100  -13.228100   -3.553100
    3.054900  -12.939700  -13.327300   -3.562400
    3.066900  -13.039500  -13.430000   -3.577100
    3.078900  -13.144400  -13.534900   -3.596700
    3.090900  -13.253100  -13.640700   -3.620700
    3.102900  -13.364300  -13.745900   -3.648300
    3.114800  -13.476600  -13.849000   -3.679100
    3.126800  -13.588600  -13.948700   -3.712400
    3.138800  -13.698900  -14.043500   -3.747700
    3.150800  -13.806400  -14.132200   -3.784400
    3.162800  -13.909600  -14.213400   -3.821900
    3.174700  -14.007500  -14.286200   -3.859800
    3.186700  -14.099000  -14.349700   -3.897700
    3.198700  -14.183100  -14.403100   -3.935000
    3.210700  -14.259100  -14.445900   -3.971500
    3.222700  -14.326100  -14.477800   -4.006900
    3.234600  -14.383600  -14.498600   -4.041100
    3.246600  -14.431000  -14.508300   -4.073800
    3.258600  -14.468000  -14.507000   -4.105100
    3.270600  -14.494300  -14.495200   -4.134900
    3.282600  -14.509600  -14.473000   -4.163400
    3.294500  -14.513900  -14.441200   -4.190700
    3.306500  -14.507200  -14.400300   -4.216900
    3.318500  -14.489500  -14.350900   -4.242200
    3.330500  -14.461000  -14.293700   -4.266800
    3.342500  -14.421900  -14.229600   -4.291000
    3.354400  -14.372500  -14.159100   -4.314900
    3.366400  -14.313400  -14.083100   -4.338700
    3.378400  -14.244800  -14.002200   -4.362500
    3.390400  -14.167500  -13.917100   -4.386400
    3.402400  -14.081900  -13.828600   -4.410500
    3.414300  -13.988900  -13.737300   -4.434800
    3.426300  -13.889200  -13.643700   -4.459200
    3.438300  -13.783600  -13.548400   -4.483800
    3.450300  -13.673000  -13.452100   -4.508400
    3.462300  -13.558300  -13.355100   -4.533000
    3.474200  -13.440400  -13.258000   -4.557500
    3.486200  -13.320300  -13.161200   -4.581900
    3.498200  -13.199000  -13.065100   -4.606300
    3.510200  -13.077300  -12.970000   -4.630600
    3.522200  -12.956400  -12.876500   -4.655100
    3.534100  -12.837000  -12.784700   -4.680000
    3.546100  -12.720000  -12.695000   -4.705700
    3.558100  -12.606200  -12.607600   -4.732600
    3.570100  -12.496500  -12.522800   -4.761200
    3.582100  -12.391400  -12.440800   -4.792400
    3.594000  -12.291400  -12.361900   -4.826800
