  #energy          xx             yy              zz              xy              yz              zx
  0.00000000E+00  0.91466934E+01  0.92221147E+01  0.10743235E+02  0.30000000E-01  0.00000000E+00  0.20000000E-01
  0.12000000E-01  0.91421028E+01  0.92166173E+01  0.10739706E+02  0.30000000E-01  0.15791710E-02  0.20153295E-01
  0.24000000E-01  0.91283280E+01  0.92001593E+01  0.10729127E+02  0.30000000E-01  0.31467366E-02  0.20581710E-01
  0.35900000E-01  0.91054419E+01  0.91728498E+01  0.10711544E+02  0.30000000E-01  0.65148208E-02  0.20581710E-01
  0.47900000E-01  0.90735299E+01  0.91348603E+01  0.10687009E+02  0.28284271E-01  0.80486960E-02  0.21213203E-01
  0.59900000E-01  0.90327304E+01  0.90864487E+01  0.10655626E+02  0.28284271E-01  0.10000000E-01  0.20000000E-01
  0.71900000E-01  0.89832112E+01  0.90279288E+01  0.10617508E+02  0.28284271E-01  0.11467663E-01  0.20000000E-01
  0.83900000E-01  0.89252072E+01  0.89596824E+01  0.10572820E+02  0.28284271E-01  0.13472464E-01  0.19216093E-01
  0.95800000E-01  0.88589680E+01  0.88821676E+01  0.10521759E+02  0.26457513E-01  0.14142136E-01  0.19216093E-01
  0.10780000E+00  0.87848137E+01  0.87959086E+01  0.10464563E+02  0.26457513E-01  0.16272108E-01  0.18818558E-01
  0.11980000E+00  0.87031054E+01  0.87014877E+01  0.10401526E+02  0.26524581E-01  0.18398817E-01  0.18818558E-01
  0.13180000E+00  0.86142450E+01  0.85995421E+01  0.10332973E+02  0.26524581E-01  0.19287699E-01  0.17320508E-01
  0.14380000E+00  0.85187009E+01  0.84907734E+01  0.10259301E+02  0.26720881E-01  0.20246035E-01  0.17422784E-01
  0.15570000E+00  0.84169704E+01  0.83759114E+01  0.10180944E+02  0.24823935E-01  0.22411338E-01  0.17422784E-01
  0.16770000E+00  0.83096160E+01  0.82557677E+01  0.10098397E+02  0.25207344E-01  0.23452079E-01  0.16248246E-01
  0.17970000E+00  0.81972320E+01  0.81311515E+01  0.10012199E+02  0.27442902E-01  0.24541150E-01  0.15191730E-01
  0.19170000E+00  0.80804540E+01  0.80029179E+01  0.99229398E+01  0.27442902E-01  0.25671326E-01  0.15191730E-01
  0.20370000E+00  0.79599587E+01  0.78719284E+01  0.98312598E+01  0.27930561E-01  0.25671326E-01  0.14251768E-01
  0.21560000E+00  0.78364393E+01  0.77390659E+01  0.97378225E+01  0.27930561E-01  0.25923258E-01  0.11853796E-01
  0.22760000E+00  0.77106023E+01  0.76051979E+01  0.96433302E+01  0.30000000E-01  0.27175660E-01  0.11853796E-01
  0.23960000E+00  0.75831858E+01  0.74711910E+01  0.95485105E+01  0.30000000E-01  0.28443224E-01  0.11147379E-01
  0.25160000E+00  0.74549122E+01  0.73378644E+01  0.94540968E+01  0.31938812E-01  0.27654683E-01  0.95138049E-02
  0.26360000E+00  0.73265008E+01  0.72060287E+01  0.93608208E+01  0.33321581E-01  0.28997115E-01  0.89507689E-02
  0.27550000E+00  0.71986665E+01  0.70764170E+01  0.92694181E+01  0.33768512E-01  0.28284271E-01  0.89507689E-02
  0.28750000E+00  0.70720814E+01  0.69497387E+01  0.91805913E+01  0.35072404E-01  0.29690188E-01  0.72878589E-02
  0.29950000E+00  0.69473832E+01  0.68266118E+01  0.90950221E+01  0.36347080E-01  0.29068449E-01  0.68712150E-02
  0.31150000E+00  0.68251808E+01  0.67075944E+01  0.90133497E+01  0.37592777E-01  0.29068449E-01  0.52153799E-02
  0.32350000E+00  0.67060382E+01  0.65931684E+01  0.89361657E+01  0.37592777E-01  0.30000000E-01  0.52153799E-02
  0.33540000E+00  0.65904497E+01  0.64837277E+01  0.88639938E+01  0.38810125E-01  0.30000000E-01  0.35086411E-02
  0.34740000E+00  0.64788636E+01  0.63795950E+01  0.87973103E+01  0.40000000E-01  0.30000000E-01  0.35086411E-02
  0.35940000E+00  0.63716725E+01  0.62810039E+01  0.87365132E+01  0.41163421E-01  0.29524550E-01  0.17643377E-02
  0.37140000E+00  0.62692163E+01  0.61881231E+01  0.86819299E+01  0.42062321E-01  0.29524550E-01  0.17643377E-02
  0.38340000E+00  0.61717616E+01  0.61010500E+01  0.86338212E+01  0.42062321E-01  0.29106934E-01  0.17643377E-02
  0.39530000E+00  0.60795597E+01  0.60198236E+01  0.85923615E+01  0.43193291E-01  0.29106934E-01  0.00000000E+00
  0.40730000E+00  0.59927834E+01  0.59444160E+01  0.85576606E+01  0.42996317E-01  0.29106934E-01  0.00000000E+00
  0.41930000E+00  0.59115675E+01  0.58747770E+01  0.85297463E+01  0.44116244E-01  0.29106934E-01  0.00000000E+00
  0.43130000E+00  0.58360290E+01  0.58108193E+01  0.85085709E+01  0.43958436E-01  0.28761088E-01  0.17643377E-02
  0.44330000E+00  0.57662310E+01  0.57524287E+01  0.84940269E+01  0.45064137E-01  0.28761088E-01  0.17643377E-02
  0.45520000E+00  0.57022201E+01  0.56994637E+01  0.84859243E+01  0.44942229E-01  0.28761088E-01  0.17643377E-02
  0.46720000E+00  0.56440171E+01  0.56517944E+01  0.84840082E+01  0.45941922E-01  0.28761088E-01  0.37423915E-02
  0.47920000E+00  0.55916065E+01  0.56092579E+01  0.84879379E+01  0.45941922E-01  0.27033103E-01  0.37423915E-02
  0.49120000E+00  0.55449641E+01  0.55717221E+01  0.84973146E+01  0.45877567E-01  0.27033103E-01  0.37423915E-02
  0.50320000E+00  0.55040354E+01  0.55390204E+01  0.85116766E+01  0.45877567E-01  0.27033103E-01  0.37423915E-02
  0.51510000E+00  0.54687184E+01  0.55109904E+01  0.85304819E+01  0.45838737E-01  0.27033103E-01  0.37423915E-02
  0.52710000E+00  0.54389038E+01  0.54874561E+01  0.85531208E+01  0.46916263E-01  0.27033103E-01  0.55487526E-02
  0.53910000E+00  0.54144227E+01  0.54682331E+01  0.85789429E+01  0.46904158E-01  0.27033103E-01  0.59506467E-02
  0.55110000E+00  0.53950848E+01  0.54531336E+01  0.86072211E+01  0.46904158E-01  0.27033103E-01  0.59506467E-02
  0.56310000E+00  0.53806609E+01  0.54419301E+01  0.86372001E+01  0.46916263E-01  0.27033103E-01  0.59506467E-02
  0.57500000E+00  0.53708578E+01  0.54343732E+01  0.86680749E+01  0.46916263E-01  0.27033103E-01  0.59506467E-02
  0.58700000E+00  0.53653726E+01  0.54302134E+01  0.86990282E+01  0.46952488E-01  0.27033103E-01  0.59506467E-02
  0.59900000E+00  0.53638497E+01  0.54291560E+01  0.87292223E+01  0.46952488E-01  0.26720881E-01  0.64457424E-02
  0.61100000E+00  0.53659017E+01  0.54309006E+01  0.87578153E+01  0.47012553E-01  0.26720881E-01  0.64457424E-02
  0.62300000E+00  0.53711310E+01  0.54351415E+01  0.87839790E+01  0.47012553E-01  0.28501062E-01  0.64457424E-02
  0.63490000E+00  0.53791337E+01  0.54415400E+01  0.88069348E+01  0.46031271E-01  0.28501062E-01  0.64457424E-02
  0.64690000E+00  0.53894802E+01  0.54497780E+01  0.88259079E+01  0.46031271E-01  0.28501062E-01  0.64457424E-02
  0.65890000E+00  0.54017723E+01  0.54595329E+01  0.88401997E+01  0.46031271E-01  0.28501062E-01  0.64457424E-02
  0.67090000E+00  0.54156184E+01  0.54704913E+01  0.88491707E+01  0.46144898E-01  0.28501062E-01  0.70710678E-02
  0.68290000E+00  0.54306578E+01  0.54823751E+01  0.88522558E+01  0.46144898E-01  0.28501062E-01  0.70710678E-02
  0.69480000E+00  0.54465396E+01  0.54949192E+01  0.88489587E+01  0.46144898E-01  0.28501062E-01  0.70710678E-02
  0.70680000E+00  0.54629726E+01  0.55078784E+01  0.88388832E+01  0.46281924E-01  0.28501062E-01  0.70710678E-02
  0.71880000E+00  0.54796948E+01  0.55210624E+01  0.88217049E+01  0.45210957E-01  0.28501062E-01  0.70710678E-02
  0.73080000E+00  0.54964954E+01  0.55343069E+01  0.87972158E+01  0.45210957E-01  0.28501062E-01  0.70710678E-02
  0.74280000E+00  0.55131942E+01  0.55474764E+01  0.87652741E+01  0.45210957E-01  0.30182399E-01  0.70710678E-02
  0.75470000E+00  0.55296517E+01  0.55604752E+01  0.87258494E+01  0.45381505E-01  0.30182399E-01  0.70710678E-02
  0.76670000E+00  0.55457851E+01  0.55732538E+01  0.86789743E+01  0.45381505E-01  0.30182399E-01  0.70710678E-02
  0.77870000E+00  0.55615198E+01  0.55857799E+01  0.86247857E+01  0.45381505E-01  0.30182399E-01  0.78823876E-02
  0.79070000E+00  0.55768335E+01  0.55980779E+01  0.85634789E+01  0.45381505E-01  0.30182399E-01  0.78823876E-02
  0.80270000E+00  0.55917332E+01  0.56101527E+01  0.84953215E+01  0.44299242E-01  0.30182399E-01  0.78823876E-02
  0.81460000E+00  0.56062319E+01  0.56220725E+01  0.84206393E+01  0.44299242E-01  0.31778955E-01  0.78823876E-02
  0.82660000E+00  0.56203747E+01  0.56338935E+01  0.83398028E+01  0.44299242E-01  0.31778955E-01  0.78823876E-02
  0.83860000E+00  0.56342052E+01  0.56457010E+01  0.82532422E+01  0.44299242E-01  0.31778955E-01  0.78823876E-02
  0.85060000E+00  0.56477939E+01  0.56575796E+01  0.81614006E+01  0.44299242E-01  0.31778955E-01  0.78823876E-02
  0.86260000E+00  0.56612069E+01  0.56696198E+01  0.80647547E+01  0.44299242E-01  0.31778955E-01  0.78823876E-02
  0.87450000E+00  0.56745034E+01  0.56818904E+01  0.79637884E+01  0.45381505E-01  0.33301907E-01  0.78823876E-02
  0.88650000E+00  0.56877589E+01  0.56944907E+01  0.78590031E+01  0.45381505E-01  0.33200422E-01  0.78823876E-02
  0.89850000E+00  0.57010234E+01  0.57074693E+01  0.77508931E+01  0.45381505E-01  0.33200422E-01  0.70710678E-02
  0.91050000E+00  0.57143526E+01  0.57208926E+01  0.76399545E+01  0.45381505E-01  0.33200422E-01  0.70710678E-02
  0.92250000E+00  0.57278038E+01  0.57347896E+01  0.75266704E+01  0.45381505E-01  0.33200422E-01  0.70710678E-02
  0.93440000E+00  0.57413909E+01  0.57491784E+01  0.74115064E+01  0.46441331E-01  0.33200422E-01  0.70710678E-02
  0.94640000E+00  0.57551479E+01  0.57640666E+01  0.72949223E+01  0.46441331E-01  0.34671021E-01  0.70710678E-02
  0.95840000E+00  0.57690887E+01  0.57794295E+01  0.71773445E+01  0.46621993E-01  0.34641016E-01  0.70710678E-02
  0.97040000E+00  0.57832025E+01  0.57952346E+01  0.70591966E+01  0.47649449E-01  0.34641016E-01  0.70710678E-02
  0.98240000E+00  0.57974810E+01  0.58114239E+01  0.69408650E+01  0.47649449E-01  0.34641016E-01  0.70710678E-02
  0.99440000E+00  0.58119066E+01  0.58279143E+01  0.68227371E+01  0.47649449E-01  0.34641016E-01  0.70710678E-02
  0.10063000E+01  0.58264417E+01  0.58446268E+01  0.67051620E+01  0.48835529E-01  0.36055513E-01  0.91017972E-02
  0.10183000E+01  0.58410479E+01  0.58614599E+01  0.65884899E+01  0.48835529E-01  0.36082132E-01  0.91017972E-02
  0.10303000E+01  0.58556775E+01  0.58782886E+01  0.64730542E+01  0.49815666E-01  0.36082132E-01  0.91017972E-02
  0.10423000E+01  0.58702641E+01  0.58949981E+01  0.63591631E+01  0.50000000E-01  0.36082132E-01  0.91017972E-02
  0.10543000E+01  0.58847325E+01  0.59114704E+01  0.62471276E+01  0.50000000E-01  0.36082132E-01  0.91017972E-02
  0.10662000E+01  0.58990328E+01  0.59275679E+01  0.61372469E+01  0.51143426E-01  0.36161407E-01  0.10961579E-01
  0.10782000E+01  0.59130862E+01  0.59431908E+01  0.60298076E+01  0.51143426E-01  0.37511422E-01  0.10961579E-01
  0.10902000E+01  0.59268075E+01  0.59582017E+01  0.59251010E+01  0.52266453E-01  0.37511422E-01  0.11897378E-01
  0.11022000E+01  0.59401324E+01  0.59725039E+01  0.58233990E+01  0.52473271E-01  0.37628328E-01  0.11897378E-01
  0.11142000E+01  0.59529889E+01  0.59860132E+01  0.57249827E+01  0.52473271E-01  0.37628328E-01  0.13616541E-01
  0.11261000E+01  0.59652987E+01  0.59986496E+01  0.56301212E+01  0.53578826E-01  0.37789033E-01  0.14704685E-01
  0.11381000E+01  0.59770008E+01  0.60103500E+01  0.55390774E+01  0.53578826E-01  0.37789033E-01  0.14704685E-01
  0.11501000E+01  0.59880462E+01  0.60210799E+01  0.54521073E+01  0.53799113E-01  0.37789033E-01  0.14704685E-01
  0.11621000E+01  0.59983815E+01  0.60308203E+01  0.53694485E+01  0.54885805E-01  0.37990834E-01  0.15941710E-01
  0.11741000E+01  0.60079842E+01  0.60395779E+01  0.52913320E+01  0.55116549E-01  0.37990834E-01  0.15941710E-01
  0.11860000E+01  0.60168305E+01  0.60473726E+01  0.52179685E+01  0.56183670E-01  0.38230581E-01  0.17320508E-01
  0.11980000E+01  0.60249124E+01  0.60542611E+01  0.51495616E+01  0.56183670E-01  0.38230581E-01  0.17320508E-01
  0.12100000E+01  0.60322269E+01  0.60602910E+01  0.50862625E+01  0.57469780E-01  0.38504854E-01  0.18818558E-01
  0.12220000E+01  0.60388255E+01  0.60655537E+01  0.50282104E+01  0.57714672E-01  0.38504854E-01  0.18818558E-01
  0.12340000E+01  0.60447302E+01  0.60701454E+01  0.49755174E+01  0.58742300E-01  0.38504854E-01  0.19216093E-01
  0.12459000E+01  0.60500008E+01  0.60741772E+01  0.49282392E+01  0.58991744E-01  0.38810125E-01  0.19216093E-01
  0.12579000E+01  0.60547128E+01  0.60777527E+01  0.48864031E+01  0.60252751E-01  0.38810125E-01  0.20000000E-01
  0.12699000E+01  0.60589498E+01  0.60810106E+01  0.48499789E+01  0.60510766E-01  0.39142890E-01  0.20000000E-01
  0.12819000E+01  0.60628127E+01  0.60840734E+01  0.48189047E+01  0.61041209E-01  0.37954834E-01  0.21213203E-01
  0.12939000E+01  0.60663965E+01  0.60870473E+01  0.47930670E+01  0.62288926E-01  0.37954834E-01  0.20581710E-01
  0.13058000E+01  0.60698365E+01  0.60900647E+01  0.47722976E+01  0.62836048E-01  0.38341374E-01  0.20581710E-01
  0.13178000E+01  0.60732344E+01  0.60932281E+01  0.47563754E+01  0.63017308E-01  0.38341374E-01  0.20153295E-01
  0.13298000E+01  0.60767137E+01  0.60966374E+01  0.47450543E+01  0.63607507E-01  0.38341374E-01  0.20000000E-01
  0.13418000E+01  0.60803896E+01  0.61003730E+01  0.47380343E+01  0.64507749E-01  0.37602407E-01  0.20153295E-01
  0.13538000E+01  0.60843744E+01  0.61045156E+01  0.47349858E+01  0.64811046E-01  0.37602407E-01  0.20581710E-01
  0.13657000E+01  0.60887758E+01  0.61091046E+01  0.47355512E+01  0.64839521E-01  0.37602407E-01  0.19029767E-01
  0.13777000E+01  0.60936842E+01  0.61141683E+01  0.47393262E+01  0.64641231E-01  0.38059534E-01  0.19029767E-01
  0.13897000E+01  0.60991660E+01  0.61197455E+01  0.47459360E+01  0.64515536E-01  0.36931572E-01  0.17989074E-01
  0.14017000E+01  0.61052883E+01  0.61258200E+01  0.47549661E+01  0.64456631E-01  0.36931572E-01  0.17462846E-01
  0.14137000E+01  0.61120848E+01  0.61323768E+01  0.47660014E+01  0.63564151E-01  0.37436203E-01  0.15811388E-01
  0.14256000E+01  0.61195708E+01  0.61393947E+01  0.47786457E+01  0.63258509E-01  0.37436203E-01  0.15941710E-01
  0.14376000E+01  0.61277337E+01  0.61468131E+01  0.47924989E+01  0.61986524E-01  0.36332643E-01  0.14704685E-01
  0.14496000E+01  0.61365530E+01  0.61545771E+01  0.48071920E+01  0.61298700E-01  0.36332643E-01  0.15191730E-01
  0.14616000E+01  0.61459731E+01  0.61626195E+01  0.48223622E+01  0.60207168E-01  0.36881330E-01  0.14251768E-01
  0.14736000E+01  0.61559170E+01  0.61708579E+01  0.48376671E+01  0.58789013E-01  0.35807344E-01  0.13420740E-01
  0.14855000E+01  0.61662881E+01  0.61792203E+01  0.48528117E+01  0.57008771E-01  0.35807344E-01  0.11147379E-01
  0.14975000E+01  0.61769702E+01  0.61876079E+01  0.48675077E+01  0.55312351E-01  0.36395642E-01  0.10534573E-01
  0.15095000E+01  0.61878410E+01  0.61959341E+01  0.48814957E+01  0.53207198E-01  0.35355339E-01  0.80486960E-02
  0.15215000E+01  0.61987520E+01  0.62040955E+01  0.48945636E+01  0.51617465E-01  0.35355339E-01  0.62061647E-02
  0.15335000E+01  0.62095500E+01  0.62120027E+01  0.49064999E+01  0.49608131E-01  0.34316866E-01  0.44819318E-02
  0.15454000E+01  0.62200750E+01  0.62195701E+01  0.49171474E+01  0.46790777E-01  0.34316866E-01  0.30028311E-02
  0.15574000E+01  0.62301608E+01  0.62267010E+01  0.49263667E+01  0.44721360E-01  0.34316866E-01  0.14421265E-02
  0.15694000E+01  0.62396599E+01  0.62333015E+01  0.49340340E+01  0.42335547E-01  0.33976468E-01  0.00000000E+00
  0.15814000E+01  0.62484000E+01  0.62392984E+01  0.49400671E+01  0.39769180E-01  0.33976468E-01  0.13857274E-02
  0.15934000E+01  0.62562347E+01  0.62446028E+01  0.49444172E+01  0.37203317E-01  0.32987160E-01  0.41331832E-02
  0.16053000E+01  0.62630310E+01  0.62491512E+01  0.49470364E+01  0.34646835E-01  0.32987160E-01  0.54839334E-02
  0.16173000E+01  0.62686677E+01  0.62528691E+01  0.49479063E+01  0.31786768E-01  0.32009704E-01  0.81173304E-02
  0.16293000E+01  0.62730283E+01  0.62556920E+01  0.49470279E+01  0.29493194E-01  0.31244339E-01  0.97273943E-02
  0.16413000E+01  0.62760295E+01  0.62575599E+01  0.49444377E+01  0.26818526E-01  0.31244339E-01  0.11005010E-01
  0.16533000E+01  0.62775965E+01  0.62584440E+01  0.49401640E+01  0.24721217E-01  0.31244339E-01  0.13903361E-01
  0.16652000E+01  0.62776857E+01  0.62582831E+01  0.49342640E+01  0.21959399E-01  0.30246536E-01  0.15598187E-01
  0.16772000E+01  0.62762627E+01  0.62570543E+01  0.49267973E+01  0.20000000E-01  0.30246536E-01  0.17320508E-01
  0.16892000E+01  0.62733296E+01  0.62547368E+01  0.49178422E+01  0.17997431E-01  0.30246536E-01  0.17919550E-01
  0.17012000E+01  0.62688968E+01  0.62512984E+01  0.49074735E+01  0.15952929E-01  0.30246536E-01  0.20393407E-01
  0.17132000E+01  0.62629902E+01  0.62467446E+01  0.48957815E+01  0.14012544E-01  0.30246536E-01  0.21128640E-01
  0.17251000E+01  0.62556664E+01  0.62410658E+01  0.48828507E+01  0.11871815E-01  0.30246536E-01  0.22739464E-01
  0.17371000E+01  0.62469881E+01  0.62342736E+01  0.48687720E+01  0.10539630E-01  0.30246536E-01  0.23614557E-01
  0.17491000E+01  0.62370204E+01  0.62263648E+01  0.48536060E+01  0.91669497E-02  0.31047400E-01  0.24534063E-01
  0.17611000E+01  0.62258480E+01  0.62173635E+01  0.48374544E+01  0.77520826E-02  0.31047400E-01  0.26493777E-01
  0.17731000E+01  0.62135594E+01  0.62072923E+01  0.48203742E+01  0.62934732E-02  0.31047400E-01  0.26613460E-01
  0.17850000E+01  0.62002322E+01  0.61961695E+01  0.48024211E+01  0.47302052E-02  0.31829763E-01  0.27721216E-01
  0.17970000E+01  0.61859520E+01  0.61840180E+01  0.47836431E+01  0.31983712E-02  0.31829763E-01  0.28022045E-01
  0.18090000E+01  0.61707830E+01  0.61708544E+01  0.47640883E+01  0.24314307E-02  0.32594699E-01  0.28443224E-01
  0.18210000E+01  0.61548019E+01  0.61567074E+01  0.47437721E+01  0.82191991E-03  0.32484591E-01  0.28997115E-01
  0.18330000E+01  0.61380457E+01  0.61415894E+01  0.47227090E+01  0.00000000E+00  0.32484591E-01  0.29068449E-01
  0.18449000E+01  0.61205428E+01  0.61255038E+01  0.47009137E+01  0.16896196E-02  0.32422974E-01  0.28477662E-01
  0.18569000E+01  0.61023184E+01  0.61084566E+01  0.46783633E+01  0.25699838E-02  0.33184180E-01  0.27930561E-01
  0.18689000E+01  0.60833506E+01  0.60904327E+01  0.46550452E+01  0.43395768E-02  0.32403703E-01  0.27442902E-01
  0.18809000E+01  0.60636196E+01  0.60714214E+01  0.46309309E+01  0.52803465E-02  0.32421224E-01  0.26720881E-01
  0.18929000E+01  0.60430766E+01  0.60513919E+01  0.46059924E+01  0.71260830E-02  0.31694418E-01  0.26524581E-01
  0.19048000E+01  0.60216502E+01  0.60303051E+01  0.45801899E+01  0.81268676E-02  0.31776428E-01  0.26457513E-01
  0.19168000E+01  0.59992549E+01  0.60080900E+01  0.45534667E+01  0.91534783E-02  0.30444379E-01  0.24579221E-01
  0.19288000E+01  0.59757900E+01  0.59846976E+01  0.45257990E+01  0.11097505E-01  0.29807490E-01  0.22787239E-01
  0.19408000E+01  0.59511459E+01  0.59600458E+01  0.44971120E+01  0.12387259E-01  0.29190436E-01  0.23271175E-01
  0.19528000E+01  0.59251901E+01  0.59340528E+01  0.44673741E+01  0.13514987E-01  0.28016226E-01  0.21973682E-01
  0.19647000E+01  0.58977978E+01  0.59066204E+01  0.44365354E+01  0.14931611E-01  0.27458944E-01  0.21013034E-01
  0.19767000E+01  0.58688425E+01  0.58776471E+01  0.44045439E+01  0.16129075E-01  0.26402882E-01  0.20401661E-01
  0.19887000E+01  0.58381914E+01  0.58470449E+01  0.43713623E+01  0.17675986E-01  0.25053807E-01  0.18818558E-01
  0.20007000E+01  0.58057228E+01  0.58147008E+01  0.43369446E+01  0.18383195E-01  0.23705336E-01  0.17422784E-01
  0.20127000E+01  0.57713218E+01  0.57805176E+01  0.43012589E+01  0.20103718E-01  0.22804339E-01  0.16248246E-01
  0.20246000E+01  0.57348979E+01  0.57444115E+01  0.42642864E+01  0.20980358E-01  0.21504429E-01  0.15191730E-01
  0.20366000E+01  0.56963642E+01  0.57063042E+01  0.42259875E+01  0.21451810E-01  0.20214481E-01  0.13420740E-01
  0.20486000E+01  0.56556705E+01  0.56661194E+01  0.41863701E+01  0.23403524E-01  0.18020957E-01  0.12687680E-01
  0.20606000E+01  0.56127679E+01  0.56238211E+01  0.41454248E+01  0.23584541E-01  0.16751861E-01  0.12040546E-01
  0.20726000E+01  0.55676483E+01  0.55793715E+01  0.41031514E+01  0.24812505E-01  0.15503186E-01  0.10000000E-01
  0.20845000E+01  0.55203300E+01  0.55327604E+01  0.40595768E+01  0.26154867E-01  0.13330163E-01  0.76822519E-02
  0.20965000E+01  0.54708543E+01  0.54840032E+01  0.40147372E+01  0.25946338E-01  0.12369172E-01  0.73588245E-02
  0.21085000E+01  0.54192840E+01  0.54331420E+01  0.39686794E+01  0.26574909E-01  0.10197726E-01  0.56969757E-02
  0.21205000E+01  0.53657301E+01  0.53802522E+01  0.39214729E+01  0.27414612E-01  0.92146027E-02  0.41331832E-02
  0.21325000E+01  0.53102986E+01  0.53254053E+01  0.38731867E+01  0.28313686E-01  0.72167533E-02  0.26658547E-02
  0.21444000E+01  0.52531512E+01  0.52687287E+01  0.38239232E+01  0.28409625E-01  0.62037434E-02  0.12902786E-02
  0.21564000E+01  0.51944616E+01  0.52103598E+01  0.37737975E+01  0.28584667E-01  0.41547266E-02  0.12902786E-02
  0.21684000E+01  0.51344167E+01  0.51504592E+01  0.37229402E+01  0.28852305E-01  0.31211137E-02  0.24951503E-02
  0.21804000E+01  0.50732192E+01  0.50892158E+01  0.36714853E+01  0.29225884E-01  0.10423259E-02  0.37337688E-02
  0.21924000E+01  0.50111045E+01  0.50268253E+01  0.36195920E+01  0.27654683E-01  0.00000000E+00  0.61767897E-02
  0.22043000E+01  0.49483078E+01  0.49635056E+01  0.35674448E+01  0.28284271E-01  0.10657285E-02  0.73756610E-02
  0.22163000E+01  0.48850664E+01  0.48994797E+01  0.35152110E+01  0.27585816E-01  0.31906372E-02  0.97173654E-02
  0.22283000E+01  0.48216270E+01  0.48349832E+01  0.34630713E+01  0.28477662E-01  0.43448724E-02  0.10857163E-01
  0.22403000E+01  0.47582272E+01  0.47702609E+01  0.34112242E+01  0.27930561E-01  0.55476487E-02  0.13069981E-01
  0.22523000E+01  0.46951078E+01  0.47055488E+01  0.33598484E+01  0.27442902E-01  0.66355596E-02  0.14507537E-01
  0.22642000E+01  0.46324989E+01  0.46410756E+01  0.33091417E+01  0.27033103E-01  0.79008124E-02  0.16610666E-01
  0.22762000E+01  0.45706148E+01  0.45770745E+01  0.32592788E+01  0.26720881E-01  0.92133479E-02  0.18053095E-01
  0.22882000E+01  0.45096350E+01  0.45137638E+01  0.32104315E+01  0.26524581E-01  0.10572095E-01  0.19513493E-01
  0.23002000E+01  0.44497661E+01  0.44513537E+01  0.31627463E+01  0.26457513E-01  0.10857163E-01  0.20986486E-01
  0.23122000E+01  0.43911422E+01  0.43900281E+01  0.31163718E+01  0.26524581E-01  0.12303976E-01  0.22466668E-01
  0.23241000E+01  0.43338981E+01  0.43299520E+01  0.30714337E+01  0.26720881E-01  0.13792197E-01  0.24519172E-01
  0.23361000E+01  0.42781395E+01  0.42712773E+01  0.30280367E+01  0.26720881E-01  0.14193989E-01  0.26019857E-01
  0.23481000E+01  0.42239575E+01  0.42141380E+01  0.29862501E+01  0.25207344E-01  0.15764775E-01  0.26636085E-01
  0.23601000E+01  0.41713831E+01  0.41586257E+01  0.29461447E+01  0.25701267E-01  0.16246262E-01  0.28798466E-01
  0.23721000E+01  0.41204657E+01  0.41048298E+01  0.29077588E+01  0.26277604E-01  0.16246262E-01  0.29476735E-01
  0.23840000E+01  0.40711871E+01  0.40527923E+01  0.28711008E+01  0.24567324E-01  0.17890248E-01  0.30177147E-01
  0.23960000E+01  0.40235491E+01  0.40025497E+01  0.28361745E+01  0.25308348E-01  0.18454523E-01  0.31641583E-01
  0.24080000E+01  0.39774948E+01  0.39541109E+01  0.28029689E+01  0.23676045E-01  0.19058250E-01  0.32403703E-01
  0.24200000E+01  0.39329707E+01  0.39074697E+01  0.27714473E+01  0.24558357E-01  0.19703836E-01  0.33184180E-01
  0.24320000E+01  0.38899025E+01  0.38625707E+01  0.27415724E+01  0.23038851E-01  0.20393407E-01  0.33241353E-01
  0.24439000E+01  0.38482051E+01  0.38193819E+01  0.27132892E+01  0.21540787E-01  0.21128640E-01  0.34076200E-01
  0.24559000E+01  0.38077702E+01  0.37778230E+01  0.26865403E+01  0.22634278E-01  0.21128640E-01  0.34925691E-01
  0.24679000E+01  0.37685026E+01  0.37378175E+01  0.26612939E+01  0.21286448E-01  0.21910580E-01  0.35104759E-01
  0.24799000E+01  0.37303080E+01  0.36992643E+01  0.26374830E+01  0.21286448E-01  0.22739464E-01  0.35336713E-01
  0.24919000E+01  0.36930483E+01  0.36620780E+01  0.26150709E+01  0.20000000E-01  0.23614557E-01  0.36272033E-01
  0.25038000E+01  0.36566364E+01  0.36261307E+01  0.25940307E+01  0.18791298E-01  0.23614557E-01  0.35626378E-01
  0.25158000E+01  0.36209567E+01  0.35913189E+01  0.25743305E+01  0.18791298E-01  0.24534063E-01  0.36598015E-01
  0.25278000E+01  0.35859200E+01  0.35575272E+01  0.25559579E+01  0.17672311E-01  0.25495098E-01  0.36984835E-01
  0.25398000E+01  0.35514217E+01  0.35246531E+01  0.25389221E+01  0.17672311E-01  0.26493777E-01  0.36395642E-01
  0.25518000E+01  0.35173802E+01  0.34925665E+01  0.25232261E+01  0.15191730E-01  0.27525394E-01  0.36395642E-01
  0.25637000E+01  0.34837301E+01  0.34611853E+01  0.25088940E+01  0.15191730E-01  0.27525394E-01  0.36881330E-01
  0.25757000E+01  0.34503993E+01  0.34304048E+01  0.24959670E+01  0.14251768E-01  0.27721216E-01  0.36881330E-01
  0.25877000E+01  0.34173355E+01  0.34001370E+01  0.24844697E+01  0.12671035E-01  0.28852305E-01  0.36332643E-01
  0.25997000E+01  0.33844986E+01  0.33702978E+01  0.24744446E+01  0.12671035E-01  0.30000000E-01  0.36332643E-01
  0.26117000E+01  0.33518691E+01  0.33408171E+01  0.24659434E+01  0.10176119E-01  0.29225884E-01  0.36931572E-01
  0.26236000E+01  0.33194170E+01  0.33116605E+01  0.24589964E+01  0.10176119E-01  0.30438433E-01  0.36931572E-01
  0.26356000E+01  0.32871484E+01  0.32827504E+01  0.24536269E+01  0.83759305E-02  0.31653124E-01  0.36931572E-01
  0.26476000E+01  0.32550718E+01  0.32540706E+01  0.24498716E+01  0.83759305E-02  0.30989156E-01  0.36439230E-01
  0.26596000E+01  0.32232142E+01  0.32256088E+01  0.24477313E+01  0.64457424E-02  0.32253875E-01  0.36439230E-01
  0.26716000E+01  0.31916070E+01  0.31973424E+01  0.24471999E+01  0.70710678E-02  0.32960523E-01  0.37602407E-01
  0.26835000E+01  0.31602967E+01  0.31692864E+01  0.24482674E+01  0.70710678E-02  0.32435779E-01  0.37602407E-01
  0.26955000E+01  0.31293247E+01  0.31414481E+01  0.24508908E+01  0.48586827E-02  0.33768512E-01  0.37162144E-01
  0.27075000E+01  0.30987726E+01  0.31138520E+01  0.24550059E+01  0.48586827E-02  0.33321581E-01  0.38341374E-01
  0.27195000E+01  0.30686987E+01  0.30865345E+01  0.24605487E+01  0.55025052E-02  0.34300120E-01  0.38341374E-01
  0.27315000E+01  0.30391876E+01  0.30595452E+01  0.24674180E+01  0.55025052E-02  0.34300120E-01  0.37954834E-01
  0.27434000E+01  0.30103106E+01  0.30329190E+01  0.24755229E+01  0.64359425E-02  0.33972817E-01  0.39142890E-01
  0.27554000E+01  0.29821437E+01  0.30067042E+01  0.24847155E+01  0.64359425E-02  0.35106346E-01  0.38810125E-01
  0.27674000E+01  0.29547654E+01  0.29809548E+01  0.24948917E+01  0.78615138E-02  0.34906530E-01  0.40000000E-01
  0.27794000E+01  0.29282411E+01  0.29557292E+01  0.25058961E+01  0.78615138E-02  0.34906530E-01  0.39719608E-01
  0.27914000E+01  0.29026434E+01  0.29310611E+01  0.25175983E+01  0.78615138E-02  0.34760268E-01  0.40904920E-01
  0.28033000E+01  0.28780095E+01  0.29069933E+01  0.25298509E+01  0.10000000E-01  0.34671021E-01  0.40674321E-01
  0.28153000E+01  0.28543910E+01  0.28835753E+01  0.25425028E+01  0.12247449E-01  0.36055513E-01  0.40474100E-01
  0.28273000E+01  0.28318043E+01  0.28608193E+01  0.25554310E+01  0.12247449E-01  0.36082132E-01  0.41511594E-01
  0.28393000E+01  0.28102580E+01  0.28387305E+01  0.25684983E+01  0.16004852E-01  0.34671021E-01  0.41511594E-01
  0.28513000E+01  0.27897311E+01  0.28173176E+01  0.25815595E+01  0.16004852E-01  0.34760268E-01  0.41390021E-01
  0.28632000E+01  0.27702009E+01  0.27965641E+01  0.25945395E+01  0.17462846E-01  0.34906530E-01  0.41302084E-01
  0.28752000E+01  0.27516120E+01  0.27764345E+01  0.26072965E+01  0.17462846E-01  0.35106346E-01  0.41248871E-01
  0.28872000E+01  0.27338822E+01  0.27568753E+01  0.26197460E+01  0.18818558E-01  0.35106346E-01  0.41231056E-01
  0.28992000E+01  0.27169165E+01  0.27378357E+01  0.26318101E+01  0.18818558E-01  0.35355339E-01  0.41248871E-01
  0.29112000E+01  0.27006159E+01  0.27192177E+01  0.26434110E+01  0.18708287E-01  0.34300120E-01  0.41302084E-01
  0.29232000E+01  0.26848485E+01  0.27009500E+01  0.26544884E+01  0.18708287E-01  0.34300120E-01  0.41390021E-01
  0.29351000E+01  0.26694824E+01  0.26829002E+01  0.26649617E+01  0.20000000E-01  0.34668721E-01  0.40306589E-01
  0.29471000E+01  0.26543648E+01  0.26649825E+01  0.26748170E+01  0.18791298E-01  0.33768512E-01  0.40474100E-01
  0.29591000E+01  0.26393362E+01  0.26470588E+01  0.26839944E+01  0.20069112E-01  0.33768512E-01  0.39468655E-01
  0.29711000E+01  0.26242640E+01  0.26290066E+01  0.26924652E+01  0.18999401E-01  0.32960523E-01  0.39468655E-01
  0.29831000E+01  0.26089911E+01  0.26107054E+01  0.27002146E+01  0.18009488E-01  0.32960523E-01  0.38504854E-01
  0.29950000E+01  0.25933673E+01  0.25920280E+01  0.27072107E+01  0.18009488E-01  0.32253875E-01  0.37592777E-01
  0.30070000E+01  0.25772664E+01  0.25728776E+01  0.27134540E+01  0.17100962E-01  0.32253875E-01  0.36347080E-01
  0.30190000E+01  0.25605622E+01  0.25531338E+01  0.27189234E+01  0.16272108E-01  0.30989156E-01  0.35505401E-01
  0.30310000E+01  0.25431575E+01  0.25327125E+01  0.27236311E+01  0.16272108E-01  0.30438433E-01  0.34244433E-01
  0.30430000E+01  0.25249652E+01  0.25115530E+01  0.27275808E+01  0.15518785E-01  0.30438433E-01  0.34743442E-01
  0.30549000E+01  0.25059082E+01  0.24895852E+01  0.27307762E+01  0.15518785E-01  0.29225884E-01  0.33506435E-01
  0.30669000E+01  0.24859410E+01  0.24667894E+01  0.27332372E+01  0.13472464E-01  0.28852305E-01  0.32253875E-01
  0.30789000E+01  0.24650453E+01  0.24431358E+01  0.27349944E+01  0.13472464E-01  0.28852305E-01  0.30989156E-01
  0.30909000E+01  0.24431933E+01  0.24186438E+01  0.27360601E+01  0.11467663E-01  0.27721216E-01  0.29716918E-01
  0.31029000E+01  0.24204067E+01  0.23933402E+01  0.27364861E+01  0.11467663E-01  0.27721216E-01  0.28443224E-01
  0.31148000E+01  0.23967014E+01  0.23672758E+01  0.27362946E+01  0.95306186E-02  0.26613460E-01  0.27175660E-01
  0.31268000E+01  0.23721256E+01  0.23404984E+01  0.27355381E+01  0.95306186E-02  0.25535852E-01  0.25923258E-01
  0.31388000E+01  0.23467347E+01  0.23131080E+01  0.27342720E+01  0.80486960E-02  0.25535852E-01  0.24986830E-01
  0.31508000E+01  0.23205766E+01  0.22851803E+01  0.27325407E+01  0.80486960E-02  0.23452079E-01  0.23684958E-01
  0.31628000E+01  0.22937345E+01  0.22568266E+01  0.27304060E+01  0.65148208E-02  0.23452079E-01  0.21286448E-01
  0.31747000E+01  0.22662933E+01  0.22281709E+01  0.27279328E+01  0.65148208E-02  0.22411338E-01  0.21286448E-01
  0.31867000E+01  0.22383334E+01  0.21993016E+01  0.27251587E+01  0.49337257E-02  0.22411338E-01  0.18708287E-01
  0.31987000E+01  0.22099568E+01  0.21703582E+01  0.27221628E+01  0.49337257E-02  0.20246035E-01  0.18708287E-01
  0.32107000E+01  0.21812337E+01  0.21414593E+01  0.27190126E+01  0.33131892E-02  0.20246035E-01  0.17320508E-01
  0.32227000E+01  0.21522805E+01  0.21126982E+01  0.27157473E+01  0.33131892E-02  0.20246035E-01  0.17320508E-01
  0.32346000E+01  0.21231776E+01  0.20842033E+01  0.27124272E+01  0.33131892E-02  0.19287699E-01  0.14316109E-01
  0.32466000E+01  0.20940204E+01  0.20560786E+01  0.27091005E+01  0.16641084E-02  0.18009488E-01  0.14316109E-01
  0.32586000E+01  0.20649016E+01  0.20283983E+01  0.27058133E+01  0.17643377E-02  0.18009488E-01  0.12496211E-01
  0.32706000E+01  0.20359157E+01  0.20012598E+01  0.27025997E+01  0.17643377E-02  0.18009488E-01  0.12496211E-01
  0.32826000E+01  0.20071502E+01  0.19747436E+01  0.26994898E+01  0.17643377E-02  0.15723028E-01  0.12496211E-01
  0.32945000E+01  0.19786906E+01  0.19488925E+01  0.26965034E+01  0.17643377E-02  0.15723028E-01  0.10397783E-01
  0.33065000E+01  0.19506157E+01  0.19237750E+01  0.26936513E+01  0.00000000E+00  0.15723028E-01  0.12247449E-01
  0.33185000E+01  0.19230166E+01  0.18994189E+01  0.26909551E+01  0.00000000E+00  0.15723028E-01  0.12247449E-01
  0.33305000E+01  0.18959688E+01  0.18758696E+01  0.26884188E+01  0.00000000E+00  0.14251768E-01  0.12247449E-01
  0.33425000E+01  0.18695408E+01  0.18531358E+01  0.26860208E+01  0.00000000E+00  0.14251768E-01  0.10000000E-01
  0.33544000E+01  0.18438296E+01  0.18312358E+01  0.26837723E+01  0.00000000E+00  0.14251768E-01  0.10000000E-01
  0.33664000E+01  0.18188825E+01  0.18101814E+01  0.26816590E+01  0.00000000E+00  0.13420740E-01  0.10000000E-01
  0.33784000E+01  0.17947772E+01  0.17899684E+01  0.26796830E+01  0.18850439E-02  0.11853796E-01  0.10000000E-01
  0.33904000E+01  0.17715582E+01  0.17705889E+01  0.26778284E+01  0.18850439E-02  0.11853796E-01  0.12720196E-01
  0.34024000E+01  0.17493003E+01  0.17520207E+01  0.26760971E+01  0.18850439E-02  0.11853796E-01  0.12720196E-01
  0.34143000E+01  0.17280389E+01  0.17342504E+01  0.26744804E+01  0.18850439E-02  0.11853796E-01  0.12720196E-01
  0.34263000E+01  0.17078101E+01  0.17172690E+01  0.26730036E+01  0.18850439E-02  0.11853796E-01  0.12720196E-01
  0.34383000E+01  0.16886581E+01  0.17010423E+01  0.26716598E+01  0.18850439E-02  0.10176119E-01  0.12720196E-01
  0.34503000E+01  0.16705931E+01  0.16855309E+01  0.26704724E+01  0.37423915E-02  0.10176119E-01  0.12720196E-01
  0.34623000E+01  0.16536264E+01  0.16707337E+01  0.26694597E+01  0.37423915E-02  0.10176119E-01  0.12720196E-01
  0.34742000E+01  0.16377701E+01  0.16565934E+01  0.26686469E+01  0.37423915E-02  0.10176119E-01  0.12720196E-01
  0.34862000E+01  0.16229896E+01  0.16430819E+01  0.26680704E+01  0.37423915E-02  0.10176119E-01  0.14426153E-01
  0.34982000E+01  0.16092821E+01  0.16301706E+01  0.26677595E+01  0.59506467E-02  0.10176119E-01  0.14426153E-01
  0.35102000E+01  0.15966098E+01  0.16178235E+01  0.26677392E+01  0.59506467E-02  0.10176119E-01  0.14426153E-01
  0.35222000E+01  0.15849164E+01  0.16059905E+01  0.26680516E+01  0.59506467E-02  0.10176119E-01  0.14426153E-01
  0.35341000E+01  0.15741437E+01  0.15946318E+01  0.26687097E+01  0.77817175E-02  0.10176119E-01  0.12247449E-01
  0.35461000E+01  0.15642233E+01  0.15837154E+01  0.26697391E+01  0.77817175E-02  0.83759305E-02  0.12247449E-01
  0.35581000E+01  0.15550888E+01  0.15731952E+01  0.26711476E+01  0.83759305E-02  0.83759305E-02  0.12247449E-01
  0.35701000E+01  0.15466344E+01  0.15630307E+01  0.26729446E+01  0.83759305E-02  0.83759305E-02  0.12247449E-01
  0.35821000E+01  0.15387692E+01  0.15531631E+01  0.26750937E+01  0.83759305E-02  0.83759305E-02  0.12247449E-01
  0.35940000E+01  0.15313891E+01  0.15435387E+01  0.26775974E+01  0.10961579E-01  0.83759305E-02  0.12247449E-01
