 #energy          xx(cm^-1)       yy(cm^-1)       zz(cm^-1)       xy(cm^-1)       yz(cm^-1)       zx(cm^-1)
  0.00000000E+00  0.00000000E+00  0.00000000E+00  0.00000000E+00  0.00000000E+00  0.00000000E+00  0.00000000E+00
  0.29800000E-01  0.39612145E+01  0.39612145E+01  0.39612145E+01  0.00000000E+00  0.00000000E+00  0.00000000E+00
  0.59700000E-01  0.15868946E+02  0.15868946E+02  0.15868946E+02  0.00000000E+00  0.00000000E+00  0.00000000E+00
  0.89500000E-01  0.35798391E+02  0.35798391E+02  0.35798391E+02  0.00000000E+00  0.00000000E+00  0.00000000E+00
  0.11940000E+00  0.63926351E+02  0.63926351E+02  0.63926351E+02  0.00000000E+00  0.00000000E+00  0.00000000E+00
  0.14920000E+00  0.10026351E+03  0.10026351E+03  0.10026351E+03  0.00000000E+00  0.00000000E+00  0.00000000E+00
  0.17910000E+00  0.14527446E+03  0.14527446E+03  0.14527446E+03  0.00000000E+00  0.00000000E+00  0.00000000E+00
  0.20890000E+00  0.19902584E+03  0.19902584E+03  0.19902584E+03  0.00000000E+00  0.00000000E+00  0.00000000E+00
  0.23870000E+00  0.26179231E+03  0.26179231E+03  0.26179231E+03  0.00000000E+00  0.00000000E+00  0.00000000E+00
  0.26860000E+00  0.33426595E+03  0.33426595E+03  0.33426595E+03  0.00000000E+00  0.00000000E+00  0.00000000E+00
  0.29840000E+00  0.41693190E+03  0.41693190E+03  0.41693190E+03  0.00000000E+00  0.00000000E+00  0.00000000E+00
  0.32830000E+00  0.51048110E+03  0.51048110E+03  0.51048110E+03  0.00000000E+00  0.00000000E+00  0.00000000E+00
  0.35810000E+00  0.61503087E+03  0.61503087E+03  0.61503087E+03  0.00000000E+00  0.00000000E+00  0.00000000E+00
  0.38790000E+00  0.73164934E+03  0.73164934E+03  0.73164934E+03  0.00000000E+00  0.00000000E+00  0.00000000E+00
  0.41780000E+00  0.86218060E+03  0.86218060E+03  0.86218060E+03  0.00000000E+00  0.00000000E+00  0.00000000E+00
  0.44760000E+00  0.10069629E+04  0.10069629E+04  0.10069629E+04  0.00000000E+00  0.00000000E+00  0.00000000E+00
  0.47750000E+00  0.11684152E+04  0.11684152E+04  0.11684152E+04  0.00000000E+00  0.00000000E+00  0.00000000E+00
  0.50730000E+00  0.13476776E+04  0.13476776E+04  0.13476776E+04  0.00000000E+00  0.00000000E+00  0.00000000E+00
  0.53720000E+00  0.15477051E+04  0.15477051E+04  0.15477051E+04  0.00000000E+00  0.00000000E+00  0.00000000E+00
  0.56700000E+00  0.17714257E+04  0.17714257E+04  0.17714257E+04  0.00000000E+00  0.00000000E+00  0.00000000E+00
  0.59680000E+00  0.20222019E+04  0.20222019E+04  0.20222019E+04  0.00000000E+00  0.00000000E+00  0.00000000E+00
  0.62670000E+00  0.23053996E+04  0.23053996E+04  0.23053996E+04  0.00000000E+00  0.00000000E+00  0.00000000E+00
  0.65650000E+00  0.26276143E+04  0.26276143E+04  0.26276143E+04  0.00000000E+00  0.00000000E+00  0.00000000E+00
  0.68640000E+00  0.29985910E+04  0.29985910E+04  0.29985910E+04  0.00000000E+00  0.00000000E+00  0.00000000E+00
  0.71620000E+00  0.34302289E+04  0.34302289E+04  0.34302289E+04  0.00000000E+00  0.00000000E+00  0.00000000E+00
  0.74600000E+00  0.39398986E+04  0.39398986E+04  0.39398986E+04  0.00000000E+00  0.00000000E+00  0.00000000E+00
  0.77590000E+00  0.45549198E+04  0.45549198E+04  0.45549198E+04  0.00000000E+00  0.00000000E+00  0.00000000E+00
  0.80570000E+00  0.53120763E+04  0.53120763E+04  0.53120763E+04  0.00000000E+00  0.00000000E+00  0.00000000E+00
  0.83560000E+00  0.62695206E+04  0.62695206E+04  0.62695206E+04  0.00000000E+00  0.00000000E+00  0.00000000E+00
  0.86540000E+00  0.75021736E+04  0.75021736E+04  0.75021736E+04  0.00000000E+00  0.00000000E+00  0.00000000E+00
  0.89530000E+00  0.91010805E+04  0.91010805E+04  0.91010805E+04  0.00000000E+00  0.00000000E+00  0.00000000E+00
  0.92510000E+00  0.11111259E+05  0.11111259E+05  0.11111259E+05  0.00000000E+00  0.00000000E+00  0.00000000E+00
  0.95490000E+00  0.13435947E+05  0.13435947E+05  0.13435947E+05  0.00000000E+00  0.00000000E+00  0.00000000E+00
  0.98480000E+00  0.15859931E+05  0.15859931E+05  0.15859931E+05  0.00000000E+00  0.00000000E+00  0.00000000E+00
  0.10146000E+01  0.18215919E+05  0.18215919E+05  0.18215919E+05  0.00000000E+00  0.00000000E+00  0.00000000E+00
  0.10445000E+01  0.20470133E+05  0.20470133E+05  0.20470133E+05  0.00000000E+00  0.00000000E+00  0.00000000E+00
  0.10743000E+01  0.22646796E+05  0.22646796E+05  0.22646796E+05  0.00000000E+00  0.00000000E+00  0.00000000E+00
  0.11041000E+01  0.24787699E+05  0.24787699E+05  0.24787699E+05  0.00000000E+00  0.00000000E+00  0.00000000E+00
  0.11340000E+01  0.26927505E+05  0.26927505E+05  0.26927505E+05  0.00000000E+00  0.00000000E+00  0.00000000E+00
  0.11638000E+01  0.29086944E+05  0.29086944E+05  0.29086944E+05  0.00000000E+00  0.00000000E+00  0.00000000E+00
  0.11937000E+01  0.31285757E+05  0.31285757E+05  0.31285757E+05  0.00000000E+00  0.00000000E+00  0.00000000E+00
  0.12235000E+01  0.33531458E+05  0.33531458E+05  0.33531458E+05  0.00000000E+00  0.00000000E+00  0.00000000E+00
  0.12534000E+01  0.35841386E+05  0.35841386E+05  0.35841386E+05  0.00000000E+00  0.00000000E+00  0.00000000E+00
  0.12832000E+01  0.38213689E+05  0.38213689E+05  0.38213689E+05  0.00000000E+00  0.00000000E+00  0.00000000E+00
  0.13130000E+01  0.40658536E+05  0.40658536E+05  0.40658536E+05  0.00000000E+00  0.00000000E+00  0.00000000E+00
  0.13429000E+01  0.43185290E+05  0.43185290E+05  0.43185290E+05  0.00000000E+00  0.00000000E+00  0.00000000E+00
  0.13727000E+01  0.45790689E+05  0.45790689E+05  0.45790689E+05  0.00000000E+00  0.00000000E+00  0.00000000E+00
  0.14026000E+01  0.48488108E+05  0.48488108E+05  0.48488108E+05  0.00000000E+00  0.00000000E+00  0.00000000E+00
  0.14324000E+01  0.51277841E+05  0.51277841E+05  0.51277841E+05  0.00000000E+00  0.00000000E+00  0.00000000E+00
  0.14623000E+01  0.54170314E+05  0.54170314E+05  0.54170314E+05  0.00000000E+00  0.00000000E+00  0.00000000E+00
  0.14921000E+01  0.57167800E+05  0.57167800E+05  0.57167800E+05  0.00000000E+00  0.00000000E+00  0.00000000E+00
  0.15219000E+01  0.60283041E+05  0.60283041E+05  0.60283041E+05  0.00000000E+00  0.00000000E+00  0.00000000E+00
  0.15518000E+01  0.63535800E+05  0.63535800E+05  0.63535800E+05  0.00000000E+00  0.00000000E+00  0.00000000E+00
  0.15816000E+01  0.66935730E+05  0.66935730E+05  0.66935730E+05  0.00000000E+00  0.00000000E+00  0.00000000E+00
  0.16115000E+01  0.70518307E+05  0.70518307E+05  0.70518307E+05  0.00000000E+00  0.00000000E+00  0.00000000E+00
  0.16413000E+01  0.74309586E+05  0.74309586E+05  0.74309586E+05  0.00000000E+00  0.00000000E+00  0.00000000E+00
  0.16711000E+01  0.78361677E+05  0.78361677E+05  0.78361677E+05  0.00000000E+00  0.00000000E+00  0.00000000E+00
  0.17010000E+01  0.82703825E+05  0.82703825E+05  0.82703825E+05  0.00000000E+00  0.00000000E+00  0.00000000E+00
  0.17308000E+01  0.87247926E+05  0.87247926E+05  0.87247926E+05  0.00000000E+00  0.00000000E+00  0.00000000E+00
  0.17607000E+01  0.91732551E+05  0.91732551E+05  0.91732551E+05  0.00000000E+00  0.00000000E+00  0.00000000E+00
  0.17905000E+01  0.95905823E+05  0.95905823E+05  0.95905823E+05  0.00000000E+00  0.00000000E+00  0.00000000E+00
  0.18204000E+01  0.99971426E+05  0.99971426E+05  0.99971426E+05  0.00000000E+00  0.00000000E+00  0.00000000E+00
  0.18502000E+01  0.10442947E+06  0.10442947E+06  0.10442947E+06  0.00000000E+00  0.00000000E+00  0.00000000E+00
  0.18800000E+01  0.10970841E+06  0.10970841E+06  0.10970841E+06  0.00000000E+00  0.00000000E+00  0.00000000E+00
  0.19099000E+01  0.11604494E+06  0.11604494E+06  0.11604494E+06  0.00000000E+00  0.00000000E+00  0.00000000E+00
  0.19397000E+01  0.12359069E+06  0.12359069E+06  0.12359069E+06  0.00000000E+00  0.00000000E+00  0.00000000E+00
  0.19696000E+01  0.13258610E+06  0.13258610E+06  0.13258610E+06  0.00000000E+00  0.00000000E+00  0.00000000E+00
  0.19994000E+01  0.14334186E+06  0.14334186E+06  0.14334186E+06  0.00000000E+00  0.00000000E+00  0.00000000E+00
  0.20292000E+01  0.15621795E+06  0.15621795E+06  0.15621795E+06  0.00000000E+00  0.00000000E+00  0.00000000E+00
  0.20591000E+01  0.17141469E+06  0.17141469E+06  0.17141469E+06  0.00000000E+00  0.00000000E+00  0.00000000E+00
  0.20889000E+01  0.18879379E+06  0.18879379E+06  0.18879379E+06  0.00000000E+00  0.00000000E+00  0.00000000E+00
  0.21188000E+01  0.20797296E+06  0.20797296E+06  0.20797296E+06  0.00000000E+00  0.00000000E+00  0.00000000E+00
  0.21486000E+01  0.22844373E+06  0.22844373E+06  0.22844373E+06  0.00000000E+00  0.00000000E+00  0.00000000E+00
  0.21785000E+01  0.24975990E+06  0.24975990E+06  0.24975990E+06  0.00000000E+00  0.00000000E+00  0.00000000E+00
  0.22083000E+01  0.27145500E+06  0.27145500E+06  0.27145500E+06  0.00000000E+00  0.00000000E+00  0.00000000E+00
  0.22381000E+01  0.29311840E+06  0.29311840E+06  0.29311840E+06  0.00000000E+00  0.00000000E+00  0.00000000E+00
  0.22680000E+01  0.31436635E+06  0.31436635E+06  0.31436635E+06  0.00000000E+00  0.00000000E+00  0.00000000E+00
  0.22978000E+01  0.33478488E+06  0.33478488E+06  0.33478488E+06  0.00000000E+00  0.00000000E+00  0.00000000E+00
  0.23277000E+01  0.35407198E+06  0.35407198E+06  0.35407198E+06  0.00000000E+00  0.00000000E+00  0.00000000E+00
  0.23575000E+01  0.37198603E+06  0.37198603E+06  0.37198603E+06  0.00000000E+00  0.00000000E+00  0.00000000E+00
  0.23873000E+01  0.38843743E+06  0.38843743E+06  0.38843743E+06  0.00000000E+00  0.00000000E+00  0.00000000E+00
  0.24172000E+01  0.40334112E+06  0.40334112E+06  0.40334112E+06  0.00000000E+00  0.00000000E+00  0.00000000E+00
  0.24470000E+01  0.41670328E+06  0.41670328E+06  0.41670328E+06  0.00000000E+00  0.00000000E+00  0.00000000E+00
  0.24769000E+01  0.42892712E+06  0.42892712E+06  0.42892712E+06  0.00000000E+00  0.00000000E+00  0.00000000E+00
  0.25067000E+01  0.44029754E+06  0.44029754E+06  0.44029754E+06  0.00000000E+00  0.00000000E+00  0.00000000E+00
  0.25366000E+01  0.45074757E+06  0.45074757E+06  0.45074757E+06  0.00000000E+00  0.00000000E+00  0.00000000E+00
  0.25664000E+01  0.45996967E+06  0.45996967E+06  0.45996967E+06  0.00000000E+00  0.00000000E+00  0.00000000E+00
  0.25962000E+01  0.46787905E+06  0.46787905E+06  0.46787905E+06  0.00000000E+00  0.00000000E+00  0.00000000E+00
  0.26261000E+01  0.47469338E+06  0.47469338E+06  0.47469338E+06  0.00000000E+00  0.00000000E+00  0.00000000E+00
  0.26559000E+01  0.48077006E+06  0.48077006E+06  0.48077006E+06  0.00000000E+00  0.00000000E+00  0.00000000E+00
  0.26858000E+01  0.48652355E+06  0.48652355E+06  0.48652355E+06  0.00000000E+00  0.00000000E+00  0.00000000E+00
  0.27156000E+01  0.49214611E+06  0.49214611E+06  0.49214611E+06  0.00000000E+00  0.00000000E+00  0.00000000E+00
  0.27455000E+01  0.49773177E+06  0.49773177E+06  0.49773177E+06  0.00000000E+00  0.00000000E+00  0.00000000E+00
  0.27753000E+01  0.50320746E+06  0.50320746E+06  0.50320746E+06  0.00000000E+00  0.00000000E+00  0.00000000E+00
  0.28051000E+01  0.50854078E+06  0.50854078E+06  0.50854078E+06  0.00000000E+00  0.00000000E+00  0.00000000E+00
  0.28350000E+01  0.51373794E+06  0.51373794E+06  0.51373794E+06  0.00000000E+00  0.00000000E+00  0.00000000E+00
  0.28648000E+01  0.51878190E+06  0.51878190E+06  0.51878190E+06  0.00000000E+00  0.00000000E+00  0.00000000E+00
  0.28947000E+01  0.52374540E+06  0.52374540E+06  0.52374540E+06  0.00000000E+00  0.00000000E+00  0.00000000E+00
  0.29245000E+01  0.52861902E+06  0.52861902E+06  0.52861902E+06  0.00000000E+00  0.00000000E+00  0.00000000E+00
  0.29543000E+01  0.53347348E+06  0.53347348E+06  0.53347348E+06  0.00000000E+00  0.00000000E+00  0.00000000E+00
  0.29842000E+01  0.53834436E+06  0.53834436E+06  0.53834436E+06  0.00000000E+00  0.00000000E+00  0.00000000E+00
  0.30140000E+01  0.54313413E+06  0.54313413E+06  0.54313413E+06  0.00000000E+00  0.00000000E+00  0.00000000E+00
  0.30439000E+01  0.54760429E+06  0.54760429E+06  0.54760429E+06  0.00000000E+00  0.00000000E+00  0.00000000E+00
  0.30737000E+01  0.55149257E+06  0.55149257E+06  0.55149257E+06  0.00000000E+00  0.00000000E+00  0.00000000E+00
  0.31036000E+01  0.55499390E+06  0.55499390E+06  0.55499390E+06  0.00000000E+00  0.00000000E+00  0.00000000E+00
  0.31334000E+01  0.55843895E+06  0.55843895E+06  0.55843895E+06  0.00000000E+00  0.00000000E+00  0.00000000E+00
  0.31632000E+01  0.56206292E+06  0.56206292E+06  0.56206292E+06  0.00000000E+00  0.00000000E+00  0.00000000E+00
  0.31931000E+01  0.56593461E+06  0.56593461E+06  0.56593461E+06  0.00000000E+00  0.00000000E+00  0.00000000E+00
  0.32229000E+01  0.57002407E+06  0.57002407E+06  0.57002407E+06  0.00000000E+00  0.00000000E+00  0.00000000E+00
  0.32528000E+01  0.57437468E+06  0.57437468E+06  0.57437468E+06  0.00000000E+00  0.00000000E+00  0.00000000E+00
  0.32826000E+01  0.57899957E+06  0.57899957E+06  0.57899957E+06  0.00000000E+00  0.00000000E+00  0.00000000E+00
  0.33124000E+01  0.58397306E+06  0.58397306E+06  0.58397306E+06  0.00000000E+00  0.00000000E+00  0.00000000E+00
  0.33423000E+01  0.58940544E+06  0.58940544E+06  0.58940544E+06  0.00000000E+00  0.00000000E+00  0.00000000E+00
  0.33721000E+01  0.59536259E+06  0.59536259E+06  0.59536259E+06  0.00000000E+00  0.00000000E+00  0.00000000E+00
  0.34020000E+01  0.60199607E+06  0.60199607E+06  0.60199607E+06  0.00000000E+00  0.00000000E+00  0.00000000E+00
  0.34318000E+01  0.60937665E+06  0.60937665E+06  0.60937665E+06  0.00000000E+00  0.00000000E+00  0.00000000E+00
  0.34617000E+01  0.61770586E+06  0.61770586E+06  0.61770586E+06  0.00000000E+00  0.00000000E+00  0.00000000E+00
  0.34915000E+01  0.62719554E+06  0.62719554E+06  0.62719554E+06  0.00000000E+00  0.00000000E+00  0.00000000E+00
  0.35213000E+01  0.63826133E+06  0.63826133E+06  0.63826133E+06  0.00000000E+00  0.00000000E+00  0.00000000E+00
  0.35512000E+01  0.65141403E+06  0.65141403E+06  0.65141403E+06  0.00000000E+00  0.00000000E+00  0.00000000E+00
  0.35810000E+01  0.66705306E+06  0.66705306E+06  0.66705306E+06  0.00000000E+00  0.00000000E+00  0.00000000E+00
  0.36109000E+01  0.68563256E+06  0.68563256E+06  0.68563256E+06  0.00000000E+00  0.00000000E+00  0.00000000E+00
  0.36407000E+01  0.70784114E+06  0.70784114E+06  0.70784114E+06  0.00000000E+00  0.00000000E+00  0.00000000E+00
  0.36705000E+01  0.73440558E+06  0.73440558E+06  0.73440558E+06  0.00000000E+00  0.00000000E+00  0.00000000E+00
  0.37004000E+01  0.76499826E+06  0.76499826E+06  0.76499826E+06  0.00000000E+00  0.00000000E+00  0.00000000E+00
  0.37302000E+01  0.79784980E+06  0.79784980E+06  0.79784980E+06  0.00000000E+00  0.00000000E+00  0.00000000E+00
  0.37601000E+01  0.83080564E+06  0.83080564E+06  0.83080564E+06  0.00000000E+00  0.00000000E+00  0.00000000E+00
  0.37899000E+01  0.86229398E+06  0.86229398E+06  0.86229398E+06  0.00000000E+00  0.00000000E+00  0.00000000E+00
  0.38198000E+01  0.89255997E+06  0.89255997E+06  0.89255997E+06  0.00000000E+00  0.00000000E+00  0.00000000E+00
  0.38496000E+01  0.92266709E+06  0.92266709E+06  0.92266709E+06  0.00000000E+00  0.00000000E+00  0.00000000E+00
  0.38794000E+01  0.95335423E+06  0.95335423E+06  0.95335423E+06  0.00000000E+00  0.00000000E+00  0.00000000E+00
  0.39093000E+01  0.98516206E+06  0.98516206E+06  0.98516206E+06  0.00000000E+00  0.00000000E+00  0.00000000E+00
  0.39391000E+01  0.10188471E+07  0.10188471E+07  0.10188471E+07  0.00000000E+00  0.00000000E+00  0.00000000E+00
  0.39690000E+01  0.10555753E+07  0.10555753E+07  0.10555753E+07  0.00000000E+00  0.00000000E+00  0.00000000E+00
  0.39988000E+01  0.10964693E+07  0.10964693E+07  0.10964693E+07  0.00000000E+00  0.00000000E+00  0.00000000E+00
  0.40287000E+01  0.11425821E+07  0.11425821E+07  0.11425821E+07  0.00000000E+00  0.00000000E+00  0.00000000E+00
  0.40585000E+01  0.11945148E+07  0.11945148E+07  0.11945148E+07  0.00000000E+00  0.00000000E+00  0.00000000E+00
  0.40883000E+01  0.12524626E+07  0.12524626E+07  0.12524626E+07  0.00000000E+00  0.00000000E+00  0.00000000E+00
  0.41182000E+01  0.13157749E+07  0.13157749E+07  0.13157749E+07  0.00000000E+00  0.00000000E+00  0.00000000E+00
  0.41480000E+01  0.13820916E+07  0.13820916E+07  0.13820916E+07  0.00000000E+00  0.00000000E+00  0.00000000E+00
  0.41779000E+01  0.14477740E+07  0.14477740E+07  0.14477740E+07  0.00000000E+00  0.00000000E+00  0.00000000E+00
  0.42077000E+01  0.15095278E+07  0.15095278E+07  0.15095278E+07  0.00000000E+00  0.00000000E+00  0.00000000E+00
  0.42375000E+01  0.15656240E+07  0.15656240E+07  0.15656240E+07  0.00000000E+00  0.00000000E+00  0.00000000E+00
  0.42674000E+01  0.16151698E+07  0.16151698E+07  0.16151698E+07  0.00000000E+00  0.00000000E+00  0.00000000E+00
  0.42972000E+01  0.16571679E+07  0.16571679E+07  0.16571679E+07  0.00000000E+00  0.00000000E+00  0.00000000E+00
  0.43271000E+01  0.16903385E+07  0.16903385E+07  0.16903385E+07  0.00000000E+00  0.00000000E+00  0.00000000E+00
  0.43569000E+01  0.17124753E+07  0.17124753E+07  0.17124753E+07  0.00000000E+00  0.00000000E+00  0.00000000E+00
  0.43868000E+01  0.17214127E+07  0.17214127E+07  0.17214127E+07  0.00000000E+00  0.00000000E+00  0.00000000E+00
  0.44166000E+01  0.17170889E+07  0.17170889E+07  0.17170889E+07  0.00000000E+00  0.00000000E+00  0.00000000E+00
  0.44464000E+01  0.17034717E+07  0.17034717E+07  0.17034717E+07  0.00000000E+00  0.00000000E+00  0.00000000E+00
  0.44763000E+01  0.16861821E+07  0.16861821E+07  0.16861821E+07  0.00000000E+00  0.00000000E+00  0.00000000E+00
  0.45061000E+01  0.16691744E+07  0.16691744E+07  0.16691744E+07  0.00000000E+00  0.00000000E+00  0.00000000E+00
  0.45360000E+01  0.16542493E+07  0.16542493E+07  0.16542493E+07  0.00000000E+00  0.00000000E+00  0.00000000E+00
  0.45658000E+01  0.16415068E+07  0.16415068E+07  0.16415068E+07  0.00000000E+00  0.00000000E+00  0.00000000E+00
  0.45956000E+01  0.16305417E+07  0.16305417E+07  0.16305417E+07  0.00000000E+00  0.00000000E+00  0.00000000E+00
  0.46255000E+01  0.16209873E+07  0.16209873E+07  0.16209873E+07  0.00000000E+00  0.00000000E+00  0.00000000E+00
  0.46553000E+01  0.16125802E+07  0.16125802E+07  0.16125802E+07  0.00000000E+00  0.00000000E+00  0.00000000E+00
  0.46852000E+01  0.16053313E+07  0.16053313E+07  0.16053313E+07  0.00000000E+00  0.00000000E+00  0.00000000E+00
  0.47150000E+01  0.15991807E+07  0.15991807E+07  0.15991807E+07  0.00000000E+00  0.00000000E+00  0.00000000E+00
  0.47449000E+01  0.15941878E+07  0.15941878E+07  0.15941878E+07  0.00000000E+00  0.00000000E+00  0.00000000E+00
  0.47747000E+01  0.15902398E+07  0.15902398E+07  0.15902398E+07  0.00000000E+00  0.00000000E+00  0.00000000E+00
  0.48045000E+01  0.15873902E+07  0.15873902E+07  0.15873902E+07  0.00000000E+00  0.00000000E+00  0.00000000E+00
  0.48344000E+01  0.15857646E+07  0.15857646E+07  0.15857646E+07  0.00000000E+00  0.00000000E+00  0.00000000E+00
  0.48642000E+01  0.15853893E+07  0.15853893E+07  0.15853893E+07  0.00000000E+00  0.00000000E+00  0.00000000E+00
  0.48941000E+01  0.15861985E+07  0.15861985E+07  0.15861985E+07  0.00000000E+00  0.00000000E+00  0.00000000E+00
  0.49239000E+01  0.15876381E+07  0.15876381E+07  0.15876381E+07  0.00000000E+00  0.00000000E+00  0.00000000E+00
  0.49537000E+01  0.15889472E+07  0.15889472E+07  0.15889472E+07  0.00000000E+00  0.00000000E+00  0.00000000E+00
  0.49836000E+01  0.15891921E+07  0.15891921E+07  0.15891921E+07  0.00000000E+00  0.00000000E+00  0.00000000E+00
  0.50134000E+01  0.15875939E+07  0.15875939E+07  0.15875939E+07  0.00000000E+00  0.00000000E+00  0.00000000E+00
  0.50433000E+01  0.15840402E+07  0.15840402E+07  0.15840402E+07  0.00000000E+00  0.00000000E+00  0.00000000E+00
  0.50731000E+01  0.15787492E+07  0.15787492E+07  0.15787492E+07  0.00000000E+00  0.00000000E+00  0.00000000E+00
  0.51030000E+01  0.15722011E+07  0.15722011E+07  0.15722011E+07  0.00000000E+00  0.00000000E+00  0.00000000E+00
  0.51328000E+01  0.15648848E+07  0.15648848E+07  0.15648848E+07  0.00000000E+00  0.00000000E+00  0.00000000E+00
  0.51626000E+01  0.15574731E+07  0.15574731E+07  0.15574731E+07  0.00000000E+00  0.00000000E+00  0.00000000E+00
  0.51925000E+01  0.15506245E+07  0.15506245E+07  0.15506245E+07  0.00000000E+00  0.00000000E+00  0.00000000E+00
  0.52223000E+01  0.15448843E+07  0.15448843E+07  0.15448843E+07  0.00000000E+00  0.00000000E+00  0.00000000E+00
  0.52522000E+01  0.15407809E+07  0.15407809E+07  0.15407809E+07  0.00000000E+00  0.00000000E+00  0.00000000E+00
  0.52820000E+01  0.15382996E+07  0.15382996E+07  0.15382996E+07  0.00000000E+00  0.00000000E+00  0.00000000E+00
  0.53119000E+01  0.15370857E+07  0.15370857E+07  0.15370857E+07  0.00000000E+00  0.00000000E+00  0.00000000E+00
  0.53417000E+01  0.15365330E+07  0.15365330E+07  0.15365330E+07  0.00000000E+00  0.00000000E+00  0.00000000E+00
  0.53715000E+01  0.15362021E+07  0.15362021E+07  0.15362021E+07  0.00000000E+00  0.00000000E+00  0.00000000E+00
  0.54014000E+01  0.15358433E+07  0.15358433E+07  0.15358433E+07  0.00000000E+00  0.00000000E+00  0.00000000E+00
  0.54312000E+01  0.15354621E+07  0.15354621E+07  0.15354621E+07  0.00000000E+00  0.00000000E+00  0.00000000E+00
  0.54611000E+01  0.15357764E+07  0.15357764E+07  0.15357764E+07  0.00000000E+00  0.00000000E+00  0.00000000E+00
  0.54909000E+01  0.15380567E+07  0.15380567E+07  0.15380567E+07  0.00000000E+00  0.00000000E+00  0.00000000E+00
  0.55207000E+01  0.15443096E+07  0.15443096E+07  0.15443096E+07  0.00000000E+00  0.00000000E+00  0.00000000E+00
  0.55506000E+01  0.15572614E+07  0.15572614E+07  0.15572614E+07  0.00000000E+00  0.00000000E+00  0.00000000E+00
  0.55804000E+01  0.15798072E+07  0.15798072E+07  0.15798072E+07  0.00000000E+00  0.00000000E+00  0.00000000E+00
  0.56103000E+01  0.16127636E+07  0.16127636E+07  0.16127636E+07  0.00000000E+00  0.00000000E+00  0.00000000E+00
  0.56401000E+01  0.16513022E+07  0.16513022E+07  0.16513022E+07  0.00000000E+00  0.00000000E+00  0.00000000E+00
  0.56700000E+01  0.16859963E+07  0.16859963E+07  0.16859963E+07  0.00000000E+00  0.00000000E+00  0.00000000E+00
  0.56998000E+01  0.17090443E+07  0.17090443E+07  0.17090443E+07  0.00000000E+00  0.00000000E+00  0.00000000E+00
  0.57296000E+01  0.17195628E+07  0.17195628E+07  0.17195628E+07  0.00000000E+00  0.00000000E+00  0.00000000E+00
  0.57595000E+01  0.17219119E+07  0.17219119E+07  0.17219119E+07  0.00000000E+00  0.00000000E+00  0.00000000E+00
  0.57893000E+01  0.17209108E+07  0.17209108E+07  0.17209108E+07  0.00000000E+00  0.00000000E+00  0.00000000E+00
  0.58192000E+01  0.17196843E+07  0.17196843E+07  0.17196843E+07  0.00000000E+00  0.00000000E+00  0.00000000E+00
  0.58490000E+01  0.17195346E+07  0.17195346E+07  0.17195346E+07  0.00000000E+00  0.00000000E+00  0.00000000E+00
  0.58788000E+01  0.17208070E+07  0.17208070E+07  0.17208070E+07  0.00000000E+00  0.00000000E+00  0.00000000E+00
  0.59087000E+01  0.17233212E+07  0.17233212E+07  0.17233212E+07  0.00000000E+00  0.00000000E+00  0.00000000E+00
  0.59385000E+01  0.17266389E+07  0.17266389E+07  0.17266389E+07  0.00000000E+00  0.00000000E+00  0.00000000E+00
  0.59684000E+01  0.17305704E+07  0.17305704E+07  0.17305704E+07  0.00000000E+00  0.00000000E+00  0.00000000E+00
  0.59982000E+01  0.17350336E+07  0.17350336E+07  0.17350336E+07  0.00000000E+00  0.00000000E+00  0.00000000E+00
  0.60281000E+01  0.17401138E+07  0.17401138E+07  0.17401138E+07  0.00000000E+00  0.00000000E+00  0.00000000E+00
  0.60579000E+01  0.17452351E+07  0.17452351E+07  0.17452351E+07  0.00000000E+00  0.00000000E+00  0.00000000E+00
  0.60877000E+01  0.17491586E+07  0.17491586E+07  0.17491586E+07  0.00000000E+00  0.00000000E+00  0.00000000E+00
  0.61176000E+01  0.17511603E+07  0.17511603E+07  0.17511603E+07  0.00000000E+00  0.00000000E+00  0.00000000E+00
  0.61474000E+01  0.17514874E+07  0.17514874E+07  0.17514874E+07  0.00000000E+00  0.00000000E+00  0.00000000E+00
  0.61773000E+01  0.17508127E+07  0.17508127E+07  0.17508127E+07  0.00000000E+00  0.00000000E+00  0.00000000E+00
  0.62071000E+01  0.17495645E+07  0.17495645E+07  0.17495645E+07  0.00000000E+00  0.00000000E+00  0.00000000E+00
  0.62369000E+01  0.17479648E+07  0.17479648E+07  0.17479648E+07  0.00000000E+00  0.00000000E+00  0.00000000E+00
  0.62668000E+01  0.17460632E+07  0.17460632E+07  0.17460632E+07  0.00000000E+00  0.00000000E+00  0.00000000E+00
  0.62966000E+01  0.17438241E+07  0.17438241E+07  0.17438241E+07  0.00000000E+00  0.00000000E+00  0.00000000E+00
  0.63265000E+01  0.17414337E+07  0.17414337E+07  0.17414337E+07  0.00000000E+00  0.00000000E+00  0.00000000E+00
  0.63563000E+01  0.17390334E+07  0.17390334E+07  0.17390334E+07  0.00000000E+00  0.00000000E+00  0.00000000E+00
  0.63862000E+01  0.17368160E+07  0.17368160E+07  0.17368160E+07  0.00000000E+00  0.00000000E+00  0.00000000E+00
  0.64160000E+01  0.17348604E+07  0.17348604E+07  0.17348604E+07  0.00000000E+00  0.00000000E+00  0.00000000E+00
  0.64458000E+01  0.17331850E+07  0.17331850E+07  0.17331850E+07  0.00000000E+00  0.00000000E+00  0.00000000E+00
  0.64757000E+01  0.17317784E+07  0.17317784E+07  0.17317784E+07  0.00000000E+00  0.00000000E+00  0.00000000E+00
  0.65055000E+01  0.17305188E+07  0.17305188E+07  0.17305188E+07  0.00000000E+00  0.00000000E+00  0.00000000E+00
  0.65354000E+01  0.17293753E+07  0.17293753E+07  0.17293753E+07  0.00000000E+00  0.00000000E+00  0.00000000E+00
  0.65652000E+01  0.17282530E+07  0.17282530E+07  0.17282530E+07  0.00000000E+00  0.00000000E+00  0.00000000E+00
  0.65951000E+01  0.17272013E+07  0.17272013E+07  0.17272013E+07  0.00000000E+00  0.00000000E+00  0.00000000E+00
  0.66249000E+01  0.17261421E+07  0.17261421E+07  0.17261421E+07  0.00000000E+00  0.00000000E+00  0.00000000E+00
  0.66547000E+01  0.17250641E+07  0.17250641E+07  0.17250641E+07  0.00000000E+00  0.00000000E+00  0.00000000E+00
  0.66846000E+01  0.17239348E+07  0.17239348E+07  0.17239348E+07  0.00000000E+00  0.00000000E+00  0.00000000E+00
  0.67144000E+01  0.17226113E+07  0.17226113E+07  0.17226113E+07  0.00000000E+00  0.00000000E+00  0.00000000E+00
  0.67443000E+01  0.17211266E+07  0.17211266E+07  0.17211266E+07  0.00000000E+00  0.00000000E+00  0.00000000E+00
  0.67741000E+01  0.17194832E+07  0.17194832E+07  0.17194832E+07  0.00000000E+00  0.00000000E+00  0.00000000E+00
  0.68039000E+01  0.17177895E+07  0.17177895E+07  0.17177895E+07  0.00000000E+00  0.00000000E+00  0.00000000E+00
  0.68338000E+01  0.17160860E+07  0.17160860E+07  0.17160860E+07  0.00000000E+00  0.00000000E+00  0.00000000E+00
  0.68636000E+01  0.17143090E+07  0.17143090E+07  0.17143090E+07  0.00000000E+00  0.00000000E+00  0.00000000E+00
  0.68935000E+01  0.17124787E+07  0.17124787E+07  0.17124787E+07  0.00000000E+00  0.00000000E+00  0.00000000E+00
  0.69233000E+01  0.17105057E+07  0.17105057E+07  0.17105057E+07  0.00000000E+00  0.00000000E+00  0.00000000E+00
  0.69532000E+01  0.17084328E+07  0.17084328E+07  0.17084328E+07  0.00000000E+00  0.00000000E+00  0.00000000E+00
  0.69830000E+01  0.17062166E+07  0.17062166E+07  0.17062166E+07  0.00000000E+00  0.00000000E+00  0.00000000E+00
  0.70128000E+01  0.17039460E+07  0.17039460E+07  0.17039460E+07  0.00000000E+00  0.00000000E+00  0.00000000E+00
  0.70427000E+01  0.17016361E+07  0.17016361E+07  0.17016361E+07  0.00000000E+00  0.00000000E+00  0.00000000E+00
  0.70725000E+01  0.16992339E+07  0.16992339E+07  0.16992339E+07  0.00000000E+00  0.00000000E+00  0.00000000E+00
  0.71024000E+01  0.16967240E+07  0.16967240E+07  0.16967240E+07  0.00000000E+00  0.00000000E+00  0.00000000E+00
  0.71322000E+01  0.16939492E+07  0.16939492E+07  0.16939492E+07  0.00000000E+00  0.00000000E+00  0.00000000E+00
  0.71620000E+01  0.16908231E+07  0.16908231E+07  0.16908231E+07  0.00000000E+00  0.00000000E+00  0.00000000E+00
  0.71919000E+01  0.16872683E+07  0.16872683E+07  0.16872683E+07  0.00000000E+00  0.00000000E+00  0.00000000E+00
  0.72217000E+01  0.16833766E+07  0.16833766E+07  0.16833766E+07  0.00000000E+00  0.00000000E+00  0.00000000E+00
  0.72516000E+01  0.16793767E+07  0.16793767E+07  0.16793767E+07  0.00000000E+00  0.00000000E+00  0.00000000E+00
  0.72814000E+01  0.16753965E+07  0.16753965E+07  0.16753965E+07  0.00000000E+00  0.00000000E+00  0.00000000E+00
  0.73113000E+01  0.16715622E+07  0.16715622E+07  0.16715622E+07  0.00000000E+00  0.00000000E+00  0.00000000E+00
  0.73411000E+01  0.16678562E+07  0.16678562E+07  0.16678562E+07  0.00000000E+00  0.00000000E+00  0.00000000E+00
  0.73709000E+01  0.16642896E+07  0.16642896E+07  0.16642896E+07  0.00000000E+00  0.00000000E+00  0.00000000E+00
  0.74008000E+01  0.16608908E+07  0.16608908E+07  0.16608908E+07  0.00000000E+00  0.00000000E+00  0.00000000E+00
  0.74306000E+01  0.16576793E+07  0.16576793E+07  0.16576793E+07  0.00000000E+00  0.00000000E+00  0.00000000E+00
  0.74605000E+01  0.16547307E+07  0.16547307E+07  0.16547307E+07  0.00000000E+00  0.00000000E+00  0.00000000E+00
  0.74903000E+01  0.16520804E+07  0.16520804E+07  0.16520804E+07  0.00000000E+00  0.00000000E+00  0.00000000E+00
  0.75201000E+01  0.16497409E+07  0.16497409E+07  0.16497409E+07  0.00000000E+00  0.00000000E+00  0.00000000E+00
  0.75500000E+01  0.16477048E+07  0.16477048E+07  0.16477048E+07  0.00000000E+00  0.00000000E+00  0.00000000E+00
  0.75798000E+01  0.16459505E+07  0.16459505E+07  0.16459505E+07  0.00000000E+00  0.00000000E+00  0.00000000E+00
  0.76097000E+01  0.16445367E+07  0.16445367E+07  0.16445367E+07  0.00000000E+00  0.00000000E+00  0.00000000E+00
  0.76395000E+01  0.16434510E+07  0.16434510E+07  0.16434510E+07  0.00000000E+00  0.00000000E+00  0.00000000E+00
  0.76694000E+01  0.16424666E+07  0.16424666E+07  0.16424666E+07  0.00000000E+00  0.00000000E+00  0.00000000E+00
  0.76992000E+01  0.16408219E+07  0.16408219E+07  0.16408219E+07  0.00000000E+00  0.00000000E+00  0.00000000E+00
  0.77290000E+01  0.16381554E+07  0.16381554E+07  0.16381554E+07  0.00000000E+00  0.00000000E+00  0.00000000E+00
  0.77589000E+01  0.16348484E+07  0.16348484E+07  0.16348484E+07  0.00000000E+00  0.00000000E+00  0.00000000E+00
  0.77887000E+01  0.16313249E+07  0.16313249E+07  0.16313249E+07  0.00000000E+00  0.00000000E+00  0.00000000E+00
  0.78186000E+01  0.16278654E+07  0.16278654E+07  0.16278654E+07  0.00000000E+00  0.00000000E+00  0.00000000E+00
  0.78484000E+01  0.16244667E+07  0.16244667E+07  0.16244667E+07  0.00000000E+00  0.00000000E+00  0.00000000E+00
  0.78783000E+01  0.16210357E+07  0.16210357E+07  0.16210357E+07  0.00000000E+00  0.00000000E+00  0.00000000E+00
  0.79081000E+01  0.16175656E+07  0.16175656E+07  0.16175656E+07  0.00000000E+00  0.00000000E+00  0.00000000E+00
  0.79379000E+01  0.16142762E+07  0.16142762E+07  0.16142762E+07  0.00000000E+00  0.00000000E+00  0.00000000E+00
  0.79678000E+01  0.16113342E+07  0.16113342E+07  0.16113342E+07  0.00000000E+00  0.00000000E+00  0.00000000E+00
  0.79976000E+01  0.16087748E+07  0.16087748E+07  0.16087748E+07  0.00000000E+00  0.00000000E+00  0.00000000E+00
  0.80275000E+01  0.16065869E+07  0.16065869E+07  0.16065869E+07  0.00000000E+00  0.00000000E+00  0.00000000E+00
  0.80573000E+01  0.16047207E+07  0.16047207E+07  0.16047207E+07  0.00000000E+00  0.00000000E+00  0.00000000E+00
  0.80871000E+01  0.16031534E+07  0.16031534E+07  0.16031534E+07  0.00000000E+00  0.00000000E+00  0.00000000E+00
  0.81170000E+01  0.16019176E+07  0.16019176E+07  0.16019176E+07  0.00000000E+00  0.00000000E+00  0.00000000E+00
  0.81468000E+01  0.16010038E+07  0.16010038E+07  0.16010038E+07  0.00000000E+00  0.00000000E+00  0.00000000E+00
  0.81767000E+01  0.16005117E+07  0.16005117E+07  0.16005117E+07  0.00000000E+00  0.00000000E+00  0.00000000E+00
  0.82065000E+01  0.16007165E+07  0.16007165E+07  0.16007165E+07  0.00000000E+00  0.00000000E+00  0.00000000E+00
  0.82364000E+01  0.16018986E+07  0.16018986E+07  0.16018986E+07  0.00000000E+00  0.00000000E+00  0.00000000E+00
  0.82662000E+01  0.16041136E+07  0.16041136E+07  0.16041136E+07  0.00000000E+00  0.00000000E+00  0.00000000E+00
  0.82960000E+01  0.16069881E+07  0.16069881E+07  0.16069881E+07  0.00000000E+00  0.00000000E+00  0.00000000E+00
  0.83259000E+01  0.16098224E+07  0.16098224E+07  0.16098224E+07  0.00000000E+00  0.00000000E+00  0.00000000E+00
  0.83557000E+01  0.16121030E+07  0.16121030E+07  0.16121030E+07  0.00000000E+00  0.00000000E+00  0.00000000E+00
  0.83856000E+01  0.16138783E+07  0.16138783E+07  0.16138783E+07  0.00000000E+00  0.00000000E+00  0.00000000E+00
  0.84154000E+01  0.16151578E+07  0.16151578E+07  0.16151578E+07  0.00000000E+00  0.00000000E+00  0.00000000E+00
  0.84452000E+01  0.16158802E+07  0.16158802E+07  0.16158802E+07  0.00000000E+00  0.00000000E+00  0.00000000E+00
  0.84751000E+01  0.16159535E+07  0.16159535E+07  0.16159535E+07  0.00000000E+00  0.00000000E+00  0.00000000E+00
  0.85049000E+01  0.16153076E+07  0.16153076E+07  0.16153076E+07  0.00000000E+00  0.00000000E+00  0.00000000E+00
  0.85348000E+01  0.16141301E+07  0.16141301E+07  0.16141301E+07  0.00000000E+00  0.00000000E+00  0.00000000E+00
  0.85646000E+01  0.16125995E+07  0.16125995E+07  0.16125995E+07  0.00000000E+00  0.00000000E+00  0.00000000E+00
  0.85945000E+01  0.16108382E+07  0.16108382E+07  0.16108382E+07  0.00000000E+00  0.00000000E+00  0.00000000E+00
  0.86243000E+01  0.16088359E+07  0.16088359E+07  0.16088359E+07  0.00000000E+00  0.00000000E+00  0.00000000E+00
  0.86541000E+01  0.16065822E+07  0.16065822E+07  0.16065822E+07  0.00000000E+00  0.00000000E+00  0.00000000E+00
  0.86840000E+01  0.16041929E+07  0.16041929E+07  0.16041929E+07  0.00000000E+00  0.00000000E+00  0.00000000E+00
  0.87138000E+01  0.16017469E+07  0.16017469E+07  0.16017469E+07  0.00000000E+00  0.00000000E+00  0.00000000E+00
  0.87437000E+01  0.15995417E+07  0.15995417E+07  0.15995417E+07  0.00000000E+00  0.00000000E+00  0.00000000E+00
  0.87735000E+01  0.15976134E+07  0.15976134E+07  0.15976134E+07  0.00000000E+00  0.00000000E+00  0.00000000E+00
  0.88033000E+01  0.15960288E+07  0.15960288E+07  0.15960288E+07  0.00000000E+00  0.00000000E+00  0.00000000E+00
  0.88332000E+01  0.15945210E+07  0.15945210E+07  0.15945210E+07  0.00000000E+00  0.00000000E+00  0.00000000E+00
  0.88630000E+01  0.15926995E+07  0.15926995E+07  0.15926995E+07  0.00000000E+00  0.00000000E+00  0.00000000E+00
  0.88929000E+01  0.15903528E+07  0.15903528E+07  0.15903528E+07  0.00000000E+00  0.00000000E+00  0.00000000E+00
  0.89227000E+01  0.15875271E+07  0.15875271E+07  0.15875271E+07  0.00000000E+00  0.00000000E+00  0.00000000E+00
  0.89526000E+01  0.15843898E+07  0.15843898E+07  0.15843898E+07  0.00000000E+00  0.00000000E+00  0.00000000E+00
