  #energy          xx             yy              zz              xy              yz              zx
  0.00000000E+00  0.00000000E+00  0.00000000E+00  0.00000000E+00  0.00000000E+00  0.00000000E+00  0.00000000E+00
  0.29800000E-01  0.13115007E-02  0.13115007E-02  0.13115007E-02  0.00000000E+00  0.00000000E+00  0.00000000E+00
  0.59700000E-01  0.26225886E-02  0.26225886E-02  0.26225886E-02  0.00000000E+00  0.00000000E+00  0.00000000E+00
  0.89500000E-01  0.39463617E-02  0.39463617E-02  0.39463617E-02  0.00000000E+00  0.00000000E+00  0.00000000E+00
  0.11940000E+00  0.52824088E-02  0.52824088E-02  0.52824088E-02  0.00000000E+00  0.00000000E+00  0.00000000E+00
  0.14920000E+00  0.66302589E-02  0.66302589E-02  0.66302589E-02  0.00000000E+00  0.00000000E+00  0.00000000E+00
  0.17910000E+00  0.80029500E-02  0.80029500E-02  0.80029500E-02  0.00000000E+00  0.00000000E+00  0.00000000E+00
  0.20890000E+00  0.93999909E-02  0.93999909E-02  0.93999909E-02  0.00000000E+00  0.00000000E+00  0.00000000E+00
  0.23870000E+00  0.10820838E-01  0.10820838E-01  0.10820838E-01  0.00000000E+00  0.00000000E+00  0.00000000E+00
  0.26860000E+00  0.12278422E-01  0.12278422E-01  0.12278422E-01  0.00000000E+00  0.00000000E+00  0.00000000E+00
  0.29840000E+00  0.13785506E-01  0.13785506E-01  0.13785506E-01  0.00000000E+00  0.00000000E+00  0.00000000E+00
  0.32830000E+00  0.15341407E-01  0.15341407E-01  0.15341407E-01  0.00000000E+00  0.00000000E+00  0.00000000E+00
  0.35810000E+00  0.16945290E-01  0.16945290E-01  0.16945290E-01  0.00000000E+00  0.00000000E+00  0.00000000E+00
  0.38790000E+00  0.18609711E-01  0.18609711E-01  0.18609711E-01  0.00000000E+00  0.00000000E+00  0.00000000E+00
  0.41780000E+00  0.20360396E-01  0.20360396E-01  0.20360396E-01  0.00000000E+00  0.00000000E+00  0.00000000E+00
  0.44760000E+00  0.22196260E-01  0.22196260E-01  0.22196260E-01  0.00000000E+00  0.00000000E+00  0.00000000E+00
  0.47750000E+00  0.24142390E-01  0.24142390E-01  0.24142390E-01  0.00000000E+00  0.00000000E+00  0.00000000E+00
  0.50730000E+00  0.26210636E-01  0.26210636E-01  0.26210636E-01  0.00000000E+00  0.00000000E+00  0.00000000E+00
  0.53720000E+00  0.28425533E-01  0.28425533E-01  0.28425533E-01  0.00000000E+00  0.00000000E+00  0.00000000E+00
  0.56700000E+00  0.30824518E-01  0.30824518E-01  0.30824518E-01  0.00000000E+00  0.00000000E+00  0.00000000E+00
  0.59680000E+00  0.33431211E-01  0.33431211E-01  0.33431211E-01  0.00000000E+00  0.00000000E+00  0.00000000E+00
  0.62670000E+00  0.36294677E-01  0.36294677E-01  0.36294677E-01  0.00000000E+00  0.00000000E+00  0.00000000E+00
  0.65650000E+00  0.39489652E-01  0.39489652E-01  0.39489652E-01  0.00000000E+00  0.00000000E+00  0.00000000E+00
  0.68640000E+00  0.43101896E-01  0.43101896E-01  0.43101896E-01  0.00000000E+00  0.00000000E+00  0.00000000E+00
  0.71620000E+00  0.47254721E-01  0.47254721E-01  0.47254721E-01  0.00000000E+00  0.00000000E+00  0.00000000E+00
  0.74600000E+00  0.52107788E-01  0.52107788E-01  0.52107788E-01  0.00000000E+00  0.00000000E+00  0.00000000E+00
  0.77590000E+00  0.57920380E-01  0.57920380E-01  0.57920380E-01  0.00000000E+00  0.00000000E+00  0.00000000E+00
  0.80570000E+00  0.65050008E-01  0.65050008E-01  0.65050008E-01  0.00000000E+00  0.00000000E+00  0.00000000E+00
  0.83560000E+00  0.74027370E-01  0.74027370E-01  0.74027370E-01  0.00000000E+00  0.00000000E+00  0.00000000E+00
  0.86540000E+00  0.85531608E-01  0.85531608E-01  0.85531608E-01  0.00000000E+00  0.00000000E+00  0.00000000E+00
  0.89530000E+00  0.10029535E+00  0.10029535E+00  0.10029535E+00  0.00000000E+00  0.00000000E+00  0.00000000E+00
  0.92510000E+00  0.11850345E+00  0.11850345E+00  0.11850345E+00  0.00000000E+00  0.00000000E+00  0.00000000E+00
  0.95490000E+00  0.13882472E+00  0.13882472E+00  0.13882472E+00  0.00000000E+00  0.00000000E+00  0.00000000E+00
  0.98480000E+00  0.15889480E+00  0.15889480E+00  0.15889480E+00  0.00000000E+00  0.00000000E+00  0.00000000E+00
  0.10146000E+01  0.17713837E+00  0.17713837E+00  0.17713837E+00  0.00000000E+00  0.00000000E+00  0.00000000E+00
  0.10445000E+01  0.19336089E+00  0.19336089E+00  0.19336089E+00  0.00000000E+00  0.00000000E+00  0.00000000E+00
  0.10743000E+01  0.20798768E+00  0.20798768E+00  0.20798768E+00  0.00000000E+00  0.00000000E+00  0.00000000E+00
  0.11041000E+01  0.22150535E+00  0.22150535E+00  0.22150535E+00  0.00000000E+00  0.00000000E+00  0.00000000E+00
  0.11340000E+01  0.23428230E+00  0.23428230E+00  0.23428230E+00  0.00000000E+00  0.00000000E+00  0.00000000E+00
  0.11638000E+01  0.24659040E+00  0.24659040E+00  0.24659040E+00  0.00000000E+00  0.00000000E+00  0.00000000E+00
  0.11937000E+01  0.25858772E+00  0.25858772E+00  0.25858772E+00  0.00000000E+00  0.00000000E+00  0.00000000E+00
  0.12235000E+01  0.27039888E+00  0.27039888E+00  0.27039888E+00  0.00000000E+00  0.00000000E+00  0.00000000E+00
  0.12534000E+01  0.28213146E+00  0.28213146E+00  0.28213146E+00  0.00000000E+00  0.00000000E+00  0.00000000E+00
  0.12832000E+01  0.29381978E+00  0.29381978E+00  0.29381978E+00  0.00000000E+00  0.00000000E+00  0.00000000E+00
  0.13130000E+01  0.30552266E+00  0.30552266E+00  0.30552266E+00  0.00000000E+00  0.00000000E+00  0.00000000E+00
  0.13429000E+01  0.31728430E+00  0.31728430E+00  0.31728430E+00  0.00000000E+00  0.00000000E+00  0.00000000E+00
  0.13727000E+01  0.32912280E+00  0.32912280E+00  0.32912280E+00  0.00000000E+00  0.00000000E+00  0.00000000E+00
  0.14026000E+01  0.34108123E+00  0.34108123E+00  0.34108123E+00  0.00000000E+00  0.00000000E+00  0.00000000E+00
  0.14324000E+01  0.35320093E+00  0.35320093E+00  0.35320093E+00  0.00000000E+00  0.00000000E+00  0.00000000E+00
  0.14623000E+01  0.36549487E+00  0.36549487E+00  0.36549487E+00  0.00000000E+00  0.00000000E+00  0.00000000E+00
  0.14921000E+01  0.37801581E+00  0.37801581E+00  0.37801581E+00  0.00000000E+00  0.00000000E+00  0.00000000E+00
  0.15219000E+01  0.39080981E+00  0.39080981E+00  0.39080981E+00  0.00000000E+00  0.00000000E+00  0.00000000E+00
  0.15518000E+01  0.40396075E+00  0.40396075E+00  0.40396075E+00  0.00000000E+00  0.00000000E+00  0.00000000E+00
  0.15816000E+01  0.41755892E+00  0.41755892E+00  0.41755892E+00  0.00000000E+00  0.00000000E+00  0.00000000E+00
  0.16115000E+01  0.43174566E+00  0.43174566E+00  0.43174566E+00  0.00000000E+00  0.00000000E+00  0.00000000E+00
  0.16413000E+01  0.44669726E+00  0.44669726E+00  0.44669726E+00  0.00000000E+00  0.00000000E+00  0.00000000E+00
  0.16711000E+01  0.46265547E+00  0.46265547E+00  0.46265547E+00  0.00000000E+00  0.00000000E+00  0.00000000E+00
  0.17010000E+01  0.47970881E+00  0.47970881E+00  0.47970881E+00  0.00000000E+00  0.00000000E+00  0.00000000E+00
  0.17308000E+01  0.49735289E+00  0.49735289E+00  0.49735289E+00  0.00000000E+00  0.00000000E+00  0.00000000E+00
  0.17607000E+01  0.51403717E+00  0.51403717E+00  0.51403717E+00  0.00000000E+00  0.00000000E+00  0.00000000E+00
  0.17905000E+01  0.52847819E+00  0.52847819E+00  0.52847819E+00  0.00000000E+00  0.00000000E+00  0.00000000E+00
  0.18204000E+01  0.54183303E+00  0.54183303E+00  0.54183303E+00  0.00000000E+00  0.00000000E+00  0.00000000E+00
  0.18502000E+01  0.55687897E+00  0.55687897E+00  0.55687897E+00  0.00000000E+00  0.00000000E+00  0.00000000E+00
  0.18800000E+01  0.57575600E+00  0.57575600E+00  0.57575600E+00  0.00000000E+00  0.00000000E+00  0.00000000E+00
  0.19099000E+01  0.59947626E+00  0.59947626E+00  0.59947626E+00  0.00000000E+00  0.00000000E+00  0.00000000E+00
  0.19397000E+01  0.62864809E+00  0.62864809E+00  0.62864809E+00  0.00000000E+00  0.00000000E+00  0.00000000E+00
  0.19696000E+01  0.66416561E+00  0.66416561E+00  0.66416561E+00  0.00000000E+00  0.00000000E+00  0.00000000E+00
  0.19994000E+01  0.70734255E+00  0.70734255E+00  0.70734255E+00  0.00000000E+00  0.00000000E+00  0.00000000E+00
  0.20292000E+01  0.75956074E+00  0.75956074E+00  0.75956074E+00  0.00000000E+00  0.00000000E+00  0.00000000E+00
  0.20591000E+01  0.82134764E+00  0.82134764E+00  0.82134764E+00  0.00000000E+00  0.00000000E+00  0.00000000E+00
  0.20889000E+01  0.89171581E+00  0.89171581E+00  0.89171581E+00  0.00000000E+00  0.00000000E+00  0.00000000E+00
  0.21188000E+01  0.96844135E+00  0.96844135E+00  0.96844135E+00  0.00000000E+00  0.00000000E+00  0.00000000E+00
  0.21486000E+01  0.10490111E+01  0.10490111E+01  0.10490111E+01  0.00000000E+00  0.00000000E+00  0.00000000E+00
  0.21785000E+01  0.11311536E+01  0.11311536E+01  0.11311536E+01  0.00000000E+00  0.00000000E+00  0.00000000E+00
  0.22083000E+01  0.12128196E+01  0.12128196E+01  0.12128196E+01  0.00000000E+00  0.00000000E+00  0.00000000E+00
  0.22381000E+01  0.12921711E+01  0.12921711E+01  0.12921711E+01  0.00000000E+00  0.00000000E+00  0.00000000E+00
  0.22680000E+01  0.13675695E+01  0.13675695E+01  0.13675695E+01  0.00000000E+00  0.00000000E+00  0.00000000E+00
  0.22978000E+01  0.14375072E+01  0.14375072E+01  0.14375072E+01  0.00000000E+00  0.00000000E+00  0.00000000E+00
  0.23277000E+01  0.15007936E+01  0.15007936E+01  0.15007936E+01  0.00000000E+00  0.00000000E+00  0.00000000E+00
  0.23575000E+01  0.15567947E+01  0.15567947E+01  0.15567947E+01  0.00000000E+00  0.00000000E+00  0.00000000E+00
  0.23873000E+01  0.16053528E+01  0.16053528E+01  0.16053528E+01  0.00000000E+00  0.00000000E+00  0.00000000E+00
  0.24172000E+01  0.16463279E+01  0.16463279E+01  0.16463279E+01  0.00000000E+00  0.00000000E+00  0.00000000E+00
  0.24470000E+01  0.16801551E+01  0.16801551E+01  0.16801551E+01  0.00000000E+00  0.00000000E+00  0.00000000E+00
  0.24769000E+01  0.17085648E+01  0.17085648E+01  0.17085648E+01  0.00000000E+00  0.00000000E+00  0.00000000E+00
  0.25067000E+01  0.17330070E+01  0.17330070E+01  0.17330070E+01  0.00000000E+00  0.00000000E+00  0.00000000E+00
  0.25366000E+01  0.17532257E+01  0.17532257E+01  0.17532257E+01  0.00000000E+00  0.00000000E+00  0.00000000E+00
  0.25664000E+01  0.17683217E+01  0.17683217E+01  0.17683217E+01  0.00000000E+00  0.00000000E+00  0.00000000E+00
  0.25962000E+01  0.17780823E+01  0.17780823E+01  0.17780823E+01  0.00000000E+00  0.00000000E+00  0.00000000E+00
  0.26261000E+01  0.17834393E+01  0.17834393E+01  0.17834393E+01  0.00000000E+00  0.00000000E+00  0.00000000E+00
  0.26559000E+01  0.17860027E+01  0.17860027E+01  0.17860027E+01  0.00000000E+00  0.00000000E+00  0.00000000E+00
  0.26858000E+01  0.17872554E+01  0.17872554E+01  0.17872554E+01  0.00000000E+00  0.00000000E+00  0.00000000E+00
  0.27156000E+01  0.17880706E+01  0.17880706E+01  0.17880706E+01  0.00000000E+00  0.00000000E+00  0.00000000E+00
  0.27455000E+01  0.17886704E+01  0.17886704E+01  0.17886704E+01  0.00000000E+00  0.00000000E+00  0.00000000E+00
  0.27753000E+01  0.17889309E+01  0.17889309E+01  0.17889309E+01  0.00000000E+00  0.00000000E+00  0.00000000E+00
  0.28051000E+01  0.17886849E+01  0.17886849E+01  0.17886849E+01  0.00000000E+00  0.00000000E+00  0.00000000E+00
  0.28350000E+01  0.17879073E+01  0.17879073E+01  0.17879073E+01  0.00000000E+00  0.00000000E+00  0.00000000E+00
  0.28648000E+01  0.17866806E+01  0.17866806E+01  0.17866806E+01  0.00000000E+00  0.00000000E+00  0.00000000E+00
  0.28947000E+01  0.17851433E+01  0.17851433E+01  0.17851433E+01  0.00000000E+00  0.00000000E+00  0.00000000E+00
  0.29245000E+01  0.17833951E+01  0.17833951E+01  0.17833951E+01  0.00000000E+00  0.00000000E+00  0.00000000E+00
  0.29543000E+01  0.17816183E+01  0.17816183E+01  0.17816183E+01  0.00000000E+00  0.00000000E+00  0.00000000E+00
  0.29842000E+01  0.17798715E+01  0.17798715E+01  0.17798715E+01  0.00000000E+00  0.00000000E+00  0.00000000E+00
  0.30140000E+01  0.17779530E+01  0.17779530E+01  0.17779530E+01  0.00000000E+00  0.00000000E+00  0.00000000E+00
  0.30439000E+01  0.17749776E+01  0.17749776E+01  0.17749776E+01  0.00000000E+00  0.00000000E+00  0.00000000E+00
  0.30737000E+01  0.17702500E+01  0.17702500E+01  0.17702500E+01  0.00000000E+00  0.00000000E+00  0.00000000E+00
  0.31036000E+01  0.17643262E+01  0.17643262E+01  0.17643262E+01  0.00000000E+00  0.00000000E+00  0.00000000E+00
  0.31334000E+01  0.17583943E+01  0.17583943E+01  0.17583943E+01  0.00000000E+00  0.00000000E+00  0.00000000E+00
  0.31632000E+01  0.17531323E+01  0.17531323E+01  0.17531323E+01  0.00000000E+00  0.00000000E+00  0.00000000E+00
  0.31931000E+01  0.17486792E+01  0.17486792E+01  0.17486792E+01  0.00000000E+00  0.00000000E+00  0.00000000E+00
  0.32229000E+01  0.17450296E+01  0.17450296E+01  0.17450296E+01  0.00000000E+00  0.00000000E+00  0.00000000E+00
  0.32528000E+01  0.17421853E+01  0.17421853E+01  0.17421853E+01  0.00000000E+00  0.00000000E+00  0.00000000E+00
  0.32826000E+01  0.17402703E+01  0.17402703E+01  0.17402703E+01  0.00000000E+00  0.00000000E+00  0.00000000E+00
  0.33124000E+01  0.17394280E+01  0.17394280E+01  0.17394280E+01  0.00000000E+00  0.00000000E+00  0.00000000E+00
  0.33423000E+01  0.17399034E+01  0.17399034E+01  0.17399034E+01  0.00000000E+00  0.00000000E+00  0.00000000E+00
  0.33721000E+01  0.17419573E+01  0.17419573E+01  0.17419573E+01  0.00000000E+00  0.00000000E+00  0.00000000E+00
  0.34020000E+01  0.17458855E+01  0.17458855E+01  0.17458855E+01  0.00000000E+00  0.00000000E+00  0.00000000E+00
  0.34318000E+01  0.17519441E+01  0.17519441E+01  0.17519441E+01  0.00000000E+00  0.00000000E+00  0.00000000E+00
  0.34617000E+01  0.17605514E+01  0.17605514E+01  0.17605514E+01  0.00000000E+00  0.00000000E+00  0.00000000E+00
  0.34915000E+01  0.17723412E+01  0.17723412E+01  0.17723412E+01  0.00000000E+00  0.00000000E+00  0.00000000E+00
  0.35213000E+01  0.17883475E+01  0.17883475E+01  0.17883475E+01  0.00000000E+00  0.00000000E+00  0.00000000E+00
  0.35512000E+01  0.18098326E+01  0.18098326E+01  0.18098326E+01  0.00000000E+00  0.00000000E+00  0.00000000E+00
  0.35810000E+01  0.18378602E+01  0.18378602E+01  0.18378602E+01  0.00000000E+00  0.00000000E+00  0.00000000E+00
  0.36109000E+01  0.18734081E+01  0.18734081E+01  0.18734081E+01  0.00000000E+00  0.00000000E+00  0.00000000E+00
  0.36407000E+01  0.19182593E+01  0.19182593E+01  0.19182593E+01  0.00000000E+00  0.00000000E+00  0.00000000E+00
  0.36705000E+01  0.19740909E+01  0.19740909E+01  0.19740909E+01  0.00000000E+00  0.00000000E+00  0.00000000E+00
  0.37004000E+01  0.20397089E+01  0.20397089E+01  0.20397089E+01  0.00000000E+00  0.00000000E+00  0.00000000E+00
  0.37302000E+01  0.21103060E+01  0.21103060E+01  0.21103060E+01  0.00000000E+00  0.00000000E+00  0.00000000E+00
  0.37601000E+01  0.21799998E+01  0.21799998E+01  0.21799998E+01  0.00000000E+00  0.00000000E+00  0.00000000E+00
  0.37899000E+01  0.22448329E+01  0.22448329E+01  0.22448329E+01  0.00000000E+00  0.00000000E+00  0.00000000E+00
  0.38198000E+01  0.23054367E+01  0.23054367E+01  0.23054367E+01  0.00000000E+00  0.00000000E+00  0.00000000E+00
  0.38496000E+01  0.23647533E+01  0.23647533E+01  0.23647533E+01  0.00000000E+00  0.00000000E+00  0.00000000E+00
  0.38794000E+01  0.24246338E+01  0.24246338E+01  0.24246338E+01  0.00000000E+00  0.00000000E+00  0.00000000E+00
  0.39093000E+01  0.24863662E+01  0.24863662E+01  0.24863662E+01  0.00000000E+00  0.00000000E+00  0.00000000E+00
  0.39391000E+01  0.25519281E+01  0.25519281E+01  0.25519281E+01  0.00000000E+00  0.00000000E+00  0.00000000E+00
  0.39690000E+01  0.26240042E+01  0.26240042E+01  0.26240042E+01  0.00000000E+00  0.00000000E+00  0.00000000E+00
  0.39988000E+01  0.27053485E+01  0.27053485E+01  0.27053485E+01  0.00000000E+00  0.00000000E+00  0.00000000E+00
  0.40287000E+01  0.27982010E+01  0.27982010E+01  0.27982010E+01  0.00000000E+00  0.00000000E+00  0.00000000E+00
  0.40585000E+01  0.29039050E+01  0.29039050E+01  0.29039050E+01  0.00000000E+00  0.00000000E+00  0.00000000E+00
  0.40883000E+01  0.30225843E+01  0.30225843E+01  0.30225843E+01  0.00000000E+00  0.00000000E+00  0.00000000E+00
  0.41182000E+01  0.31523220E+01  0.31523220E+01  0.31523220E+01  0.00000000E+00  0.00000000E+00  0.00000000E+00
  0.41480000E+01  0.32874147E+01  0.32874147E+01  0.32874147E+01  0.00000000E+00  0.00000000E+00  0.00000000E+00
  0.41779000E+01  0.34190005E+01  0.34190005E+01  0.34190005E+01  0.00000000E+00  0.00000000E+00  0.00000000E+00
  0.42077000E+01  0.35395884E+01  0.35395884E+01  0.35395884E+01  0.00000000E+00  0.00000000E+00  0.00000000E+00
  0.42375000E+01  0.36453077E+01  0.36453077E+01  0.36453077E+01  0.00000000E+00  0.00000000E+00  0.00000000E+00
  0.42674000E+01  0.37343176E+01  0.37343176E+01  0.37343176E+01  0.00000000E+00  0.00000000E+00  0.00000000E+00
  0.42972000E+01  0.38048484E+01  0.38048484E+01  0.38048484E+01  0.00000000E+00  0.00000000E+00  0.00000000E+00
  0.43271000E+01  0.38541904E+01  0.38541904E+01  0.38541904E+01  0.00000000E+00  0.00000000E+00  0.00000000E+00
  0.43569000E+01  0.38779584E+01  0.38779584E+01  0.38779584E+01  0.00000000E+00  0.00000000E+00  0.00000000E+00
  0.43868000E+01  0.38716276E+01  0.38716276E+01  0.38716276E+01  0.00000000E+00  0.00000000E+00  0.00000000E+00
  0.44166000E+01  0.38358456E+01  0.38358456E+01  0.38358456E+01  0.00000000E+00  0.00000000E+00  0.00000000E+00
  0.44464000E+01  0.37799217E+01  0.37799217E+01  0.37799217E+01  0.00000000E+00  0.00000000E+00  0.00000000E+00
  0.44763000E+01  0.37165648E+01  0.37165648E+01  0.37165648E+01  0.00000000E+00  0.00000000E+00  0.00000000E+00
  0.45061000E+01  0.36547469E+01  0.36547469E+01  0.36547469E+01  0.00000000E+00  0.00000000E+00  0.00000000E+00
  0.45360000E+01  0.35981920E+01  0.35981920E+01  0.35981920E+01  0.00000000E+00  0.00000000E+00  0.00000000E+00
  0.45658000E+01  0.35471717E+01  0.35471717E+01  0.35471717E+01  0.00000000E+00  0.00000000E+00  0.00000000E+00
  0.45956000E+01  0.35006292E+01  0.35006292E+01  0.35006292E+01  0.00000000E+00  0.00000000E+00  0.00000000E+00
  0.46255000E+01  0.34576207E+01  0.34576207E+01  0.34576207E+01  0.00000000E+00  0.00000000E+00  0.00000000E+00
  0.46553000E+01  0.34176696E+01  0.34176696E+01  0.34176696E+01  0.00000000E+00  0.00000000E+00  0.00000000E+00
  0.46852000E+01  0.33805934E+01  0.33805934E+01  0.33805934E+01  0.00000000E+00  0.00000000E+00  0.00000000E+00
  0.47150000E+01  0.33463569E+01  0.33463569E+01  0.33463569E+01  0.00000000E+00  0.00000000E+00  0.00000000E+00
  0.47449000E+01  0.33148879E+01  0.33148879E+01  0.33148879E+01  0.00000000E+00  0.00000000E+00  0.00000000E+00
  0.47747000E+01  0.32860408E+01  0.32860408E+01  0.32860408E+01  0.00000000E+00  0.00000000E+00  0.00000000E+00
  0.48045000E+01  0.32598071E+01  0.32598071E+01  0.32598071E+01  0.00000000E+00  0.00000000E+00  0.00000000E+00
  0.48344000E+01  0.32363281E+01  0.32363281E+01  0.32363281E+01  0.00000000E+00  0.00000000E+00  0.00000000E+00
  0.48642000E+01  0.32157399E+01  0.32157399E+01  0.32157399E+01  0.00000000E+00  0.00000000E+00  0.00000000E+00
  0.48941000E+01  0.31977250E+01  0.31977250E+01  0.31977250E+01  0.00000000E+00  0.00000000E+00  0.00000000E+00
  0.49239000E+01  0.31812567E+01  0.31812567E+01  0.31812567E+01  0.00000000E+00  0.00000000E+00  0.00000000E+00
  0.49537000E+01  0.31647264E+01  0.31647264E+01  0.31647264E+01  0.00000000E+00  0.00000000E+00  0.00000000E+00
  0.49836000E+01  0.31462240E+01  0.31462240E+01  0.31462240E+01  0.00000000E+00  0.00000000E+00  0.00000000E+00
  0.50134000E+01  0.31243773E+01  0.31243773E+01  0.31243773E+01  0.00000000E+00  0.00000000E+00  0.00000000E+00
  0.50433000E+01  0.30989019E+01  0.30989019E+01  0.30989019E+01  0.00000000E+00  0.00000000E+00  0.00000000E+00
  0.50731000E+01  0.30704083E+01  0.30704083E+01  0.30704083E+01  0.00000000E+00  0.00000000E+00  0.00000000E+00
  0.51030000E+01  0.30397576E+01  0.30397576E+01  0.30397576E+01  0.00000000E+00  0.00000000E+00  0.00000000E+00
  0.51328000E+01  0.30080459E+01  0.30080459E+01  0.30080459E+01  0.00000000E+00  0.00000000E+00  0.00000000E+00
  0.51626000E+01  0.29765179E+01  0.29765179E+01  0.29765179E+01  0.00000000E+00  0.00000000E+00  0.00000000E+00
  0.51925000E+01  0.29463651E+01  0.29463651E+01  0.29463651E+01  0.00000000E+00  0.00000000E+00  0.00000000E+00
  0.52223000E+01  0.29187074E+01  0.29187074E+01  0.29187074E+01  0.00000000E+00  0.00000000E+00  0.00000000E+00
  0.52522000E+01  0.28943833E+01  0.28943833E+01  0.28943833E+01  0.00000000E+00  0.00000000E+00  0.00000000E+00
  0.52820000E+01  0.28734189E+01  0.28734189E+01  0.28734189E+01  0.00000000E+00  0.00000000E+00  0.00000000E+00
  0.53119000E+01  0.28549901E+01  0.28549901E+01  0.28549901E+01  0.00000000E+00  0.00000000E+00  0.00000000E+00
  0.53417000E+01  0.28380420E+01  0.28380420E+01  0.28380420E+01  0.00000000E+00  0.00000000E+00  0.00000000E+00
  0.53715000E+01  0.28216893E+01  0.28216893E+01  0.28216893E+01  0.00000000E+00  0.00000000E+00  0.00000000E+00
  0.54014000E+01  0.28054142E+01  0.28054142E+01  0.28054142E+01  0.00000000E+00  0.00000000E+00  0.00000000E+00
  0.54312000E+01  0.27893289E+01  0.27893289E+01  0.27893289E+01  0.00000000E+00  0.00000000E+00  0.00000000E+00
  0.54611000E+01  0.27746248E+01  0.27746248E+01  0.27746248E+01  0.00000000E+00  0.00000000E+00  0.00000000E+00
  0.54909000E+01  0.27636640E+01  0.27636640E+01  0.27636640E+01  0.00000000E+00  0.00000000E+00  0.00000000E+00
  0.55207000E+01  0.27599209E+01  0.27599209E+01  0.27599209E+01  0.00000000E+00  0.00000000E+00  0.00000000E+00
  0.55506000E+01  0.27680761E+01  0.27680761E+01  0.27680761E+01  0.00000000E+00  0.00000000E+00  0.00000000E+00
  0.55804000E+01  0.27931559E+01  0.27931559E+01  0.27931559E+01  0.00000000E+00  0.00000000E+00  0.00000000E+00
  0.56103000E+01  0.28362274E+01  0.28362274E+01  0.28362274E+01  0.00000000E+00  0.00000000E+00  0.00000000E+00
  0.56401000E+01  0.28886584E+01  0.28886584E+01  0.28886584E+01  0.00000000E+00  0.00000000E+00  0.00000000E+00
  0.56700000E+01  0.29337964E+01  0.29337964E+01  0.29337964E+01  0.00000000E+00  0.00000000E+00  0.00000000E+00
  0.56998000E+01  0.29583538E+01  0.29583538E+01  0.29583538E+01  0.00000000E+00  0.00000000E+00  0.00000000E+00
  0.57296000E+01  0.29610801E+01  0.29610801E+01  0.29610801E+01  0.00000000E+00  0.00000000E+00  0.00000000E+00
  0.57595000E+01  0.29497321E+01  0.29497321E+01  0.29497321E+01  0.00000000E+00  0.00000000E+00  0.00000000E+00
  0.57893000E+01  0.29328424E+01  0.29328424E+01  0.29328424E+01  0.00000000E+00  0.00000000E+00  0.00000000E+00
  0.58192000E+01  0.29156935E+01  0.29156935E+01  0.29156935E+01  0.00000000E+00  0.00000000E+00  0.00000000E+00
  0.58490000E+01  0.29005858E+01  0.29005858E+01  0.29005858E+01  0.00000000E+00  0.00000000E+00  0.00000000E+00
  0.58788000E+01  0.28880180E+01  0.28880180E+01  0.28880180E+01  0.00000000E+00  0.00000000E+00  0.00000000E+00
  0.59087000E+01  0.28776018E+01  0.28776018E+01  0.28776018E+01  0.00000000E+00  0.00000000E+00  0.00000000E+00
  0.59385000E+01  0.28686738E+01  0.28686738E+01  0.28686738E+01  0.00000000E+00  0.00000000E+00  0.00000000E+00
  0.59684000E+01  0.28608017E+01  0.28608017E+01  0.28608017E+01  0.00000000E+00  0.00000000E+00  0.00000000E+00
  0.59982000E+01  0.28539303E+01  0.28539303E+01  0.28539303E+01  0.00000000E+00  0.00000000E+00  0.00000000E+00
  0.60281000E+01  0.28480894E+01  0.28480894E+01  0.28480894E+01  0.00000000E+00  0.00000000E+00  0.00000000E+00
  0.60579000E+01  0.28424200E+01  0.28424200E+01  0.28424200E+01  0.00000000E+00  0.00000000E+00  0.00000000E+00
  0.60877000E+01  0.28348648E+01  0.28348648E+01  0.28348648E+01  0.00000000E+00  0.00000000E+00  0.00000000E+00
  0.61176000E+01  0.28242377E+01  0.28242377E+01  0.28242377E+01  0.00000000E+00  0.00000000E+00  0.00000000E+00
  0.61474000E+01  0.28110719E+01  0.28110719E+01  0.28110719E+01  0.00000000E+00  0.00000000E+00  0.00000000E+00
  0.61773000E+01  0.27963878E+01  0.27963878E+01  0.27963878E+01  0.00000000E+00  0.00000000E+00  0.00000000E+00
  0.62071000E+01  0.27809785E+01  0.27809785E+01  0.27809785E+01  0.00000000E+00  0.00000000E+00  0.00000000E+00
  0.62369000E+01  0.27651603E+01  0.27651603E+01  0.27651603E+01  0.00000000E+00  0.00000000E+00  0.00000000E+00
  0.62668000E+01  0.27489735E+01  0.27489735E+01  0.27489735E+01  0.00000000E+00  0.00000000E+00  0.00000000E+00
  0.62966000E+01  0.27324549E+01  0.27324549E+01  0.27324549E+01  0.00000000E+00  0.00000000E+00  0.00000000E+00
  0.63265000E+01  0.27158129E+01  0.27158129E+01  0.27158129E+01  0.00000000E+00  0.00000000E+00  0.00000000E+00
  0.63563000E+01  0.26993548E+01  0.26993548E+01  0.26993548E+01  0.00000000E+00  0.00000000E+00  0.00000000E+00
  0.63862000E+01  0.26832906E+01  0.26832906E+01  0.26832906E+01  0.00000000E+00  0.00000000E+00  0.00000000E+00
  0.64160000E+01  0.26678205E+01  0.26678205E+01  0.26678205E+01  0.00000000E+00  0.00000000E+00  0.00000000E+00
  0.64458000E+01  0.26529222E+01  0.26529222E+01  0.26529222E+01  0.00000000E+00  0.00000000E+00  0.00000000E+00
  0.64757000E+01  0.26385299E+01  0.26385299E+01  0.26385299E+01  0.00000000E+00  0.00000000E+00  0.00000000E+00
  0.65055000E+01  0.26245332E+01  0.26245332E+01  0.26245332E+01  0.00000000E+00  0.00000000E+00  0.00000000E+00
  0.65354000E+01  0.26107993E+01  0.26107993E+01  0.26107993E+01  0.00000000E+00  0.00000000E+00  0.00000000E+00
  0.65652000E+01  0.25972622E+01  0.25972622E+01  0.25972622E+01  0.00000000E+00  0.00000000E+00  0.00000000E+00
  0.65951000E+01  0.25839136E+01  0.25839136E+01  0.25839136E+01  0.00000000E+00  0.00000000E+00  0.00000000E+00
  0.66249000E+01  0.25707133E+01  0.25707133E+01  0.25707133E+01  0.00000000E+00  0.00000000E+00  0.00000000E+00
  0.66547000E+01  0.25576032E+01  0.25576032E+01  0.25576032E+01  0.00000000E+00  0.00000000E+00  0.00000000E+00
  0.66846000E+01  0.25444963E+01  0.25444963E+01  0.25444963E+01  0.00000000E+00  0.00000000E+00  0.00000000E+00
  0.67144000E+01  0.25312584E+01  0.25312584E+01  0.25312584E+01  0.00000000E+00  0.00000000E+00  0.00000000E+00
  0.67443000E+01  0.25178644E+01  0.25178644E+01  0.25178644E+01  0.00000000E+00  0.00000000E+00  0.00000000E+00
  0.67741000E+01  0.25043946E+01  0.25043946E+01  0.25043946E+01  0.00000000E+00  0.00000000E+00  0.00000000E+00
  0.68039000E+01  0.24909697E+01  0.24909697E+01  0.24909697E+01  0.00000000E+00  0.00000000E+00  0.00000000E+00
  0.68338000E+01  0.24776115E+01  0.24776115E+01  0.24776115E+01  0.00000000E+00  0.00000000E+00  0.00000000E+00
  0.68636000E+01  0.24642999E+01  0.24642999E+01  0.24642999E+01  0.00000000E+00  0.00000000E+00  0.00000000E+00
  0.68935000E+01  0.24509916E+01  0.24509916E+01  0.24509916E+01  0.00000000E+00  0.00000000E+00  0.00000000E+00
  0.69233000E+01  0.24376301E+01  0.24376301E+01  0.24376301E+01  0.00000000E+00  0.00000000E+00  0.00000000E+00
  0.69532000E+01  0.24242064E+01  0.24242064E+01  0.24242064E+01  0.00000000E+00  0.00000000E+00  0.00000000E+00
  0.69830000E+01  0.24107298E+01  0.24107298E+01  0.24107298E+01  0.00000000E+00  0.00000000E+00  0.00000000E+00
  0.70128000E+01  0.23972912E+01  0.23972912E+01  0.23972912E+01  0.00000000E+00  0.00000000E+00  0.00000000E+00
  0.70427000E+01  0.23838774E+01  0.23838774E+01  0.23838774E+01  0.00000000E+00  0.00000000E+00  0.00000000E+00
  0.70725000E+01  0.23704819E+01  0.23704819E+01  0.23704819E+01  0.00000000E+00  0.00000000E+00  0.00000000E+00
  0.71024000E+01  0.23570158E+01  0.23570158E+01  0.23570158E+01  0.00000000E+00  0.00000000E+00  0.00000000E+00
  0.71322000E+01  0.23433291E+01  0.23433291E+01  0.23433291E+01  0.00000000E+00  0.00000000E+00  0.00000000E+00
  0.71620000E+01  0.23292724E+01  0.23292724E+01  0.23292724E+01  0.00000000E+00  0.00000000E+00  0.00000000E+00
  0.71919000E+01  0.23147118E+01  0.23147118E+01  0.23147118E+01  0.00000000E+00  0.00000000E+00  0.00000000E+00
  0.72217000E+01  0.22998433E+01  0.22998433E+01  0.22998433E+01  0.00000000E+00  0.00000000E+00  0.00000000E+00
  0.72516000E+01  0.22849185E+01  0.22849185E+01  0.22849185E+01  0.00000000E+00  0.00000000E+00  0.00000000E+00
  0.72814000E+01  0.22701739E+01  0.22701739E+01  0.22701739E+01  0.00000000E+00  0.00000000E+00  0.00000000E+00
  0.73113000E+01  0.22557157E+01  0.22557157E+01  0.22557157E+01  0.00000000E+00  0.00000000E+00  0.00000000E+00
  0.73411000E+01  0.22415782E+01  0.22415782E+01  0.22415782E+01  0.00000000E+00  0.00000000E+00  0.00000000E+00
  0.73709000E+01  0.22277415E+01  0.22277415E+01  0.22277415E+01  0.00000000E+00  0.00000000E+00  0.00000000E+00
  0.74008000E+01  0.22142101E+01  0.22142101E+01  0.22142101E+01  0.00000000E+00  0.00000000E+00  0.00000000E+00
  0.74306000E+01  0.22010659E+01  0.22010659E+01  0.22010659E+01  0.00000000E+00  0.00000000E+00  0.00000000E+00
  0.74605000E+01  0.21883450E+01  0.21883450E+01  0.21883450E+01  0.00000000E+00  0.00000000E+00  0.00000000E+00
  0.74903000E+01  0.21761478E+01  0.21761478E+01  0.21761478E+01  0.00000000E+00  0.00000000E+00  0.00000000E+00
  0.75201000E+01  0.21644549E+01  0.21644549E+01  0.21644549E+01  0.00000000E+00  0.00000000E+00  0.00000000E+00
  0.75500000E+01  0.21532224E+01  0.21532224E+01  0.21532224E+01  0.00000000E+00  0.00000000E+00  0.00000000E+00
  0.75798000E+01  0.21424734E+01  0.21424734E+01  0.21424734E+01  0.00000000E+00  0.00000000E+00  0.00000000E+00
  0.76097000E+01  0.21322221E+01  0.21322221E+01  0.21322221E+01  0.00000000E+00  0.00000000E+00  0.00000000E+00
  0.76395000E+01  0.21225026E+01  0.21225026E+01  0.21225026E+01  0.00000000E+00  0.00000000E+00  0.00000000E+00
  0.76694000E+01  0.21129614E+01  0.21129614E+01  0.21129614E+01  0.00000000E+00  0.00000000E+00  0.00000000E+00
  0.76992000E+01  0.21026755E+01  0.21026755E+01  0.21026755E+01  0.00000000E+00  0.00000000E+00  0.00000000E+00
  0.77290000E+01  0.20911646E+01  0.20911646E+01  0.20911646E+01  0.00000000E+00  0.00000000E+00  0.00000000E+00
  0.77589000E+01  0.20789007E+01  0.20789007E+01  0.20789007E+01  0.00000000E+00  0.00000000E+00  0.00000000E+00
  0.77887000E+01  0.20664834E+01  0.20664834E+01  0.20664834E+01  0.00000000E+00  0.00000000E+00  0.00000000E+00
  0.78186000E+01  0.20542151E+01  0.20542151E+01  0.20542151E+01  0.00000000E+00  0.00000000E+00  0.00000000E+00
  0.78484000E+01  0.20421428E+01  0.20421428E+01  0.20421428E+01  0.00000000E+00  0.00000000E+00  0.00000000E+00
  0.78783000E+01  0.20300955E+01  0.20300955E+01  0.20300955E+01  0.00000000E+00  0.00000000E+00  0.00000000E+00
  0.79081000E+01  0.20181162E+01  0.20181162E+01  0.20181162E+01  0.00000000E+00  0.00000000E+00  0.00000000E+00
  0.79379000E+01  0.20064514E+01  0.20064514E+01  0.20064514E+01  0.00000000E+00  0.00000000E+00  0.00000000E+00
  0.79678000E+01  0.19952790E+01  0.19952790E+01  0.19952790E+01  0.00000000E+00  0.00000000E+00  0.00000000E+00
  0.79976000E+01  0.19846868E+01  0.19846868E+01  0.19846868E+01  0.00000000E+00  0.00000000E+00  0.00000000E+00
  0.80275000E+01  0.19746054E+01  0.19746054E+01  0.19746054E+01  0.00000000E+00  0.00000000E+00  0.00000000E+00
  0.80573000E+01  0.19650172E+01  0.19650172E+01  0.19650172E+01  0.00000000E+00  0.00000000E+00  0.00000000E+00
  0.80871000E+01  0.19558642E+01  0.19558642E+01  0.19558642E+01  0.00000000E+00  0.00000000E+00  0.00000000E+00
  0.81170000E+01  0.19471573E+01  0.19471573E+01  0.19471573E+01  0.00000000E+00  0.00000000E+00  0.00000000E+00
  0.81468000E+01  0.19389283E+01  0.19389283E+01  0.19389283E+01  0.00000000E+00  0.00000000E+00  0.00000000E+00
  0.81767000E+01  0.19312443E+01  0.19312443E+01  0.19312443E+01  0.00000000E+00  0.00000000E+00  0.00000000E+00
  0.82065000E+01  0.19244776E+01  0.19244776E+01  0.19244776E+01  0.00000000E+00  0.00000000E+00  0.00000000E+00
  0.82364000E+01  0.19189073E+01  0.19189073E+01  0.19189073E+01  0.00000000E+00  0.00000000E+00  0.00000000E+00
  0.82662000E+01  0.19146334E+01  0.19146334E+01  0.19146334E+01  0.00000000E+00  0.00000000E+00  0.00000000E+00
  0.82960000E+01  0.19111745E+01  0.19111745E+01  0.19111745E+01  0.00000000E+00  0.00000000E+00  0.00000000E+00
  0.83259000E+01  0.19076698E+01  0.19076698E+01  0.19076698E+01  0.00000000E+00  0.00000000E+00  0.00000000E+00
  0.83557000E+01  0.19035591E+01  0.19035591E+01  0.19035591E+01  0.00000000E+00  0.00000000E+00  0.00000000E+00
  0.83856000E+01  0.18988605E+01  0.18988605E+01  0.18988605E+01  0.00000000E+00  0.00000000E+00  0.00000000E+00
  0.84154000E+01  0.18936364E+01  0.18936364E+01  0.18936364E+01  0.00000000E+00  0.00000000E+00  0.00000000E+00
  0.84452000E+01  0.18877985E+01  0.18877985E+01  0.18877985E+01  0.00000000E+00  0.00000000E+00  0.00000000E+00
  0.84751000E+01  0.18812237E+01  0.18812237E+01  0.18812237E+01  0.00000000E+00  0.00000000E+00  0.00000000E+00
  0.85049000E+01  0.18738828E+01  0.18738828E+01  0.18738828E+01  0.00000000E+00  0.00000000E+00  0.00000000E+00
  0.85348000E+01  0.18659569E+01  0.18659569E+01  0.18659569E+01  0.00000000E+00  0.00000000E+00  0.00000000E+00
  0.85646000E+01  0.18577012E+01  0.18577012E+01  0.18577012E+01  0.00000000E+00  0.00000000E+00  0.00000000E+00
  0.85945000E+01  0.18492164E+01  0.18492164E+01  0.18492164E+01  0.00000000E+00  0.00000000E+00  0.00000000E+00
  0.86243000E+01  0.18405360E+01  0.18405360E+01  0.18405360E+01  0.00000000E+00  0.00000000E+00  0.00000000E+00
  0.86541000E+01  0.18316288E+01  0.18316288E+01  0.18316288E+01  0.00000000E+00  0.00000000E+00  0.00000000E+00
  0.86840000E+01  0.18226077E+01  0.18226077E+01  0.18226077E+01  0.00000000E+00  0.00000000E+00  0.00000000E+00
  0.87138000E+01  0.18136050E+01  0.18136050E+01  0.18136050E+01  0.00000000E+00  0.00000000E+00  0.00000000E+00
  0.87437000E+01  0.18049149E+01  0.18049149E+01  0.18049149E+01  0.00000000E+00  0.00000000E+00  0.00000000E+00
  0.87735000E+01  0.17966159E+01  0.17966159E+01  0.17966159E+01  0.00000000E+00  0.00000000E+00  0.00000000E+00
  0.88033000E+01  0.17887582E+01  0.17887582E+01  0.17887582E+01  0.00000000E+00  0.00000000E+00  0.00000000E+00
  0.88332000E+01  0.17810192E+01  0.17810192E+01  0.17810192E+01  0.00000000E+00  0.00000000E+00  0.00000000E+00
  0.88630000E+01  0.17730032E+01  0.17730032E+01  0.17730032E+01  0.00000000E+00  0.00000000E+00  0.00000000E+00
  0.88929000E+01  0.17644384E+01  0.17644384E+01  0.17644384E+01  0.00000000E+00  0.00000000E+00  0.00000000E+00
  0.89227000E+01  0.17554209E+01  0.17554209E+01  0.17554209E+01  0.00000000E+00  0.00000000E+00  0.00000000E+00
  0.89526000E+01  0.17461006E+01  0.17461006E+01  0.17461006E+01  0.00000000E+00  0.00000000E+00  0.00000000E+00
