    0.0000    0.0000    0.0000    0.0000    0.0000    0.0000    0.0000
    0.0298    0.0097    0.0097    0.0097   -0.0000   -0.0000   -0.0000
    0.0597    0.0194    0.0194    0.0194   -0.0000   -0.0000   -0.0000
    0.0895    0.0292    0.0292    0.0292   -0.0000   -0.0000   -0.0000
    0.1194    0.0391    0.0391    0.0391   -0.0000   -0.0000   -0.0000
    0.1492    0.0491    0.0491    0.0491   -0.0000   -0.0000   -0.0000
    0.1791    0.0593    0.0593    0.0593   -0.0000   -0.0000   -0.0000
    0.2089    0.0697    0.0697    0.0697   -0.0000   -0.0000   -0.0000
    0.2387    0.0803    0.0803    0.0803   -0.0000   -0.0000   -0.0000
    0.2686    0.0912    0.0912    0.0912   -0.0000   -0.0000   -0.0000
    0.2984    0.1025    0.1025    0.1025   -0.0000   -0.0000   -0.0000
    0.3283    0.1142    0.1142    0.1142   -0.0000   -0.0000   -0.0000
    0.3581    0.1263    0.1263    0.1263   -0.0000   -0.0000   -0.0000
    0.3879    0.1389    0.1389    0.1389   -0.0000   -0.0000   -0.0000
    0.4178    0.1522    0.1522    0.1522   -0.0000   -0.0000   -0.0000
    0.4476    0.1662    0.1662    0.1662   -0.0000   -0.0000   -0.0000
    0.4775    0.1811    0.1811    0.1811   -0.0000   -0.0000   -0.0000
    0.5073    0.1970    0.1970    0.1970   -0.0000   -0.0000   -0.0000
    0.5372    0.2141    0.2141    0.2141   -0.0000   -0.0000   -0.0000
    0.5670    0.2327    0.2327    0.2327   -0.0000   -0.0000   -0.0000
    0.5968    0.2530    0.2530    0.2530   -0.0000   -0.0000   -0.0000
    0.6267    0.2754    0.2754    0.2754   -0.0000   -0.0000   -0.0000
    0.6565    0.3005    0.3005    0.3005   -0.0000   -0.0000   -0.0000
    0.6864    0.3290    0.3290    0.3290   -0.0000   -0.0000   -0.0000
    0.7162    0.3619    0.3619    0.3619   -0.0000   -0.0000   -0.0000
    0.7460    0.4005    0.4005    0.4005   -0.0000   -0.0000   -0.0000
    0.7759    0.4469    0.4469    0.4469   -0.0000   -0.0000   -0.0000
    0.8057    0.5040    0.5040    0.5040   -0.0000   -0.0000   -0.0000
    0.8356    0.5761    0.5761    0.5761   -0.0000   -0.0000   -0.0000
    0.8654    0.6687    0.6687    0.6687   -0.0000   -0.0000   -0.0000
    0.8953    0.7877    0.7877    0.7877   -0.0000   -0.0000   -0.0000
    0.9251    0.9345    0.9345    0.9345   -0.0000   -0.0000   -0.0000
    0.9549    1.0982    1.0982    1.0982   -0.0000   -0.0000   -0.0000
    0.9848    1.2597    1.2597    1.2597   -0.0000   -0.0000   -0.0000
    1.0146    1.4065    1.4065    1.4065    0.0000   -0.0000   -0.0000
    1.0445    1.5373    1.5373    1.5373    0.0000   -0.0000    0.0000
    1.0743    1.6557    1.6557    1.6557    0.0000   -0.0000    0.0000
    1.1041    1.7657    1.7657    1.7657    0.0000   -0.0000    0.0000
    1.1340    1.8703    1.8703    1.8703    0.0000   -0.0000    0.0000
    1.1638    1.9717    1.9717    1.9717    0.0000   -0.0000    0.0000
    1.1937    2.0712    2.0712    2.0712    0.0000   -0.0000   -0.0000
    1.2235    2.1698    2.1698    2.1698    0.0000   -0.0000   -0.0000
    1.2534    2.2684    2.2684    2.2684   -0.0000   -0.0000   -0.0000
    1.2832    2.3673    2.3673    2.3673   -0.0000   -0.0000   -0.0000
    1.3130    2.4670    2.4670    2.4670   -0.0000   -0.0000   -0.0000
    1.3429    2.5679    2.5679    2.5679   -0.0000    0.0000   -0.0000
    1.3727    2.6702    2.6702    2.6702   -0.0000    0.0000   -0.0000
    1.4026    2.7743    2.7743    2.7743   -0.0000    0.0000   -0.0000
    1.4324    2.8806    2.8806    2.8806   -0.0000    0.0000   -0.0000
    1.4623    2.9893    2.9893    2.9893   -0.0000    0.0000   -0.0000
    1.4921    3.1009    3.1009    3.1009   -0.0000    0.0000   -0.0000
    1.5219    3.2159    3.2159    3.2159   -0.0000    0.0000   -0.0000
    1.5518    3.3351    3.3351    3.3351   -0.0000   -0.0000   -0.0000
    1.5816    3.4594    3.4594    3.4594   -0.0000   -0.0000   -0.0000
    1.6115    3.5901    3.5901    3.5901   -0.0000   -0.0000   -0.0000
    1.6413    3.7288    3.7288    3.7288   -0.0000   -0.0000   -0.0000
    1.6711    3.8775    3.8775    3.8775   -0.0000    0.0000   -0.0000
    1.7010    4.0367    4.0367    4.0367   -0.0000    0.0000   -0.0000
    1.7308    4.2016    4.2016    4.2016    0.0000    0.0000   -0.0000
    1.7607    4.3591    4.3591    4.3591    0.0000    0.0000   -0.0000
    1.7905    4.5003    4.5003    4.5003    0.0000   -0.0000    0.0000
    1.8204    4.6380    4.6380    4.6380    0.0000   -0.0000    0.0000
    1.8502    4.7973    4.7973    4.7973    0.0000   -0.0000    0.0000
    1.8800    4.9965    4.9965    4.9965    0.0000    0.0000    0.0000
    1.9099    5.2443    5.2443    5.2443    0.0000    0.0000    0.0000
    1.9397    5.5466    5.5466    5.5466    0.0000    0.0000   -0.0000
    1.9696    5.9123    5.9123    5.9123    0.0000   -0.0000   -0.0000
    1.9994    6.3538    6.3538    6.3538    0.0000   -0.0000   -0.0000
    2.0292    6.8829    6.8829    6.8829    0.0000   -0.0000   -0.0000
    2.0591    7.5016    7.5016    7.5016    0.0000   -0.0000   -0.0000
    2.0889    8.1960    8.1960    8.1960    0.0000   -0.0000   -0.0000
    2.1188    8.9399    8.9399    8.9399   -0.0000    0.0000   -0.0000
    2.1486    9.7046    9.7046    9.7046   -0.0000    0.0000   -0.0000
    2.1785   10.4639   10.4639   10.4639   -0.0000    0.0000   -0.0000
    2.2083   11.1943   11.1943   11.1943   -0.0000    0.0000   -0.0000
    2.2381   11.8753   11.8753   11.8753   -0.0000    0.0000   -0.0000
    2.2680   12.4899   12.4899   12.4899   -0.0000    0.0000   -0.0000
    2.2978   13.0243   13.0243   13.0243   -0.0000    0.0000   -0.0000
    2.3277   13.4703   13.4703   13.4703   -0.0000    0.0000   -0.0000
    2.3575   13.8269   13.8269   13.8269   -0.0000    0.0000   -0.0000
    2.3873   14.0982   14.0982   14.0982   -0.0000   -0.0000   -0.0000
    2.4172   14.2891   14.2891   14.2891   -0.0000   -0.0000   -0.0000
    2.4470   14.4119   14.4119   14.4119   -0.0000   -0.0000   -0.0000
    2.4769   14.4877   14.4877   14.4877   -0.0000   -0.0000   -0.0000
    2.5067   14.5286   14.5286   14.5286   -0.0000    0.0000   -0.0000
    2.5366   14.5311   14.5311   14.5311   -0.0000    0.0000   -0.0000
    2.5664   14.4906   14.4906   14.4906   -0.0000    0.0000   -0.0000
    2.5962   14.4122   14.4122   14.4122   -0.0000    0.0000   -0.0000
    2.6261   14.3101   14.3101   14.3101   -0.0000    0.0000   -0.0000
    2.6559   14.2006   14.2006   14.2006   -0.0000    0.0000   -0.0000
    2.6858   14.0949   14.0949   14.0949   -0.0000    0.0000   -0.0000
    2.7156   13.9972   13.9972   13.9972   -0.0000    0.0000   -0.0000
    2.7455   13.9064   13.9064   13.9064   -0.0000    0.0000   -0.0000
    2.7753   13.8198   13.8198   13.8198   -0.0000    0.0000   -0.0000
    2.8051   13.7357   13.7357   13.7357   -0.0000    0.0000   -0.0000
    2.8350   13.6540   13.6540   13.6540    0.0000    0.0000   -0.0000
    2.8648   13.5754   13.5754   13.5754    0.0000    0.0000   -0.0000
    2.8947   13.5008   13.5008   13.5008    0.0000    0.0000   -0.0000
    2.9245   13.4308   13.4308   13.4308    0.0000    0.0000   -0.0000
    2.9543   13.3663   13.3663   13.3663    0.0000    0.0000    0.0000
    2.9842   13.3067   13.3067   13.3067    0.0000    0.0000    0.0000
    3.0140   13.2488   13.2488   13.2488    0.0000    0.0000    0.0000
    3.0439   13.1858   13.1858   13.1858    0.0000   -0.0000    0.0000
    3.0737   13.1161   13.1161   13.1161    0.0000   -0.0000    0.0000
    3.1036   13.0485   13.0485   13.0485    0.0000   -0.0000    0.0000
    3.1334   12.9925   12.9925   12.9925    0.0000   -0.0000    0.0000
    3.1632   12.9514   12.9514   12.9514    0.0000   -0.0000    0.0000
    3.1931   12.9248   12.9248   12.9248    0.0000   -0.0000    0.0000
    3.2229   12.9121   12.9121   12.9121    0.0000   -0.0000   -0.0000
    3.2528   12.9133   12.9133   12.9133    0.0000   -0.0000   -0.0000
    3.2826   12.9297   12.9297   12.9297    0.0000   -0.0000   -0.0000
    3.3124   12.9627   12.9627   12.9627   -0.0000   -0.0000   -0.0000
    3.3423   13.0146   13.0146   13.0146   -0.0000   -0.0000   -0.0000
    3.3721   13.0878   13.0878   13.0878   -0.0000   -0.0000   -0.0000
    3.4020   13.1849   13.1849   13.1849   -0.0000   -0.0000   -0.0000
    3.4318   13.3086   13.3086   13.3086   -0.0000   -0.0000   -0.0000
    3.4617   13.4633   13.4633   13.4633   -0.0000   -0.0000   -0.0000
    3.4915   13.6554   13.6554   13.6554   -0.0000   -0.0000   -0.0000
    3.5213   13.8942   13.8942   13.8942   -0.0000   -0.0000   -0.0000
    3.5512   14.1895   14.1895   14.1895   -0.0000   -0.0000   -0.0000
    3.5810   14.5483   14.5483   14.5483   -0.0000   -0.0000   -0.0000
    3.6109   14.9775   14.9775   14.9775   -0.0000   -0.0000   -0.0000
    3.6407   15.4890   15.4890   15.4890   -0.0000   -0.0000   -0.0000
    3.6705   16.0856   16.0856   16.0856   -0.0000   -0.0000   -0.0000
    3.7004   16.7384   16.7384   16.7384   -0.0000   -0.0000   -0.0000
    3.7302   17.3924   17.3924   17.3924   -0.0000   -0.0000   -0.0000
    3.7601   17.9974   17.9974   17.9974   -0.0000   -0.0000   -0.0000
    3.7899   18.5360   18.5360   18.5360   -0.0000   -0.0000   -0.0000
    3.8198   19.0350   19.0350   19.0350   -0.0000    0.0000   -0.0000
    3.8496   19.5282   19.5282   19.5282   -0.0000    0.0000   -0.0000
    3.8794   20.0322   20.0322   20.0322   -0.0000    0.0000   -0.0000
    3.9093   20.5605   20.5605   20.5605   -0.0000    0.0000   -0.0000
    3.9391   21.1327   21.1327   21.1327   -0.0000    0.0000   -0.0000
    3.9690   21.7700   21.7700   21.7700   -0.0000    0.0000   -0.0000
    3.9988   22.4871   22.4871   22.4871   -0.0000    0.0000   -0.0000
    4.0287   23.2865   23.2865   23.2865   -0.0000    0.0000   -0.0000
    4.0585   24.1546   24.1546   24.1546   -0.0000    0.0000    0.0000
    4.0883   25.0578   25.0578   25.0578   -0.0000    0.0000    0.0000
    4.1182   25.9322   25.9322   25.9322   -0.0000    0.0000   -0.0000
    4.1480   26.6772   26.6772   26.6772   -0.0000   -0.0000   -0.0000
    4.1779   27.1890   27.1890   27.1890   -0.0000   -0.0000   -0.0000
    4.2077   27.4135   27.4135   27.4135    0.0000   -0.0000   -0.0000
    4.2375   27.3459   27.3459   27.3459    0.0000   -0.0000   -0.0000
    4.2674   26.9985   26.9985   26.9985    0.0000   -0.0000    0.0000
    4.2972   26.3828   26.3828   26.3828    0.0000   -0.0000    0.0000
    4.3271   25.5082   25.5082   25.5082   -0.0000   -0.0000    0.0000
    4.3569   24.3908   24.3908   24.3908   -0.0000   -0.0000   -0.0000
    4.3868   23.0875   23.0875   23.0875   -0.0000   -0.0000   -0.0000
    4.4166   21.7254   21.7254   21.7254   -0.0000   -0.0000   -0.0000
    4.4464   20.4555   20.4555   20.4555   -0.0000   -0.0000   -0.0000
    4.4763   19.3642   19.3642   19.3642   -0.0000   -0.0000   -0.0000
    4.5061   18.4564   18.4564   18.4564   -0.0000   -0.0000   -0.0000
    4.5360   17.6965   17.6965   17.6965   -0.0000   -0.0000   -0.0000
    4.5658   17.0436   17.0436   17.0436   -0.0000   -0.0000   -0.0000
    4.5956   16.4683   16.4683   16.4683   -0.0000   -0.0000   -0.0000
    4.6255   15.9536   15.9536   15.9536   -0.0000   -0.0000   -0.0000
    4.6553   15.4901   15.4901   15.4901   -0.0000   -0.0000   -0.0000
    4.6852   15.0714   15.0714   15.0714   -0.0000   -0.0000   -0.0000
    4.7150   14.6920   14.6920   14.6920   -0.0000   -0.0000   -0.0000
    4.7449   14.3462   14.3462   14.3462   -0.0000   -0.0000   -0.0000
    4.7747   14.0293   14.0293   14.0293   -0.0000   -0.0000   -0.0000
    4.8045   13.7379   13.7379   13.7379   -0.0000   -0.0000   -0.0000
    4.8344   13.4686   13.4686   13.4686   -0.0000   -0.0000   -0.0000
    4.8642   13.2160   13.2160   13.2160   -0.0000   -0.0000   -0.0000
    4.8941   12.9707   12.9707   12.9707   -0.0000   -0.0000   -0.0000
    4.9239   12.7212   12.7212   12.7212   -0.0000   -0.0000   -0.0000
    4.9537   12.4576   12.4576   12.4576   -0.0000   -0.0000   -0.0000
    4.9836   12.1754   12.1754   12.1754   -0.0000   -0.0000   -0.0000
    5.0134   11.8791   11.8791   11.8791   -0.0000   -0.0000   -0.0000
    5.0433   11.5801   11.5801   11.5801   -0.0000   -0.0000   -0.0000
    5.0731   11.2901   11.2901   11.2901   -0.0000   -0.0000   -0.0000
    5.1030   11.0184   11.0184   11.0184   -0.0000   -0.0000   -0.0000
    5.1328   10.7724   10.7724   10.7724   -0.0000   -0.0000   -0.0000
    5.1626   10.5573   10.5573   10.5573   -0.0000   -0.0000   -0.0000
    5.1925   10.3750   10.3750   10.3750   -0.0000   -0.0000   -0.0000
    5.2223   10.2254   10.2254   10.2254   -0.0000   -0.0000   -0.0000
    5.2522   10.1041   10.1041   10.1041   -0.0000   -0.0000   -0.0000
    5.2820   10.0022   10.0022   10.0022   -0.0000    0.0000   -0.0000
    5.3119    9.9110    9.9110    9.9110   -0.0000    0.0000   -0.0000
    5.3417    9.8255    9.8255    9.8255   -0.0000    0.0000   -0.0000
    5.3715    9.7453    9.7453    9.7453   -0.0000    0.0000   -0.0000
    5.4014    9.6740    9.6740    9.6740   -0.0000    0.0000   -0.0000
    5.4312    9.6200    9.6200    9.6200   -0.0000    0.0000   -0.0000
    5.4611    9.5961    9.5961    9.5961   -0.0000    0.0000   -0.0000
    5.4909    9.6165    9.6165    9.6165    0.0000    0.0000    0.0000
    5.5207    9.6943    9.6943    9.6943    0.0000    0.0000    0.0000
    5.5506    9.8373    9.8373    9.8373    0.0000    0.0000    0.0000
    5.5804   10.0338   10.0338   10.0338    0.0000    0.0000    0.0000
    5.6103   10.2274   10.2274   10.2274    0.0000    0.0000    0.0000
    5.6401   10.3174   10.3174   10.3174    0.0000    0.0000    0.0000
    5.6700   10.2237   10.2237   10.2237    0.0000    0.0000    0.0000
    5.6998    9.9604    9.9604    9.9604    0.0000    0.0000    0.0000
    5.7296    9.6189    9.6189    9.6189    0.0000    0.0000    0.0000
    5.7595    9.2864    9.2864    9.2864    0.0000    0.0000    0.0000
    5.7893    9.0018    9.0018    9.0018    0.0000   -0.0000    0.0000
    5.8192    8.7676    8.7676    8.7676    0.0000    0.0000    0.0000
    5.8490    8.5720    8.5720    8.5720   -0.0000    0.0000    0.0000
    5.8788    8.4012    8.4012    8.4012   -0.0000    0.0000    0.0000
    5.9087    8.2440    8.2440    8.2440   -0.0000    0.0000    0.0000
    5.9385    8.0933    8.0933    8.0933   -0.0000    0.0000    0.0000
    5.9684    7.9460    7.9460    7.9460   -0.0000    0.0000    0.0000
    5.9982    7.8002    7.8002    7.8002    0.0000    0.0000    0.0000
    6.0281    7.6518    7.6518    7.6518    0.0000    0.0000    0.0000
    6.0579    7.4916    7.4916    7.4916    0.0000    0.0000    0.0000
    6.0877    7.3143    7.3143    7.3143   -0.0000    0.0000    0.0000
    6.1176    7.1272    7.1272    7.1272   -0.0000    0.0000    0.0000
    6.1474    6.9413    6.9413    6.9413   -0.0000    0.0000   -0.0000
    6.1773    6.7626    6.7626    6.7626   -0.0000    0.0000   -0.0000
    6.2071    6.5926    6.5926    6.5926   -0.0000    0.0000   -0.0000
    6.2369    6.4302    6.4302    6.4302   -0.0000    0.0000    0.0000
    6.2668    6.2743    6.2743    6.2743   -0.0000    0.0000    0.0000
    6.2966    6.1256    6.1256    6.1256   -0.0000    0.0000    0.0000
    6.3265    5.9850    5.9850    5.9850   -0.0000    0.0000    0.0000
    6.3563    5.8526    5.8526    5.8526   -0.0000    0.0000    0.0000
    6.3862    5.7278    5.7278    5.7278   -0.0000    0.0000    0.0000
    6.4160    5.6097    5.6097    5.6097   -0.0000   -0.0000    0.0000
    6.4458    5.4966    5.4966    5.4966   -0.0000   -0.0000    0.0000
    6.4757    5.3871    5.3871    5.3871   -0.0000   -0.0000    0.0000
    6.5055    5.2804    5.2804    5.2804    0.0000   -0.0000    0.0000
    6.5354    5.1759    5.1759    5.1759    0.0000   -0.0000    0.0000
    6.5652    5.0733    5.0733    5.0733    0.0000   -0.0000    0.0000
    6.5951    4.9727    4.9727    4.9727    0.0000   -0.0000    0.0000
    6.6249    4.8737    4.8737    4.8737    0.0000   -0.0000    0.0000
    6.6547    4.7759    4.7759    4.7759    0.0000   -0.0000    0.0000
    6.6846    4.6790    4.6790    4.6790    0.0000   -0.0000    0.0000
    6.7144    4.5831    4.5831    4.5831    0.0000   -0.0000    0.0000
    6.7443    4.4887    4.4887    4.4887    0.0000   -0.0000    0.0000
    6.7741    4.3966    4.3966    4.3966    0.0000   -0.0000    0.0000
    6.8039    4.3068    4.3068    4.3068    0.0000   -0.0000    0.0000
    6.8338    4.2191    4.2191    4.2191    0.0000    0.0000    0.0000
    6.8636    4.1329    4.1329    4.1329    0.0000    0.0000    0.0000
    6.8935    4.0481    4.0481    4.0481    0.0000    0.0000    0.0000
    6.9233    3.9647    3.9647    3.9647    0.0000    0.0000    0.0000
    6.9532    3.8829    3.8829    3.8829    0.0000    0.0000    0.0000
    6.9830    3.8029    3.8029    3.8029    0.0000   -0.0000    0.0000
    7.0128    3.7247    3.7247    3.7247    0.0000   -0.0000    0.0000
    7.0427    3.6481    3.6481    3.6481    0.0000   -0.0000    0.0000
    7.0725    3.5727    3.5727    3.5727    0.0000   -0.0000    0.0000
    7.1024    3.4980    3.4980    3.4980    0.0000   -0.0000    0.0000
    7.1322    3.4238    3.4238    3.4238    0.0000   -0.0000    0.0000
    7.1620    3.3503    3.3503    3.3503    0.0000   -0.0000    0.0000
    7.1919    3.2787    3.2787    3.2787    0.0000   -0.0000    0.0000
    7.2217    3.2105    3.2105    3.2105    0.0000   -0.0000    0.0000
    7.2516    3.1464    3.1464    3.1464    0.0000   -0.0000    0.0000
    7.2814    3.0864    3.0864    3.0864    0.0000   -0.0000    0.0000
    7.3113    3.0299    3.0299    3.0299    0.0000   -0.0000    0.0000
    7.3411    2.9764    2.9764    2.9764    0.0000   -0.0000    0.0000
    7.3709    2.9255    2.9255    2.9255    0.0000   -0.0000    0.0000
    7.4008    2.8772    2.8772    2.8772    0.0000   -0.0000    0.0000
    7.4306    2.8314    2.8314    2.8314    0.0000   -0.0000    0.0000
    7.4605    2.7879    2.7879    2.7879    0.0000   -0.0000    0.0000
    7.4903    2.7465    2.7465    2.7465    0.0000   -0.0000    0.0000
    7.5201    2.7064    2.7064    2.7064    0.0000   -0.0000    0.0000
    7.5500    2.6671    2.6671    2.6671    0.0000   -0.0000    0.0000
    7.5798    2.6285    2.6285    2.6285    0.0000   -0.0000    0.0000
    7.6097    2.5900    2.5900    2.5900    0.0000   -0.0000    0.0000
    7.6395    2.5506    2.5506    2.5506    0.0000   -0.0000    0.0000
    7.6694    2.5076    2.5076    2.5076    0.0000   -0.0000    0.0000
    7.6992    2.4602    2.4602    2.4602    0.0000   -0.0000    0.0000
    7.7290    2.4119    2.4119    2.4119    0.0000   -0.0000    0.0000
    7.7589    2.3664    2.3664    2.3664    0.0000   -0.0000    0.0000
    7.7887    2.3246    2.3246    2.3246    0.0000   -0.0000    0.0000
    7.8186    2.2860    2.2860    2.2860    0.0000   -0.0000    0.0000
    7.8484    2.2495    2.2495    2.2495    0.0000   -0.0000    0.0000
    7.8783    2.2149    2.2149    2.2149    0.0000   -0.0000    0.0000
    7.9081    2.1829    2.1829    2.1829   -0.0000   -0.0000    0.0000
    7.9379    2.1541    2.1541    2.1541   -0.0000   -0.0000    0.0000
    7.9678    2.1279    2.1279    2.1279   -0.0000    0.0000   -0.0000
    7.9976    2.1037    2.1037    2.1037   -0.0000    0.0000   -0.0000
    8.0275    2.0810    2.0810    2.0810    0.0000    0.0000   -0.0000
    8.0573    2.0594    2.0594    2.0594    0.0000    0.0000    0.0000
    8.0871    2.0390    2.0390    2.0390    0.0000    0.0000    0.0000
    8.1170    2.0195    2.0195    2.0195   -0.0000    0.0000    0.0000
    8.1468    2.0013    2.0013    2.0013   -0.0000    0.0000    0.0000
    8.1767    1.9846    1.9846    1.9846   -0.0000    0.0000   -0.0000
    8.2065    1.9698    1.9698    1.9698   -0.0000    0.0000   -0.0000
    8.2364    1.9558    1.9558    1.9558   -0.0000    0.0000   -0.0000
    8.2662    1.9402    1.9402    1.9402   -0.0000    0.0000   -0.0000
    8.2960    1.9199    1.9199    1.9199    0.0000    0.0000    0.0000
    8.3259    1.8939    1.8939    1.8939    0.0000    0.0000    0.0000
    8.3557    1.8633    1.8633    1.8633    0.0000    0.0000    0.0000
    8.3856    1.8299    1.8299    1.8299    0.0000    0.0000    0.0000
    8.4154    1.7943    1.7943    1.7943    0.0000    0.0000    0.0000
    8.4452    1.7567    1.7567    1.7567    0.0000    0.0000    0.0000
    8.4751    1.7176    1.7176    1.7176    0.0000    0.0000    0.0000
    8.5049    1.6783    1.6783    1.6783    0.0000    0.0000    0.0000
    8.5348    1.6399    1.6399    1.6399    0.0000    0.0000   -0.0000
    8.5646    1.6026    1.6026    1.6026    0.0000    0.0000   -0.0000
    8.5945    1.5665    1.5665    1.5665    0.0000    0.0000   -0.0000
    8.6243    1.5314    1.5314    1.5314    0.0000    0.0000   -0.0000
    8.6541    1.4973    1.4973    1.4973    0.0000    0.0000   -0.0000
    8.6840    1.4649    1.4649    1.4649   -0.0000    0.0000   -0.0000
    8.7138    1.4343    1.4343    1.4343   -0.0000    0.0000   -0.0000
    8.7437    1.4056    1.4056    1.4056   -0.0000    0.0000   -0.0000
    8.7735    1.3778    1.3778    1.3778   -0.0000    0.0000   -0.0000
    8.8033    1.3498    1.3498    1.3498   -0.0000    0.0000   -0.0000
    8.8332    1.3205    1.3205    1.3205   -0.0000    0.0000   -0.0000
    8.8630    1.2895    1.2895    1.2895   -0.0000    0.0000    0.0000
    8.8929    1.2578    1.2578    1.2578   -0.0000    0.0000    0.0000
    8.9227    1.2268    1.2268    1.2268   -0.0000    0.0000    0.0000
    8.9526    1.1969    1.1969    1.1969   -0.0000    0.0000    0.0000
    8.9824    1.1685    1.1685    1.1685   -0.0000    0.0000   -0.0000
    9.0122    1.1418    1.1418    1.1418   -0.0000    0.0000   -0.0000
    9.0421    1.1167    1.1167    1.1167   -0.0000    0.0000   -0.0000
    9.0719    1.0930    1.0930    1.0930   -0.0000    0.0000   -0.0000
    9.1018    1.0703    1.0703    1.0703   -0.0000    0.0000    0.0000
    9.1316    1.0483    1.0483    1.0483   -0.0000    0.0000    0.0000
    9.1615    1.0265    1.0265    1.0265   -0.0000    0.0000    0.0000
    9.1913    1.0048    1.0048    1.0048   -0.0000    0.0000    0.0000
    9.2211    0.9829    0.9829    0.9829    0.0000    0.0000    0.0000
    9.2510    0.9608    0.9608    0.9608    0.0000    0.0000    0.0000
    9.2808    0.9380    0.9380    0.9380    0.0000    0.0000    0.0000
    9.3107    0.9145    0.9145    0.9145    0.0000    0.0000    0.0000
    9.3405    0.8908    0.8908    0.8908   -0.0000    0.0000    0.0000
    9.3703    0.8679    0.8679    0.8679   -0.0000    0.0000   -0.0000
    9.4002    0.8460    0.8460    0.8460   -0.0000    0.0000   -0.0000
    9.4300    0.8254    0.8254    0.8254   -0.0000    0.0000   -0.0000
    9.4599    0.8056    0.8056    0.8056   -0.0000    0.0000   -0.0000
    9.4897    0.7861    0.7861    0.7861   -0.0000    0.0000   -0.0000
    9.5196    0.7654    0.7654    0.7654   -0.0000    0.0000   -0.0000
    9.5494    0.7429    0.7429    0.7429   -0.0000    0.0000   -0.0000
    9.5792    0.7189    0.7189    0.7189   -0.0000    0.0000   -0.0000
    9.6091    0.6944    0.6944    0.6944   -0.0000    0.0000   -0.0000
    9.6389    0.6705    0.6705    0.6705   -0.0000    0.0000   -0.0000
    9.6688    0.6474    0.6474    0.6474   -0.0000    0.0000   -0.0000
    9.6986    0.6253    0.6253    0.6253   -0.0000    0.0000   -0.0000
    9.7284    0.6041    0.6041    0.6041   -0.0000   -0.0000   -0.0000
    9.7583    0.5839    0.5839    0.5839   -0.0000   -0.0000   -0.0000
    9.7881    0.5646    0.5646    0.5646   -0.0000   -0.0000   -0.0000
    9.8180    0.5462    0.5462    0.5462   -0.0000    0.0000   -0.0000
    9.8478    0.5285    0.5285    0.5285   -0.0000    0.0000   -0.0000
    9.8777    0.5114    0.5114    0.5114   -0.0000    0.0000   -0.0000
    9.9075    0.4948    0.4948    0.4948   -0.0000    0.0000    0.0000
    9.9373    0.4784    0.4784    0.4784    0.0000   -0.0000    0.0000
    9.9672    0.4623    0.4623    0.4623    0.0000   -0.0000   -0.0000
    9.9970    0.4467    0.4467    0.4467    0.0000   -0.0000   -0.0000
   10.0269    0.4321    0.4321    0.4321    0.0000   -0.0000   -0.0000
   10.0567    0.4186    0.4186    0.4186    0.0000    0.0000   -0.0000
   10.0865    0.4063    0.4063    0.4063    0.0000    0.0000   -0.0000
   10.1164    0.3952    0.3952    0.3952    0.0000    0.0000   -0.0000
   10.1462    0.3850    0.3850    0.3850    0.0000    0.0000   -0.0000
   10.1761    0.3757    0.3757    0.3757    0.0000    0.0000    0.0000
   10.2059    0.3671    0.3671    0.3671    0.0000    0.0000    0.0000
   10.2358    0.3592    0.3592    0.3592    0.0000    0.0000    0.0000
   10.2656    0.3518    0.3518    0.3518    0.0000    0.0000    0.0000
   10.2954    0.3449    0.3449    0.3449    0.0000    0.0000    0.0000
   10.3253    0.3385    0.3385    0.3385    0.0000    0.0000    0.0000
   10.3551    0.3324    0.3324    0.3324    0.0000    0.0000    0.0000
   10.3850    0.3266    0.3266    0.3266    0.0000    0.0000    0.0000
   10.4148    0.3210    0.3210    0.3210    0.0000    0.0000    0.0000
   10.4447    0.3156    0.3156    0.3156    0.0000    0.0000    0.0000
   10.4745    0.3102    0.3102    0.3102    0.0000   -0.0000    0.0000
   10.5043    0.3050    0.3050    0.3050    0.0000   -0.0000    0.0000
   10.5342    0.2999    0.2999    0.2999    0.0000   -0.0000   -0.0000
   10.5640    0.2948    0.2948    0.2948   -0.0000   -0.0000   -0.0000
   10.5939    0.2898    0.2898    0.2898   -0.0000   -0.0000   -0.0000
   10.6237    0.2848    0.2848    0.2848   -0.0000   -0.0000   -0.0000
   10.6535    0.2799    0.2799    0.2799   -0.0000   -0.0000   -0.0000
   10.6834    0.2751    0.2751    0.2751   -0.0000    0.0000   -0.0000
   10.7132    0.2704    0.2704    0.2704   -0.0000    0.0000   -0.0000
   10.7431    0.2658    0.2658    0.2658   -0.0000    0.0000   -0.0000
   10.7729    0.2613    0.2613    0.2613   -0.0000    0.0000   -0.0000
   10.8028    0.2566    0.2566    0.2566    0.0000    0.0000   -0.0000
   10.8326    0.2518    0.2518    0.2518    0.0000    0.0000   -0.0000
   10.8624    0.2469    0.2469    0.2469    0.0000    0.0000   -0.0000
   10.8923    0.2418    0.2418    0.2418    0.0000    0.0000   -0.0000
   10.9221    0.2366    0.2366    0.2366    0.0000   -0.0000    0.0000
   10.9520    0.2314    0.2314    0.2314    0.0000   -0.0000    0.0000
   10.9818    0.2263    0.2263    0.2263    0.0000   -0.0000    0.0000
   11.0116    0.2214    0.2214    0.2214    0.0000   -0.0000    0.0000
   11.0415    0.2167    0.2167    0.2167    0.0000   -0.0000    0.0000
   11.0713    0.2123    0.2123    0.2123    0.0000   -0.0000    0.0000
   11.1012    0.2080    0.2080    0.2080    0.0000   -0.0000    0.0000
   11.1310    0.2037    0.2037    0.2037    0.0000   -0.0000    0.0000
   11.1609    0.1994    0.1994    0.1994    0.0000   -0.0000    0.0000
   11.1907    0.1949    0.1949    0.1949    0.0000   -0.0000    0.0000
   11.2205    0.1905    0.1905    0.1905    0.0000   -0.0000    0.0000
   11.2504    0.1864    0.1864    0.1864    0.0000    0.0000    0.0000
   11.2802    0.1824    0.1824    0.1824    0.0000    0.0000    0.0000
   11.3101    0.1787    0.1787    0.1787    0.0000    0.0000    0.0000
   11.3399    0.1752    0.1752    0.1752    0.0000    0.0000    0.0000
   11.3698    0.1718    0.1718    0.1718    0.0000    0.0000    0.0000
   11.3996    0.1683    0.1683    0.1683    0.0000    0.0000    0.0000
   11.4294    0.1647    0.1647    0.1647    0.0000    0.0000    0.0000
   11.4593    0.1609    0.1609    0.1609    0.0000    0.0000    0.0000
   11.4891    0.1570    0.1570    0.1570    0.0000    0.0000    0.0000
   11.5190    0.1532    0.1532    0.1532    0.0000    0.0000    0.0000
   11.5488    0.1496    0.1496    0.1496    0.0000    0.0000    0.0000
   11.5786    0.1461    0.1461    0.1461    0.0000    0.0000    0.0000
   11.6085    0.1429    0.1429    0.1429    0.0000    0.0000    0.0000
   11.6383    0.1400    0.1400    0.1400    0.0000    0.0000    0.0000
   11.6682    0.1375    0.1375    0.1375    0.0000    0.0000    0.0000
   11.6980    0.1353    0.1353    0.1353    0.0000   -0.0000    0.0000
   11.7279    0.1335    0.1335    0.1335    0.0000   -0.0000    0.0000
   11.7577    0.1320    0.1320    0.1320    0.0000   -0.0000    0.0000
   11.7875    0.1308    0.1308    0.1308    0.0000   -0.0000    0.0000
   11.8174    0.1298    0.1298    0.1298    0.0000   -0.0000    0.0000
   11.8472    0.1290    0.1290    0.1290    0.0000   -0.0000    0.0000
   11.8771    0.1284    0.1284    0.1284    0.0000   -0.0000    0.0000
   11.9069    0.1279    0.1279    0.1279    0.0000   -0.0000    0.0000
   11.9367    0.1275    0.1275    0.1275    0.0000   -0.0000    0.0000
   11.9666    0.1272    0.1272    0.1272    0.0000   -0.0000    0.0000
   11.9964    0.1271    0.1271    0.1271    0.0000   -0.0000    0.0000
   12.0263    0.1271    0.1271    0.1271    0.0000   -0.0000    0.0000
   12.0561    0.1275    0.1275    0.1275    0.0000    0.0000    0.0000
   12.0860    0.1280    0.1280    0.1280    0.0000    0.0000    0.0000
   12.1158    0.1287    0.1287    0.1287    0.0000    0.0000    0.0000
   12.1456    0.1295    0.1295    0.1295    0.0000    0.0000    0.0000
   12.1755    0.1303    0.1303    0.1303    0.0000    0.0000    0.0000
   12.2053    0.1310    0.1310    0.1310   -0.0000    0.0000   -0.0000
   12.2352    0.1317    0.1317    0.1317   -0.0000    0.0000   -0.0000
   12.2650    0.1324    0.1324    0.1324   -0.0000    0.0000   -0.0000
   12.2948    0.1330    0.1330    0.1330   -0.0000    0.0000   -0.0000
   12.3247    0.1337    0.1337    0.1337   -0.0000    0.0000   -0.0000
   12.3545    0.1343    0.1343    0.1343   -0.0000    0.0000   -0.0000
   12.3844    0.1349    0.1349    0.1349   -0.0000    0.0000   -0.0000
   12.4142    0.1352    0.1352    0.1352   -0.0000    0.0000   -0.0000
   12.4441    0.1354    0.1354    0.1354   -0.0000    0.0000   -0.0000
   12.4739    0.1356    0.1356    0.1356    0.0000    0.0000   -0.0000
   12.5037    0.1357    0.1357    0.1357    0.0000    0.0000   -0.0000
   12.5336    0.1360    0.1360    0.1360    0.0000    0.0000   -0.0000
   12.5634    0.1363    0.1363    0.1363    0.0000    0.0000   -0.0000
   12.5933    0.1367    0.1367    0.1367    0.0000   -0.0000   -0.0000
   12.6231    0.1371    0.1371    0.1371    0.0000   -0.0000   -0.0000
   12.6530    0.1375    0.1375    0.1375    0.0000    0.0000   -0.0000
   12.6828    0.1378    0.1378    0.1378    0.0000    0.0000   -0.0000
   12.7126    0.1381    0.1381    0.1381   -0.0000    0.0000   -0.0000
   12.7425    0.1384    0.1384    0.1384   -0.0000    0.0000   -0.0000
   12.7723    0.1388    0.1388    0.1388   -0.0000    0.0000   -0.0000
   12.8022    0.1392    0.1392    0.1392   -0.0000    0.0000   -0.0000
   12.8320    0.1399    0.1399    0.1399   -0.0000    0.0000   -0.0000
   12.8618    0.1408    0.1408    0.1408   -0.0000    0.0000   -0.0000
   12.8917    0.1420    0.1420    0.1420   -0.0000    0.0000   -0.0000
   12.9215    0.1435    0.1435    0.1435   -0.0000    0.0000   -0.0000
   12.9514    0.1453    0.1453    0.1453   -0.0000    0.0000   -0.0000
   12.9812    0.1472    0.1472    0.1472   -0.0000    0.0000   -0.0000
   13.0111    0.1493    0.1493    0.1493   -0.0000   -0.0000   -0.0000
   13.0409    0.1513    0.1513    0.1513   -0.0000    0.0000   -0.0000
   13.0707    0.1530    0.1530    0.1530   -0.0000    0.0000   -0.0000
   13.1006    0.1544    0.1544    0.1544   -0.0000    0.0000   -0.0000
   13.1304    0.1554    0.1554    0.1554   -0.0000    0.0000   -0.0000
   13.1603    0.1561    0.1561    0.1561   -0.0000    0.0000   -0.0000
   13.1901    0.1564    0.1564    0.1564   -0.0000    0.0000   -0.0000
   13.2199    0.1564    0.1564    0.1564   -0.0000    0.0000   -0.0000
   13.2498    0.1559    0.1559    0.1559   -0.0000    0.0000   -0.0000
   13.2796    0.1550    0.1550    0.1550   -0.0000    0.0000   -0.0000
   13.3095    0.1539    0.1539    0.1539   -0.0000    0.0000   -0.0000
   13.3393    0.1525    0.1525    0.1525   -0.0000    0.0000   -0.0000
   13.3692    0.1509    0.1509    0.1509   -0.0000    0.0000   -0.0000
   13.3990    0.1493    0.1493    0.1493   -0.0000    0.0000   -0.0000
   13.4288    0.1478    0.1478    0.1478   -0.0000    0.0000   -0.0000
   13.4587    0.1463    0.1463    0.1463   -0.0000    0.0000   -0.0000
   13.4885    0.1448    0.1448    0.1448   -0.0000    0.0000   -0.0000
   13.5184    0.1433    0.1433    0.1433   -0.0000    0.0000   -0.0000
   13.5482    0.1420    0.1420    0.1420   -0.0000    0.0000   -0.0000
   13.5780    0.1408    0.1408    0.1408   -0.0000    0.0000   -0.0000
   13.6079    0.1397    0.1397    0.1397   -0.0000    0.0000   -0.0000
   13.6377    0.1386    0.1386    0.1386   -0.0000    0.0000   -0.0000
   13.6676    0.1377    0.1377    0.1377   -0.0000    0.0000   -0.0000
   13.6974    0.1368    0.1368    0.1368   -0.0000    0.0000   -0.0000
   13.7273    0.1359    0.1359    0.1359   -0.0000    0.0000   -0.0000
   13.7571    0.1350    0.1350    0.1350   -0.0000    0.0000   -0.0000
   13.7869    0.1341    0.1341    0.1341   -0.0000    0.0000   -0.0000
   13.8168    0.1330    0.1330    0.1330    0.0000    0.0000   -0.0000
   13.8466    0.1319    0.1319    0.1319    0.0000    0.0000   -0.0000
   13.8765    0.1307    0.1307    0.1307    0.0000    0.0000   -0.0000
   13.9063    0.1293    0.1293    0.1293    0.0000    0.0000   -0.0000
   13.9362    0.1277    0.1277    0.1277    0.0000    0.0000   -0.0000
   13.9660    0.1261    0.1261    0.1261    0.0000    0.0000   -0.0000
   13.9958    0.1243    0.1243    0.1243    0.0000    0.0000   -0.0000
   14.0257    0.1224    0.1224    0.1224    0.0000    0.0000   -0.0000
   14.0555    0.1205    0.1205    0.1205    0.0000    0.0000   -0.0000
   14.0854    0.1185    0.1185    0.1185    0.0000    0.0000   -0.0000
   14.1152    0.1165    0.1165    0.1165    0.0000    0.0000   -0.0000
   14.1450    0.1145    0.1145    0.1145    0.0000    0.0000   -0.0000
   14.1749    0.1124    0.1124    0.1124    0.0000    0.0000    0.0000
   14.2047    0.1102    0.1102    0.1102    0.0000    0.0000    0.0000
   14.2346    0.1079    0.1079    0.1079    0.0000    0.0000    0.0000
   14.2644    0.1054    0.1054    0.1054    0.0000   -0.0000    0.0000
   14.2943    0.1030    0.1030    0.1030    0.0000   -0.0000    0.0000
   14.3241    0.1006    0.1006    0.1006    0.0000   -0.0000   -0.0000
   14.3539    0.0981    0.0981    0.0981    0.0000   -0.0000   -0.0000
   14.3838    0.0956    0.0956    0.0956    0.0000   -0.0000   -0.0000
   14.4136    0.0930    0.0930    0.0930    0.0000   -0.0000   -0.0000
   14.4435    0.0903    0.0903    0.0903    0.0000   -0.0000   -0.0000
   14.4733    0.0874    0.0874    0.0874    0.0000   -0.0000   -0.0000
   14.5031    0.0842    0.0842    0.0842    0.0000   -0.0000   -0.0000
   14.5330    0.0808    0.0808    0.0808    0.0000   -0.0000   -0.0000
   14.5628    0.0774    0.0774    0.0774    0.0000   -0.0000   -0.0000
   14.5927    0.0741    0.0741    0.0741    0.0000   -0.0000   -0.0000
   14.6225    0.0712    0.0712    0.0712    0.0000   -0.0000   -0.0000
   14.6524    0.0686    0.0686    0.0686   -0.0000   -0.0000   -0.0000
   14.6822    0.0663    0.0663    0.0663   -0.0000   -0.0000   -0.0000
   14.7120    0.0642    0.0642    0.0642   -0.0000    0.0000   -0.0000
   14.7419    0.0620    0.0620    0.0620   -0.0000    0.0000   -0.0000
   14.7717    0.0597    0.0597    0.0597   -0.0000    0.0000   -0.0000
   14.8016    0.0579    0.0579    0.0579   -0.0000   -0.0000   -0.0000
   14.8314    0.0568    0.0568    0.0568   -0.0000   -0.0000   -0.0000
   14.8612    0.0563    0.0563    0.0563    0.0000   -0.0000   -0.0000
   14.8911    0.0565    0.0565    0.0565    0.0000   -0.0000   -0.0000
   14.9209    0.0569    0.0569    0.0569    0.0000   -0.0000   -0.0000
   14.9508    0.0577    0.0577    0.0577    0.0000   -0.0000   -0.0000
   14.9806    0.0585    0.0585    0.0585    0.0000   -0.0000   -0.0000
   15.0105    0.0594    0.0594    0.0594    0.0000   -0.0000   -0.0000
   15.0403    0.0605    0.0605    0.0605    0.0000   -0.0000   -0.0000
   15.0701    0.0617    0.0617    0.0617    0.0000   -0.0000   -0.0000
   15.1000    0.0629    0.0629    0.0629    0.0000   -0.0000   -0.0000
   15.1298    0.0642    0.0642    0.0642    0.0000   -0.0000    0.0000
   15.1597    0.0656    0.0656    0.0656    0.0000   -0.0000    0.0000
   15.1895    0.0669    0.0669    0.0669    0.0000   -0.0000    0.0000
   15.2194    0.0682    0.0682    0.0682    0.0000   -0.0000    0.0000
   15.2492    0.0692    0.0692    0.0692    0.0000   -0.0000    0.0000
   15.2790    0.0699    0.0699    0.0699    0.0000   -0.0000    0.0000
   15.3089    0.0702    0.0702    0.0702    0.0000   -0.0000    0.0000
   15.3387    0.0698    0.0698    0.0698    0.0000   -0.0000    0.0000
   15.3686    0.0689    0.0689    0.0689    0.0000   -0.0000    0.0000
   15.3984    0.0675    0.0675    0.0675    0.0000   -0.0000    0.0000
   15.4282    0.0657    0.0657    0.0657    0.0000   -0.0000    0.0000
   15.4581    0.0638    0.0638    0.0638    0.0000   -0.0000    0.0000
   15.4879    0.0621    0.0621    0.0621    0.0000   -0.0000    0.0000
   15.5178    0.0606    0.0606    0.0606    0.0000   -0.0000    0.0000
   15.5476    0.0593    0.0593    0.0593    0.0000   -0.0000    0.0000
   15.5775    0.0583    0.0583    0.0583    0.0000   -0.0000    0.0000
   15.6073    0.0575    0.0575    0.0575    0.0000   -0.0000    0.0000
   15.6371    0.0570    0.0570    0.0570    0.0000   -0.0000   -0.0000
   15.6670    0.0567    0.0567    0.0567    0.0000   -0.0000   -0.0000
   15.6968    0.0567    0.0567    0.0567    0.0000   -0.0000   -0.0000
   15.7267    0.0569    0.0569    0.0569    0.0000   -0.0000   -0.0000
   15.7565    0.0572    0.0572    0.0572    0.0000   -0.0000   -0.0000
   15.7863    0.0576    0.0576    0.0576    0.0000   -0.0000   -0.0000
   15.8162    0.0581    0.0581    0.0581    0.0000   -0.0000   -0.0000
   15.8460    0.0586    0.0586    0.0586    0.0000   -0.0000   -0.0000
   15.8759    0.0591    0.0591    0.0591    0.0000   -0.0000   -0.0000
   15.9057    0.0597    0.0597    0.0597    0.0000   -0.0000    0.0000
   15.9356    0.0604    0.0604    0.0604    0.0000   -0.0000    0.0000
   15.9654    0.0612    0.0612    0.0612    0.0000   -0.0000    0.0000
   15.9952    0.0622    0.0622    0.0622    0.0000   -0.0000    0.0000
   16.0251    0.0632    0.0632    0.0632    0.0000   -0.0000    0.0000
   16.0549    0.0643    0.0643    0.0643    0.0000   -0.0000    0.0000
   16.0848    0.0655    0.0655    0.0655    0.0000   -0.0000    0.0000
   16.1146    0.0668    0.0668    0.0668    0.0000   -0.0000   -0.0000
   16.1444    0.0684    0.0684    0.0684    0.0000    0.0000   -0.0000
   16.1743    0.0701    0.0701    0.0701    0.0000   -0.0000   -0.0000
   16.2041    0.0719    0.0719    0.0719    0.0000   -0.0000   -0.0000
   16.2340    0.0738    0.0738    0.0738    0.0000   -0.0000   -0.0000
   16.2638    0.0757    0.0757    0.0757    0.0000   -0.0000   -0.0000
   16.2937    0.0776    0.0776    0.0776    0.0000   -0.0000   -0.0000
   16.3235    0.0795    0.0795    0.0795    0.0000    0.0000   -0.0000
   16.3533    0.0816    0.0816    0.0816    0.0000    0.0000   -0.0000
   16.3832    0.0840    0.0840    0.0840    0.0000    0.0000   -0.0000
   16.4130    0.0867    0.0867    0.0867    0.0000    0.0000    0.0000
   16.4429    0.0898    0.0898    0.0898    0.0000    0.0000    0.0000
   16.4727    0.0931    0.0931    0.0931    0.0000    0.0000    0.0000
   16.5026    0.0966    0.0966    0.0966    0.0000    0.0000    0.0000
   16.5324    0.1001    0.1001    0.1001    0.0000    0.0000    0.0000
   16.5622    0.1035    0.1035    0.1035    0.0000    0.0000    0.0000
   16.5921    0.1067    0.1067    0.1067    0.0000    0.0000    0.0000
   16.6219    0.1097    0.1097    0.1097    0.0000    0.0000    0.0000
   16.6518    0.1124    0.1124    0.1124    0.0000    0.0000    0.0000
   16.6816    0.1148    0.1148    0.1148    0.0000    0.0000    0.0000
   16.7114    0.1167    0.1167    0.1167    0.0000    0.0000    0.0000
   16.7413    0.1184    0.1184    0.1184    0.0000    0.0000    0.0000
   16.7711    0.1196    0.1196    0.1196    0.0000    0.0000    0.0000
   16.8010    0.1204    0.1204    0.1204    0.0000    0.0000    0.0000
   16.8308    0.1210    0.1210    0.1210    0.0000    0.0000    0.0000
   16.8607    0.1216    0.1216    0.1216    0.0000    0.0000    0.0000
   16.8905    0.1222    0.1222    0.1222    0.0000    0.0000    0.0000
   16.9203    0.1230    0.1230    0.1230    0.0000    0.0000    0.0000
   16.9502    0.1241    0.1241    0.1241    0.0000    0.0000    0.0000
   16.9800    0.1255    0.1255    0.1255    0.0000    0.0000    0.0000
   17.0099    0.1274    0.1274    0.1274    0.0000    0.0000    0.0000
   17.0397    0.1294    0.1294    0.1294    0.0000    0.0000    0.0000
   17.0695    0.1316    0.1316    0.1316   -0.0000    0.0000    0.0000
   17.0994    0.1335    0.1335    0.1335   -0.0000    0.0000    0.0000
   17.1292    0.1351    0.1351    0.1351   -0.0000    0.0000    0.0000
   17.1591    0.1361    0.1361    0.1361   -0.0000    0.0000    0.0000
   17.1889    0.1365    0.1365    0.1365   -0.0000    0.0000    0.0000
   17.2188    0.1360    0.1360    0.1360    0.0000    0.0000    0.0000
   17.2486    0.1349    0.1349    0.1349    0.0000    0.0000    0.0000
   17.2784    0.1332    0.1332    0.1332    0.0000    0.0000    0.0000
   17.3083    0.1308    0.1308    0.1308    0.0000    0.0000    0.0000
   17.3381    0.1279    0.1279    0.1279    0.0000    0.0000    0.0000
   17.3680    0.1245    0.1245    0.1245    0.0000    0.0000    0.0000
   17.3978    0.1208    0.1208    0.1208    0.0000   -0.0000    0.0000
   17.4276    0.1170    0.1170    0.1170    0.0000   -0.0000    0.0000
   17.4575    0.1133    0.1133    0.1133    0.0000   -0.0000    0.0000
   17.4873    0.1097    0.1097    0.1097    0.0000   -0.0000    0.0000
   17.5172    0.1061    0.1061    0.1061    0.0000   -0.0000    0.0000
   17.5470    0.1026    0.1026    0.1026    0.0000   -0.0000    0.0000
   17.5769    0.0991    0.0991    0.0991    0.0000   -0.0000    0.0000
   17.6067    0.0957    0.0957    0.0957    0.0000   -0.0000    0.0000
   17.6365    0.0925    0.0925    0.0925    0.0000   -0.0000    0.0000
   17.6664    0.0894    0.0894    0.0894    0.0000   -0.0000    0.0000
   17.6962    0.0867    0.0867    0.0867    0.0000   -0.0000    0.0000
   17.7261    0.0843    0.0843    0.0843    0.0000   -0.0000    0.0000
   17.7559    0.0824    0.0824    0.0824    0.0000   -0.0000    0.0000
   17.7858    0.0809    0.0809    0.0809    0.0000   -0.0000    0.0000
   17.8156    0.0800    0.0800    0.0800    0.0000   -0.0000    0.0000
   17.8454    0.0797    0.0797    0.0797    0.0000   -0.0000    0.0000
   17.8753    0.0800    0.0800    0.0800    0.0000   -0.0000    0.0000
   17.9051    0.0808    0.0808    0.0808    0.0000   -0.0000    0.0000
   17.9350    0.0821    0.0821    0.0821    0.0000   -0.0000    0.0000
   17.9648    0.0837    0.0837    0.0837    0.0000   -0.0000    0.0000
   17.9946    0.0853    0.0853    0.0853   -0.0000   -0.0000    0.0000
   18.0245    0.0869    0.0869    0.0869   -0.0000   -0.0000    0.0000
   18.0543    0.0883    0.0883    0.0883    0.0000   -0.0000    0.0000
   18.0842    0.0892    0.0892    0.0892    0.0000   -0.0000    0.0000
   18.1140    0.0896    0.0896    0.0896    0.0000   -0.0000    0.0000
   18.1439    0.0895    0.0895    0.0895    0.0000    0.0000    0.0000
   18.1737    0.0892    0.0892    0.0892    0.0000    0.0000    0.0000
   18.2035    0.0888    0.0888    0.0888    0.0000    0.0000    0.0000
   18.2334    0.0886    0.0886    0.0886   -0.0000    0.0000    0.0000
   18.2632    0.0886    0.0886    0.0886   -0.0000    0.0000    0.0000
   18.2931    0.0887    0.0887    0.0887   -0.0000    0.0000    0.0000
   18.3229    0.0890    0.0890    0.0890   -0.0000    0.0000    0.0000
   18.3527    0.0892    0.0892    0.0892   -0.0000    0.0000    0.0000
   18.3826    0.0894    0.0894    0.0894   -0.0000    0.0000    0.0000
   18.4124    0.0895    0.0895    0.0895   -0.0000    0.0000    0.0000
   18.4423    0.0895    0.0895    0.0895   -0.0000    0.0000    0.0000
   18.4721    0.0896    0.0896    0.0896   -0.0000    0.0000    0.0000
   18.5020    0.0896    0.0896    0.0896   -0.0000    0.0000    0.0000
   18.5318    0.0898    0.0898    0.0898   -0.0000    0.0000    0.0000
   18.5616    0.0902    0.0902    0.0902   -0.0000    0.0000    0.0000
   18.5915    0.0907    0.0907    0.0907   -0.0000    0.0000    0.0000
   18.6213    0.0914    0.0914    0.0914   -0.0000    0.0000    0.0000
   18.6512    0.0925    0.0925    0.0925   -0.0000    0.0000    0.0000
   18.6810    0.0938    0.0938    0.0938   -0.0000    0.0000    0.0000
   18.7108    0.0955    0.0955    0.0955   -0.0000    0.0000    0.0000
   18.7407    0.0976    0.0976    0.0976   -0.0000    0.0000    0.0000
   18.7705    0.1000    0.1000    0.1000   -0.0000    0.0000    0.0000
   18.8004    0.1026    0.1026    0.1026   -0.0000    0.0000    0.0000
   18.8302    0.1055    0.1055    0.1055   -0.0000    0.0000    0.0000
   18.8601    0.1087    0.1087    0.1087   -0.0000    0.0000    0.0000
   18.8899    0.1123    0.1123    0.1123    0.0000   -0.0000   -0.0000
   18.9197    0.1166    0.1166    0.1166    0.0000   -0.0000   -0.0000
   18.9496    0.1216    0.1216    0.1216    0.0000   -0.0000   -0.0000
   18.9794    0.1273    0.1273    0.1273   -0.0000   -0.0000   -0.0000
   19.0093    0.1336    0.1336    0.1336   -0.0000   -0.0000   -0.0000
   19.0391    0.1399    0.1399    0.1399   -0.0000   -0.0000   -0.0000
   19.0690    0.1457    0.1457    0.1457   -0.0000   -0.0000   -0.0000
   19.0988    0.1507    0.1507    0.1507   -0.0000   -0.0000   -0.0000
   19.1286    0.1545    0.1545    0.1545   -0.0000   -0.0000    0.0000
   19.1585    0.1570    0.1570    0.1570   -0.0000    0.0000    0.0000
   19.1883    0.1581    0.1581    0.1581   -0.0000    0.0000   -0.0000
   19.2182    0.1577    0.1577    0.1577   -0.0000    0.0000   -0.0000
   19.2480    0.1560    0.1560    0.1560   -0.0000    0.0000   -0.0000
   19.2778    0.1532    0.1532    0.1532   -0.0000    0.0000   -0.0000
   19.3077    0.1495    0.1495    0.1495   -0.0000    0.0000   -0.0000
   19.3375    0.1450    0.1450    0.1450   -0.0000    0.0000   -0.0000
   19.3674    0.1400    0.1400    0.1400   -0.0000    0.0000   -0.0000
   19.3972    0.1348    0.1348    0.1348   -0.0000    0.0000   -0.0000
   19.4271    0.1296    0.1296    0.1296   -0.0000    0.0000   -0.0000
   19.4569    0.1250    0.1250    0.1250   -0.0000    0.0000   -0.0000
   19.4867    0.1209    0.1209    0.1209   -0.0000   -0.0000   -0.0000
   19.5166    0.1176    0.1176    0.1176   -0.0000   -0.0000   -0.0000
   19.5464    0.1149    0.1149    0.1149    0.0000   -0.0000   -0.0000
   19.5763    0.1129    0.1129    0.1129    0.0000   -0.0000   -0.0000
   19.6061    0.1113    0.1113    0.1113    0.0000   -0.0000   -0.0000
   19.6359    0.1099    0.1099    0.1099    0.0000   -0.0000   -0.0000
   19.6658    0.1086    0.1086    0.1086    0.0000   -0.0000   -0.0000
   19.6956    0.1073    0.1073    0.1073    0.0000   -0.0000   -0.0000
   19.7255    0.1059    0.1059    0.1059    0.0000   -0.0000   -0.0000
   19.7553    0.1046    0.1046    0.1046    0.0000   -0.0000   -0.0000
   19.7852    0.1033    0.1033    0.1033    0.0000   -0.0000   -0.0000
   19.8150    0.1023    0.1023    0.1023    0.0000   -0.0000   -0.0000
   19.8448    0.1015    0.1015    0.1015    0.0000   -0.0000    0.0000
   19.8747    0.1012    0.1012    0.1012    0.0000   -0.0000    0.0000
   19.9045    0.1014    0.1014    0.1014    0.0000   -0.0000    0.0000
   19.9344    0.1021    0.1021    0.1021    0.0000   -0.0000    0.0000
   19.9642    0.1033    0.1033    0.1033    0.0000   -0.0000    0.0000
   19.9940    0.1051    0.1051    0.1051    0.0000   -0.0000    0.0000
   20.0239    0.1074    0.1074    0.1074    0.0000   -0.0000    0.0000
   20.0537    0.1099    0.1099    0.1099    0.0000   -0.0000    0.0000
   20.0836    0.1124    0.1124    0.1124    0.0000   -0.0000    0.0000
   20.1134    0.1148    0.1148    0.1148    0.0000   -0.0000    0.0000
   20.1433    0.1169    0.1169    0.1169    0.0000   -0.0000    0.0000
   20.1731    0.1185    0.1185    0.1185    0.0000   -0.0000    0.0000
   20.2029    0.1198    0.1198    0.1198    0.0000   -0.0000    0.0000
   20.2328    0.1204    0.1204    0.1204    0.0000   -0.0000    0.0000
   20.2626    0.1206    0.1206    0.1206    0.0000   -0.0000    0.0000
   20.2925    0.1202    0.1202    0.1202    0.0000   -0.0000    0.0000
   20.3223    0.1193    0.1193    0.1193    0.0000   -0.0000    0.0000
   20.3522    0.1178    0.1178    0.1178    0.0000   -0.0000    0.0000
   20.3820    0.1159    0.1159    0.1159    0.0000   -0.0000    0.0000
   20.4118    0.1136    0.1136    0.1136    0.0000   -0.0000    0.0000
   20.4417    0.1111    0.1111    0.1111    0.0000   -0.0000   -0.0000
   20.4715    0.1084    0.1084    0.1084   -0.0000   -0.0000   -0.0000
   20.5014    0.1057    0.1057    0.1057   -0.0000   -0.0000   -0.0000
   20.5312    0.1029    0.1029    0.1029   -0.0000   -0.0000   -0.0000
   20.5610    0.1002    0.1002    0.1002   -0.0000   -0.0000   -0.0000
   20.5909    0.0976    0.0976    0.0976   -0.0000   -0.0000   -0.0000
   20.6207    0.0951    0.0951    0.0951   -0.0000   -0.0000   -0.0000
   20.6506    0.0928    0.0928    0.0928   -0.0000   -0.0000   -0.0000
   20.6804    0.0906    0.0906    0.0906   -0.0000   -0.0000   -0.0000
   20.7103    0.0885    0.0885    0.0885   -0.0000   -0.0000   -0.0000
   20.7401    0.0864    0.0864    0.0864   -0.0000   -0.0000   -0.0000
   20.7699    0.0845    0.0845    0.0845   -0.0000   -0.0000   -0.0000
   20.7998    0.0826    0.0826    0.0826   -0.0000   -0.0000   -0.0000
   20.8296    0.0807    0.0807    0.0807   -0.0000   -0.0000   -0.0000
   20.8595    0.0788    0.0788    0.0788   -0.0000   -0.0000   -0.0000
   20.8893    0.0769    0.0769    0.0769   -0.0000   -0.0000   -0.0000
   20.9191    0.0748    0.0748    0.0748   -0.0000   -0.0000   -0.0000
   20.9490    0.0727    0.0727    0.0727   -0.0000   -0.0000   -0.0000
   20.9788    0.0704    0.0704    0.0704    0.0000   -0.0000   -0.0000
   21.0087    0.0680    0.0680    0.0680    0.0000   -0.0000   -0.0000
   21.0385    0.0655    0.0655    0.0655    0.0000   -0.0000   -0.0000
   21.0684    0.0628    0.0628    0.0628    0.0000   -0.0000   -0.0000
   21.0982    0.0601    0.0601    0.0601    0.0000   -0.0000   -0.0000
   21.1280    0.0573    0.0573    0.0573    0.0000   -0.0000   -0.0000
   21.1579    0.0546    0.0546    0.0546    0.0000   -0.0000   -0.0000
   21.1877    0.0520    0.0520    0.0520    0.0000   -0.0000   -0.0000
   21.2176    0.0496    0.0496    0.0496    0.0000   -0.0000   -0.0000
   21.2474    0.0473    0.0473    0.0473    0.0000   -0.0000   -0.0000
   21.2772    0.0452    0.0452    0.0452    0.0000   -0.0000    0.0000
   21.3071    0.0432    0.0432    0.0432    0.0000   -0.0000    0.0000
   21.3369    0.0414    0.0414    0.0414   -0.0000   -0.0000    0.0000
   21.3668    0.0398    0.0398    0.0398   -0.0000   -0.0000    0.0000
   21.3966    0.0384    0.0384    0.0384   -0.0000   -0.0000    0.0000
   21.4265    0.0370    0.0370    0.0370   -0.0000   -0.0000    0.0000
   21.4563    0.0358    0.0358    0.0358   -0.0000   -0.0000    0.0000
   21.4861    0.0346    0.0346    0.0346   -0.0000   -0.0000    0.0000
   21.5160    0.0335    0.0335    0.0335   -0.0000   -0.0000    0.0000
   21.5458    0.0325    0.0325    0.0325   -0.0000   -0.0000    0.0000
   21.5757    0.0316    0.0316    0.0316   -0.0000   -0.0000    0.0000
   21.6055    0.0307    0.0307    0.0307   -0.0000   -0.0000    0.0000
   21.6354    0.0298    0.0298    0.0298   -0.0000   -0.0000    0.0000
   21.6652    0.0289    0.0289    0.0289   -0.0000   -0.0000    0.0000
   21.6950    0.0281    0.0281    0.0281   -0.0000   -0.0000   -0.0000
   21.7249    0.0273    0.0273    0.0273   -0.0000   -0.0000   -0.0000
   21.7547    0.0266    0.0266    0.0266   -0.0000   -0.0000   -0.0000
   21.7846    0.0259    0.0259    0.0259   -0.0000   -0.0000    0.0000
   21.8144    0.0252    0.0252    0.0252   -0.0000   -0.0000    0.0000
   21.8442    0.0246    0.0246    0.0246   -0.0000   -0.0000    0.0000
   21.8741    0.0240    0.0240    0.0240   -0.0000    0.0000    0.0000
   21.9039    0.0235    0.0235    0.0235   -0.0000    0.0000    0.0000
   21.9338    0.0230    0.0230    0.0230   -0.0000    0.0000    0.0000
   21.9636    0.0225    0.0225    0.0225   -0.0000    0.0000    0.0000
   21.9935    0.0220    0.0220    0.0220   -0.0000   -0.0000    0.0000
   22.0233    0.0216    0.0216    0.0216    0.0000   -0.0000    0.0000
   22.0531    0.0212    0.0212    0.0212    0.0000   -0.0000    0.0000
   22.0830    0.0208    0.0208    0.0208    0.0000   -0.0000    0.0000
   22.1128    0.0204    0.0204    0.0204    0.0000   -0.0000    0.0000
   22.1427    0.0200    0.0200    0.0200    0.0000   -0.0000    0.0000
   22.1725    0.0197    0.0197    0.0197    0.0000   -0.0000    0.0000
   22.2023    0.0193    0.0193    0.0193    0.0000   -0.0000    0.0000
   22.2322    0.0190    0.0190    0.0190    0.0000   -0.0000    0.0000
   22.2620    0.0187    0.0187    0.0187    0.0000   -0.0000    0.0000
   22.2919    0.0183    0.0183    0.0183    0.0000   -0.0000    0.0000
   22.3217    0.0180    0.0180    0.0180    0.0000   -0.0000    0.0000
   22.3516    0.0177    0.0177    0.0177    0.0000    0.0000    0.0000
   22.3814    0.0175    0.0175    0.0175    0.0000    0.0000    0.0000
   22.4112    0.0172    0.0172    0.0172    0.0000    0.0000    0.0000
   22.4411    0.0169    0.0169    0.0169    0.0000    0.0000    0.0000
   22.4709    0.0167    0.0167    0.0167    0.0000    0.0000    0.0000
   22.5008    0.0164    0.0164    0.0164    0.0000    0.0000    0.0000
   22.5306    0.0162    0.0162    0.0162    0.0000    0.0000    0.0000
   22.5604    0.0159    0.0159    0.0159    0.0000   -0.0000    0.0000
   22.5903    0.0156    0.0156    0.0156    0.0000   -0.0000    0.0000
   22.6201    0.0153    0.0153    0.0153    0.0000   -0.0000    0.0000
   22.6500    0.0151    0.0151    0.0151   -0.0000   -0.0000    0.0000
   22.6798    0.0148    0.0148    0.0148   -0.0000   -0.0000    0.0000
   22.7097    0.0145    0.0145    0.0145   -0.0000   -0.0000    0.0000
   22.7395    0.0143    0.0143    0.0143   -0.0000   -0.0000    0.0000
   22.7693    0.0140    0.0140    0.0140   -0.0000   -0.0000   -0.0000
   22.7992    0.0138    0.0138    0.0138   -0.0000   -0.0000   -0.0000
   22.8290    0.0136    0.0136    0.0136   -0.0000   -0.0000   -0.0000
   22.8589    0.0134    0.0134    0.0134   -0.0000   -0.0000   -0.0000
   22.8887    0.0131    0.0131    0.0131   -0.0000   -0.0000   -0.0000
   22.9186    0.0129    0.0129    0.0129   -0.0000   -0.0000    0.0000
   22.9484    0.0127    0.0127    0.0127   -0.0000   -0.0000    0.0000
   22.9782    0.0125    0.0125    0.0125    0.0000   -0.0000    0.0000
   23.0081    0.0123    0.0123    0.0123    0.0000   -0.0000    0.0000
   23.0379    0.0121    0.0121    0.0121    0.0000   -0.0000    0.0000
   23.0678    0.0119    0.0119    0.0119    0.0000   -0.0000    0.0000
   23.0976    0.0118    0.0118    0.0118    0.0000   -0.0000    0.0000
   23.1274    0.0116    0.0116    0.0116    0.0000   -0.0000    0.0000
   23.1573    0.0114    0.0114    0.0114   -0.0000   -0.0000    0.0000
   23.1871    0.0112    0.0112    0.0112   -0.0000    0.0000    0.0000
   23.2170    0.0110    0.0110    0.0110   -0.0000    0.0000   -0.0000
   23.2468    0.0109    0.0109    0.0109   -0.0000    0.0000   -0.0000
   23.2767    0.0107    0.0107    0.0107   -0.0000    0.0000   -0.0000
   23.3065    0.0105    0.0105    0.0105   -0.0000    0.0000   -0.0000
   23.3363    0.0104    0.0104    0.0104   -0.0000    0.0000   -0.0000
   23.3662    0.0102    0.0102    0.0102   -0.0000    0.0000   -0.0000
   23.3960    0.0100    0.0100    0.0100   -0.0000    0.0000    0.0000
   23.4259    0.0099    0.0099    0.0099   -0.0000    0.0000    0.0000
   23.4557    0.0097    0.0097    0.0097   -0.0000   -0.0000    0.0000
   23.4855    0.0096    0.0096    0.0096   -0.0000   -0.0000    0.0000
   23.5154    0.0095    0.0095    0.0095   -0.0000   -0.0000   -0.0000
   23.5452    0.0093    0.0093    0.0093   -0.0000    0.0000   -0.0000
   23.5751    0.0092    0.0092    0.0092   -0.0000    0.0000   -0.0000
   23.6049    0.0091    0.0091    0.0091   -0.0000    0.0000   -0.0000
   23.6348    0.0089    0.0089    0.0089   -0.0000    0.0000   -0.0000
   23.6646    0.0088    0.0088    0.0088   -0.0000    0.0000   -0.0000
   23.6944    0.0087    0.0087    0.0087   -0.0000    0.0000   -0.0000
   23.7243    0.0085    0.0085    0.0085   -0.0000    0.0000    0.0000
   23.7541    0.0084    0.0084    0.0084    0.0000    0.0000    0.0000
   23.7840    0.0082    0.0082    0.0082    0.0000    0.0000    0.0000
   23.8138    0.0081    0.0081    0.0081    0.0000    0.0000    0.0000
   23.8436    0.0079    0.0079    0.0079    0.0000    0.0000    0.0000
   23.8735    0.0078    0.0078    0.0078    0.0000    0.0000    0.0000
   23.9033    0.0077    0.0077    0.0077   -0.0000    0.0000    0.0000
   23.9332    0.0075    0.0075    0.0075   -0.0000    0.0000    0.0000
   23.9630    0.0074    0.0074    0.0074   -0.0000    0.0000   -0.0000
   23.9929    0.0072    0.0072    0.0072   -0.0000    0.0000   -0.0000
   24.0227    0.0071    0.0071    0.0071   -0.0000    0.0000   -0.0000
   24.0525    0.0070    0.0070    0.0070   -0.0000    0.0000    0.0000
   24.0824    0.0069    0.0069    0.0069   -0.0000    0.0000    0.0000
   24.1122    0.0067    0.0067    0.0067    0.0000   -0.0000    0.0000
   24.1421    0.0066    0.0066    0.0066    0.0000   -0.0000    0.0000
   24.1719    0.0065    0.0065    0.0065    0.0000   -0.0000    0.0000
   24.2018    0.0063    0.0063    0.0063    0.0000   -0.0000    0.0000
   24.2316    0.0062    0.0062    0.0062    0.0000   -0.0000    0.0000
   24.2614    0.0061    0.0061    0.0061    0.0000   -0.0000    0.0000
   24.2913    0.0060    0.0060    0.0060    0.0000   -0.0000    0.0000
   24.3211    0.0058    0.0058    0.0058    0.0000   -0.0000    0.0000
   24.3510    0.0057    0.0057    0.0057    0.0000   -0.0000    0.0000
   24.3808    0.0056    0.0056    0.0056    0.0000   -0.0000    0.0000
   24.4106    0.0055    0.0055    0.0055    0.0000   -0.0000    0.0000
   24.4405    0.0053    0.0053    0.0053    0.0000   -0.0000    0.0000
   24.4703    0.0052    0.0052    0.0052    0.0000   -0.0000    0.0000
   24.5002    0.0051    0.0051    0.0051    0.0000   -0.0000    0.0000
   24.5300    0.0049    0.0049    0.0049    0.0000   -0.0000    0.0000
   24.5599    0.0048    0.0048    0.0048    0.0000   -0.0000    0.0000
   24.5897    0.0047    0.0047    0.0047    0.0000   -0.0000    0.0000
   24.6195    0.0045    0.0045    0.0045    0.0000   -0.0000    0.0000
   24.6494    0.0044    0.0044    0.0044    0.0000   -0.0000    0.0000
   24.6792    0.0043    0.0043    0.0043    0.0000   -0.0000    0.0000
   24.7091    0.0042    0.0042    0.0042    0.0000   -0.0000    0.0000
   24.7389    0.0041    0.0041    0.0041    0.0000   -0.0000    0.0000
   24.7687    0.0040    0.0040    0.0040    0.0000   -0.0000    0.0000
   24.7986    0.0040    0.0040    0.0040    0.0000   -0.0000    0.0000
   24.8284    0.0039    0.0039    0.0039    0.0000   -0.0000    0.0000
   24.8583    0.0039    0.0039    0.0039    0.0000   -0.0000   -0.0000
   24.8881    0.0038    0.0038    0.0038    0.0000   -0.0000   -0.0000
   24.9180    0.0038    0.0038    0.0038    0.0000   -0.0000   -0.0000
   24.9478    0.0037    0.0037    0.0037    0.0000   -0.0000   -0.0000
   24.9776    0.0037    0.0037    0.0037    0.0000   -0.0000   -0.0000
   25.0075    0.0037    0.0037    0.0037    0.0000   -0.0000   -0.0000
   25.0373    0.0036    0.0036    0.0036   -0.0000   -0.0000   -0.0000
   25.0672    0.0036    0.0036    0.0036   -0.0000   -0.0000   -0.0000
   25.0970    0.0036    0.0036    0.0036   -0.0000   -0.0000   -0.0000
   25.1268    0.0036    0.0036    0.0036   -0.0000   -0.0000   -0.0000
   25.1567    0.0035    0.0035    0.0035   -0.0000   -0.0000   -0.0000
   25.1865    0.0035    0.0035    0.0035   -0.0000   -0.0000   -0.0000
   25.2164    0.0035    0.0035    0.0035   -0.0000   -0.0000   -0.0000
   25.2462    0.0035    0.0035    0.0035   -0.0000   -0.0000   -0.0000
   25.2761    0.0034    0.0034    0.0034   -0.0000   -0.0000   -0.0000
   25.3059    0.0034    0.0034    0.0034   -0.0000   -0.0000   -0.0000
   25.3357    0.0034    0.0034    0.0034   -0.0000   -0.0000   -0.0000
   25.3656    0.0034    0.0034    0.0034   -0.0000   -0.0000   -0.0000
   25.3954    0.0034    0.0034    0.0034   -0.0000   -0.0000   -0.0000
   25.4253    0.0033    0.0033    0.0033   -0.0000   -0.0000   -0.0000
   25.4551    0.0033    0.0033    0.0033   -0.0000   -0.0000   -0.0000
   25.4850    0.0033    0.0033    0.0033   -0.0000   -0.0000   -0.0000
   25.5148    0.0033    0.0033    0.0033   -0.0000   -0.0000   -0.0000
   25.5446    0.0033    0.0033    0.0033   -0.0000   -0.0000   -0.0000
   25.5745    0.0032    0.0032    0.0032   -0.0000   -0.0000   -0.0000
   25.6043    0.0032    0.0032    0.0032   -0.0000   -0.0000   -0.0000
   25.6342    0.0032    0.0032    0.0032   -0.0000   -0.0000   -0.0000
   25.6640    0.0032    0.0032    0.0032   -0.0000   -0.0000   -0.0000
   25.6938    0.0032    0.0032    0.0032   -0.0000   -0.0000   -0.0000
   25.7237    0.0032    0.0032    0.0032   -0.0000   -0.0000   -0.0000
   25.7535    0.0031    0.0031    0.0031   -0.0000   -0.0000   -0.0000
   25.7834    0.0031    0.0031    0.0031   -0.0000   -0.0000   -0.0000
   25.8132    0.0031    0.0031    0.0031   -0.0000   -0.0000   -0.0000
   25.8431    0.0031    0.0031    0.0031   -0.0000   -0.0000   -0.0000
   25.8729    0.0031    0.0031    0.0031   -0.0000   -0.0000   -0.0000
   25.9027    0.0031    0.0031    0.0031   -0.0000   -0.0000   -0.0000
   25.9326    0.0030    0.0030    0.0030   -0.0000   -0.0000   -0.0000
   25.9624    0.0030    0.0030    0.0030   -0.0000   -0.0000   -0.0000
   25.9923    0.0030    0.0030    0.0030   -0.0000   -0.0000   -0.0000
   26.0221    0.0030    0.0030    0.0030   -0.0000   -0.0000   -0.0000
   26.0519    0.0030    0.0030    0.0030   -0.0000   -0.0000   -0.0000
   26.0818    0.0030    0.0030    0.0030   -0.0000   -0.0000   -0.0000
   26.1116    0.0030    0.0030    0.0030   -0.0000   -0.0000   -0.0000
   26.1415    0.0029    0.0029    0.0029   -0.0000   -0.0000   -0.0000
   26.1713    0.0029    0.0029    0.0029   -0.0000   -0.0000   -0.0000
   26.2012    0.0029    0.0029    0.0029   -0.0000   -0.0000   -0.0000
   26.2310    0.0029    0.0029    0.0029   -0.0000   -0.0000   -0.0000
   26.2608    0.0029    0.0029    0.0029   -0.0000   -0.0000   -0.0000
   26.2907    0.0029    0.0029    0.0029   -0.0000   -0.0000   -0.0000
   26.3205    0.0029    0.0029    0.0029   -0.0000   -0.0000   -0.0000
   26.3504    0.0029    0.0029    0.0029   -0.0000   -0.0000   -0.0000
   26.3802    0.0028    0.0028    0.0028   -0.0000   -0.0000   -0.0000
   26.4100    0.0028    0.0028    0.0028   -0.0000   -0.0000   -0.0000
   26.4399    0.0028    0.0028    0.0028   -0.0000   -0.0000   -0.0000
   26.4697    0.0028    0.0028    0.0028   -0.0000   -0.0000   -0.0000
   26.4996    0.0028    0.0028    0.0028   -0.0000   -0.0000   -0.0000
   26.5294    0.0028    0.0028    0.0028   -0.0000   -0.0000   -0.0000
   26.5593    0.0028    0.0028    0.0028   -0.0000   -0.0000   -0.0000
   26.5891    0.0028    0.0028    0.0028   -0.0000   -0.0000   -0.0000
   26.6189    0.0027    0.0027    0.0027   -0.0000   -0.0000   -0.0000
   26.6488    0.0027    0.0027    0.0027   -0.0000   -0.0000   -0.0000
   26.6786    0.0027    0.0027    0.0027   -0.0000   -0.0000   -0.0000
   26.7085    0.0027    0.0027    0.0027   -0.0000   -0.0000   -0.0000
   26.7383    0.0027    0.0027    0.0027   -0.0000   -0.0000   -0.0000
   26.7682    0.0027    0.0027    0.0027   -0.0000   -0.0000   -0.0000
   26.7980    0.0027    0.0027    0.0027   -0.0000   -0.0000   -0.0000
   26.8278    0.0027    0.0027    0.0027   -0.0000   -0.0000   -0.0000
   26.8577    0.0026    0.0026    0.0026   -0.0000   -0.0000   -0.0000
   26.8875    0.0026    0.0026    0.0026   -0.0000   -0.0000   -0.0000
   26.9174    0.0026    0.0026    0.0026   -0.0000   -0.0000   -0.0000
   26.9472    0.0026    0.0026    0.0026   -0.0000   -0.0000   -0.0000
   26.9770    0.0026    0.0026    0.0026   -0.0000   -0.0000   -0.0000
   27.0069    0.0026    0.0026    0.0026   -0.0000   -0.0000   -0.0000
   27.0367    0.0026    0.0026    0.0026   -0.0000   -0.0000   -0.0000
   27.0666    0.0026    0.0026    0.0026   -0.0000   -0.0000   -0.0000
   27.0964    0.0026    0.0026    0.0026   -0.0000   -0.0000   -0.0000
   27.1263    0.0026    0.0026    0.0026   -0.0000   -0.0000   -0.0000
   27.1561    0.0025    0.0025    0.0025   -0.0000   -0.0000   -0.0000
   27.1859    0.0025    0.0025    0.0025   -0.0000   -0.0000   -0.0000
   27.2158    0.0025    0.0025    0.0025   -0.0000   -0.0000   -0.0000
   27.2456    0.0025    0.0025    0.0025   -0.0000   -0.0000   -0.0000
   27.2755    0.0025    0.0025    0.0025   -0.0000   -0.0000   -0.0000
   27.3053    0.0025    0.0025    0.0025   -0.0000   -0.0000   -0.0000
   27.3351    0.0025    0.0025    0.0025   -0.0000   -0.0000   -0.0000
   27.3650    0.0025    0.0025    0.0025   -0.0000   -0.0000   -0.0000
   27.3948    0.0025    0.0025    0.0025   -0.0000   -0.0000   -0.0000
   27.4247    0.0024    0.0024    0.0024   -0.0000   -0.0000   -0.0000
   27.4545    0.0024    0.0024    0.0024   -0.0000   -0.0000   -0.0000
   27.4844    0.0024    0.0024    0.0024   -0.0000   -0.0000   -0.0000
   27.5142    0.0024    0.0024    0.0024   -0.0000   -0.0000   -0.0000
   27.5440    0.0024    0.0024    0.0024   -0.0000   -0.0000   -0.0000
   27.5739    0.0024    0.0024    0.0024   -0.0000   -0.0000   -0.0000
   27.6037    0.0024    0.0024    0.0024   -0.0000   -0.0000   -0.0000
   27.6336    0.0024    0.0024    0.0024   -0.0000   -0.0000   -0.0000
   27.6634    0.0024    0.0024    0.0024   -0.0000   -0.0000   -0.0000
   27.6932    0.0024    0.0024    0.0024   -0.0000   -0.0000   -0.0000
   27.7231    0.0024    0.0024    0.0024   -0.0000   -0.0000   -0.0000
   27.7529    0.0023    0.0023    0.0023   -0.0000   -0.0000   -0.0000
   27.7828    0.0023    0.0023    0.0023   -0.0000   -0.0000   -0.0000
   27.8126    0.0023    0.0023    0.0023   -0.0000   -0.0000   -0.0000
   27.8425    0.0023    0.0023    0.0023   -0.0000   -0.0000   -0.0000
   27.8723    0.0023    0.0023    0.0023   -0.0000   -0.0000   -0.0000
   27.9021    0.0023    0.0023    0.0023   -0.0000   -0.0000   -0.0000
   27.9320    0.0023    0.0023    0.0023   -0.0000   -0.0000   -0.0000
   27.9618    0.0023    0.0023    0.0023   -0.0000   -0.0000   -0.0000
   27.9917    0.0023    0.0023    0.0023   -0.0000   -0.0000   -0.0000
   28.0215    0.0023    0.0023    0.0023   -0.0000   -0.0000   -0.0000
   28.0514    0.0023    0.0023    0.0023   -0.0000   -0.0000   -0.0000
   28.0812    0.0022    0.0022    0.0022   -0.0000   -0.0000   -0.0000
   28.1110    0.0022    0.0022    0.0022   -0.0000   -0.0000   -0.0000
   28.1409    0.0022    0.0022    0.0022   -0.0000   -0.0000   -0.0000
   28.1707    0.0022    0.0022    0.0022   -0.0000   -0.0000   -0.0000
   28.2006    0.0022    0.0022    0.0022   -0.0000   -0.0000   -0.0000
   28.2304    0.0022    0.0022    0.0022   -0.0000   -0.0000   -0.0000
   28.2602    0.0022    0.0022    0.0022   -0.0000   -0.0000   -0.0000
   28.2901    0.0022    0.0022    0.0022   -0.0000   -0.0000   -0.0000
   28.3199    0.0022    0.0022    0.0022   -0.0000   -0.0000   -0.0000
   28.3498    0.0022    0.0022    0.0022   -0.0000   -0.0000   -0.0000
   28.3796    0.0022    0.0022    0.0022   -0.0000   -0.0000   -0.0000
   28.4095    0.0022    0.0022    0.0022   -0.0000   -0.0000   -0.0000
   28.4393    0.0021    0.0021    0.0021   -0.0000   -0.0000   -0.0000
   28.4691    0.0021    0.0021    0.0021   -0.0000   -0.0000   -0.0000
   28.4990    0.0021    0.0021    0.0021   -0.0000   -0.0000   -0.0000
   28.5288    0.0021    0.0021    0.0021   -0.0000   -0.0000   -0.0000
   28.5587    0.0021    0.0021    0.0021   -0.0000   -0.0000   -0.0000
   28.5885    0.0021    0.0021    0.0021   -0.0000   -0.0000   -0.0000
   28.6183    0.0021    0.0021    0.0021   -0.0000   -0.0000   -0.0000
   28.6482    0.0021    0.0021    0.0021   -0.0000   -0.0000   -0.0000
   28.6780    0.0021    0.0021    0.0021   -0.0000   -0.0000   -0.0000
   28.7079    0.0021    0.0021    0.0021   -0.0000   -0.0000   -0.0000
   28.7377    0.0021    0.0021    0.0021   -0.0000   -0.0000   -0.0000
   28.7676    0.0021    0.0021    0.0021   -0.0000   -0.0000   -0.0000
   28.7974    0.0021    0.0021    0.0021   -0.0000   -0.0000   -0.0000
   28.8272    0.0020    0.0020    0.0020   -0.0000   -0.0000   -0.0000
   28.8571    0.0020    0.0020    0.0020   -0.0000   -0.0000   -0.0000
   28.8869    0.0020    0.0020    0.0020   -0.0000   -0.0000   -0.0000
   28.9168    0.0020    0.0020    0.0020   -0.0000   -0.0000   -0.0000
   28.9466    0.0020    0.0020    0.0020   -0.0000   -0.0000   -0.0000
   28.9764    0.0020    0.0020    0.0020   -0.0000   -0.0000   -0.0000
   29.0063    0.0020    0.0020    0.0020   -0.0000   -0.0000   -0.0000
   29.0361    0.0020    0.0020    0.0020   -0.0000   -0.0000   -0.0000
   29.0660    0.0020    0.0020    0.0020   -0.0000   -0.0000   -0.0000
   29.0958    0.0020    0.0020    0.0020   -0.0000   -0.0000   -0.0000
   29.1257    0.0020    0.0020    0.0020   -0.0000   -0.0000   -0.0000
   29.1555    0.0020    0.0020    0.0020   -0.0000   -0.0000   -0.0000
   29.1853    0.0020    0.0020    0.0020   -0.0000   -0.0000   -0.0000
   29.2152    0.0020    0.0020    0.0020   -0.0000   -0.0000   -0.0000
   29.2450    0.0019    0.0019    0.0019   -0.0000   -0.0000   -0.0000
   29.2749    0.0019    0.0019    0.0019   -0.0000   -0.0000   -0.0000
   29.3047    0.0019    0.0019    0.0019   -0.0000   -0.0000   -0.0000
   29.3346    0.0019    0.0019    0.0019   -0.0000   -0.0000   -0.0000
   29.3644    0.0019    0.0019    0.0019   -0.0000   -0.0000   -0.0000
   29.3942    0.0019    0.0019    0.0019   -0.0000   -0.0000   -0.0000
   29.4241    0.0019    0.0019    0.0019   -0.0000   -0.0000   -0.0000
   29.4539    0.0019    0.0019    0.0019   -0.0000   -0.0000   -0.0000
   29.4838    0.0019    0.0019    0.0019   -0.0000   -0.0000   -0.0000
   29.5136    0.0019    0.0019    0.0019   -0.0000   -0.0000   -0.0000
   29.5434    0.0019    0.0019    0.0019   -0.0000   -0.0000   -0.0000
   29.5733    0.0019    0.0019    0.0019   -0.0000   -0.0000   -0.0000
   29.6031    0.0019    0.0019    0.0019   -0.0000   -0.0000   -0.0000
   29.6330    0.0019    0.0019    0.0019   -0.0000   -0.0000   -0.0000
   29.6628    0.0019    0.0019    0.0019   -0.0000   -0.0000   -0.0000
   29.6927    0.0018    0.0018    0.0018   -0.0000   -0.0000   -0.0000
   29.7225    0.0018    0.0018    0.0018   -0.0000   -0.0000   -0.0000
   29.7523    0.0018    0.0018    0.0018   -0.0000   -0.0000   -0.0000
   29.7822    0.0018    0.0018    0.0018   -0.0000   -0.0000   -0.0000
   29.8120    0.0018    0.0018    0.0018   -0.0000   -0.0000   -0.0000
