    0.0000   13.6742   13.6742   13.6742   -0.0000    0.0000   -0.0000
    0.0298   13.6756   13.6756   13.6756   -0.0000    0.0000   -0.0000
    0.0597   13.6799   13.6799   13.6799   -0.0000    0.0000   -0.0000
    0.0895   13.6871   13.6871   13.6871   -0.0000    0.0000   -0.0000
    0.1194   13.6971   13.6971   13.6971   -0.0000    0.0000   -0.0000
    0.1492   13.7101   13.7101   13.7101   -0.0000    0.0000   -0.0000
    0.1791   13.7261   13.7261   13.7261   -0.0000    0.0000   -0.0000
    0.2089   13.7451   13.7451   13.7451   -0.0000    0.0000   -0.0000
    0.2387   13.7672   13.7672   13.7672   -0.0000    0.0000   -0.0000
    0.2686   13.7924   13.7924   13.7924   -0.0000    0.0000   -0.0000
    0.2984   13.8209   13.8209   13.8209   -0.0000    0.0000   -0.0000
    0.3283   13.8527   13.8527   13.8527   -0.0000    0.0000   -0.0000
    0.3581   13.8880   13.8880   13.8880   -0.0000   -0.0000   -0.0000
    0.3879   13.9269   13.9269   13.9269   -0.0000   -0.0000   -0.0000
    0.4178   13.9696   13.9696   13.9696   -0.0000   -0.0000   -0.0000
    0.4476   14.0161   14.0161   14.0161   -0.0000   -0.0000   -0.0000
    0.4775   14.0669   14.0669   14.0669   -0.0000   -0.0000   -0.0000
    0.5073   14.1220   14.1220   14.1220   -0.0000   -0.0000   -0.0000
    0.5372   14.1818   14.1818   14.1818   -0.0000   -0.0000   -0.0000
    0.5670   14.2466   14.2466   14.2466   -0.0000   -0.0000   -0.0000
    0.5968   14.3167   14.3167   14.3167   -0.0000   -0.0000   -0.0000
    0.6267   14.3927   14.3927   14.3927   -0.0000   -0.0000   -0.0000
    0.6565   14.4749   14.4749   14.4749   -0.0000   -0.0000   -0.0000
    0.6864   14.5641   14.5641   14.5641   -0.0000   -0.0000   -0.0000
    0.7162   14.6609   14.6609   14.6609   -0.0000   -0.0000   -0.0000
    0.7460   14.7659   14.7659   14.7659   -0.0000   -0.0000   -0.0000
    0.7759   14.8799   14.8799   14.8799   -0.0000   -0.0000   -0.0000
    0.8057   15.0032   15.0032   15.0032   -0.0000   -0.0000   -0.0000
    0.8356   15.1354   15.1354   15.1354   -0.0000   -0.0000   -0.0000
    0.8654   15.2736   15.2736   15.2736   -0.0000   -0.0000   -0.0000
    0.8953   15.4105   15.4105   15.4105   -0.0000   -0.0000   -0.0000
    0.9251   15.5326   15.5326   15.5326   -0.0000   -0.0000   -0.0000
    0.9549   15.6255   15.6255   15.6255   -0.0000   -0.0000   -0.0000
    0.9848   15.6876   15.6876   15.6876   -0.0000   -0.0000   -0.0000
    1.0146   15.7300   15.7300   15.7300    0.0000   -0.0000   -0.0000
    1.0445   15.7649   15.7649   15.7649    0.0000   -0.0000   -0.0000
    1.0743   15.7994   15.7994   15.7994   -0.0000   -0.0000   -0.0000
    1.1041   15.8366   15.8366   15.8366   -0.0000    0.0000   -0.0000
    1.1340   15.8776   15.8776   15.8776   -0.0000    0.0000   -0.0000
    1.1638   15.9226   15.9226   15.9226   -0.0000    0.0000   -0.0000
    1.1937   15.9718   15.9718   15.9718   -0.0000    0.0000   -0.0000
    1.2235   16.0248   16.0248   16.0248   -0.0000    0.0000   -0.0000
    1.2534   16.0817   16.0817   16.0817   -0.0000    0.0000   -0.0000
    1.2832   16.1424   16.1424   16.1424   -0.0000    0.0000   -0.0000
    1.3130   16.2068   16.2068   16.2068   -0.0000    0.0000   -0.0000
    1.3429   16.2750   16.2750   16.2750   -0.0000    0.0000   -0.0000
    1.3727   16.3472   16.3472   16.3472   -0.0000    0.0000   -0.0000
    1.4026   16.4235   16.4235   16.4235   -0.0000    0.0000   -0.0000
    1.4324   16.5041   16.5041   16.5041   -0.0000    0.0000   -0.0000
    1.4623   16.5895   16.5895   16.5895   -0.0000    0.0000   -0.0000
    1.4921   16.6798   16.6798   16.6798    0.0000   -0.0000   -0.0000
    1.5219   16.7756   16.7756   16.7756    0.0000   -0.0000   -0.0000
    1.5518   16.8772   16.8772   16.8772    0.0000   -0.0000   -0.0000
    1.5816   16.9852   16.9852   16.9852    0.0000    0.0000   -0.0000
    1.6115   17.0997   17.0997   17.0997    0.0000    0.0000   -0.0000
    1.6413   17.2206   17.2206   17.2206    0.0000    0.0000   -0.0000
    1.6711   17.3461   17.3461   17.3461    0.0000    0.0000   -0.0000
    1.7010   17.4725   17.4725   17.4725    0.0000    0.0000   -0.0000
    1.7308   17.5945   17.5945   17.5945    0.0000    0.0000   -0.0000
    1.7607   17.7139   17.7139   17.7139    0.0000    0.0000   -0.0000
    1.7905   17.8495   17.8495   17.8495    0.0000    0.0000   -0.0000
    1.8204   18.0241   18.0241   18.0241    0.0000    0.0000   -0.0000
    1.8502   18.2428   18.2428   18.2428    0.0000    0.0000   -0.0000
    1.8800   18.4961   18.4961   18.4961   -0.0000    0.0000   -0.0000
    1.9099   18.7731   18.7731   18.7731   -0.0000    0.0000   -0.0000
    1.9397   19.0664   19.0664   19.0664   -0.0000    0.0000   -0.0000
    1.9696   19.3696   19.3696   19.3696   -0.0000    0.0000   -0.0000
    1.9994   19.6716   19.6716   19.6716   -0.0000    0.0000   -0.0000
    2.0292   19.9516   19.9516   19.9516   -0.0000    0.0000   -0.0000
    2.0591   20.1796   20.1796   20.1796   -0.0000    0.0000   -0.0000
    2.0889   20.3247   20.3247   20.3247   -0.0000    0.0000   -0.0000
    2.1188   20.3660   20.3660   20.3660   -0.0000    0.0000   -0.0000
    2.1486   20.2957   20.2957   20.2957   -0.0000    0.0000   -0.0000
    2.1785   20.1141   20.1141   20.1141   -0.0000    0.0000   -0.0000
    2.2083   19.8272   19.8272   19.8272   -0.0000    0.0000   -0.0000
    2.2381   19.4452   19.4452   19.4452   -0.0000    0.0000   -0.0000
    2.2680   18.9823   18.9823   18.9823   -0.0000    0.0000   -0.0000
    2.2978   18.4560   18.4560   18.4560    0.0000    0.0000   -0.0000
    2.3277   17.8873   17.8873   17.8873    0.0000   -0.0000   -0.0000
    2.3575   17.2973   17.2973   17.2973    0.0000   -0.0000   -0.0000
    2.3873   16.7037   16.7037   16.7037    0.0000   -0.0000   -0.0000
    2.4172   16.1225   16.1225   16.1225    0.0000    0.0000   -0.0000
    2.4470   15.5714   15.5714   15.5714    0.0000    0.0000   -0.0000
    2.4769   15.0561   15.0561   15.0561    0.0000    0.0000   -0.0000
    2.5067   14.5673   14.5673   14.5673    0.0000    0.0000   -0.0000
    2.5366   14.0998   14.0998   14.0998    0.0000    0.0000   -0.0000
    2.5664   13.6607   13.6607   13.6607    0.0000    0.0000   -0.0000
    2.5962   13.2631   13.2631   13.2631    0.0000    0.0000    0.0000
    2.6261   12.9150   12.9150   12.9150    0.0000    0.0000    0.0000
    2.6559   12.6150   12.6150   12.6150    0.0000    0.0000    0.0000
    2.6858   12.3543   12.3543   12.3543    0.0000    0.0000    0.0000
    2.7156   12.1226   12.1226   12.1226    0.0000    0.0000    0.0000
    2.7455   11.9122   11.9122   11.9122    0.0000   -0.0000    0.0000
    2.7753   11.7193   11.7193   11.7193    0.0000   -0.0000    0.0000
    2.8051   11.5432   11.5432   11.5432    0.0000   -0.0000    0.0000
    2.8350   11.3838   11.3838   11.3838    0.0000   -0.0000    0.0000
    2.8648   11.2406   11.2406   11.2406    0.0000   -0.0000    0.0000
    2.8947   11.1125   11.1125   11.1125    0.0000   -0.0000    0.0000
    2.9245   10.9986   10.9986   10.9986    0.0000   -0.0000    0.0000
    2.9543   10.8971   10.8971   10.8971    0.0000   -0.0000    0.0000
    2.9842   10.8055   10.8055   10.8055    0.0000   -0.0000    0.0000
    3.0140   10.7209   10.7209   10.7209    0.0000   -0.0000    0.0000
    3.0439   10.6459   10.6459   10.6459   -0.0000   -0.0000    0.0000
    3.0737   10.5902   10.5902   10.5902   -0.0000   -0.0000    0.0000
    3.1036   10.5614   10.5614   10.5614   -0.0000   -0.0000   -0.0000
    3.1334   10.5568   10.5568   10.5568   -0.0000   -0.0000   -0.0000
    3.1632   10.5706   10.5706   10.5706   -0.0000   -0.0000   -0.0000
    3.1931   10.5995   10.5995   10.5995   -0.0000   -0.0000   -0.0000
    3.2229   10.6425   10.6425   10.6425   -0.0000   -0.0000   -0.0000
    3.2528   10.6997   10.6997   10.6997   -0.0000   -0.0000   -0.0000
    3.2826   10.7716   10.7716   10.7716   -0.0000   -0.0000   -0.0000
    3.3124   10.8585   10.8585   10.8585   -0.0000   -0.0000   -0.0000
    3.3423   10.9606   10.9606   10.9606   -0.0000   -0.0000   -0.0000
    3.3721   11.0779   11.0779   11.0779   -0.0000   -0.0000   -0.0000
    3.4020   11.2100   11.2100   11.2100   -0.0000   -0.0000   -0.0000
    3.4318   11.3573   11.3573   11.3573   -0.0000    0.0000   -0.0000
    3.4617   11.5204   11.5204   11.5204   -0.0000    0.0000   -0.0000
    3.4915   11.6995   11.6995   11.6995   -0.0000    0.0000   -0.0000
    3.5213   11.8923   11.8923   11.8923   -0.0000    0.0000   -0.0000
    3.5512   12.0918   12.0918   12.0918   -0.0000    0.0000   -0.0000
    3.5810   12.2876   12.2876   12.2876   -0.0000    0.0000   -0.0000
    3.6109   12.4695   12.4695   12.4695   -0.0000    0.0000   -0.0000
    3.6407   12.6197   12.6197   12.6197   -0.0000    0.0000   -0.0000
    3.6705   12.7019   12.7019   12.7019   -0.0000    0.0000   -0.0000
    3.7004   12.6753   12.6753   12.6753   -0.0000    0.0000   -0.0000
    3.7302   12.5278   12.5278   12.5278   -0.0000    0.0000   -0.0000
    3.7601   12.2867   12.2867   12.2867   -0.0000    0.0000   -0.0000
    3.7899   12.0060   12.0060   12.0060   -0.0000    0.0000   -0.0000
    3.8198   11.7277   11.7277   11.7277   -0.0000    0.0000    0.0000
    3.8496   11.4567   11.4567   11.4567   -0.0000    0.0000    0.0000
    3.8794   11.1861   11.1861   11.1861   -0.0000    0.0000    0.0000
    3.9093   10.9133   10.9133   10.9133   -0.0000    0.0000    0.0000
    3.9391   10.6317   10.6317   10.6317    0.0000   -0.0000    0.0000
    3.9690   10.3225   10.3225   10.3225    0.0000   -0.0000    0.0000
    3.9988    9.9538    9.9538    9.9538    0.0000   -0.0000    0.0000
    4.0287    9.4838    9.4838    9.4838    0.0000   -0.0000    0.0000
    4.0585    8.8645    8.8645    8.8645    0.0000   -0.0000    0.0000
    4.0883    8.0458    8.0458    8.0458   -0.0000   -0.0000    0.0000
    4.1182    6.9812    6.9812    6.9812    0.0000   -0.0000    0.0000
    4.1480    5.6560    5.6560    5.6560    0.0000   -0.0000    0.0000
    4.1779    4.1203    4.1203    4.1203    0.0000   -0.0000    0.0000
    4.2077    2.4669    2.4669    2.4669    0.0000   -0.0000    0.0000
    4.2375    0.7805    0.7805    0.7805    0.0000   -0.0000    0.0000
    4.2674   -0.8775   -0.8775   -0.8775   -0.0000   -0.0000    0.0000
    4.2972   -2.4568   -2.4568   -2.4568   -0.0000   -0.0000   -0.0000
    4.3271   -3.9043   -3.9043   -3.9043   -0.0000   -0.0000   -0.0000
    4.3569   -5.1488   -5.1488   -5.1488   -0.0000   -0.0000   -0.0000
    4.3868   -6.0994   -6.0994   -6.0994   -0.0000   -0.0000   -0.0000
    4.4166   -6.6941   -6.6941   -6.6941   -0.0000    0.0000   -0.0000
    4.4464   -6.9664   -6.9664   -6.9664   -0.0000    0.0000   -0.0000
    4.4763   -7.0262   -7.0262   -7.0262    0.0000    0.0000    0.0000
    4.5061   -6.9816   -6.9816   -6.9816    0.0000    0.0000    0.0000
    4.5360   -6.8999   -6.8999   -6.8999    0.0000    0.0000    0.0000
    4.5658   -6.8108   -6.8108   -6.8108    0.0000    0.0000    0.0000
    4.5956   -6.7216   -6.7216   -6.7216    0.0000    0.0000    0.0000
    4.6255   -6.6328   -6.6328   -6.6328    0.0000    0.0000    0.0000
    4.6553   -6.5449   -6.5449   -6.5449    0.0000    0.0000    0.0000
    4.6852   -6.4595   -6.4595   -6.4595    0.0000    0.0000    0.0000
    4.7150   -6.3791   -6.3791   -6.3791    0.0000    0.0000    0.0000
    4.7449   -6.3060   -6.3060   -6.3060    0.0000    0.0000    0.0000
    4.7747   -6.2412   -6.2412   -6.2412    0.0000    0.0000    0.0000
    4.8045   -6.1862   -6.1862   -6.1862    0.0000    0.0000    0.0000
    4.8344   -6.1439   -6.1439   -6.1439    0.0000    0.0000    0.0000
    4.8642   -6.1184   -6.1184   -6.1184    0.0000    0.0000    0.0000
    4.8941   -6.1122   -6.1122   -6.1122    0.0000    0.0000    0.0000
    4.9239   -6.1228   -6.1228   -6.1228    0.0000    0.0000    0.0000
    4.9537   -6.1417   -6.1417   -6.1417    0.0000    0.0000    0.0000
    4.9836   -6.1548   -6.1548   -6.1548    0.0000    0.0000    0.0000
    5.0134   -6.1478   -6.1478   -6.1478    0.0000    0.0000    0.0000
    5.0433   -6.1122   -6.1122   -6.1122    0.0000    0.0000    0.0000
    5.0731   -6.0472   -6.0472   -6.0472    0.0000    0.0000    0.0000
    5.1030   -5.9554   -5.9554   -5.9554    0.0000    0.0000    0.0000
    5.1328   -5.8421   -5.8421   -5.8421    0.0000    0.0000    0.0000
    5.1626   -5.7146   -5.7146   -5.7146    0.0000    0.0000    0.0000
    5.1925   -5.5812   -5.5812   -5.5812    0.0000    0.0000    0.0000
    5.2223   -5.4504   -5.4504   -5.4504    0.0000    0.0000    0.0000
    5.2522   -5.3308   -5.3308   -5.3308    0.0000    0.0000    0.0000
    5.2820   -5.2273   -5.2273   -5.2273    0.0000    0.0000    0.0000
    5.3119   -5.1382   -5.1382   -5.1382    0.0000    0.0000    0.0000
    5.3417   -5.0580   -5.0580   -5.0580    0.0000    0.0000    0.0000
    5.3715   -4.9799   -4.9799   -4.9799    0.0000    0.0000    0.0000
    5.4014   -4.8976   -4.8976   -4.8976    0.0000    0.0000    0.0000
    5.4312   -4.8067   -4.8067   -4.8067    0.0000    0.0000    0.0000
    5.4611   -4.7082   -4.7082   -4.7082    0.0000    0.0000    0.0000
    5.4909   -4.6109   -4.6109   -4.6109    0.0000    0.0000    0.0000
    5.5207   -4.5327   -4.5327   -4.5327    0.0000    0.0000    0.0000
    5.5506   -4.5048   -4.5048   -4.5048    0.0000    0.0000    0.0000
    5.5804   -4.5756   -4.5756   -4.5756    0.0000    0.0000    0.0000
    5.6103   -4.7934   -4.7934   -4.7934    0.0000    0.0000    0.0000
    5.6401   -5.1551   -5.1551   -5.1551    0.0000    0.0000    0.0000
    5.6700   -5.5712   -5.5712   -5.5712   -0.0000   -0.0000    0.0000
    5.6998   -5.9179   -5.9179   -5.9179   -0.0000   -0.0000   -0.0000
    5.7296   -6.1299   -6.1299   -6.1299   -0.0000   -0.0000   -0.0000
    5.7595   -6.2231   -6.2231   -6.2231   -0.0000   -0.0000   -0.0000
    5.7893   -6.2464   -6.2464   -6.2464   -0.0000    0.0000   -0.0000
    5.8192   -6.2407   -6.2407   -6.2407   -0.0000    0.0000   -0.0000
    5.8490   -6.2300   -6.2300   -6.2300   -0.0000    0.0000    0.0000
    5.8788   -6.2251   -6.2251   -6.2251   -0.0000    0.0000    0.0000
    5.9087   -6.2287   -6.2287   -6.2287   -0.0000    0.0000    0.0000
    5.9385   -6.2394   -6.2394   -6.2394   -0.0000    0.0000    0.0000
    5.9684   -6.2555   -6.2555   -6.2555   -0.0000    0.0000   -0.0000
    5.9982   -6.2774   -6.2774   -6.2774   -0.0000    0.0000   -0.0000
    6.0281   -6.3071   -6.3071   -6.3071   -0.0000    0.0000   -0.0000
    6.0579   -6.3427   -6.3427   -6.3427   -0.0000   -0.0000   -0.0000
    6.0877   -6.3722   -6.3722   -6.3722   -0.0000   -0.0000   -0.0000
    6.1176   -6.3842   -6.3842   -6.3842   -0.0000   -0.0000   -0.0000
    6.1474   -6.3778   -6.3778   -6.3778   -0.0000   -0.0000   -0.0000
    6.1773   -6.3577   -6.3577   -6.3577   -0.0000   -0.0000    0.0000
    6.2071   -6.3289   -6.3289   -6.3289   -0.0000   -0.0000    0.0000
    6.2369   -6.2942   -6.2942   -6.2942    0.0000   -0.0000    0.0000
    6.2668   -6.2545   -6.2545   -6.2545    0.0000   -0.0000    0.0000
    6.2966   -6.2099   -6.2099   -6.2099    0.0000   -0.0000    0.0000
    6.3265   -6.1615   -6.1615   -6.1615    0.0000   -0.0000    0.0000
    6.3563   -6.1113   -6.1113   -6.1113    0.0000   -0.0000    0.0000
    6.3862   -6.0609   -6.0609   -6.0609    0.0000   -0.0000    0.0000
    6.4160   -6.0119   -6.0119   -6.0119    0.0000   -0.0000    0.0000
    6.4458   -5.9648   -5.9648   -5.9648    0.0000   -0.0000    0.0000
    6.4757   -5.9197   -5.9197   -5.9197    0.0000   -0.0000    0.0000
    6.5055   -5.8762   -5.8762   -5.8762    0.0000   -0.0000    0.0000
    6.5354   -5.8337   -5.8337   -5.8337    0.0000   -0.0000    0.0000
    6.5652   -5.7919   -5.7919   -5.7919    0.0000   -0.0000    0.0000
    6.5951   -5.7507   -5.7507   -5.7507    0.0000   -0.0000    0.0000
    6.6249   -5.7100   -5.7100   -5.7100    0.0000   -0.0000    0.0000
    6.6547   -5.6696   -5.6696   -5.6696    0.0000   -0.0000    0.0000
    6.6846   -5.6291   -5.6291   -5.6291    0.0000   -0.0000    0.0000
    6.7144   -5.5877   -5.5877   -5.5877    0.0000   -0.0000    0.0000
    6.7443   -5.5451   -5.5451   -5.5451    0.0000   -0.0000    0.0000
    6.7741   -5.5015   -5.5015   -5.5015    0.0000   -0.0000    0.0000
    6.8039   -5.4576   -5.4576   -5.4576    0.0000   -0.0000    0.0000
    6.8338   -5.4136   -5.4136   -5.4136    0.0000   -0.0000    0.0000
    6.8636   -5.3696   -5.3696   -5.3696    0.0000   -0.0000    0.0000
    6.8935   -5.3254   -5.3254   -5.3254    0.0000   -0.0000    0.0000
    6.9233   -5.2807   -5.2807   -5.2807    0.0000   -0.0000    0.0000
    6.9532   -5.2354   -5.2354   -5.2354    0.0000   -0.0000    0.0000
    6.9830   -5.1895   -5.1895   -5.1895    0.0000   -0.0000    0.0000
    7.0128   -5.1435   -5.1435   -5.1435    0.0000   -0.0000    0.0000
    7.0427   -5.0974   -5.0974   -5.0974    0.0000   -0.0000    0.0000
    7.0725   -5.0513   -5.0513   -5.0513    0.0000   -0.0000    0.0000
    7.1024   -5.0049   -5.0049   -5.0049    0.0000   -0.0000    0.0000
    7.1322   -4.9575   -4.9575   -4.9575   -0.0000    0.0000    0.0000
    7.1620   -4.9083   -4.9083   -4.9083   -0.0000    0.0000    0.0000
    7.1919   -4.8563   -4.8563   -4.8563   -0.0000    0.0000    0.0000
    7.2217   -4.8021   -4.8021   -4.8021   -0.0000    0.0000    0.0000
    7.2516   -4.7468   -4.7468   -4.7468   -0.0000    0.0000    0.0000
    7.2814   -4.6916   -4.6916   -4.6916   -0.0000    0.0000    0.0000
    7.3113   -4.6372   -4.6372   -4.6372   -0.0000    0.0000    0.0000
    7.3411   -4.5839   -4.5839   -4.5839   -0.0000    0.0000    0.0000
    7.3709   -4.5317   -4.5317   -4.5317   -0.0000    0.0000    0.0000
    7.4008   -4.4806   -4.4806   -4.4806   -0.0000    0.0000    0.0000
    7.4306   -4.4310   -4.4310   -4.4310   -0.0000   -0.0000    0.0000
    7.4605   -4.3831   -4.3831   -4.3831    0.0000   -0.0000    0.0000
    7.4903   -4.3374   -4.3374   -4.3374    0.0000   -0.0000    0.0000
    7.5201   -4.2940   -4.2940   -4.2940    0.0000   -0.0000    0.0000
    7.5500   -4.2528   -4.2528   -4.2528    0.0000   -0.0000    0.0000
    7.5798   -4.2139   -4.2139   -4.2139    0.0000   -0.0000    0.0000
    7.6097   -4.1775   -4.1775   -4.1775    0.0000   -0.0000    0.0000
    7.6395   -4.1440   -4.1440   -4.1440    0.0000   -0.0000    0.0000
    7.6694   -4.1125   -4.1125   -4.1125   -0.0000    0.0000    0.0000
    7.6992   -4.0790   -4.0790   -4.0790   -0.0000    0.0000    0.0000
    7.7290   -4.0404   -4.0404   -4.0404   -0.0000    0.0000   -0.0000
    7.7589   -3.9979   -3.9979   -3.9979   -0.0000    0.0000   -0.0000
    7.7887   -3.9540   -3.9540   -3.9540   -0.0000    0.0000   -0.0000
    7.8186   -3.9102   -3.9102   -3.9102   -0.0000    0.0000   -0.0000
    7.8484   -3.8670   -3.8670   -3.8670   -0.0000    0.0000   -0.0000
    7.8783   -3.8237   -3.8237   -3.8237   -0.0000    0.0000    0.0000
    7.9081   -3.7803   -3.7803   -3.7803   -0.0000    0.0000    0.0000
    7.9379   -3.7377   -3.7377   -3.7377   -0.0000    0.0000    0.0000
    7.9678   -3.6968   -3.6968   -3.6968   -0.0000    0.0000    0.0000
    7.9976   -3.6581   -3.6581   -3.6581    0.0000    0.0000    0.0000
    8.0275   -3.6214   -3.6214   -3.6214    0.0000    0.0000    0.0000
    8.0573   -3.5867   -3.5867   -3.5867    0.0000    0.0000    0.0000
    8.0871   -3.5537   -3.5537   -3.5537    0.0000    0.0000    0.0000
    8.1170   -3.5225   -3.5225   -3.5225    0.0000    0.0000    0.0000
    8.1468   -3.4931   -3.4931   -3.4931    0.0000    0.0000    0.0000
    8.1767   -3.4657   -3.4657   -3.4657    0.0000    0.0000    0.0000
    8.2065   -3.4417   -3.4417   -3.4417    0.0000    0.0000    0.0000
    8.2364   -3.4225   -3.4225   -3.4225    0.0000    0.0000    0.0000
    8.2662   -3.4091   -3.4091   -3.4091    0.0000    0.0000    0.0000
    8.2960   -3.4003   -3.4003   -3.4003    0.0000    0.0000    0.0000
    8.3259   -3.3928   -3.3928   -3.3928    0.0000    0.0000    0.0000
    8.3557   -3.3840   -3.3840   -3.3840    0.0000    0.0000    0.0000
    8.3856   -3.3735   -3.3735   -3.3735    0.0000    0.0000    0.0000
    8.4154   -3.3614   -3.3614   -3.3614    0.0000    0.0000    0.0000
    8.4452   -3.3473   -3.3473   -3.3473    0.0000    0.0000    0.0000
    8.4751   -3.3306   -3.3306   -3.3306    0.0000    0.0000    0.0000
    8.5049   -3.3109   -3.3109   -3.3109    0.0000    0.0000    0.0000
    8.5348   -3.2887   -3.2887   -3.2887   -0.0000    0.0000    0.0000
    8.5646   -3.2650   -3.2650   -3.2650   -0.0000    0.0000    0.0000
    8.5945   -3.2402   -3.2402   -3.2402   -0.0000    0.0000    0.0000
    8.6243   -3.2145   -3.2145   -3.2145   -0.0000    0.0000    0.0000
    8.6541   -3.1878   -3.1878   -3.1878   -0.0000    0.0000    0.0000
    8.6840   -3.1604   -3.1604   -3.1604   -0.0000    0.0000    0.0000
    8.7138   -3.1328   -3.1328   -3.1328   -0.0000    0.0000    0.0000
    8.7437   -3.1061   -3.1061   -3.1061   -0.0000    0.0000    0.0000
    8.7735   -3.0808   -3.0808   -3.0808    0.0000    0.0000    0.0000
    8.8033   -3.0573   -3.0573   -3.0573    0.0000    0.0000    0.0000
    8.8332   -3.0346   -3.0346   -3.0346    0.0000    0.0000    0.0000
    8.8630   -3.0113   -3.0113   -3.0113    0.0000    0.0000    0.0000
    8.8929   -2.9862   -2.9862   -2.9862    0.0000    0.0000    0.0000
    8.9227   -2.9594   -2.9594   -2.9594    0.0000    0.0000    0.0000
    8.9526   -2.9314   -2.9314   -2.9314    0.0000    0.0000    0.0000
    8.9824   -2.9025   -2.9025   -2.9025    0.0000    0.0000    0.0000
    9.0122   -2.8733   -2.8733   -2.8733    0.0000    0.0000    0.0000
    9.0421   -2.8443   -2.8443   -2.8443    0.0000    0.0000    0.0000
    9.0719   -2.8160   -2.8160   -2.8160    0.0000    0.0000    0.0000
    9.1018   -2.7887   -2.7887   -2.7887    0.0000    0.0000    0.0000
    9.1316   -2.7623   -2.7623   -2.7623    0.0000    0.0000    0.0000
    9.1615   -2.7368   -2.7368   -2.7368    0.0000   -0.0000    0.0000
    9.1913   -2.7121   -2.7121   -2.7121    0.0000   -0.0000    0.0000
    9.2211   -2.6882   -2.6882   -2.6882    0.0000   -0.0000    0.0000
    9.2510   -2.6648   -2.6648   -2.6648    0.0000   -0.0000    0.0000
    9.2808   -2.6417   -2.6417   -2.6417    0.0000   -0.0000    0.0000
    9.3107   -2.6182   -2.6182   -2.6182    0.0000   -0.0000    0.0000
    9.3405   -2.5938   -2.5938   -2.5938    0.0000   -0.0000    0.0000
    9.3703   -2.5685   -2.5685   -2.5685    0.0000   -0.0000    0.0000
    9.4002   -2.5428   -2.5428   -2.5428    0.0000   -0.0000    0.0000
    9.4300   -2.5175   -2.5175   -2.5175    0.0000   -0.0000    0.0000
    9.4599   -2.4932   -2.4932   -2.4932    0.0000   -0.0000    0.0000
    9.4897   -2.4705   -2.4705   -2.4705    0.0000   -0.0000    0.0000
    9.5196   -2.4491   -2.4491   -2.4491    0.0000   -0.0000    0.0000
    9.5494   -2.4279   -2.4279   -2.4279    0.0000   -0.0000    0.0000
    9.5792   -2.4055   -2.4055   -2.4055    0.0000   -0.0000    0.0000
    9.6091   -2.3813   -2.3813   -2.3813    0.0000   -0.0000    0.0000
    9.6389   -2.3555   -2.3555   -2.3555    0.0000   -0.0000    0.0000
    9.6688   -2.3287   -2.3287   -2.3287    0.0000   -0.0000    0.0000
    9.6986   -2.3012   -2.3012   -2.3012    0.0000   -0.0000    0.0000
    9.7284   -2.2732   -2.2732   -2.2732    0.0000   -0.0000    0.0000
    9.7583   -2.2449   -2.2449   -2.2449    0.0000   -0.0000    0.0000
    9.7881   -2.2165   -2.2165   -2.2165    0.0000   -0.0000    0.0000
    9.8180   -2.1881   -2.1881   -2.1881    0.0000   -0.0000    0.0000
    9.8478   -2.1598   -2.1598   -2.1598    0.0000   -0.0000    0.0000
    9.8777   -2.1317   -2.1317   -2.1317    0.0000   -0.0000    0.0000
    9.9075   -2.1037   -2.1037   -2.1037    0.0000   -0.0000    0.0000
    9.9373   -2.0758   -2.0758   -2.0758    0.0000   -0.0000    0.0000
    9.9672   -2.0475   -2.0475   -2.0475    0.0000   -0.0000    0.0000
    9.9970   -2.0187   -2.0187   -2.0187    0.0000   -0.0000    0.0000
   10.0269   -1.9894   -1.9894   -1.9894    0.0000    0.0000    0.0000
   10.0567   -1.9600   -1.9600   -1.9600    0.0000    0.0000    0.0000
   10.0865   -1.9306   -1.9306   -1.9306    0.0000    0.0000    0.0000
   10.1164   -1.9015   -1.9015   -1.9015    0.0000    0.0000    0.0000
   10.1462   -1.8729   -1.8729   -1.8729    0.0000    0.0000    0.0000
   10.1761   -1.8449   -1.8449   -1.8449    0.0000    0.0000    0.0000
   10.2059   -1.8174   -1.8174   -1.8174    0.0000    0.0000    0.0000
   10.2358   -1.7906   -1.7906   -1.7906    0.0000    0.0000    0.0000
   10.2656   -1.7644   -1.7644   -1.7644    0.0000    0.0000    0.0000
   10.2954   -1.7388   -1.7388   -1.7388    0.0000   -0.0000    0.0000
   10.3253   -1.7139   -1.7139   -1.7139    0.0000   -0.0000    0.0000
   10.3551   -1.6896   -1.6896   -1.6896    0.0000   -0.0000    0.0000
   10.3850   -1.6659   -1.6659   -1.6659    0.0000   -0.0000    0.0000
   10.4148   -1.6428   -1.6428   -1.6428    0.0000   -0.0000    0.0000
   10.4447   -1.6203   -1.6203   -1.6203    0.0000   -0.0000    0.0000
   10.4745   -1.5983   -1.5983   -1.5983    0.0000   -0.0000    0.0000
   10.5043   -1.5768   -1.5768   -1.5768    0.0000   -0.0000    0.0000
   10.5342   -1.5557   -1.5557   -1.5557    0.0000   -0.0000    0.0000
   10.5640   -1.5350   -1.5350   -1.5350    0.0000   -0.0000    0.0000
   10.5939   -1.5147   -1.5147   -1.5147    0.0000   -0.0000    0.0000
   10.6237   -1.4947   -1.4947   -1.4947    0.0000    0.0000    0.0000
   10.6535   -1.4750   -1.4750   -1.4750    0.0000    0.0000    0.0000
   10.6834   -1.4556   -1.4556   -1.4556    0.0000   -0.0000    0.0000
   10.7132   -1.4365   -1.4365   -1.4365    0.0000   -0.0000    0.0000
   10.7431   -1.4178   -1.4178   -1.4178    0.0000   -0.0000    0.0000
   10.7729   -1.3995   -1.3995   -1.3995    0.0000   -0.0000    0.0000
   10.8028   -1.3816   -1.3816   -1.3816    0.0000   -0.0000    0.0000
   10.8326   -1.3639   -1.3639   -1.3639    0.0000   -0.0000    0.0000
   10.8624   -1.3465   -1.3465   -1.3465    0.0000   -0.0000    0.0000
   10.8923   -1.3292   -1.3292   -1.3292    0.0000   -0.0000    0.0000
   10.9221   -1.3119   -1.3119   -1.3119    0.0000   -0.0000    0.0000
   10.9520   -1.2945   -1.2945   -1.2945    0.0000   -0.0000    0.0000
   10.9818   -1.2771   -1.2771   -1.2771    0.0000   -0.0000    0.0000
   11.0116   -1.2597   -1.2597   -1.2597    0.0000   -0.0000    0.0000
   11.0415   -1.2424   -1.2424   -1.2424    0.0000   -0.0000    0.0000
   11.0713   -1.2253   -1.2253   -1.2253    0.0000   -0.0000    0.0000
   11.1012   -1.2085   -1.2085   -1.2085    0.0000   -0.0000    0.0000
   11.1310   -1.1920   -1.1920   -1.1920    0.0000    0.0000    0.0000
   11.1609   -1.1756   -1.1756   -1.1756    0.0000    0.0000    0.0000
   11.1907   -1.1593   -1.1593   -1.1593    0.0000    0.0000    0.0000
   11.2205   -1.1429   -1.1429   -1.1429    0.0000    0.0000    0.0000
   11.2504   -1.1264   -1.1264   -1.1264    0.0000    0.0000    0.0000
   11.2802   -1.1101   -1.1101   -1.1101    0.0000    0.0000    0.0000
   11.3101   -1.0939   -1.0939   -1.0939    0.0000    0.0000    0.0000
   11.3399   -1.0780   -1.0780   -1.0780    0.0000    0.0000    0.0000
   11.3698   -1.0623   -1.0623   -1.0623    0.0000    0.0000    0.0000
   11.3996   -1.0470   -1.0470   -1.0470    0.0000   -0.0000    0.0000
   11.4294   -1.0318   -1.0318   -1.0318    0.0000   -0.0000    0.0000
   11.4593   -1.0167   -1.0167   -1.0167    0.0000   -0.0000    0.0000
   11.4891   -1.0014   -1.0014   -1.0014    0.0000   -0.0000    0.0000
   11.5190   -0.9859   -0.9859   -0.9859    0.0000   -0.0000    0.0000
   11.5488   -0.9703   -0.9703   -0.9703    0.0000   -0.0000    0.0000
   11.5786   -0.9547   -0.9547   -0.9547    0.0000   -0.0000    0.0000
   11.6085   -0.9389   -0.9389   -0.9389    0.0000   -0.0000    0.0000
   11.6383   -0.9231   -0.9231   -0.9231    0.0000   -0.0000    0.0000
   11.6682   -0.9073   -0.9073   -0.9073    0.0000   -0.0000    0.0000
   11.6980   -0.8915   -0.8915   -0.8915    0.0000   -0.0000    0.0000
   11.7279   -0.8760   -0.8760   -0.8760    0.0000   -0.0000    0.0000
   11.7577   -0.8606   -0.8606   -0.8606    0.0000   -0.0000    0.0000
   11.7875   -0.8455   -0.8455   -0.8455    0.0000   -0.0000    0.0000
   11.8174   -0.8307   -0.8307   -0.8307    0.0000   -0.0000    0.0000
   11.8472   -0.8161   -0.8161   -0.8161    0.0000   -0.0000    0.0000
   11.8771   -0.8018   -0.8018   -0.8018    0.0000   -0.0000    0.0000
   11.9069   -0.7877   -0.7877   -0.7877    0.0000   -0.0000    0.0000
   11.9367   -0.7739   -0.7739   -0.7739    0.0000   -0.0000    0.0000
   11.9666   -0.7603   -0.7603   -0.7603    0.0000   -0.0000    0.0000
   11.9964   -0.7468   -0.7468   -0.7468    0.0000   -0.0000    0.0000
   12.0263   -0.7334   -0.7334   -0.7334    0.0000   -0.0000    0.0000
   12.0561   -0.7203   -0.7203   -0.7203    0.0000   -0.0000    0.0000
   12.0860   -0.7075   -0.7075   -0.7075    0.0000    0.0000    0.0000
   12.1158   -0.6950   -0.6950   -0.6950    0.0000   -0.0000    0.0000
   12.1456   -0.6830   -0.6830   -0.6830    0.0000   -0.0000    0.0000
   12.1755   -0.6713   -0.6713   -0.6713    0.0000   -0.0000    0.0000
   12.2053   -0.6599   -0.6599   -0.6599    0.0000   -0.0000    0.0000
   12.2352   -0.6488   -0.6488   -0.6488    0.0000   -0.0000    0.0000
   12.2650   -0.6379   -0.6379   -0.6379    0.0000   -0.0000    0.0000
   12.2948   -0.6272   -0.6272   -0.6272    0.0000   -0.0000    0.0000
   12.3247   -0.6166   -0.6166   -0.6166    0.0000   -0.0000    0.0000
   12.3545   -0.6064   -0.6064   -0.6064    0.0000   -0.0000    0.0000
   12.3844   -0.5965   -0.5965   -0.5965    0.0000   -0.0000    0.0000
   12.4142   -0.5867   -0.5867   -0.5867    0.0000   -0.0000    0.0000
   12.4441   -0.5770   -0.5770   -0.5770    0.0000   -0.0000    0.0000
   12.4739   -0.5672   -0.5672   -0.5672    0.0000   -0.0000    0.0000
   12.5037   -0.5575   -0.5575   -0.5575    0.0000   -0.0000    0.0000
   12.5336   -0.5478   -0.5478   -0.5478    0.0000   -0.0000    0.0000
   12.5634   -0.5383   -0.5383   -0.5383    0.0000   -0.0000    0.0000
   12.5933   -0.5289   -0.5289   -0.5289    0.0000   -0.0000    0.0000
   12.6231   -0.5197   -0.5197   -0.5197    0.0000   -0.0000    0.0000
   12.6530   -0.5107   -0.5107   -0.5107    0.0000   -0.0000    0.0000
   12.6828   -0.5017   -0.5017   -0.5017    0.0000   -0.0000    0.0000
   12.7126   -0.4928   -0.4928   -0.4928    0.0000   -0.0000    0.0000
   12.7425   -0.4839   -0.4839   -0.4839    0.0000   -0.0000    0.0000
   12.7723   -0.4749   -0.4749   -0.4749    0.0000   -0.0000    0.0000
   12.8022   -0.4660   -0.4660   -0.4660    0.0000   -0.0000    0.0000
   12.8320   -0.4571   -0.4571   -0.4571    0.0000   -0.0000    0.0000
   12.8618   -0.4483   -0.4483   -0.4483    0.0000   -0.0000    0.0000
   12.8917   -0.4396   -0.4396   -0.4396    0.0000   -0.0000    0.0000
   12.9215   -0.4312   -0.4312   -0.4312    0.0000   -0.0000    0.0000
   12.9514   -0.4232   -0.4232   -0.4232    0.0000   -0.0000    0.0000
   12.9812   -0.4156   -0.4156   -0.4156    0.0000   -0.0000    0.0000
   13.0111   -0.4086   -0.4086   -0.4086    0.0000   -0.0000    0.0000
   13.0409   -0.4022   -0.4022   -0.4022    0.0000   -0.0000    0.0000
   13.0707   -0.3963   -0.3963   -0.3963    0.0000   -0.0000    0.0000
   13.1006   -0.3908   -0.3908   -0.3908    0.0000   -0.0000    0.0000
   13.1304   -0.3856   -0.3856   -0.3856    0.0000   -0.0000    0.0000
   13.1603   -0.3806   -0.3806   -0.3806    0.0000   -0.0000    0.0000
   13.1901   -0.3759   -0.3759   -0.3759    0.0000   -0.0000    0.0000
   13.2199   -0.3712   -0.3712   -0.3712    0.0000   -0.0000    0.0000
   13.2498   -0.3666   -0.3666   -0.3666    0.0000   -0.0000    0.0000
   13.2796   -0.3619   -0.3619   -0.3619    0.0000   -0.0000    0.0000
   13.3095   -0.3571   -0.3571   -0.3571    0.0000   -0.0000    0.0000
   13.3393   -0.3521   -0.3521   -0.3521    0.0000   -0.0000    0.0000
   13.3692   -0.3468   -0.3468   -0.3468    0.0000   -0.0000    0.0000
   13.3990   -0.3413   -0.3413   -0.3413    0.0000   -0.0000    0.0000
   13.4288   -0.3357   -0.3357   -0.3357    0.0000   -0.0000    0.0000
   13.4587   -0.3299   -0.3299   -0.3299    0.0000   -0.0000    0.0000
   13.4885   -0.3241   -0.3241   -0.3241    0.0000   -0.0000    0.0000
   13.5184   -0.3182   -0.3182   -0.3182    0.0000   -0.0000    0.0000
   13.5482   -0.3122   -0.3122   -0.3122    0.0000   -0.0000    0.0000
   13.5780   -0.3063   -0.3063   -0.3063    0.0000   -0.0000    0.0000
   13.6079   -0.3003   -0.3003   -0.3003    0.0000   -0.0000    0.0000
   13.6377   -0.2945   -0.2945   -0.2945    0.0000   -0.0000    0.0000
   13.6676   -0.2887   -0.2887   -0.2887    0.0000   -0.0000    0.0000
   13.6974   -0.2831   -0.2831   -0.2831    0.0000   -0.0000    0.0000
   13.7273   -0.2776   -0.2776   -0.2776    0.0000   -0.0000    0.0000
   13.7571   -0.2723   -0.2723   -0.2723    0.0000   -0.0000    0.0000
   13.7869   -0.2671   -0.2671   -0.2671    0.0000   -0.0000    0.0000
   13.8168   -0.2621   -0.2621   -0.2621    0.0000   -0.0000    0.0000
   13.8466   -0.2571   -0.2571   -0.2571    0.0000   -0.0000    0.0000
   13.8765   -0.2522   -0.2522   -0.2522    0.0000   -0.0000    0.0000
   13.9063   -0.2474   -0.2474   -0.2474    0.0000   -0.0000    0.0000
   13.9362   -0.2427   -0.2427   -0.2427    0.0000   -0.0000    0.0000
   13.9660   -0.2379   -0.2379   -0.2379    0.0000   -0.0000    0.0000
   13.9958   -0.2331   -0.2331   -0.2331    0.0000   -0.0000    0.0000
   14.0257   -0.2283   -0.2283   -0.2283    0.0000   -0.0000    0.0000
   14.0555   -0.2234   -0.2234   -0.2234    0.0000   -0.0000    0.0000
   14.0854   -0.2184   -0.2184   -0.2184    0.0000   -0.0000    0.0000
   14.1152   -0.2135   -0.2135   -0.2135    0.0000   -0.0000    0.0000
   14.1450   -0.2085   -0.2085   -0.2085    0.0000   -0.0000    0.0000
   14.1749   -0.2036   -0.2036   -0.2036    0.0000   -0.0000    0.0000
   14.2047   -0.1987   -0.1987   -0.1987    0.0000   -0.0000    0.0000
   14.2346   -0.1937   -0.1937   -0.1937    0.0000   -0.0000    0.0000
   14.2644   -0.1886   -0.1886   -0.1886    0.0000   -0.0000    0.0000
   14.2943   -0.1834   -0.1834   -0.1834    0.0000   -0.0000    0.0000
   14.3241   -0.1782   -0.1782   -0.1782    0.0000   -0.0000    0.0000
   14.3539   -0.1730   -0.1730   -0.1730    0.0000   -0.0000    0.0000
   14.3838   -0.1678   -0.1678   -0.1678    0.0000   -0.0000    0.0000
   14.4136   -0.1625   -0.1625   -0.1625    0.0000   -0.0000    0.0000
   14.4435   -0.1573   -0.1573   -0.1573    0.0000   -0.0000    0.0000
   14.4733   -0.1519   -0.1519   -0.1519    0.0000   -0.0000    0.0000
   14.5031   -0.1465   -0.1465   -0.1465    0.0000   -0.0000    0.0000
   14.5330   -0.1406   -0.1406   -0.1406    0.0000   -0.0000    0.0000
   14.5628   -0.1343   -0.1343   -0.1343    0.0000   -0.0000    0.0000
   14.5927   -0.1275   -0.1275   -0.1275    0.0000   -0.0000    0.0000
   14.6225   -0.1204   -0.1204   -0.1204    0.0000   -0.0000    0.0000
   14.6524   -0.1132   -0.1132   -0.1132    0.0000   -0.0000    0.0000
   14.6822   -0.1059   -0.1059   -0.1059    0.0000   -0.0000    0.0000
   14.7120   -0.0987   -0.0987   -0.0987    0.0000   -0.0000    0.0000
   14.7419   -0.0915   -0.0915   -0.0915    0.0000   -0.0000    0.0000
   14.7717   -0.0838   -0.0838   -0.0838    0.0000   -0.0000    0.0000
   14.8016   -0.0756   -0.0756   -0.0756    0.0000   -0.0000    0.0000
   14.8314   -0.0672   -0.0672   -0.0672    0.0000   -0.0000    0.0000
   14.8612   -0.0588   -0.0588   -0.0588    0.0000   -0.0000    0.0000
   14.8911   -0.0508   -0.0508   -0.0508    0.0000   -0.0000    0.0000
   14.9209   -0.0432   -0.0432   -0.0432    0.0000   -0.0000    0.0000
   14.9508   -0.0359   -0.0359   -0.0359    0.0000   -0.0000    0.0000
   14.9806   -0.0290   -0.0290   -0.0290    0.0000   -0.0000    0.0000
   15.0105   -0.0224   -0.0224   -0.0224    0.0000   -0.0000    0.0000
   15.0403   -0.0160   -0.0160   -0.0160    0.0000   -0.0000    0.0000
   15.0701   -0.0099   -0.0099   -0.0099    0.0000   -0.0000    0.0000
   15.1000   -0.0040   -0.0040   -0.0040    0.0000   -0.0000    0.0000
   15.1298    0.0015    0.0015    0.0015    0.0000   -0.0000    0.0000
   15.1597    0.0067    0.0067    0.0067    0.0000   -0.0000    0.0000
   15.1895    0.0115    0.0115    0.0115    0.0000   -0.0000    0.0000
   15.2194    0.0159    0.0159    0.0159    0.0000   -0.0000    0.0000
   15.2492    0.0198    0.0198    0.0198    0.0000   -0.0000    0.0000
   15.2790    0.0234    0.0234    0.0234    0.0000   -0.0000    0.0000
   15.3089    0.0268    0.0268    0.0268    0.0000   -0.0000    0.0000
   15.3387    0.0300    0.0300    0.0300    0.0000   -0.0000    0.0000
   15.3686    0.0333    0.0333    0.0333    0.0000   -0.0000    0.0000
   15.3984    0.0369    0.0369    0.0369    0.0000   -0.0000    0.0000
   15.4282    0.0411    0.0411    0.0411    0.0000   -0.0000    0.0000
   15.4581    0.0457    0.0457    0.0457    0.0000   -0.0000    0.0000
   15.4879    0.0509    0.0509    0.0509    0.0000   -0.0000    0.0000
   15.5178    0.0564    0.0564    0.0564    0.0000   -0.0000    0.0000
   15.5476    0.0621    0.0621    0.0621    0.0000   -0.0000    0.0000
   15.5775    0.0680    0.0680    0.0680    0.0000   -0.0000    0.0000
   15.6073    0.0739    0.0739    0.0739    0.0000   -0.0000    0.0000
   15.6371    0.0800    0.0800    0.0800    0.0000    0.0000    0.0000
   15.6670    0.0860    0.0860    0.0860    0.0000    0.0000    0.0000
   15.6968    0.0920    0.0920    0.0920    0.0000    0.0000    0.0000
   15.7267    0.0978    0.0978    0.0978    0.0000    0.0000    0.0000
   15.7565    0.1036    0.1036    0.1036    0.0000    0.0000    0.0000
   15.7863    0.1092    0.1092    0.1092    0.0000    0.0000    0.0000
   15.8162    0.1147    0.1147    0.1147    0.0000    0.0000    0.0000
   15.8460    0.1202    0.1202    0.1202    0.0000    0.0000    0.0000
   15.8759    0.1256    0.1256    0.1256    0.0000    0.0000    0.0000
   15.9057    0.1310    0.1310    0.1310    0.0000    0.0000    0.0000
   15.9356    0.1364    0.1364    0.1364    0.0000    0.0000    0.0000
   15.9654    0.1418    0.1418    0.1418    0.0000    0.0000    0.0000
   15.9952    0.1472    0.1472    0.1472    0.0000    0.0000    0.0000
   16.0251    0.1525    0.1525    0.1525    0.0000    0.0000    0.0000
   16.0549    0.1577    0.1577    0.1577    0.0000    0.0000    0.0000
   16.0848    0.1630    0.1630    0.1630    0.0000    0.0000    0.0000
   16.1146    0.1682    0.1682    0.1682    0.0000    0.0000    0.0000
   16.1444    0.1733    0.1733    0.1733    0.0000    0.0000    0.0000
   16.1743    0.1783    0.1783    0.1783    0.0000    0.0000    0.0000
   16.2041    0.1832    0.1832    0.1832    0.0000    0.0000    0.0000
   16.2340    0.1878    0.1878    0.1878    0.0000    0.0000    0.0000
   16.2638    0.1923    0.1923    0.1923    0.0000    0.0000    0.0000
   16.2937    0.1968    0.1968    0.1968    0.0000    0.0000    0.0000
   16.3235    0.2013    0.2013    0.2013    0.0000    0.0000    0.0000
   16.3533    0.2058    0.2058    0.2058    0.0000    0.0000    0.0000
   16.3832    0.2103    0.2103    0.2103    0.0000    0.0000    0.0000
   16.4130    0.2147    0.2147    0.2147    0.0000    0.0000    0.0000
   16.4429    0.2189    0.2189    0.2189    0.0000    0.0000    0.0000
   16.4727    0.2226    0.2226    0.2226    0.0000    0.0000    0.0000
   16.5026    0.2258    0.2258    0.2258    0.0000    0.0000    0.0000
   16.5324    0.2285    0.2285    0.2285    0.0000    0.0000    0.0000
   16.5622    0.2308    0.2308    0.2308    0.0000    0.0000    0.0000
   16.5921    0.2327    0.2327    0.2327    0.0000    0.0000    0.0000
   16.6219    0.2341    0.2341    0.2341    0.0000   -0.0000    0.0000
   16.6518    0.2353    0.2353    0.2353    0.0000   -0.0000    0.0000
   16.6816    0.2362    0.2362    0.2362    0.0000   -0.0000    0.0000
   16.7114    0.2369    0.2369    0.2369    0.0000   -0.0000    0.0000
   16.7413    0.2375    0.2375    0.2375    0.0000   -0.0000    0.0000
   16.7711    0.2381    0.2381    0.2381    0.0000   -0.0000    0.0000
   16.8010    0.2389    0.2389    0.2389    0.0000   -0.0000    0.0000
   16.8308    0.2400    0.2400    0.2400    0.0000   -0.0000    0.0000
   16.8607    0.2413    0.2413    0.2413    0.0000   -0.0000    0.0000
   16.8905    0.2429    0.2429    0.2429    0.0000   -0.0000    0.0000
   16.9203    0.2447    0.2447    0.2447    0.0000   -0.0000    0.0000
   16.9502    0.2466    0.2466    0.2466    0.0000   -0.0000    0.0000
   16.9800    0.2483    0.2483    0.2483    0.0000   -0.0000    0.0000
   17.0099    0.2498    0.2498    0.2498    0.0000   -0.0000    0.0000
   17.0397    0.2508    0.2508    0.2508    0.0000   -0.0000    0.0000
   17.0695    0.2513    0.2513    0.2513    0.0000   -0.0000    0.0000
   17.0994    0.2510    0.2510    0.2510    0.0000   -0.0000    0.0000
   17.1292    0.2501    0.2501    0.2501    0.0000   -0.0000    0.0000
   17.1591    0.2487    0.2487    0.2487    0.0000   -0.0000    0.0000
   17.1889    0.2471    0.2471    0.2471    0.0000   -0.0000    0.0000
   17.2188    0.2453    0.2453    0.2453    0.0000   -0.0000    0.0000
   17.2486    0.2436    0.2436    0.2436    0.0000   -0.0000    0.0000
   17.2784    0.2421    0.2421    0.2421    0.0000   -0.0000    0.0000
   17.3083    0.2408    0.2408    0.2408    0.0000   -0.0000    0.0000
   17.3381    0.2400    0.2400    0.2400    0.0000   -0.0000    0.0000
   17.3680    0.2397    0.2397    0.2397    0.0000   -0.0000    0.0000
   17.3978    0.2400    0.2400    0.2400    0.0000   -0.0000    0.0000
   17.4276    0.2410    0.2410    0.2410    0.0000   -0.0000    0.0000
   17.4575    0.2425    0.2425    0.2425    0.0000   -0.0000    0.0000
   17.4873    0.2444    0.2444    0.2444    0.0000   -0.0000    0.0000
   17.5172    0.2466    0.2466    0.2466    0.0000   -0.0000    0.0000
   17.5470    0.2491    0.2491    0.2491    0.0000   -0.0000    0.0000
   17.5769    0.2520    0.2520    0.2520    0.0000   -0.0000    0.0000
   17.6067    0.2553    0.2553    0.2553    0.0000   -0.0000    0.0000
   17.6365    0.2590    0.2590    0.2590    0.0000   -0.0000    0.0000
   17.6664    0.2631    0.2631    0.2631    0.0000   -0.0000    0.0000
   17.6962    0.2675    0.2675    0.2675    0.0000   -0.0000    0.0000
   17.7261    0.2723    0.2723    0.2723    0.0000   -0.0000    0.0000
   17.7559    0.2774    0.2774    0.2774    0.0000   -0.0000    0.0000
   17.7858    0.2827    0.2827    0.2827    0.0000   -0.0000    0.0000
   17.8156    0.2881    0.2881    0.2881    0.0000   -0.0000    0.0000
   17.8454    0.2936    0.2936    0.2936    0.0000   -0.0000    0.0000
   17.8753    0.2989    0.2989    0.2989    0.0000   -0.0000    0.0000
   17.9051    0.3038    0.3038    0.3038    0.0000   -0.0000    0.0000
   17.9350    0.3083    0.3083    0.3083    0.0000   -0.0000    0.0000
   17.9648    0.3122    0.3122    0.3122    0.0000   -0.0000    0.0000
   17.9946    0.3156    0.3156    0.3156    0.0000   -0.0000    0.0000
   18.0245    0.3184    0.3184    0.3184    0.0000   -0.0000    0.0000
   18.0543    0.3207    0.3207    0.3207    0.0000   -0.0000    0.0000
   18.0842    0.3226    0.3226    0.3226    0.0000    0.0000    0.0000
   18.1140    0.3244    0.3244    0.3244    0.0000    0.0000    0.0000
   18.1439    0.3263    0.3263    0.3263    0.0000    0.0000    0.0000
   18.1737    0.3286    0.3286    0.3286    0.0000    0.0000    0.0000
   18.2035    0.3312    0.3312    0.3312    0.0000   -0.0000    0.0000
   18.2334    0.3341    0.3341    0.3341    0.0000   -0.0000    0.0000
   18.2632    0.3371    0.3371    0.3371    0.0000   -0.0000    0.0000
   18.2931    0.3400    0.3400    0.3400    0.0000   -0.0000    0.0000
   18.3229    0.3428    0.3428    0.3428    0.0000   -0.0000    0.0000
   18.3527    0.3456    0.3456    0.3456    0.0000   -0.0000    0.0000
   18.3826    0.3483    0.3483    0.3483    0.0000    0.0000    0.0000
   18.4124    0.3510    0.3510    0.3510    0.0000   -0.0000    0.0000
   18.4423    0.3539    0.3539    0.3539    0.0000   -0.0000    0.0000
   18.4721    0.3569    0.3569    0.3569    0.0000   -0.0000    0.0000
   18.5020    0.3600    0.3600    0.3600    0.0000   -0.0000    0.0000
   18.5318    0.3633    0.3633    0.3633    0.0000   -0.0000    0.0000
   18.5616    0.3668    0.3668    0.3668    0.0000   -0.0000    0.0000
   18.5915    0.3704    0.3704    0.3704    0.0000   -0.0000    0.0000
   18.6213    0.3741    0.3741    0.3741    0.0000   -0.0000    0.0000
   18.6512    0.3779    0.3779    0.3779    0.0000   -0.0000    0.0000
   18.6810    0.3817    0.3817    0.3817    0.0000   -0.0000    0.0000
   18.7108    0.3856    0.3856    0.3856    0.0000   -0.0000    0.0000
   18.7407    0.3893    0.3893    0.3893    0.0000   -0.0000    0.0000
   18.7705    0.3928    0.3928    0.3928    0.0000   -0.0000    0.0000
   18.8004    0.3962    0.3962    0.3962    0.0000   -0.0000    0.0000
   18.8302    0.3994    0.3994    0.3994    0.0000   -0.0000    0.0000
   18.8601    0.4025    0.4025    0.4025    0.0000   -0.0000    0.0000
   18.8899    0.4056    0.4056    0.4056    0.0000   -0.0000    0.0000
   18.9197    0.4084    0.4084    0.4084    0.0000   -0.0000    0.0000
   18.9496    0.4108    0.4108    0.4108    0.0000   -0.0000    0.0000
   18.9794    0.4123    0.4123    0.4123    0.0000   -0.0000    0.0000
   19.0093    0.4126    0.4126    0.4126    0.0000   -0.0000    0.0000
   19.0391    0.4114    0.4114    0.4114    0.0000   -0.0000    0.0000
   19.0690    0.4088    0.4088    0.4088    0.0000   -0.0000    0.0000
   19.0988    0.4048    0.4048    0.4048    0.0000    0.0000    0.0000
   19.1286    0.3999    0.3999    0.3999    0.0000    0.0000    0.0000
   19.1585    0.3944    0.3944    0.3944    0.0000    0.0000    0.0000
   19.1883    0.3885    0.3885    0.3885    0.0000    0.0000    0.0000
   19.2182    0.3827    0.3827    0.3827    0.0000   -0.0000    0.0000
   19.2480    0.3772    0.3772    0.3772    0.0000   -0.0000    0.0000
   19.2778    0.3724    0.3724    0.3724    0.0000   -0.0000    0.0000
   19.3077    0.3684    0.3684    0.3684    0.0000   -0.0000    0.0000
   19.3375    0.3653    0.3653    0.3653    0.0000   -0.0000    0.0000
   19.3674    0.3633    0.3633    0.3633    0.0000   -0.0000    0.0000
   19.3972    0.3625    0.3625    0.3625    0.0000   -0.0000    0.0000
   19.4271    0.3628    0.3628    0.3628    0.0000   -0.0000    0.0000
   19.4569    0.3642    0.3642    0.3642    0.0000   -0.0000    0.0000
   19.4867    0.3663    0.3663    0.3663    0.0000   -0.0000    0.0000
   19.5166    0.3688    0.3688    0.3688    0.0000   -0.0000    0.0000
   19.5464    0.3715    0.3715    0.3715    0.0000   -0.0000    0.0000
   19.5763    0.3742    0.3742    0.3742    0.0000   -0.0000    0.0000
   19.6061    0.3767    0.3767    0.3767    0.0000   -0.0000    0.0000
   19.6359    0.3790    0.3790    0.3790    0.0000   -0.0000    0.0000
   19.6658    0.3812    0.3812    0.3812    0.0000   -0.0000    0.0000
   19.6956    0.3832    0.3832    0.3832    0.0000   -0.0000    0.0000
   19.7255    0.3853    0.3853    0.3853    0.0000   -0.0000    0.0000
   19.7553    0.3876    0.3876    0.3876    0.0000   -0.0000    0.0000
   19.7852    0.3901    0.3901    0.3901    0.0000   -0.0000    0.0000
   19.8150    0.3929    0.3929    0.3929    0.0000   -0.0000    0.0000
   19.8448    0.3959    0.3959    0.3959    0.0000   -0.0000    0.0000
   19.8747    0.3990    0.3990    0.3990    0.0000   -0.0000    0.0000
   19.9045    0.4022    0.4022    0.4022    0.0000   -0.0000    0.0000
   19.9344    0.4054    0.4054    0.4054    0.0000   -0.0000    0.0000
   19.9642    0.4083    0.4083    0.4083    0.0000   -0.0000    0.0000
   19.9940    0.4109    0.4109    0.4109    0.0000   -0.0000    0.0000
   20.0239    0.4129    0.4129    0.4129    0.0000   -0.0000    0.0000
   20.0537    0.4141    0.4141    0.4141    0.0000   -0.0000    0.0000
   20.0836    0.4147    0.4147    0.4147    0.0000   -0.0000    0.0000
   20.1134    0.4145    0.4145    0.4145    0.0000   -0.0000    0.0000
   20.1433    0.4137    0.4137    0.4137    0.0000   -0.0000    0.0000
   20.1731    0.4125    0.4125    0.4125    0.0000   -0.0000    0.0000
   20.2029    0.4109    0.4109    0.4109    0.0000   -0.0000    0.0000
   20.2328    0.4089    0.4089    0.4089    0.0000   -0.0000    0.0000
   20.2626    0.4068    0.4068    0.4068    0.0000   -0.0000    0.0000
   20.2925    0.4047    0.4047    0.4047    0.0000   -0.0000    0.0000
   20.3223    0.4025    0.4025    0.4025    0.0000    0.0000    0.0000
   20.3522    0.4005    0.4005    0.4005    0.0000    0.0000    0.0000
   20.3820    0.3988    0.3988    0.3988    0.0000    0.0000    0.0000
   20.4118    0.3974    0.3974    0.3974    0.0000    0.0000    0.0000
   20.4417    0.3963    0.3963    0.3963    0.0000    0.0000    0.0000
   20.4715    0.3957    0.3957    0.3957    0.0000    0.0000    0.0000
   20.5014    0.3953    0.3953    0.3953    0.0000    0.0000    0.0000
   20.5312    0.3954    0.3954    0.3954    0.0000    0.0000    0.0000
   20.5610    0.3957    0.3957    0.3957    0.0000    0.0000    0.0000
   20.5909    0.3962    0.3962    0.3962    0.0000    0.0000    0.0000
   20.6207    0.3970    0.3970    0.3970    0.0000    0.0000    0.0000
   20.6506    0.3978    0.3978    0.3978    0.0000    0.0000    0.0000
   20.6804    0.3987    0.3987    0.3987    0.0000    0.0000    0.0000
   20.7103    0.3996    0.3996    0.3996    0.0000    0.0000    0.0000
   20.7401    0.4006    0.4006    0.4006    0.0000    0.0000    0.0000
   20.7699    0.4016    0.4016    0.4016    0.0000    0.0000    0.0000
   20.7998    0.4025    0.4025    0.4025    0.0000    0.0000    0.0000
   20.8296    0.4034    0.4034    0.4034    0.0000    0.0000    0.0000
   20.8595    0.4043    0.4043    0.4043    0.0000    0.0000    0.0000
   20.8893    0.4051    0.4051    0.4051    0.0000    0.0000    0.0000
   20.9191    0.4058    0.4058    0.4058    0.0000    0.0000    0.0000
   20.9490    0.4066    0.4066    0.4066    0.0000    0.0000    0.0000
   20.9788    0.4074    0.4074    0.4074    0.0000    0.0000    0.0000
   21.0087    0.4084    0.4084    0.4084    0.0000    0.0000    0.0000
   21.0385    0.4094    0.4094    0.4094    0.0000    0.0000    0.0000
   21.0684    0.4106    0.4106    0.4106    0.0000    0.0000    0.0000
   21.0982    0.4120    0.4120    0.4120    0.0000    0.0000    0.0000
   21.1280    0.4136    0.4136    0.4136    0.0000    0.0000    0.0000
   21.1579    0.4155    0.4155    0.4155    0.0000    0.0000    0.0000
   21.1877    0.4177    0.4177    0.4177    0.0000    0.0000    0.0000
   21.2176    0.4200    0.4200    0.4200    0.0000    0.0000    0.0000
   21.2474    0.4224    0.4224    0.4224    0.0000    0.0000    0.0000
   21.2772    0.4250    0.4250    0.4250    0.0000    0.0000    0.0000
   21.3071    0.4276    0.4276    0.4276    0.0000    0.0000    0.0000
   21.3369    0.4302    0.4302    0.4302    0.0000    0.0000    0.0000
   21.3668    0.4329    0.4329    0.4329    0.0000    0.0000    0.0000
   21.3966    0.4355    0.4355    0.4355    0.0000    0.0000    0.0000
   21.4265    0.4381    0.4381    0.4381    0.0000    0.0000    0.0000
   21.4563    0.4407    0.4407    0.4407    0.0000    0.0000    0.0000
   21.4861    0.4433    0.4433    0.4433    0.0000    0.0000    0.0000
   21.5160    0.4458    0.4458    0.4458    0.0000    0.0000    0.0000
   21.5458    0.4482    0.4482    0.4482    0.0000    0.0000    0.0000
   21.5757    0.4506    0.4506    0.4506    0.0000    0.0000    0.0000
   21.6055    0.4530    0.4530    0.4530    0.0000    0.0000    0.0000
   21.6354    0.4553    0.4553    0.4553    0.0000    0.0000    0.0000
   21.6652    0.4576    0.4576    0.4576    0.0000    0.0000    0.0000
   21.6950    0.4599    0.4599    0.4599    0.0000    0.0000    0.0000
   21.7249    0.4622    0.4622    0.4622    0.0000    0.0000    0.0000
   21.7547    0.4645    0.4645    0.4645    0.0000    0.0000    0.0000
   21.7846    0.4667    0.4667    0.4667    0.0000    0.0000    0.0000
   21.8144    0.4690    0.4690    0.4690    0.0000    0.0000    0.0000
   21.8442    0.4712    0.4712    0.4712    0.0000    0.0000    0.0000
   21.8741    0.4734    0.4734    0.4734    0.0000    0.0000    0.0000
   21.9039    0.4755    0.4755    0.4755    0.0000    0.0000    0.0000
   21.9338    0.4777    0.4777    0.4777    0.0000    0.0000    0.0000
   21.9636    0.4798    0.4798    0.4798    0.0000    0.0000    0.0000
   21.9935    0.4819    0.4819    0.4819    0.0000    0.0000    0.0000
   22.0233    0.4839    0.4839    0.4839    0.0000    0.0000    0.0000
   22.0531    0.4859    0.4859    0.4859    0.0000    0.0000    0.0000
   22.0830    0.4879    0.4879    0.4879    0.0000    0.0000    0.0000
   22.1128    0.4899    0.4899    0.4899    0.0000    0.0000    0.0000
   22.1427    0.4918    0.4918    0.4918    0.0000    0.0000    0.0000
   22.1725    0.4937    0.4937    0.4937    0.0000    0.0000    0.0000
   22.2023    0.4956    0.4956    0.4956    0.0000    0.0000    0.0000
   22.2322    0.4975    0.4975    0.4975    0.0000    0.0000    0.0000
   22.2620    0.4993    0.4993    0.4993    0.0000    0.0000    0.0000
   22.2919    0.5012    0.5012    0.5012    0.0000    0.0000    0.0000
   22.3217    0.5030    0.5030    0.5030    0.0000    0.0000    0.0000
   22.3516    0.5048    0.5048    0.5048    0.0000    0.0000    0.0000
   22.3814    0.5066    0.5066    0.5066    0.0000    0.0000    0.0000
   22.4112    0.5083    0.5083    0.5083    0.0000    0.0000    0.0000
   22.4411    0.5100    0.5100    0.5100    0.0000    0.0000    0.0000
   22.4709    0.5118    0.5118    0.5118    0.0000    0.0000    0.0000
   22.5008    0.5134    0.5134    0.5134    0.0000    0.0000    0.0000
   22.5306    0.5151    0.5151    0.5151    0.0000    0.0000    0.0000
   22.5604    0.5167    0.5167    0.5167    0.0000    0.0000    0.0000
   22.5903    0.5184    0.5184    0.5184    0.0000    0.0000    0.0000
   22.6201    0.5200    0.5200    0.5200    0.0000    0.0000    0.0000
   22.6500    0.5216    0.5216    0.5216    0.0000    0.0000    0.0000
   22.6798    0.5233    0.5233    0.5233    0.0000    0.0000    0.0000
   22.7097    0.5249    0.5249    0.5249    0.0000    0.0000    0.0000
   22.7395    0.5265    0.5265    0.5265    0.0000    0.0000    0.0000
   22.7693    0.5281    0.5281    0.5281    0.0000    0.0000    0.0000
   22.7992    0.5297    0.5297    0.5297    0.0000    0.0000    0.0000
   22.8290    0.5313    0.5313    0.5313    0.0000    0.0000    0.0000
   22.8589    0.5328    0.5328    0.5328    0.0000    0.0000    0.0000
   22.8887    0.5344    0.5344    0.5344    0.0000    0.0000    0.0000
   22.9186    0.5359    0.5359    0.5359    0.0000    0.0000    0.0000
   22.9484    0.5374    0.5374    0.5374    0.0000    0.0000    0.0000
   22.9782    0.5390    0.5390    0.5390    0.0000    0.0000    0.0000
   23.0081    0.5405    0.5405    0.5405    0.0000    0.0000    0.0000
   23.0379    0.5420    0.5420    0.5420    0.0000    0.0000    0.0000
   23.0678    0.5435    0.5435    0.5435    0.0000    0.0000    0.0000
   23.0976    0.5449    0.5449    0.5449    0.0000    0.0000    0.0000
   23.1274    0.5464    0.5464    0.5464    0.0000    0.0000    0.0000
   23.1573    0.5479    0.5479    0.5479    0.0000    0.0000    0.0000
   23.1871    0.5493    0.5493    0.5493    0.0000    0.0000    0.0000
   23.2170    0.5508    0.5508    0.5508    0.0000    0.0000    0.0000
   23.2468    0.5522    0.5522    0.5522    0.0000    0.0000    0.0000
   23.2767    0.5536    0.5536    0.5536    0.0000    0.0000    0.0000
   23.3065    0.5550    0.5550    0.5550    0.0000    0.0000    0.0000
   23.3363    0.5564    0.5564    0.5564    0.0000    0.0000    0.0000
   23.3662    0.5578    0.5578    0.5578    0.0000    0.0000    0.0000
   23.3960    0.5592    0.5592    0.5592    0.0000    0.0000    0.0000
   23.4259    0.5606    0.5606    0.5606    0.0000    0.0000    0.0000
   23.4557    0.5620    0.5620    0.5620    0.0000    0.0000    0.0000
   23.4855    0.5633    0.5633    0.5633    0.0000    0.0000    0.0000
   23.5154    0.5647    0.5647    0.5647    0.0000    0.0000    0.0000
   23.5452    0.5660    0.5660    0.5660    0.0000    0.0000    0.0000
   23.5751    0.5674    0.5674    0.5674    0.0000    0.0000    0.0000
   23.6049    0.5687    0.5687    0.5687    0.0000    0.0000    0.0000
   23.6348    0.5700    0.5700    0.5700    0.0000    0.0000    0.0000
   23.6646    0.5713    0.5713    0.5713    0.0000    0.0000    0.0000
   23.6944    0.5726    0.5726    0.5726    0.0000    0.0000    0.0000
   23.7243    0.5739    0.5739    0.5739    0.0000    0.0000    0.0000
   23.7541    0.5752    0.5752    0.5752    0.0000    0.0000    0.0000
   23.7840    0.5764    0.5764    0.5764    0.0000    0.0000    0.0000
   23.8138    0.5777    0.5777    0.5777    0.0000    0.0000    0.0000
   23.8436    0.5790    0.5790    0.5790    0.0000    0.0000    0.0000
   23.8735    0.5802    0.5802    0.5802    0.0000    0.0000    0.0000
   23.9033    0.5815    0.5815    0.5815    0.0000    0.0000    0.0000
   23.9332    0.5827    0.5827    0.5827    0.0000    0.0000    0.0000
   23.9630    0.5840    0.5840    0.5840    0.0000    0.0000    0.0000
   23.9929    0.5852    0.5852    0.5852    0.0000   -0.0000    0.0000
   24.0227    0.5865    0.5865    0.5865    0.0000   -0.0000    0.0000
   24.0525    0.5877    0.5877    0.5877    0.0000   -0.0000    0.0000
   24.0824    0.5889    0.5889    0.5889    0.0000   -0.0000    0.0000
   24.1122    0.5901    0.5901    0.5901    0.0000   -0.0000    0.0000
   24.1421    0.5913    0.5913    0.5913    0.0000   -0.0000    0.0000
   24.1719    0.5925    0.5925    0.5925    0.0000   -0.0000    0.0000
   24.2018    0.5937    0.5937    0.5937    0.0000   -0.0000    0.0000
   24.2316    0.5949    0.5949    0.5949    0.0000   -0.0000    0.0000
   24.2614    0.5961    0.5961    0.5961    0.0000    0.0000    0.0000
   24.2913    0.5973    0.5973    0.5973    0.0000    0.0000    0.0000
   24.3211    0.5985    0.5985    0.5985    0.0000    0.0000    0.0000
   24.3510    0.5997    0.5997    0.5997    0.0000    0.0000    0.0000
   24.3808    0.6008    0.6008    0.6008    0.0000    0.0000    0.0000
   24.4106    0.6020    0.6020    0.6020    0.0000    0.0000    0.0000
   24.4405    0.6032    0.6032    0.6032    0.0000    0.0000    0.0000
   24.4703    0.6043    0.6043    0.6043    0.0000    0.0000    0.0000
   24.5002    0.6055    0.6055    0.6055    0.0000    0.0000    0.0000
   24.5300    0.6066    0.6066    0.6066    0.0000    0.0000    0.0000
   24.5599    0.6078    0.6078    0.6078    0.0000    0.0000    0.0000
   24.5897    0.6090    0.6090    0.6090    0.0000    0.0000    0.0000
   24.6195    0.6102    0.6102    0.6102    0.0000    0.0000    0.0000
   24.6494    0.6113    0.6113    0.6113    0.0000    0.0000    0.0000
   24.6792    0.6125    0.6125    0.6125    0.0000    0.0000    0.0000
   24.7091    0.6137    0.6137    0.6137    0.0000    0.0000    0.0000
   24.7389    0.6148    0.6148    0.6148    0.0000    0.0000    0.0000
   24.7687    0.6160    0.6160    0.6160    0.0000    0.0000    0.0000
   24.7986    0.6172    0.6172    0.6172    0.0000    0.0000    0.0000
   24.8284    0.6183    0.6183    0.6183    0.0000    0.0000    0.0000
   24.8583    0.6195    0.6195    0.6195    0.0000    0.0000    0.0000
   24.8881    0.6206    0.6206    0.6206    0.0000    0.0000    0.0000
   24.9180    0.6217    0.6217    0.6217    0.0000    0.0000    0.0000
   24.9478    0.6228    0.6228    0.6228    0.0000    0.0000    0.0000
   24.9776    0.6239    0.6239    0.6239    0.0000    0.0000    0.0000
   25.0075    0.6250    0.6250    0.6250    0.0000    0.0000    0.0000
   25.0373    0.6261    0.6261    0.6261    0.0000    0.0000    0.0000
   25.0672    0.6272    0.6272    0.6272    0.0000    0.0000    0.0000
   25.0970    0.6283    0.6283    0.6283    0.0000    0.0000    0.0000
   25.1268    0.6293    0.6293    0.6293    0.0000    0.0000    0.0000
   25.1567    0.6304    0.6304    0.6304    0.0000    0.0000    0.0000
   25.1865    0.6314    0.6314    0.6314    0.0000    0.0000    0.0000
   25.2164    0.6325    0.6325    0.6325    0.0000    0.0000    0.0000
   25.2462    0.6335    0.6335    0.6335    0.0000    0.0000    0.0000
   25.2761    0.6345    0.6345    0.6345    0.0000    0.0000    0.0000
   25.3059    0.6356    0.6356    0.6356    0.0000    0.0000    0.0000
   25.3357    0.6366    0.6366    0.6366    0.0000    0.0000    0.0000
   25.3656    0.6376    0.6376    0.6376    0.0000    0.0000    0.0000
   25.3954    0.6386    0.6386    0.6386    0.0000    0.0000    0.0000
   25.4253    0.6396    0.6396    0.6396    0.0000    0.0000    0.0000
   25.4551    0.6406    0.6406    0.6406    0.0000    0.0000    0.0000
   25.4850    0.6416    0.6416    0.6416    0.0000    0.0000    0.0000
   25.5148    0.6425    0.6425    0.6425    0.0000    0.0000    0.0000
   25.5446    0.6435    0.6435    0.6435    0.0000    0.0000    0.0000
   25.5745    0.6445    0.6445    0.6445    0.0000    0.0000    0.0000
   25.6043    0.6455    0.6455    0.6455    0.0000    0.0000    0.0000
   25.6342    0.6464    0.6464    0.6464    0.0000    0.0000    0.0000
   25.6640    0.6474    0.6474    0.6474    0.0000    0.0000    0.0000
   25.6938    0.6483    0.6483    0.6483    0.0000    0.0000    0.0000
   25.7237    0.6493    0.6493    0.6493    0.0000    0.0000    0.0000
   25.7535    0.6502    0.6502    0.6502    0.0000    0.0000    0.0000
   25.7834    0.6511    0.6511    0.6511    0.0000    0.0000    0.0000
   25.8132    0.6521    0.6521    0.6521    0.0000    0.0000    0.0000
   25.8431    0.6530    0.6530    0.6530    0.0000    0.0000    0.0000
   25.8729    0.6539    0.6539    0.6539    0.0000    0.0000    0.0000
   25.9027    0.6548    0.6548    0.6548    0.0000    0.0000    0.0000
   25.9326    0.6557    0.6557    0.6557    0.0000    0.0000    0.0000
   25.9624    0.6567    0.6567    0.6567    0.0000    0.0000    0.0000
   25.9923    0.6576    0.6576    0.6576    0.0000    0.0000    0.0000
   26.0221    0.6585    0.6585    0.6585    0.0000    0.0000    0.0000
   26.0519    0.6593    0.6593    0.6593    0.0000    0.0000    0.0000
   26.0818    0.6602    0.6602    0.6602    0.0000    0.0000    0.0000
   26.1116    0.6611    0.6611    0.6611    0.0000    0.0000    0.0000
   26.1415    0.6620    0.6620    0.6620    0.0000    0.0000    0.0000
   26.1713    0.6629    0.6629    0.6629    0.0000    0.0000    0.0000
   26.2012    0.6638    0.6638    0.6638    0.0000    0.0000    0.0000
   26.2310    0.6646    0.6646    0.6646    0.0000    0.0000    0.0000
   26.2608    0.6655    0.6655    0.6655    0.0000    0.0000    0.0000
   26.2907    0.6664    0.6664    0.6664    0.0000    0.0000    0.0000
   26.3205    0.6672    0.6672    0.6672    0.0000    0.0000    0.0000
   26.3504    0.6681    0.6681    0.6681    0.0000    0.0000    0.0000
   26.3802    0.6689    0.6689    0.6689    0.0000    0.0000    0.0000
   26.4100    0.6698    0.6698    0.6698    0.0000    0.0000    0.0000
   26.4399    0.6706    0.6706    0.6706    0.0000    0.0000    0.0000
   26.4697    0.6714    0.6714    0.6714    0.0000    0.0000    0.0000
   26.4996    0.6723    0.6723    0.6723    0.0000    0.0000    0.0000
   26.5294    0.6731    0.6731    0.6731    0.0000    0.0000    0.0000
   26.5593    0.6739    0.6739    0.6739    0.0000    0.0000    0.0000
   26.5891    0.6748    0.6748    0.6748    0.0000    0.0000    0.0000
   26.6189    0.6756    0.6756    0.6756    0.0000    0.0000    0.0000
   26.6488    0.6764    0.6764    0.6764    0.0000    0.0000    0.0000
   26.6786    0.6772    0.6772    0.6772    0.0000    0.0000    0.0000
   26.7085    0.6780    0.6780    0.6780    0.0000    0.0000    0.0000
   26.7383    0.6788    0.6788    0.6788    0.0000    0.0000    0.0000
   26.7682    0.6796    0.6796    0.6796    0.0000    0.0000    0.0000
   26.7980    0.6804    0.6804    0.6804    0.0000    0.0000    0.0000
   26.8278    0.6812    0.6812    0.6812    0.0000    0.0000    0.0000
   26.8577    0.6820    0.6820    0.6820    0.0000    0.0000    0.0000
   26.8875    0.6828    0.6828    0.6828    0.0000    0.0000    0.0000
   26.9174    0.6836    0.6836    0.6836    0.0000    0.0000    0.0000
   26.9472    0.6844    0.6844    0.6844    0.0000    0.0000    0.0000
   26.9770    0.6851    0.6851    0.6851    0.0000    0.0000    0.0000
   27.0069    0.6859    0.6859    0.6859    0.0000    0.0000    0.0000
   27.0367    0.6867    0.6867    0.6867    0.0000    0.0000    0.0000
   27.0666    0.6875    0.6875    0.6875    0.0000    0.0000    0.0000
   27.0964    0.6882    0.6882    0.6882    0.0000    0.0000    0.0000
   27.1263    0.6890    0.6890    0.6890    0.0000    0.0000    0.0000
   27.1561    0.6897    0.6897    0.6897    0.0000    0.0000    0.0000
   27.1859    0.6905    0.6905    0.6905    0.0000    0.0000    0.0000
   27.2158    0.6913    0.6913    0.6913    0.0000    0.0000    0.0000
   27.2456    0.6920    0.6920    0.6920    0.0000    0.0000    0.0000
   27.2755    0.6927    0.6927    0.6927    0.0000    0.0000    0.0000
   27.3053    0.6935    0.6935    0.6935    0.0000    0.0000    0.0000
   27.3351    0.6942    0.6942    0.6942    0.0000    0.0000    0.0000
   27.3650    0.6950    0.6950    0.6950    0.0000    0.0000    0.0000
   27.3948    0.6957    0.6957    0.6957    0.0000    0.0000    0.0000
   27.4247    0.6964    0.6964    0.6964    0.0000    0.0000    0.0000
   27.4545    0.6972    0.6972    0.6972    0.0000    0.0000    0.0000
   27.4844    0.6979    0.6979    0.6979    0.0000    0.0000    0.0000
   27.5142    0.6986    0.6986    0.6986    0.0000    0.0000    0.0000
   27.5440    0.6993    0.6993    0.6993    0.0000    0.0000    0.0000
   27.5739    0.7001    0.7001    0.7001    0.0000    0.0000    0.0000
   27.6037    0.7008    0.7008    0.7008    0.0000    0.0000    0.0000
   27.6336    0.7015    0.7015    0.7015    0.0000    0.0000    0.0000
   27.6634    0.7022    0.7022    0.7022    0.0000    0.0000    0.0000
   27.6932    0.7029    0.7029    0.7029    0.0000    0.0000    0.0000
   27.7231    0.7036    0.7036    0.7036    0.0000    0.0000    0.0000
   27.7529    0.7043    0.7043    0.7043    0.0000    0.0000    0.0000
   27.7828    0.7050    0.7050    0.7050    0.0000    0.0000    0.0000
   27.8126    0.7057    0.7057    0.7057    0.0000    0.0000    0.0000
   27.8425    0.7064    0.7064    0.7064    0.0000    0.0000    0.0000
   27.8723    0.7071    0.7071    0.7071    0.0000    0.0000    0.0000
   27.9021    0.7078    0.7078    0.7078    0.0000    0.0000    0.0000
   27.9320    0.7084    0.7084    0.7084    0.0000    0.0000    0.0000
   27.9618    0.7091    0.7091    0.7091    0.0000    0.0000    0.0000
   27.9917    0.7098    0.7098    0.7098    0.0000    0.0000    0.0000
   28.0215    0.7105    0.7105    0.7105    0.0000    0.0000    0.0000
   28.0514    0.7112    0.7112    0.7112    0.0000    0.0000    0.0000
   28.0812    0.7118    0.7118    0.7118    0.0000    0.0000    0.0000
   28.1110    0.7125    0.7125    0.7125    0.0000    0.0000    0.0000
   28.1409    0.7132    0.7132    0.7132    0.0000    0.0000    0.0000
   28.1707    0.7138    0.7138    0.7138    0.0000    0.0000    0.0000
   28.2006    0.7145    0.7145    0.7145    0.0000    0.0000    0.0000
   28.2304    0.7152    0.7152    0.7152    0.0000    0.0000    0.0000
   28.2602    0.7158    0.7158    0.7158    0.0000    0.0000    0.0000
   28.2901    0.7165    0.7165    0.7165    0.0000    0.0000    0.0000
   28.3199    0.7171    0.7171    0.7171    0.0000    0.0000    0.0000
   28.3498    0.7178    0.7178    0.7178    0.0000    0.0000    0.0000
   28.3796    0.7184    0.7184    0.7184    0.0000    0.0000    0.0000
   28.4095    0.7191    0.7191    0.7191    0.0000    0.0000    0.0000
   28.4393    0.7197    0.7197    0.7197    0.0000    0.0000    0.0000
   28.4691    0.7203    0.7203    0.7203    0.0000    0.0000    0.0000
   28.4990    0.7210    0.7210    0.7210    0.0000    0.0000    0.0000
   28.5288    0.7216    0.7216    0.7216    0.0000    0.0000    0.0000
   28.5587    0.7222    0.7222    0.7222    0.0000    0.0000    0.0000
   28.5885    0.7229    0.7229    0.7229    0.0000    0.0000    0.0000
   28.6183    0.7235    0.7235    0.7235    0.0000    0.0000    0.0000
   28.6482    0.7241    0.7241    0.7241    0.0000    0.0000    0.0000
   28.6780    0.7248    0.7248    0.7248    0.0000    0.0000    0.0000
   28.7079    0.7254    0.7254    0.7254    0.0000    0.0000    0.0000
   28.7377    0.7260    0.7260    0.7260    0.0000    0.0000    0.0000
   28.7676    0.7266    0.7266    0.7266    0.0000    0.0000    0.0000
   28.7974    0.7272    0.7272    0.7272    0.0000    0.0000    0.0000
   28.8272    0.7278    0.7278    0.7278    0.0000    0.0000    0.0000
   28.8571    0.7284    0.7284    0.7284    0.0000    0.0000    0.0000
   28.8869    0.7291    0.7291    0.7291    0.0000    0.0000    0.0000
   28.9168    0.7297    0.7297    0.7297    0.0000    0.0000    0.0000
   28.9466    0.7303    0.7303    0.7303    0.0000    0.0000    0.0000
   28.9764    0.7309    0.7309    0.7309    0.0000    0.0000    0.0000
   29.0063    0.7315    0.7315    0.7315    0.0000    0.0000    0.0000
   29.0361    0.7321    0.7321    0.7321    0.0000    0.0000    0.0000
   29.0660    0.7327    0.7327    0.7327    0.0000    0.0000    0.0000
   29.0958    0.7332    0.7332    0.7332    0.0000    0.0000    0.0000
   29.1257    0.7338    0.7338    0.7338    0.0000    0.0000    0.0000
   29.1555    0.7344    0.7344    0.7344    0.0000    0.0000    0.0000
   29.1853    0.7350    0.7350    0.7350    0.0000    0.0000    0.0000
   29.2152    0.7356    0.7356    0.7356    0.0000    0.0000    0.0000
   29.2450    0.7362    0.7362    0.7362    0.0000    0.0000    0.0000
   29.2749    0.7368    0.7368    0.7368    0.0000    0.0000    0.0000
   29.3047    0.7373    0.7373    0.7373    0.0000    0.0000    0.0000
   29.3346    0.7379    0.7379    0.7379    0.0000    0.0000    0.0000
   29.3644    0.7385    0.7385    0.7385    0.0000    0.0000    0.0000
   29.3942    0.7391    0.7391    0.7391    0.0000    0.0000    0.0000
   29.4241    0.7396    0.7396    0.7396    0.0000    0.0000    0.0000
   29.4539    0.7402    0.7402    0.7402    0.0000    0.0000    0.0000
   29.4838    0.7408    0.7408    0.7408    0.0000    0.0000    0.0000
   29.5136    0.7413    0.7413    0.7413    0.0000    0.0000    0.0000
   29.5434    0.7419    0.7419    0.7419    0.0000    0.0000    0.0000
   29.5733    0.7425    0.7425    0.7425    0.0000    0.0000    0.0000
   29.6031    0.7430    0.7430    0.7430    0.0000    0.0000    0.0000
   29.6330    0.7436    0.7436    0.7436    0.0000    0.0000    0.0000
   29.6628    0.7441    0.7441    0.7441    0.0000    0.0000    0.0000
   29.6927    0.7447    0.7447    0.7447    0.0000    0.0000    0.0000
   29.7225    0.7452    0.7452    0.7452    0.0000    0.0000    0.0000
   29.7523    0.7458    0.7458    0.7458    0.0000    0.0000    0.0000
   29.7822    0.7463    0.7463    0.7463    0.0000    0.0000    0.0000
   29.8120    0.7469    0.7469    0.7469    0.0000    0.0000    0.0000
