  #energy          xx             yy              zz              xy              yz              zx
  0.00000000E+00  0.32979135E+00  0.32979135E+00  0.32979135E+00  0.10000000E+01  0.10000000E+01  0.10000000E+01
  0.29800000E-01  0.32981113E+00  0.32981113E+00  0.32981113E+00  0.10000000E+01  0.10000000E+01  0.10000000E+01
  0.59700000E-01  0.32987186E+00  0.32987186E+00  0.32987186E+00  0.10000000E+01  0.10000000E+01  0.10000000E+01
  0.89500000E-01  0.32997350E+00  0.32997350E+00  0.32997350E+00  0.10000000E+01  0.10000000E+01  0.10000000E+01
  0.11940000E+00  0.33011460E+00  0.33011460E+00  0.33011460E+00  0.10000000E+01  0.10000000E+01  0.10000000E+01
  0.14920000E+00  0.33029787E+00  0.33029787E+00  0.33029787E+00  0.10000000E+01  0.10000000E+01  0.10000000E+01
  0.17910000E+00  0.33052322E+00  0.33052322E+00  0.33052322E+00  0.10000000E+01  0.10000000E+01  0.10000000E+01
  0.20890000E+00  0.33079049E+00  0.33079049E+00  0.33079049E+00  0.10000000E+01  0.10000000E+01  0.10000000E+01
  0.23870000E+00  0.33110093E+00  0.33110093E+00  0.33110093E+00  0.10000000E+01  0.10000000E+01  0.10000000E+01
  0.26860000E+00  0.33145434E+00  0.33145434E+00  0.33145434E+00  0.10000000E+01  0.10000000E+01  0.10000000E+01
  0.29840000E+00  0.33185331E+00  0.33185331E+00  0.33185331E+00  0.10000000E+01  0.10000000E+01  0.10000000E+01
  0.32830000E+00  0.33229756E+00  0.33229756E+00  0.33229756E+00  0.10000000E+01  0.10000000E+01  0.10000000E+01
  0.35810000E+00  0.33278958E+00  0.33278958E+00  0.33278958E+00  0.10000000E+01  0.10000000E+01  0.10000000E+01
  0.38790000E+00  0.33333042E+00  0.33333042E+00  0.33333042E+00  0.10000000E+01  0.10000000E+01  0.10000000E+01
  0.41780000E+00  0.33392249E+00  0.33392249E+00  0.33392249E+00  0.10000000E+01  0.10000000E+01  0.10000000E+01
  0.44760000E+00  0.33456534E+00  0.33456534E+00  0.33456534E+00  0.10000000E+01  0.10000000E+01  0.10000000E+01
  0.47750000E+00  0.33526540E+00  0.33526540E+00  0.33526540E+00  0.10000000E+01  0.10000000E+01  0.10000000E+01
  0.50730000E+00  0.33602211E+00  0.33602211E+00  0.33602211E+00  0.10000000E+01  0.10000000E+01  0.10000000E+01
  0.53720000E+00  0.33684034E+00  0.33684034E+00  0.33684034E+00  0.10000000E+01  0.10000000E+01  0.10000000E+01
  0.56700000E+00  0.33772353E+00  0.33772353E+00  0.33772353E+00  0.10000000E+01  0.10000000E+01  0.10000000E+01
  0.59680000E+00  0.33867496E+00  0.33867496E+00  0.33867496E+00  0.10000000E+01  0.10000000E+01  0.10000000E+01
  0.62670000E+00  0.33970190E+00  0.33970190E+00  0.33970190E+00  0.10000000E+01  0.10000000E+01  0.10000000E+01
  0.65650000E+00  0.34080752E+00  0.34080752E+00  0.34080752E+00  0.10000000E+01  0.10000000E+01  0.10000000E+01
  0.68640000E+00  0.34200156E+00  0.34200156E+00  0.34200156E+00  0.10000000E+01  0.10000000E+01  0.10000000E+01
  0.71620000E+00  0.34329103E+00  0.34329103E+00  0.34329103E+00  0.10000000E+01  0.10000000E+01  0.10000000E+01
  0.74600000E+00  0.34468297E+00  0.34468297E+00  0.34468297E+00  0.10000000E+01  0.10000000E+01  0.10000000E+01
  0.77590000E+00  0.34618743E+00  0.34618743E+00  0.34618743E+00  0.10000000E+01  0.10000000E+01  0.10000000E+01
  0.80570000E+00  0.34780871E+00  0.34780871E+00  0.34780871E+00  0.10000000E+01  0.10000000E+01  0.10000000E+01
  0.83560000E+00  0.34954395E+00  0.34954395E+00  0.34954395E+00  0.10000000E+01  0.10000000E+01  0.10000000E+01
  0.86540000E+00  0.35136193E+00  0.35136193E+00  0.35136193E+00  0.10000000E+01  0.10000000E+01  0.10000000E+01
  0.89530000E+00  0.35318173E+00  0.35318173E+00  0.35318173E+00  0.10000000E+01  0.10000000E+01  0.10000000E+01
  0.92510000E+00  0.35484950E+00  0.35484950E+00  0.35484950E+00  0.10000000E+01  0.10000000E+01  0.10000000E+01
  0.95490000E+00  0.35619300E+00  0.35619300E+00  0.35619300E+00  0.10000000E+01  0.10000000E+01  0.10000000E+01
  0.98480000E+00  0.35718052E+00  0.35718052E+00  0.35718052E+00  0.10000000E+01  0.10000000E+01  0.10000000E+01
  0.10146000E+01  0.35792988E+00  0.35792988E+00  0.35792988E+00  0.10000000E+01  0.10000000E+01  0.10000000E+01
  0.10445000E+01  0.35858105E+00  0.35858105E+00  0.35858105E+00  0.10000000E+01  0.10000000E+01  0.10000000E+01
  0.10743000E+01  0.35921983E+00  0.35921983E+00  0.35921983E+00  0.10000000E+01  0.10000000E+01  0.10000000E+01
  0.11041000E+01  0.35988639E+00  0.35988639E+00  0.35988639E+00  0.10000000E+01  0.10000000E+01  0.10000000E+01
  0.11340000E+01  0.36059667E+00  0.36059667E+00  0.36059667E+00  0.10000000E+01  0.10000000E+01  0.10000000E+01
  0.11638000E+01  0.36135542E+00  0.36135542E+00  0.36135542E+00  0.10000000E+01  0.10000000E+01  0.10000000E+01
  0.11937000E+01  0.36216616E+00  0.36216616E+00  0.36216616E+00  0.10000000E+01  0.10000000E+01  0.10000000E+01
  0.12235000E+01  0.36302512E+00  0.36302512E+00  0.36302512E+00  0.10000000E+01  0.10000000E+01  0.10000000E+01
  0.12534000E+01  0.36393455E+00  0.36393455E+00  0.36393455E+00  0.10000000E+01  0.10000000E+01  0.10000000E+01
  0.12832000E+01  0.36489303E+00  0.36489303E+00  0.36489303E+00  0.10000000E+01  0.10000000E+01  0.10000000E+01
  0.13130000E+01  0.36589982E+00  0.36589982E+00  0.36589982E+00  0.10000000E+01  0.10000000E+01  0.10000000E+01
  0.13429000E+01  0.36695629E+00  0.36695629E+00  0.36695629E+00  0.10000000E+01  0.10000000E+01  0.10000000E+01
  0.13727000E+01  0.36806442E+00  0.36806442E+00  0.36806442E+00  0.10000000E+01  0.10000000E+01  0.10000000E+01
  0.14026000E+01  0.36922562E+00  0.36922562E+00  0.36922562E+00  0.10000000E+01  0.10000000E+01  0.10000000E+01
  0.14324000E+01  0.37044244E+00  0.37044244E+00  0.37044244E+00  0.10000000E+01  0.10000000E+01  0.10000000E+01
  0.14623000E+01  0.37172010E+00  0.37172010E+00  0.37172010E+00  0.10000000E+01  0.10000000E+01  0.10000000E+01
  0.14921000E+01  0.37306020E+00  0.37306020E+00  0.37306020E+00  0.10000000E+01  0.10000000E+01  0.10000000E+01
  0.15219000E+01  0.37446979E+00  0.37446979E+00  0.37446979E+00  0.10000000E+01  0.10000000E+01  0.10000000E+01
  0.15518000E+01  0.37595354E+00  0.37595354E+00  0.37595354E+00  0.10000000E+01  0.10000000E+01  0.10000000E+01
  0.15816000E+01  0.37751960E+00  0.37751960E+00  0.37751960E+00  0.10000000E+01  0.10000000E+01  0.10000000E+01
  0.16115000E+01  0.37917218E+00  0.37917218E+00  0.37917218E+00  0.10000000E+01  0.10000000E+01  0.10000000E+01
  0.16413000E+01  0.38091468E+00  0.38091468E+00  0.38091468E+00  0.10000000E+01  0.10000000E+01  0.10000000E+01
  0.16711000E+01  0.38273503E+00  0.38273503E+00  0.38273503E+00  0.10000000E+01  0.10000000E+01  0.10000000E+01
  0.17010000E+01  0.38459792E+00  0.38459792E+00  0.38459792E+00  0.10000000E+01  0.10000000E+01  0.10000000E+01
  0.17308000E+01  0.38643420E+00  0.38643420E+00  0.38643420E+00  0.10000000E+01  0.10000000E+01  0.10000000E+01
  0.17607000E+01  0.38821335E+00  0.38821335E+00  0.38821335E+00  0.10000000E+01  0.10000000E+01  0.10000000E+01
  0.17905000E+01  0.39008119E+00  0.39008119E+00  0.39008119E+00  0.10000000E+01  0.10000000E+01  0.10000000E+01
  0.18204000E+01  0.39229686E+00  0.39229686E+00  0.39229686E+00  0.10000000E+01  0.10000000E+01  0.10000000E+01
  0.18502000E+01  0.39499083E+00  0.39499083E+00  0.39499083E+00  0.10000000E+01  0.10000000E+01  0.10000000E+01
  0.18800000E+01  0.39812869E+00  0.39812869E+00  0.39812869E+00  0.10000000E+01  0.10000000E+01  0.10000000E+01
  0.19099000E+01  0.40163186E+00  0.40163186E+00  0.40163186E+00  0.10000000E+01  0.10000000E+01  0.10000000E+01
  0.19397000E+01  0.40545129E+00  0.40545129E+00  0.40545129E+00  0.10000000E+01  0.10000000E+01  0.10000000E+01
  0.19696000E+01  0.40956814E+00  0.40956814E+00  0.40956814E+00  0.10000000E+01  0.10000000E+01  0.10000000E+01
  0.19994000E+01  0.41395115E+00  0.41395115E+00  0.41395115E+00  0.10000000E+01  0.10000000E+01  0.10000000E+01
  0.20292000E+01  0.41851053E+00  0.41851053E+00  0.41851053E+00  0.10000000E+01  0.10000000E+01  0.10000000E+01
  0.20591000E+01  0.42307803E+00  0.42307803E+00  0.42307803E+00  0.10000000E+01  0.10000000E+01  0.10000000E+01
  0.20889000E+01  0.42744733E+00  0.42744733E+00  0.42744733E+00  0.10000000E+01  0.10000000E+01  0.10000000E+01
  0.21188000E+01  0.43145197E+00  0.43145197E+00  0.43145197E+00  0.10000000E+01  0.10000000E+01  0.10000000E+01
  0.21486000E+01  0.43500286E+00  0.43500286E+00  0.43500286E+00  0.10000000E+01  0.10000000E+01  0.10000000E+01
  0.21785000E+01  0.43805662E+00  0.43805662E+00  0.43805662E+00  0.10000000E+01  0.10000000E+01  0.10000000E+01
  0.22083000E+01  0.44059106E+00  0.44059106E+00  0.44059106E+00  0.10000000E+01  0.10000000E+01  0.10000000E+01
  0.22381000E+01  0.44259309E+00  0.44259309E+00  0.44259309E+00  0.10000000E+01  0.10000000E+01  0.10000000E+01
  0.22680000E+01  0.44405904E+00  0.44405904E+00  0.44405904E+00  0.10000000E+01  0.10000000E+01  0.10000000E+01
  0.22978000E+01  0.44498857E+00  0.44498857E+00  0.44498857E+00  0.10000000E+01  0.10000000E+01  0.10000000E+01
  0.23277000E+01  0.44540373E+00  0.44540373E+00  0.44540373E+00  0.10000000E+01  0.10000000E+01  0.10000000E+01
  0.23575000E+01  0.44535064E+00  0.44535064E+00  0.44535064E+00  0.10000000E+01  0.10000000E+01  0.10000000E+01
  0.23873000E+01  0.44488041E+00  0.44488041E+00  0.44488041E+00  0.10000000E+01  0.10000000E+01  0.10000000E+01
  0.24172000E+01  0.44403362E+00  0.44403362E+00  0.44403362E+00  0.10000000E+01  0.10000000E+01  0.10000000E+01
  0.24470000E+01  0.44291406E+00  0.44291406E+00  0.44291406E+00  0.10000000E+01  0.10000000E+01  0.10000000E+01
  0.24769000E+01  0.44166248E+00  0.44166248E+00  0.44166248E+00  0.10000000E+01  0.10000000E+01  0.10000000E+01
  0.25067000E+01  0.44030750E+00  0.44030750E+00  0.44030750E+00  0.10000000E+01  0.10000000E+01  0.10000000E+01
  0.25366000E+01  0.43876502E+00  0.43876502E+00  0.43876502E+00  0.10000000E+01  0.10000000E+01  0.10000000E+01
  0.25664000E+01  0.43697818E+00  0.43697818E+00  0.43697818E+00  0.10000000E+01  0.10000000E+01  0.10000000E+01
  0.25962000E+01  0.43499576E+00  0.43499576E+00  0.43499576E+00  0.10000000E+01  0.10000000E+01  0.10000000E+01
  0.26261000E+01  0.43294527E+00  0.43294527E+00  0.43294527E+00  0.10000000E+01  0.10000000E+01  0.10000000E+01
  0.26559000E+01  0.43096346E+00  0.43096346E+00  0.43096346E+00  0.10000000E+01  0.10000000E+01  0.10000000E+01
  0.26858000E+01  0.42913023E+00  0.42913023E+00  0.42913023E+00  0.10000000E+01  0.10000000E+01  0.10000000E+01
  0.27156000E+01  0.42745840E+00  0.42745840E+00  0.42745840E+00  0.10000000E+01  0.10000000E+01  0.10000000E+01
  0.27455000E+01  0.42591531E+00  0.42591531E+00  0.42591531E+00  0.10000000E+01  0.10000000E+01  0.10000000E+01
  0.27753000E+01  0.42446139E+00  0.42446139E+00  0.42446139E+00  0.10000000E+01  0.10000000E+01  0.10000000E+01
  0.28051000E+01  0.42307516E+00  0.42307516E+00  0.42307516E+00  0.10000000E+01  0.10000000E+01  0.10000000E+01
  0.28350000E+01  0.42175406E+00  0.42175406E+00  0.42175406E+00  0.10000000E+01  0.10000000E+01  0.10000000E+01
  0.28648000E+01  0.42050385E+00  0.42050385E+00  0.42050385E+00  0.10000000E+01  0.10000000E+01  0.10000000E+01
  0.28947000E+01  0.41933181E+00  0.41933181E+00  0.41933181E+00  0.10000000E+01  0.10000000E+01  0.10000000E+01
  0.29245000E+01  0.41824281E+00  0.41824281E+00  0.41824281E+00  0.10000000E+01  0.10000000E+01  0.10000000E+01
  0.29543000E+01  0.41724364E+00  0.41724364E+00  0.41724364E+00  0.10000000E+01  0.10000000E+01  0.10000000E+01
  0.29842000E+01  0.41632207E+00  0.41632207E+00  0.41632207E+00  0.10000000E+01  0.10000000E+01  0.10000000E+01
  0.30140000E+01  0.41543363E+00  0.41543363E+00  0.41543363E+00  0.10000000E+01  0.10000000E+01  0.10000000E+01
  0.30439000E+01  0.41450190E+00  0.41450190E+00  0.41450190E+00  0.10000000E+01  0.10000000E+01  0.10000000E+01
  0.30737000E+01  0.41352798E+00  0.41352798E+00  0.41352798E+00  0.10000000E+01  0.10000000E+01  0.10000000E+01
  0.31036000E+01  0.41263633E+00  0.41263633E+00  0.41263633E+00  0.10000000E+01  0.10000000E+01  0.10000000E+01
  0.31334000E+01  0.41193975E+00  0.41193975E+00  0.41193975E+00  0.10000000E+01  0.10000000E+01  0.10000000E+01
  0.31632000E+01  0.41146858E+00  0.41146858E+00  0.41146858E+00  0.10000000E+01  0.10000000E+01  0.10000000E+01
  0.31931000E+01  0.41121248E+00  0.41121248E+00  0.41121248E+00  0.10000000E+01  0.10000000E+01  0.10000000E+01
  0.32229000E+01  0.41116306E+00  0.41116306E+00  0.41116306E+00  0.10000000E+01  0.10000000E+01  0.10000000E+01
  0.32528000E+01  0.41132117E+00  0.41132117E+00  0.41132117E+00  0.10000000E+01  0.10000000E+01  0.10000000E+01
  0.32826000E+01  0.41170373E+00  0.41170373E+00  0.41170373E+00  0.10000000E+01  0.10000000E+01  0.10000000E+01
  0.33124000E+01  0.41232723E+00  0.41232723E+00  0.41232723E+00  0.10000000E+01  0.10000000E+01  0.10000000E+01
  0.33423000E+01  0.41321730E+00  0.41321730E+00  0.41321730E+00  0.10000000E+01  0.10000000E+01  0.10000000E+01
  0.33721000E+01  0.41439817E+00  0.41439817E+00  0.41439817E+00  0.10000000E+01  0.10000000E+01  0.10000000E+01
  0.34020000E+01  0.41589289E+00  0.41589289E+00  0.41589289E+00  0.10000000E+01  0.10000000E+01  0.10000000E+01
  0.34318000E+01  0.41772489E+00  0.41772489E+00  0.41772489E+00  0.10000000E+01  0.10000000E+01  0.10000000E+01
  0.34617000E+01  0.41993427E+00  0.41993427E+00  0.41993427E+00  0.10000000E+01  0.10000000E+01  0.10000000E+01
  0.34915000E+01  0.42257755E+00  0.42257755E+00  0.42257755E+00  0.10000000E+01  0.10000000E+01  0.10000000E+01
  0.35213000E+01  0.42572961E+00  0.42572961E+00  0.42572961E+00  0.10000000E+01  0.10000000E+01  0.10000000E+01
  0.35512000E+01  0.42944922E+00  0.42944922E+00  0.42944922E+00  0.10000000E+01  0.10000000E+01  0.10000000E+01
  0.35810000E+01  0.43374911E+00  0.43374911E+00  0.43374911E+00  0.10000000E+01  0.10000000E+01  0.10000000E+01
  0.36109000E+01  0.43863930E+00  0.43863930E+00  0.43863930E+00  0.10000000E+01  0.10000000E+01  0.10000000E+01
  0.36407000E+01  0.44416560E+00  0.44416560E+00  0.44416560E+00  0.10000000E+01  0.10000000E+01  0.10000000E+01
  0.36705000E+01  0.45025854E+00  0.45025854E+00  0.45025854E+00  0.10000000E+01  0.10000000E+01  0.10000000E+01
  0.37004000E+01  0.45658156E+00  0.45658156E+00  0.45658156E+00  0.10000000E+01  0.10000000E+01  0.10000000E+01
  0.37302000E+01  0.46266879E+00  0.46266879E+00  0.46266879E+00  0.10000000E+01  0.10000000E+01  0.10000000E+01
  0.37601000E+01  0.46818443E+00  0.46818443E+00  0.46818443E+00  0.10000000E+01  0.10000000E+01  0.10000000E+01
  0.37899000E+01  0.47308693E+00  0.47308693E+00  0.47308693E+00  0.10000000E+01  0.10000000E+01  0.10000000E+01
  0.38198000E+01  0.47766941E+00  0.47766941E+00  0.47766941E+00  0.10000000E+01  0.10000000E+01  0.10000000E+01
  0.38496000E+01  0.48223652E+00  0.48223652E+00  0.48223652E+00  0.10000000E+01  0.10000000E+01  0.10000000E+01
  0.38794000E+01  0.48692705E+00  0.48692705E+00  0.48692705E+00  0.10000000E+01  0.10000000E+01  0.10000000E+01
  0.39093000E+01  0.49184929E+00  0.49184929E+00  0.49184929E+00  0.10000000E+01  0.10000000E+01  0.10000000E+01
  0.39391000E+01  0.49716370E+00  0.49716370E+00  0.49716370E+00  0.10000000E+01  0.10000000E+01  0.10000000E+01
  0.39690000E+01  0.50305264E+00  0.50305264E+00  0.50305264E+00  0.10000000E+01  0.10000000E+01  0.10000000E+01
  0.39988000E+01  0.50966488E+00  0.50966488E+00  0.50966488E+00  0.10000000E+01  0.10000000E+01  0.10000000E+01
  0.40287000E+01  0.51708655E+00  0.51708655E+00  0.51708655E+00  0.10000000E+01  0.10000000E+01  0.10000000E+01
  0.40585000E+01  0.52533558E+00  0.52533558E+00  0.52533558E+00  0.10000000E+01  0.10000000E+01  0.10000000E+01
  0.40883000E+01  0.53436387E+00  0.53436387E+00  0.53436387E+00  0.10000000E+01  0.10000000E+01  0.10000000E+01
  0.41182000E+01  0.54401557E+00  0.54401557E+00  0.54401557E+00  0.10000000E+01  0.10000000E+01  0.10000000E+01
  0.41480000E+01  0.55394162E+00  0.55394162E+00  0.55394162E+00  0.10000000E+01  0.10000000E+01  0.10000000E+01
  0.41779000E+01  0.56367947E+00  0.56367947E+00  0.56367947E+00  0.10000000E+01  0.10000000E+01  0.10000000E+01
  0.42077000E+01  0.57292422E+00  0.57292422E+00  0.57292422E+00  0.10000000E+01  0.10000000E+01  0.10000000E+01
  0.42375000E+01  0.58159834E+00  0.58159834E+00  0.58159834E+00  0.10000000E+01  0.10000000E+01  0.10000000E+01
  0.42674000E+01  0.58971037E+00  0.58971037E+00  0.58971037E+00  0.10000000E+01  0.10000000E+01  0.10000000E+01
  0.42972000E+01  0.59722300E+00  0.59722300E+00  0.59722300E+00  0.10000000E+01  0.10000000E+01  0.10000000E+01
  0.43271000E+01  0.60397391E+00  0.60397391E+00  0.60397391E+00  0.10000000E+01  0.10000000E+01  0.10000000E+01
  0.43569000E+01  0.60955903E+00  0.60955903E+00  0.60955903E+00  0.10000000E+01  0.10000000E+01  0.10000000E+01
  0.43868000E+01  0.61331373E+00  0.61331373E+00  0.61331373E+00  0.10000000E+01  0.10000000E+01  0.10000000E+01
  0.44166000E+01  0.61467067E+00  0.61467067E+00  0.61467067E+00  0.10000000E+01  0.10000000E+01  0.10000000E+01
  0.44464000E+01  0.61374314E+00  0.61374314E+00  0.61374314E+00  0.10000000E+01  0.10000000E+01  0.10000000E+01
  0.44763000E+01  0.61131741E+00  0.61131741E+00  0.61131741E+00  0.10000000E+01  0.10000000E+01  0.10000000E+01
  0.45061000E+01  0.60826645E+00  0.60826645E+00  0.60826645E+00  0.10000000E+01  0.10000000E+01  0.10000000E+01
  0.45360000E+01  0.60516073E+00  0.60516073E+00  0.60516073E+00  0.10000000E+01  0.10000000E+01  0.10000000E+01
  0.45658000E+01  0.60222999E+00  0.60222999E+00  0.60222999E+00  0.10000000E+01  0.10000000E+01  0.10000000E+01
  0.45956000E+01  0.59948369E+00  0.59948369E+00  0.59948369E+00  0.10000000E+01  0.10000000E+01  0.10000000E+01
  0.46255000E+01  0.59687784E+00  0.59687784E+00  0.59687784E+00  0.10000000E+01  0.10000000E+01  0.10000000E+01
  0.46553000E+01  0.59439069E+00  0.59439069E+00  0.59439069E+00  0.10000000E+01  0.10000000E+01  0.10000000E+01
  0.46852000E+01  0.59202909E+00  0.59202909E+00  0.59202909E+00  0.10000000E+01  0.10000000E+01  0.10000000E+01
  0.47150000E+01  0.58982274E+00  0.58982274E+00  0.58982274E+00  0.10000000E+01  0.10000000E+01  0.10000000E+01
  0.47449000E+01  0.58780365E+00  0.58780365E+00  0.58780365E+00  0.10000000E+01  0.10000000E+01  0.10000000E+01
  0.47747000E+01  0.58598697E+00  0.58598697E+00  0.58598697E+00  0.10000000E+01  0.10000000E+01  0.10000000E+01
  0.48045000E+01  0.58440237E+00  0.58440237E+00  0.58440237E+00  0.10000000E+01  0.10000000E+01  0.10000000E+01
  0.48344000E+01  0.58311025E+00  0.58311025E+00  0.58311025E+00  0.10000000E+01  0.10000000E+01  0.10000000E+01
  0.48642000E+01  0.58219777E+00  0.58219777E+00  0.58219777E+00  0.10000000E+01  0.10000000E+01  0.10000000E+01
  0.48941000E+01  0.58172265E+00  0.58172265E+00  0.58172265E+00  0.10000000E+01  0.10000000E+01  0.10000000E+01
  0.49239000E+01  0.58164547E+00  0.58164547E+00  0.58164547E+00  0.10000000E+01  0.10000000E+01  0.10000000E+01
  0.49537000E+01  0.58180619E+00  0.58180619E+00  0.58180619E+00  0.10000000E+01  0.10000000E+01  0.10000000E+01
  0.49836000E+01  0.58192076E+00  0.58192076E+00  0.58192076E+00  0.10000000E+01  0.10000000E+01  0.10000000E+01
  0.50134000E+01  0.58167843E+00  0.58167843E+00  0.58167843E+00  0.10000000E+01  0.10000000E+01  0.10000000E+01
  0.50433000E+01  0.58086092E+00  0.58086092E+00  0.58086092E+00  0.10000000E+01  0.10000000E+01  0.10000000E+01
  0.50731000E+01  0.57939551E+00  0.57939551E+00  0.57939551E+00  0.10000000E+01  0.10000000E+01  0.10000000E+01
  0.51030000E+01  0.57727766E+00  0.57727766E+00  0.57727766E+00  0.10000000E+01  0.10000000E+01  0.10000000E+01
  0.51328000E+01  0.57457316E+00  0.57457316E+00  0.57457316E+00  0.10000000E+01  0.10000000E+01  0.10000000E+01
  0.51626000E+01  0.57141703E+00  0.57141703E+00  0.57141703E+00  0.10000000E+01  0.10000000E+01  0.10000000E+01
  0.51925000E+01  0.56799903E+00  0.56799903E+00  0.56799903E+00  0.10000000E+01  0.10000000E+01  0.10000000E+01
  0.52223000E+01  0.56454365E+00  0.56454365E+00  0.56454365E+00  0.10000000E+01  0.10000000E+01  0.10000000E+01
  0.52522000E+01  0.56130389E+00  0.56130389E+00  0.56130389E+00  0.10000000E+01  0.10000000E+01  0.10000000E+01
  0.52820000E+01  0.55844439E+00  0.55844439E+00  0.55844439E+00  0.10000000E+01  0.10000000E+01  0.10000000E+01
  0.53119000E+01  0.55594235E+00  0.55594235E+00  0.55594235E+00  0.10000000E+01  0.10000000E+01  0.10000000E+01
  0.53417000E+01  0.55365663E+00  0.55365663E+00  0.55365663E+00  0.10000000E+01  0.10000000E+01  0.10000000E+01
  0.53715000E+01  0.55139826E+00  0.55139826E+00  0.55139826E+00  0.10000000E+01  0.10000000E+01  0.10000000E+01
  0.54014000E+01  0.54898498E+00  0.54898498E+00  0.54898498E+00  0.10000000E+01  0.10000000E+01  0.10000000E+01
  0.54312000E+01  0.54628853E+00  0.54628853E+00  0.54628853E+00  0.10000000E+01  0.10000000E+01  0.10000000E+01
  0.54611000E+01  0.54335135E+00  0.54335135E+00  0.54335135E+00  0.10000000E+01  0.10000000E+01  0.10000000E+01
  0.54909000E+01  0.54047430E+00  0.54047430E+00  0.54047430E+00  0.10000000E+01  0.10000000E+01  0.10000000E+01
  0.55207000E+01  0.53825525E+00  0.53825525E+00  0.53825525E+00  0.10000000E+01  0.10000000E+01  0.10000000E+01
  0.55506000E+01  0.53766765E+00  0.53766765E+00  0.53766765E+00  0.10000000E+01  0.10000000E+01  0.10000000E+01
  0.55804000E+01  0.54004445E+00  0.54004445E+00  0.54004445E+00  0.10000000E+01  0.10000000E+01  0.10000000E+01
  0.56103000E+01  0.54644406E+00  0.54644406E+00  0.54644406E+00  0.10000000E+01  0.10000000E+01  0.10000000E+01
  0.56401000E+01  0.55645712E+00  0.55645712E+00  0.55645712E+00  0.10000000E+01  0.10000000E+01  0.10000000E+01
  0.56700000E+01  0.56785487E+00  0.56785487E+00  0.56785487E+00  0.10000000E+01  0.10000000E+01  0.10000000E+01
  0.56998000E+01  0.57789276E+00  0.57789276E+00  0.57789276E+00  0.10000000E+01  0.10000000E+01  0.10000000E+01
  0.57296000E+01  0.58498375E+00  0.58498375E+00  0.58498375E+00  0.10000000E+01  0.10000000E+01  0.10000000E+01
  0.57595000E+01  0.58919201E+00  0.58919201E+00  0.58919201E+00  0.10000000E+01  0.10000000E+01  0.10000000E+01
  0.57893000E+01  0.59146795E+00  0.59146795E+00  0.59146795E+00  0.10000000E+01  0.10000000E+01  0.10000000E+01
  0.58192000E+01  0.59278719E+00  0.59278719E+00  0.59278719E+00  0.10000000E+01  0.10000000E+01  0.10000000E+01
  0.58490000E+01  0.59383553E+00  0.59383553E+00  0.59383553E+00  0.10000000E+01  0.10000000E+01  0.10000000E+01
  0.58788000E+01  0.59499504E+00  0.59499504E+00  0.59499504E+00  0.10000000E+01  0.10000000E+01  0.10000000E+01
  0.59087000E+01  0.59642025E+00  0.59642025E+00  0.59642025E+00  0.10000000E+01  0.10000000E+01  0.10000000E+01
  0.59385000E+01  0.59812267E+00  0.59812267E+00  0.59812267E+00  0.10000000E+01  0.10000000E+01  0.10000000E+01
  0.59684000E+01  0.60007776E+00  0.60007776E+00  0.60007776E+00  0.10000000E+01  0.10000000E+01  0.10000000E+01
  0.59982000E+01  0.60232404E+00  0.60232404E+00  0.60232404E+00  0.10000000E+01  0.10000000E+01  0.10000000E+01
  0.60281000E+01  0.60498584E+00  0.60498584E+00  0.60498584E+00  0.10000000E+01  0.10000000E+01  0.10000000E+01
  0.60579000E+01  0.60813096E+00  0.60813096E+00  0.60813096E+00  0.10000000E+01  0.10000000E+01  0.10000000E+01
  0.60877000E+01  0.61145185E+00  0.61145185E+00  0.61145185E+00  0.10000000E+01  0.10000000E+01  0.10000000E+01
  0.61176000E+01  0.61448524E+00  0.61448524E+00  0.61448524E+00  0.10000000E+01  0.10000000E+01  0.10000000E+01
  0.61474000E+01  0.61704022E+00  0.61704022E+00  0.61704022E+00  0.10000000E+01  0.10000000E+01  0.10000000E+01
  0.61773000E+01  0.61916610E+00  0.61916610E+00  0.61916610E+00  0.10000000E+01  0.10000000E+01  0.10000000E+01
  0.62071000E+01  0.62098792E+00  0.62098792E+00  0.62098792E+00  0.10000000E+01  0.10000000E+01  0.10000000E+01
  0.62369000E+01  0.62260029E+00  0.62260029E+00  0.62260029E+00  0.10000000E+01  0.10000000E+01  0.10000000E+01
  0.62668000E+01  0.62403461E+00  0.62403461E+00  0.62403461E+00  0.10000000E+01  0.10000000E+01  0.10000000E+01
  0.62966000E+01  0.62525952E+00  0.62525952E+00  0.62525952E+00  0.10000000E+01  0.10000000E+01  0.10000000E+01
  0.63265000E+01  0.62627672E+00  0.62627672E+00  0.62627672E+00  0.10000000E+01  0.10000000E+01  0.10000000E+01
  0.63563000E+01  0.62714186E+00  0.62714186E+00  0.62714186E+00  0.10000000E+01  0.10000000E+01  0.10000000E+01
  0.63862000E+01  0.62791488E+00  0.62791488E+00  0.62791488E+00  0.10000000E+01  0.10000000E+01  0.10000000E+01
  0.64160000E+01  0.62866915E+00  0.62866915E+00  0.62866915E+00  0.10000000E+01  0.10000000E+01  0.10000000E+01
  0.64458000E+01  0.62945793E+00  0.62945793E+00  0.62945793E+00  0.10000000E+01  0.10000000E+01  0.10000000E+01
  0.64757000E+01  0.63031625E+00  0.63031625E+00  0.63031625E+00  0.10000000E+01  0.10000000E+01  0.10000000E+01
  0.65055000E+01  0.63124586E+00  0.63124586E+00  0.63124586E+00  0.10000000E+01  0.10000000E+01  0.10000000E+01
  0.65354000E+01  0.63223571E+00  0.63223571E+00  0.63223571E+00  0.10000000E+01  0.10000000E+01  0.10000000E+01
  0.65652000E+01  0.63328038E+00  0.63328038E+00  0.63328038E+00  0.10000000E+01  0.10000000E+01  0.10000000E+01
  0.65951000E+01  0.63437193E+00  0.63437193E+00  0.63437193E+00  0.10000000E+01  0.10000000E+01  0.10000000E+01
  0.66249000E+01  0.63551721E+00  0.63551721E+00  0.63551721E+00  0.10000000E+01  0.10000000E+01  0.10000000E+01
  0.66547000E+01  0.63671964E+00  0.63671964E+00  0.63671964E+00  0.10000000E+01  0.10000000E+01  0.10000000E+01
  0.66846000E+01  0.63797101E+00  0.63797101E+00  0.63797101E+00  0.10000000E+01  0.10000000E+01  0.10000000E+01
  0.67144000E+01  0.63923045E+00  0.63923045E+00  0.63923045E+00  0.10000000E+01  0.10000000E+01  0.10000000E+01
  0.67443000E+01  0.64046492E+00  0.64046492E+00  0.64046492E+00  0.10000000E+01  0.10000000E+01  0.10000000E+01
  0.67741000E+01  0.64165196E+00  0.64165196E+00  0.64165196E+00  0.10000000E+01  0.10000000E+01  0.10000000E+01
  0.68039000E+01  0.64282100E+00  0.64282100E+00  0.64282100E+00  0.10000000E+01  0.10000000E+01  0.10000000E+01
  0.68338000E+01  0.64398546E+00  0.64398546E+00  0.64398546E+00  0.10000000E+01  0.10000000E+01  0.10000000E+01
  0.68636000E+01  0.64517103E+00  0.64517103E+00  0.64517103E+00  0.10000000E+01  0.10000000E+01  0.10000000E+01
  0.68935000E+01  0.64637011E+00  0.64637011E+00  0.64637011E+00  0.10000000E+01  0.10000000E+01  0.10000000E+01
  0.69233000E+01  0.64756546E+00  0.64756546E+00  0.64756546E+00  0.10000000E+01  0.10000000E+01  0.10000000E+01
  0.69532000E+01  0.64874074E+00  0.64874074E+00  0.64874074E+00  0.10000000E+01  0.10000000E+01  0.10000000E+01
  0.69830000E+01  0.64988354E+00  0.64988354E+00  0.64988354E+00  0.10000000E+01  0.10000000E+01  0.10000000E+01
  0.70128000E+01  0.65101681E+00  0.65101681E+00  0.65101681E+00  0.10000000E+01  0.10000000E+01  0.10000000E+01
  0.70427000E+01  0.65214676E+00  0.65214676E+00  0.65214676E+00  0.10000000E+01  0.10000000E+01  0.10000000E+01
  0.70725000E+01  0.65329607E+00  0.65329607E+00  0.65329607E+00  0.10000000E+01  0.10000000E+01  0.10000000E+01
  0.71024000E+01  0.65447245E+00  0.65447245E+00  0.65447245E+00  0.10000000E+01  0.10000000E+01  0.10000000E+01
  0.71322000E+01  0.65564707E+00  0.65564707E+00  0.65564707E+00  0.10000000E+01  0.10000000E+01  0.10000000E+01
  0.71620000E+01  0.65676296E+00  0.65676296E+00  0.65676296E+00  0.10000000E+01  0.10000000E+01  0.10000000E+01
  0.71919000E+01  0.65769183E+00  0.65769183E+00  0.65769183E+00  0.10000000E+01  0.10000000E+01  0.10000000E+01
  0.72217000E+01  0.65837192E+00  0.65837192E+00  0.65837192E+00  0.10000000E+01  0.10000000E+01  0.10000000E+01
  0.72516000E+01  0.65881055E+00  0.65881055E+00  0.65881055E+00  0.10000000E+01  0.10000000E+01  0.10000000E+01
  0.72814000E+01  0.65906246E+00  0.65906246E+00  0.65906246E+00  0.10000000E+01  0.10000000E+01  0.10000000E+01
  0.73113000E+01  0.65919259E+00  0.65919259E+00  0.65919259E+00  0.10000000E+01  0.10000000E+01  0.10000000E+01
  0.73411000E+01  0.65924030E+00  0.65924030E+00  0.65924030E+00  0.10000000E+01  0.10000000E+01  0.10000000E+01
  0.73709000E+01  0.65922329E+00  0.65922329E+00  0.65922329E+00  0.10000000E+01  0.10000000E+01  0.10000000E+01
  0.74008000E+01  0.65913492E+00  0.65913492E+00  0.65913492E+00  0.10000000E+01  0.10000000E+01  0.10000000E+01
  0.74306000E+01  0.65900125E+00  0.65900125E+00  0.65900125E+00  0.10000000E+01  0.10000000E+01  0.10000000E+01
  0.74605000E+01  0.65884394E+00  0.65884394E+00  0.65884394E+00  0.10000000E+01  0.10000000E+01  0.10000000E+01
  0.74903000E+01  0.65870625E+00  0.65870625E+00  0.65870625E+00  0.10000000E+01  0.10000000E+01  0.10000000E+01
  0.75201000E+01  0.65865013E+00  0.65865013E+00  0.65865013E+00  0.10000000E+01  0.10000000E+01  0.10000000E+01
  0.75500000E+01  0.65870633E+00  0.65870633E+00  0.65870633E+00  0.10000000E+01  0.10000000E+01  0.10000000E+01
  0.75798000E+01  0.65889183E+00  0.65889183E+00  0.65889183E+00  0.10000000E+01  0.10000000E+01  0.10000000E+01
  0.76097000E+01  0.65926904E+00  0.65926904E+00  0.65926904E+00  0.10000000E+01  0.10000000E+01  0.10000000E+01
  0.76395000E+01  0.65994890E+00  0.65994890E+00  0.65994890E+00  0.10000000E+01  0.10000000E+01  0.10000000E+01
  0.76694000E+01  0.66109135E+00  0.66109135E+00  0.66109135E+00  0.10000000E+01  0.10000000E+01  0.10000000E+01
  0.76992000E+01  0.66249962E+00  0.66249962E+00  0.66249962E+00  0.10000000E+01  0.10000000E+01  0.10000000E+01
  0.77290000E+01  0.66368545E+00  0.66368545E+00  0.66368545E+00  0.10000000E+01  0.10000000E+01  0.10000000E+01
  0.77589000E+01  0.66442057E+00  0.66442057E+00  0.66442057E+00  0.10000000E+01  0.10000000E+01  0.10000000E+01
  0.77887000E+01  0.66478813E+00  0.66478813E+00  0.66478813E+00  0.10000000E+01  0.10000000E+01  0.10000000E+01
  0.78186000E+01  0.66492180E+00  0.66492180E+00  0.66492180E+00  0.10000000E+01  0.10000000E+01  0.10000000E+01
  0.78484000E+01  0.66494297E+00  0.66494297E+00  0.66494297E+00  0.10000000E+01  0.10000000E+01  0.10000000E+01
  0.78783000E+01  0.66480867E+00  0.66480867E+00  0.66480867E+00  0.10000000E+01  0.10000000E+01  0.10000000E+01
  0.79081000E+01  0.66444465E+00  0.66444465E+00  0.66444465E+00  0.10000000E+01  0.10000000E+01  0.10000000E+01
  0.79379000E+01  0.66385182E+00  0.66385182E+00  0.66385182E+00  0.10000000E+01  0.10000000E+01  0.10000000E+01
  0.79678000E+01  0.66314691E+00  0.66314691E+00  0.66314691E+00  0.10000000E+01  0.10000000E+01  0.10000000E+01
  0.79976000E+01  0.66242213E+00  0.66242213E+00  0.66242213E+00  0.10000000E+01  0.10000000E+01  0.10000000E+01
  0.80275000E+01  0.66170867E+00  0.66170867E+00  0.66170867E+00  0.10000000E+01  0.10000000E+01  0.10000000E+01
  0.80573000E+01  0.66104603E+00  0.66104603E+00  0.66104603E+00  0.10000000E+01  0.10000000E+01  0.10000000E+01
  0.80871000E+01  0.66040024E+00  0.66040024E+00  0.66040024E+00  0.10000000E+01  0.10000000E+01  0.10000000E+01
  0.81170000E+01  0.65981021E+00  0.65981021E+00  0.65981021E+00  0.10000000E+01  0.10000000E+01  0.10000000E+01
  0.81468000E+01  0.65923538E+00  0.65923538E+00  0.65923538E+00  0.10000000E+01  0.10000000E+01  0.10000000E+01
  0.81767000E+01  0.65867128E+00  0.65867128E+00  0.65867128E+00  0.10000000E+01  0.10000000E+01  0.10000000E+01
  0.82065000E+01  0.65819432E+00  0.65819432E+00  0.65819432E+00  0.10000000E+01  0.10000000E+01  0.10000000E+01
  0.82364000E+01  0.65804311E+00  0.65804311E+00  0.65804311E+00  0.10000000E+01  0.10000000E+01  0.10000000E+01
  0.82662000E+01  0.65856770E+00  0.65856770E+00  0.65856770E+00  0.10000000E+01  0.10000000E+01  0.10000000E+01
  0.82960000E+01  0.66001338E+00  0.66001338E+00  0.66001338E+00  0.10000000E+01  0.10000000E+01  0.10000000E+01
  0.83259000E+01  0.66222659E+00  0.66222659E+00  0.66222659E+00  0.10000000E+01  0.10000000E+01  0.10000000E+01
  0.83557000E+01  0.66488764E+00  0.66488764E+00  0.66488764E+00  0.10000000E+01  0.10000000E+01  0.10000000E+01
  0.83856000E+01  0.66778285E+00  0.66778285E+00  0.66778285E+00  0.10000000E+01  0.10000000E+01  0.10000000E+01
  0.84154000E+01  0.67087008E+00  0.67087008E+00  0.67087008E+00  0.10000000E+01  0.10000000E+01  0.10000000E+01
  0.84452000E+01  0.67410821E+00  0.67410821E+00  0.67410821E+00  0.10000000E+01  0.10000000E+01  0.10000000E+01
  0.84751000E+01  0.67740152E+00  0.67740152E+00  0.67740152E+00  0.10000000E+01  0.10000000E+01  0.10000000E+01
  0.85049000E+01  0.68056679E+00  0.68056679E+00  0.68056679E+00  0.10000000E+01  0.10000000E+01  0.10000000E+01
  0.85348000E+01  0.68350998E+00  0.68350998E+00  0.68350998E+00  0.10000000E+01  0.10000000E+01  0.10000000E+01
  0.85646000E+01  0.68628635E+00  0.68628635E+00  0.68628635E+00  0.10000000E+01  0.10000000E+01  0.10000000E+01
  0.85945000E+01  0.68891031E+00  0.68891031E+00  0.68891031E+00  0.10000000E+01  0.10000000E+01  0.10000000E+01
  0.86243000E+01  0.69141898E+00  0.69141898E+00  0.69141898E+00  0.10000000E+01  0.10000000E+01  0.10000000E+01
  0.86541000E+01  0.69379721E+00  0.69379721E+00  0.69379721E+00  0.10000000E+01  0.10000000E+01  0.10000000E+01
  0.86840000E+01  0.69596452E+00  0.69596452E+00  0.69596452E+00  0.10000000E+01  0.10000000E+01  0.10000000E+01
  0.87138000E+01  0.69793810E+00  0.69793810E+00  0.69793810E+00  0.10000000E+01  0.10000000E+01  0.10000000E+01
  0.87437000E+01  0.69978883E+00  0.69978883E+00  0.69978883E+00  0.10000000E+01  0.10000000E+01  0.10000000E+01
  0.87735000E+01  0.70170187E+00  0.70170187E+00  0.70170187E+00  0.10000000E+01  0.10000000E+01  0.10000000E+01
  0.88033000E+01  0.70388114E+00  0.70388114E+00  0.70388114E+00  0.10000000E+01  0.10000000E+01  0.10000000E+01
  0.88332000E+01  0.70641623E+00  0.70641623E+00  0.70641623E+00  0.10000000E+01  0.10000000E+01  0.10000000E+01
  0.88630000E+01  0.70926013E+00  0.70926013E+00  0.70926013E+00  0.10000000E+01  0.10000000E+01  0.10000000E+01
  0.88929000E+01  0.71215820E+00  0.71215820E+00  0.71215820E+00  0.10000000E+01  0.10000000E+01  0.10000000E+01
  0.89227000E+01  0.71489316E+00  0.71489316E+00  0.71489316E+00  0.10000000E+01  0.10000000E+01  0.10000000E+01
  0.89526000E+01  0.71743702E+00  0.71743702E+00  0.71743702E+00  0.10000000E+01  0.10000000E+01  0.10000000E+01
