  #energy          xx             yy              zz              xy              yz              zx
  0.00000000E+00  0.36978642E+01  0.36978642E+01  0.36978642E+01  0.00000000E+00  0.00000000E+00  0.00000000E+00
  0.29800000E-01  0.36980538E+01  0.36980538E+01  0.36980538E+01  0.00000000E+00  0.00000000E+00  0.00000000E+00
  0.59700000E-01  0.36986358E+01  0.36986358E+01  0.36986358E+01  0.00000000E+00  0.00000000E+00  0.00000000E+00
  0.89500000E-01  0.36996102E+01  0.36996102E+01  0.36996102E+01  0.00000000E+00  0.00000000E+00  0.00000000E+00
  0.11940000E+00  0.37009631E+01  0.37009631E+01  0.37009631E+01  0.00000000E+00  0.00000000E+00  0.00000000E+00
  0.14920000E+00  0.37027212E+01  0.37027212E+01  0.37027212E+01  0.00000000E+00  0.00000000E+00  0.00000000E+00
  0.17910000E+00  0.37048838E+01  0.37048838E+01  0.37048838E+01  0.00000000E+00  0.00000000E+00  0.00000000E+00
  0.20890000E+00  0.37074504E+01  0.37074504E+01  0.37074504E+01  0.00000000E+00  0.00000000E+00  0.00000000E+00
  0.23870000E+00  0.37104335E+01  0.37104335E+01  0.37104335E+01  0.00000000E+00  0.00000000E+00  0.00000000E+00
  0.26860000E+00  0.37138324E+01  0.37138324E+01  0.37138324E+01  0.00000000E+00  0.00000000E+00  0.00000000E+00
  0.29840000E+00  0.37176727E+01  0.37176727E+01  0.37176727E+01  0.00000000E+00  0.00000000E+00  0.00000000E+00
  0.32830000E+00  0.37219532E+01  0.37219532E+01  0.37219532E+01  0.00000000E+00  0.00000000E+00  0.00000000E+00
  0.35810000E+00  0.37266992E+01  0.37266992E+01  0.37266992E+01  0.00000000E+00  0.00000000E+00  0.00000000E+00
  0.38790000E+00  0.37319226E+01  0.37319226E+01  0.37319226E+01  0.00000000E+00  0.00000000E+00  0.00000000E+00
  0.41780000E+00  0.37376483E+01  0.37376483E+01  0.37376483E+01  0.00000000E+00  0.00000000E+00  0.00000000E+00
  0.44760000E+00  0.37438740E+01  0.37438740E+01  0.37438740E+01  0.00000000E+00  0.00000000E+00  0.00000000E+00
  0.47750000E+00  0.37506643E+01  0.37506643E+01  0.37506643E+01  0.00000000E+00  0.00000000E+00  0.00000000E+00
  0.50730000E+00  0.37580164E+01  0.37580164E+01  0.37580164E+01  0.00000000E+00  0.00000000E+00  0.00000000E+00
  0.53720000E+00  0.37659804E+01  0.37659804E+01  0.37659804E+01  0.00000000E+00  0.00000000E+00  0.00000000E+00
  0.56700000E+00  0.37745927E+01  0.37745927E+01  0.37745927E+01  0.00000000E+00  0.00000000E+00  0.00000000E+00
  0.59680000E+00  0.37838892E+01  0.37838892E+01  0.37838892E+01  0.00000000E+00  0.00000000E+00  0.00000000E+00
  0.62670000E+00  0.37939448E+01  0.37939448E+01  0.37939448E+01  0.00000000E+00  0.00000000E+00  0.00000000E+00
  0.65650000E+00  0.38047943E+01  0.38047943E+01  0.38047943E+01  0.00000000E+00  0.00000000E+00  0.00000000E+00
  0.68640000E+00  0.38165374E+01  0.38165374E+01  0.38165374E+01  0.00000000E+00  0.00000000E+00  0.00000000E+00
  0.71620000E+00  0.38292471E+01  0.38292471E+01  0.38292471E+01  0.00000000E+00  0.00000000E+00  0.00000000E+00
  0.74600000E+00  0.38429956E+01  0.38429956E+01  0.38429956E+01  0.00000000E+00  0.00000000E+00  0.00000000E+00
  0.77590000E+00  0.38578822E+01  0.38578822E+01  0.38578822E+01  0.00000000E+00  0.00000000E+00  0.00000000E+00
  0.80570000E+00  0.38739426E+01  0.38739426E+01  0.38739426E+01  0.00000000E+00  0.00000000E+00  0.00000000E+00
  0.83560000E+00  0.38911284E+01  0.38911284E+01  0.38911284E+01  0.00000000E+00  0.00000000E+00  0.00000000E+00
  0.86540000E+00  0.39090812E+01  0.39090812E+01  0.39090812E+01  0.00000000E+00  0.00000000E+00  0.00000000E+00
  0.89530000E+00  0.39269020E+01  0.39269020E+01  0.39269020E+01  0.00000000E+00  0.00000000E+00  0.00000000E+00
  0.92510000E+00  0.39429232E+01  0.39429232E+01  0.39429232E+01  0.00000000E+00  0.00000000E+00  0.00000000E+00
  0.95490000E+00  0.39553473E+01  0.39553473E+01  0.39553473E+01  0.00000000E+00  0.00000000E+00  0.00000000E+00
  0.98480000E+00  0.39639434E+01  0.39639434E+01  0.39639434E+01  0.00000000E+00  0.00000000E+00  0.00000000E+00
  0.10146000E+01  0.39700602E+01  0.39700602E+01  0.39700602E+01  0.00000000E+00  0.00000000E+00  0.00000000E+00
  0.10445000E+01  0.39752092E+01  0.39752092E+01  0.39752092E+01  0.00000000E+00  0.00000000E+00  0.00000000E+00
  0.10743000E+01  0.39802838E+01  0.39802838E+01  0.39802838E+01  0.00000000E+00  0.00000000E+00  0.00000000E+00
  0.11041000E+01  0.39856825E+01  0.39856825E+01  0.39856825E+01  0.00000000E+00  0.00000000E+00  0.00000000E+00
  0.11340000E+01  0.39915521E+01  0.39915521E+01  0.39915521E+01  0.00000000E+00  0.00000000E+00  0.00000000E+00
  0.11638000E+01  0.39979253E+01  0.39979253E+01  0.39979253E+01  0.00000000E+00  0.00000000E+00  0.00000000E+00
  0.11937000E+01  0.40048305E+01  0.40048305E+01  0.40048305E+01  0.00000000E+00  0.00000000E+00  0.00000000E+00
  0.12235000E+01  0.40122208E+01  0.40122208E+01  0.40122208E+01  0.00000000E+00  0.00000000E+00  0.00000000E+00
  0.12534000E+01  0.40201117E+01  0.40201117E+01  0.40201117E+01  0.00000000E+00  0.00000000E+00  0.00000000E+00
  0.12832000E+01  0.40284898E+01  0.40284898E+01  0.40284898E+01  0.00000000E+00  0.00000000E+00  0.00000000E+00
  0.13130000E+01  0.40373437E+01  0.40373437E+01  0.40373437E+01  0.00000000E+00  0.00000000E+00  0.00000000E+00
  0.13429000E+01  0.40466862E+01  0.40466862E+01  0.40466862E+01  0.00000000E+00  0.00000000E+00  0.00000000E+00
  0.13727000E+01  0.40565406E+01  0.40565406E+01  0.40565406E+01  0.00000000E+00  0.00000000E+00  0.00000000E+00
  0.14026000E+01  0.40669198E+01  0.40669198E+01  0.40669198E+01  0.00000000E+00  0.00000000E+00  0.00000000E+00
  0.14324000E+01  0.40778488E+01  0.40778488E+01  0.40778488E+01  0.00000000E+00  0.00000000E+00  0.00000000E+00
  0.14623000E+01  0.40893871E+01  0.40893871E+01  0.40893871E+01  0.00000000E+00  0.00000000E+00  0.00000000E+00
  0.14921000E+01  0.41015480E+01  0.41015480E+01  0.41015480E+01  0.00000000E+00  0.00000000E+00  0.00000000E+00
  0.15219000E+01  0.41144055E+01  0.41144055E+01  0.41144055E+01  0.00000000E+00  0.00000000E+00  0.00000000E+00
  0.15518000E+01  0.41280000E+01  0.41280000E+01  0.41280000E+01  0.00000000E+00  0.00000000E+00  0.00000000E+00
  0.15816000E+01  0.41424094E+01  0.41424094E+01  0.41424094E+01  0.00000000E+00  0.00000000E+00  0.00000000E+00
  0.16115000E+01  0.41576561E+01  0.41576561E+01  0.41576561E+01  0.00000000E+00  0.00000000E+00  0.00000000E+00
  0.16413000E+01  0.41737439E+01  0.41737439E+01  0.41737439E+01  0.00000000E+00  0.00000000E+00  0.00000000E+00
  0.16711000E+01  0.41904833E+01  0.41904833E+01  0.41904833E+01  0.00000000E+00  0.00000000E+00  0.00000000E+00
  0.17010000E+01  0.42074482E+01  0.42074482E+01  0.42074482E+01  0.00000000E+00  0.00000000E+00  0.00000000E+00
  0.17308000E+01  0.42239626E+01  0.42239626E+01  0.42239626E+01  0.00000000E+00  0.00000000E+00  0.00000000E+00
  0.17607000E+01  0.42400630E+01  0.42400630E+01  0.42400630E+01  0.00000000E+00  0.00000000E+00  0.00000000E+00
  0.17905000E+01  0.42577916E+01  0.42577916E+01  0.42577916E+01  0.00000000E+00  0.00000000E+00  0.00000000E+00
  0.18204000E+01  0.42799162E+01  0.42799162E+01  0.42799162E+01  0.00000000E+00  0.00000000E+00  0.00000000E+00
  0.18502000E+01  0.43073094E+01  0.43073094E+01  0.43073094E+01  0.00000000E+00  0.00000000E+00  0.00000000E+00
  0.18800000E+01  0.43390777E+01  0.43390777E+01  0.43390777E+01  0.00000000E+00  0.00000000E+00  0.00000000E+00
  0.19099000E+01  0.43740681E+01  0.43740681E+01  0.43740681E+01  0.00000000E+00  0.00000000E+00  0.00000000E+00
  0.19397000E+01  0.44115302E+01  0.44115302E+01  0.44115302E+01  0.00000000E+00  0.00000000E+00  0.00000000E+00
  0.19696000E+01  0.44509230E+01  0.44509230E+01  0.44509230E+01  0.00000000E+00  0.00000000E+00  0.00000000E+00
  0.19994000E+01  0.44913176E+01  0.44913176E+01  0.44913176E+01  0.00000000E+00  0.00000000E+00  0.00000000E+00
  0.20292000E+01  0.45308424E+01  0.45308424E+01  0.45308424E+01  0.00000000E+00  0.00000000E+00  0.00000000E+00
  0.20591000E+01  0.45666412E+01  0.45666412E+01  0.45666412E+01  0.00000000E+00  0.00000000E+00  0.00000000E+00
  0.20889000E+01  0.45956346E+01  0.45956346E+01  0.45956346E+01  0.00000000E+00  0.00000000E+00  0.00000000E+00
  0.21188000E+01  0.46156125E+01  0.46156125E+01  0.46156125E+01  0.00000000E+00  0.00000000E+00  0.00000000E+00
  0.21486000E+01  0.46255945E+01  0.46255945E+01  0.46255945E+01  0.00000000E+00  0.00000000E+00  0.00000000E+00
  0.21785000E+01  0.46253225E+01  0.46253225E+01  0.46253225E+01  0.00000000E+00  0.00000000E+00  0.00000000E+00
  0.22083000E+01  0.46149898E+01  0.46149898E+01  0.46149898E+01  0.00000000E+00  0.00000000E+00  0.00000000E+00
  0.22381000E+01  0.45950959E+01  0.45950959E+01  0.45950959E+01  0.00000000E+00  0.00000000E+00  0.00000000E+00
  0.22680000E+01  0.45664589E+01  0.45664589E+01  0.45664589E+01  0.00000000E+00  0.00000000E+00  0.00000000E+00
  0.22978000E+01  0.45301685E+01  0.45301685E+01  0.45301685E+01  0.00000000E+00  0.00000000E+00  0.00000000E+00
  0.23277000E+01  0.44877256E+01  0.44877256E+01  0.44877256E+01  0.00000000E+00  0.00000000E+00  0.00000000E+00
  0.23575000E+01  0.44408231E+01  0.44408231E+01  0.44408231E+01  0.00000000E+00  0.00000000E+00  0.00000000E+00
  0.23873000E+01  0.43909973E+01  0.43909973E+01  0.43909973E+01  0.00000000E+00  0.00000000E+00  0.00000000E+00
  0.24172000E+01  0.43396884E+01  0.43396884E+01  0.43396884E+01  0.00000000E+00  0.00000000E+00  0.00000000E+00
  0.24470000E+01  0.42888601E+01  0.42888601E+01  0.42888601E+01  0.00000000E+00  0.00000000E+00  0.00000000E+00
  0.24769000E+01  0.42397280E+01  0.42397280E+01  0.42397280E+01  0.00000000E+00  0.00000000E+00  0.00000000E+00
  0.25067000E+01  0.41917315E+01  0.41917315E+01  0.41917315E+01  0.00000000E+00  0.00000000E+00  0.00000000E+00
  0.25366000E+01  0.41441043E+01  0.41441043E+01  0.41441043E+01  0.00000000E+00  0.00000000E+00  0.00000000E+00
  0.25664000E+01  0.40972749E+01  0.40972749E+01  0.40972749E+01  0.00000000E+00  0.00000000E+00  0.00000000E+00
  0.25962000E+01  0.40527370E+01  0.40527370E+01  0.40527370E+01  0.00000000E+00  0.00000000E+00  0.00000000E+00
  0.26261000E+01  0.40119392E+01  0.40119392E+01  0.40119392E+01  0.00000000E+00  0.00000000E+00  0.00000000E+00
  0.26559000E+01  0.39755258E+01  0.39755258E+01  0.39755258E+01  0.00000000E+00  0.00000000E+00  0.00000000E+00
  0.26858000E+01  0.39431690E+01  0.39431690E+01  0.39431690E+01  0.00000000E+00  0.00000000E+00  0.00000000E+00
  0.27156000E+01  0.39140512E+01  0.39140512E+01  0.39140512E+01  0.00000000E+00  0.00000000E+00  0.00000000E+00
  0.27455000E+01  0.38873567E+01  0.38873567E+01  0.38873567E+01  0.00000000E+00  0.00000000E+00  0.00000000E+00
  0.27753000E+01  0.38625864E+01  0.38625864E+01  0.38625864E+01  0.00000000E+00  0.00000000E+00  0.00000000E+00
  0.28051000E+01  0.38396086E+01  0.38396086E+01  0.38396086E+01  0.00000000E+00  0.00000000E+00  0.00000000E+00
  0.28350000E+01  0.38184306E+01  0.38184306E+01  0.38184306E+01  0.00000000E+00  0.00000000E+00  0.00000000E+00
  0.28648000E+01  0.37990562E+01  0.37990562E+01  0.37990562E+01  0.00000000E+00  0.00000000E+00  0.00000000E+00
  0.28947000E+01  0.37814331E+01  0.37814331E+01  0.37814331E+01  0.00000000E+00  0.00000000E+00  0.00000000E+00
  0.29245000E+01  0.37655143E+01  0.37655143E+01  0.37655143E+01  0.00000000E+00  0.00000000E+00  0.00000000E+00
  0.29543000E+01  0.37511683E+01  0.37511683E+01  0.37511683E+01  0.00000000E+00  0.00000000E+00  0.00000000E+00
  0.29842000E+01  0.37381068E+01  0.37381068E+01  0.37381068E+01  0.00000000E+00  0.00000000E+00  0.00000000E+00
  0.30140000E+01  0.37258579E+01  0.37258579E+01  0.37258579E+01  0.00000000E+00  0.00000000E+00  0.00000000E+00
  0.30439000E+01  0.37143567E+01  0.37143567E+01  0.37143567E+01  0.00000000E+00  0.00000000E+00  0.00000000E+00
  0.30737000E+01  0.37045897E+01  0.37045897E+01  0.37045897E+01  0.00000000E+00  0.00000000E+00  0.00000000E+00
  0.31036000E+01  0.36978706E+01  0.36978706E+01  0.36978706E+01  0.00000000E+00  0.00000000E+00  0.00000000E+00
  0.31334000E+01  0.36944216E+01  0.36944216E+01  0.36944216E+01  0.00000000E+00  0.00000000E+00  0.00000000E+00
  0.31632000E+01  0.36937884E+01  0.36937884E+01  0.36937884E+01  0.00000000E+00  0.00000000E+00  0.00000000E+00
  0.31931000E+01  0.36955891E+01  0.36955891E+01  0.36955891E+01  0.00000000E+00  0.00000000E+00  0.00000000E+00
  0.32229000E+01  0.36996795E+01  0.36996795E+01  0.36996795E+01  0.00000000E+00  0.00000000E+00  0.00000000E+00
  0.32528000E+01  0.37060639E+01  0.37060639E+01  0.37060639E+01  0.00000000E+00  0.00000000E+00  0.00000000E+00
  0.32826000E+01  0.37148540E+01  0.37148540E+01  0.37148540E+01  0.00000000E+00  0.00000000E+00  0.00000000E+00
  0.33124000E+01  0.37261387E+01  0.37261387E+01  0.37261387E+01  0.00000000E+00  0.00000000E+00  0.00000000E+00
  0.33423000E+01  0.37400353E+01  0.37400353E+01  0.37400353E+01  0.00000000E+00  0.00000000E+00  0.00000000E+00
  0.33721000E+01  0.37566362E+01  0.37566362E+01  0.37566362E+01  0.00000000E+00  0.00000000E+00  0.00000000E+00
  0.34020000E+01  0.37759921E+01  0.37759921E+01  0.37759921E+01  0.00000000E+00  0.00000000E+00  0.00000000E+00
  0.34318000E+01  0.37982375E+01  0.37982375E+01  0.37982375E+01  0.00000000E+00  0.00000000E+00  0.00000000E+00
  0.34617000E+01  0.38236032E+01  0.38236032E+01  0.38236032E+01  0.00000000E+00  0.00000000E+00  0.00000000E+00
  0.34915000E+01  0.38523620E+01  0.38523620E+01  0.38523620E+01  0.00000000E+00  0.00000000E+00  0.00000000E+00
  0.35213000E+01  0.38846476E+01  0.38846476E+01  0.38846476E+01  0.00000000E+00  0.00000000E+00  0.00000000E+00
  0.35512000E+01  0.39201140E+01  0.39201140E+01  0.39201140E+01  0.00000000E+00  0.00000000E+00  0.00000000E+00
  0.35810000E+01  0.39579452E+01  0.39579452E+01  0.39579452E+01  0.00000000E+00  0.00000000E+00  0.00000000E+00
  0.36109000E+01  0.39973939E+01  0.39973939E+01  0.39973939E+01  0.00000000E+00  0.00000000E+00  0.00000000E+00
  0.36407000E+01  0.40372539E+01  0.40372539E+01  0.40372539E+01  0.00000000E+00  0.00000000E+00  0.00000000E+00
  0.36705000E+01  0.40741791E+01  0.40741791E+01  0.40741791E+01  0.00000000E+00  0.00000000E+00  0.00000000E+00
  0.37004000E+01  0.41031345E+01  0.41031345E+01  0.41031345E+01  0.00000000E+00  0.00000000E+00  0.00000000E+00
  0.37302000E+01  0.41208241E+01  0.41208241E+01  0.41208241E+01  0.00000000E+00  0.00000000E+00  0.00000000E+00
  0.37601000E+01  0.41278444E+01  0.41278444E+01  0.41278444E+01  0.00000000E+00  0.00000000E+00  0.00000000E+00
  0.37899000E+01  0.41285924E+01  0.41285924E+01  0.41285924E+01  0.00000000E+00  0.00000000E+00  0.00000000E+00
  0.38198000E+01  0.41282851E+01  0.41282851E+01  0.41282851E+01  0.00000000E+00  0.00000000E+00  0.00000000E+00
  0.38496000E+01  0.41290142E+01  0.41290142E+01  0.41290142E+01  0.00000000E+00  0.00000000E+00  0.00000000E+00
  0.38794000E+01  0.41309743E+01  0.41309743E+01  0.41309743E+01  0.00000000E+00  0.00000000E+00  0.00000000E+00
  0.39093000E+01  0.41346484E+01  0.41346484E+01  0.41346484E+01  0.00000000E+00  0.00000000E+00  0.00000000E+00
  0.39391000E+01  0.41405359E+01  0.41405359E+01  0.41405359E+01  0.00000000E+00  0.00000000E+00  0.00000000E+00
  0.39690000E+01  0.41482403E+01  0.41482403E+01  0.41482403E+01  0.00000000E+00  0.00000000E+00  0.00000000E+00
  0.39988000E+01  0.41560450E+01  0.41560450E+01  0.41560450E+01  0.00000000E+00  0.00000000E+00  0.00000000E+00
  0.40287000E+01  0.41609769E+01  0.41609769E+01  0.41609769E+01  0.00000000E+00  0.00000000E+00  0.00000000E+00
  0.40585000E+01  0.41589859E+01  0.41589859E+01  0.41589859E+01  0.00000000E+00  0.00000000E+00  0.00000000E+00
  0.40883000E+01  0.41450954E+01  0.41450954E+01  0.41450954E+01  0.00000000E+00  0.00000000E+00  0.00000000E+00
  0.41182000E+01  0.41131902E+01  0.41131902E+01  0.41131902E+01  0.00000000E+00  0.00000000E+00  0.00000000E+00
  0.41480000E+01  0.40574741E+01  0.40574741E+01  0.40574741E+01  0.00000000E+00  0.00000000E+00  0.00000000E+00
  0.41779000E+01  0.39761620E+01  0.39761620E+01  0.39761620E+01  0.00000000E+00  0.00000000E+00  0.00000000E+00
  0.42077000E+01  0.38724135E+01  0.38724135E+01  0.38724135E+01  0.00000000E+00  0.00000000E+00  0.00000000E+00
  0.42375000E+01  0.37508357E+01  0.37508357E+01  0.37508357E+01  0.00000000E+00  0.00000000E+00  0.00000000E+00
  0.42674000E+01  0.36149175E+01  0.36149175E+01  0.36149175E+01  0.00000000E+00  0.00000000E+00  0.00000000E+00
  0.42972000E+01  0.34669975E+01  0.34669975E+01  0.34669975E+01  0.00000000E+00  0.00000000E+00  0.00000000E+00
  0.43271000E+01  0.33091515E+01  0.33091515E+01  0.33091515E+01  0.00000000E+00  0.00000000E+00  0.00000000E+00
  0.43569000E+01  0.31447991E+01  0.31447991E+01  0.31447991E+01  0.00000000E+00  0.00000000E+00  0.00000000E+00
  0.43868000E+01  0.29816271E+01  0.29816271E+01  0.29816271E+01  0.00000000E+00  0.00000000E+00  0.00000000E+00
  0.44166000E+01  0.28318919E+01  0.28318919E+01  0.28318919E+01  0.00000000E+00  0.00000000E+00  0.00000000E+00
  0.44464000E+01  0.27058100E+01  0.27058100E+01  0.27058100E+01  0.00000000E+00  0.00000000E+00  0.00000000E+00
  0.44763000E+01  0.26051207E+01  0.26051207E+01  0.26051207E+01  0.00000000E+00  0.00000000E+00  0.00000000E+00
  0.45061000E+01  0.25249901E+01  0.25249901E+01  0.25249901E+01  0.00000000E+00  0.00000000E+00  0.00000000E+00
  0.45360000E+01  0.24590822E+01  0.24590822E+01  0.24590822E+01  0.00000000E+00  0.00000000E+00  0.00000000E+00
  0.45658000E+01  0.24024211E+01  0.24024211E+01  0.24024211E+01  0.00000000E+00  0.00000000E+00  0.00000000E+00
  0.45956000E+01  0.23521914E+01  0.23521914E+01  0.23521914E+01  0.00000000E+00  0.00000000E+00  0.00000000E+00
  0.46255000E+01  0.23070200E+01  0.23070200E+01  0.23070200E+01  0.00000000E+00  0.00000000E+00  0.00000000E+00
  0.46553000E+01  0.22661787E+01  0.22661787E+01  0.22661787E+01  0.00000000E+00  0.00000000E+00  0.00000000E+00
  0.46852000E+01  0.22291057E+01  0.22291057E+01  0.22291057E+01  0.00000000E+00  0.00000000E+00  0.00000000E+00
  0.47150000E+01  0.21952231E+01  0.21952231E+01  0.21952231E+01  0.00000000E+00  0.00000000E+00  0.00000000E+00
  0.47449000E+01  0.21639043E+01  0.21639043E+01  0.21639043E+01  0.00000000E+00  0.00000000E+00  0.00000000E+00
  0.47747000E+01  0.21346813E+01  0.21346813E+01  0.21346813E+01  0.00000000E+00  0.00000000E+00  0.00000000E+00
  0.48045000E+01  0.21071646E+01  0.21071646E+01  0.21071646E+01  0.00000000E+00  0.00000000E+00  0.00000000E+00
  0.48344000E+01  0.20808459E+01  0.20808459E+01  0.20808459E+01  0.00000000E+00  0.00000000E+00  0.00000000E+00
  0.48642000E+01  0.20548925E+01  0.20548925E+01  0.20548925E+01  0.00000000E+00  0.00000000E+00  0.00000000E+00
  0.48941000E+01  0.20281137E+01  0.20281137E+01  0.20281137E+01  0.00000000E+00  0.00000000E+00  0.00000000E+00
  0.49239000E+01  0.19993985E+01  0.19993985E+01  0.19993985E+01  0.00000000E+00  0.00000000E+00  0.00000000E+00
  0.49537000E+01  0.19681954E+01  0.19681954E+01  0.19681954E+01  0.00000000E+00  0.00000000E+00  0.00000000E+00
  0.49836000E+01  0.19349226E+01  0.19349226E+01  0.19349226E+01  0.00000000E+00  0.00000000E+00  0.00000000E+00
  0.50134000E+01  0.19010348E+01  0.19010348E+01  0.19010348E+01  0.00000000E+00  0.00000000E+00  0.00000000E+00
  0.50433000E+01  0.18684199E+01  0.18684199E+01  0.18684199E+01  0.00000000E+00  0.00000000E+00  0.00000000E+00
  0.50731000E+01  0.18385340E+01  0.18385340E+01  0.18385340E+01  0.00000000E+00  0.00000000E+00  0.00000000E+00
  0.51030000E+01  0.18123814E+01  0.18123814E+01  0.18123814E+01  0.00000000E+00  0.00000000E+00  0.00000000E+00
  0.51328000E+01  0.17905977E+01  0.17905977E+01  0.17905977E+01  0.00000000E+00  0.00000000E+00  0.00000000E+00
  0.51626000E+01  0.17734313E+01  0.17734313E+01  0.17734313E+01  0.00000000E+00  0.00000000E+00  0.00000000E+00
  0.51925000E+01  0.17606440E+01  0.17606440E+01  0.17606440E+01  0.00000000E+00  0.00000000E+00  0.00000000E+00
  0.52223000E+01  0.17517001E+01  0.17517001E+01  0.17517001E+01  0.00000000E+00  0.00000000E+00  0.00000000E+00
  0.52522000E+01  0.17454668E+01  0.17454668E+01  0.17454668E+01  0.00000000E+00  0.00000000E+00  0.00000000E+00
  0.52820000E+01  0.17404702E+01  0.17404702E+01  0.17404702E+01  0.00000000E+00  0.00000000E+00  0.00000000E+00
  0.53119000E+01  0.17357328E+01  0.17357328E+01  0.17357328E+01  0.00000000E+00  0.00000000E+00  0.00000000E+00
  0.53417000E+01  0.17310350E+01  0.17310350E+01  0.17310350E+01  0.00000000E+00  0.00000000E+00  0.00000000E+00
  0.53715000E+01  0.17268556E+01  0.17268556E+01  0.17268556E+01  0.00000000E+00  0.00000000E+00  0.00000000E+00
  0.54014000E+01  0.17241661E+01  0.17241661E+01  0.17241661E+01  0.00000000E+00  0.00000000E+00  0.00000000E+00
  0.54312000E+01  0.17244291E+01  0.17244291E+01  0.17244291E+01  0.00000000E+00  0.00000000E+00  0.00000000E+00
  0.54611000E+01  0.17292608E+01  0.17292608E+01  0.17292608E+01  0.00000000E+00  0.00000000E+00  0.00000000E+00
  0.54909000E+01  0.17398099E+01  0.17398099E+01  0.17398099E+01  0.00000000E+00  0.00000000E+00  0.00000000E+00
  0.55207000E+01  0.17562641E+01  0.17562641E+01  0.17562641E+01  0.00000000E+00  0.00000000E+00  0.00000000E+00
  0.55506000E+01  0.17769201E+01  0.17769201E+01  0.17769201E+01  0.00000000E+00  0.00000000E+00  0.00000000E+00
  0.55804000E+01  0.17961403E+01  0.17961403E+01  0.17961403E+01  0.00000000E+00  0.00000000E+00  0.00000000E+00
  0.56103000E+01  0.18029936E+01  0.18029936E+01  0.18029936E+01  0.00000000E+00  0.00000000E+00  0.00000000E+00
  0.56401000E+01  0.17858463E+01  0.17858463E+01  0.17858463E+01  0.00000000E+00  0.00000000E+00  0.00000000E+00
  0.56700000E+01  0.17424011E+01  0.17424011E+01  0.17424011E+01  0.00000000E+00  0.00000000E+00  0.00000000E+00
  0.56998000E+01  0.16834362E+01  0.16834362E+01  0.16834362E+01  0.00000000E+00  0.00000000E+00  0.00000000E+00
  0.57296000E+01  0.16242215E+01  0.16242215E+01  0.16242215E+01  0.00000000E+00  0.00000000E+00  0.00000000E+00
  0.57595000E+01  0.15741091E+01  0.15741091E+01  0.15741091E+01  0.00000000E+00  0.00000000E+00  0.00000000E+00
  0.57893000E+01  0.15346546E+01  0.15346546E+01  0.15346546E+01  0.00000000E+00  0.00000000E+00  0.00000000E+00
  0.58192000E+01  0.15035188E+01  0.15035188E+01  0.15035188E+01  0.00000000E+00  0.00000000E+00  0.00000000E+00
  0.58490000E+01  0.14776326E+01  0.14776326E+01  0.14776326E+01  0.00000000E+00  0.00000000E+00  0.00000000E+00
  0.58788000E+01  0.14544923E+01  0.14544923E+01  0.14544923E+01  0.00000000E+00  0.00000000E+00  0.00000000E+00
  0.59087000E+01  0.14324428E+01  0.14324428E+01  0.14324428E+01  0.00000000E+00  0.00000000E+00  0.00000000E+00
  0.59385000E+01  0.14106344E+01  0.14106344E+01  0.14106344E+01  0.00000000E+00  0.00000000E+00  0.00000000E+00
  0.59684000E+01  0.13887715E+01  0.13887715E+01  0.13887715E+01  0.00000000E+00  0.00000000E+00  0.00000000E+00
  0.59982000E+01  0.13665716E+01  0.13665716E+01  0.13665716E+01  0.00000000E+00  0.00000000E+00  0.00000000E+00
  0.60281000E+01  0.13433216E+01  0.13433216E+01  0.13433216E+01  0.00000000E+00  0.00000000E+00  0.00000000E+00
  0.60579000E+01  0.13178207E+01  0.13178207E+01  0.13178207E+01  0.00000000E+00  0.00000000E+00  0.00000000E+00
  0.60877000E+01  0.12900615E+01  0.12900615E+01  0.12900615E+01  0.00000000E+00  0.00000000E+00  0.00000000E+00
  0.61176000E+01  0.12617918E+01  0.12617918E+01  0.12617918E+01  0.00000000E+00  0.00000000E+00  0.00000000E+00
  0.61474000E+01  0.12346358E+01  0.12346358E+01  0.12346358E+01  0.00000000E+00  0.00000000E+00  0.00000000E+00
  0.61773000E+01  0.12091670E+01  0.12091670E+01  0.12091670E+01  0.00000000E+00  0.00000000E+00  0.00000000E+00
  0.62071000E+01  0.11853022E+01  0.11853022E+01  0.11853022E+01  0.00000000E+00  0.00000000E+00  0.00000000E+00
  0.62369000E+01  0.11627174E+01  0.11627174E+01  0.11627174E+01  0.00000000E+00  0.00000000E+00  0.00000000E+00
  0.62668000E+01  0.11412078E+01  0.11412078E+01  0.11412078E+01  0.00000000E+00  0.00000000E+00  0.00000000E+00
  0.62966000E+01  0.11208968E+01  0.11208968E+01  0.11208968E+01  0.00000000E+00  0.00000000E+00  0.00000000E+00
  0.63265000E+01  0.11018800E+01  0.11018800E+01  0.11018800E+01  0.00000000E+00  0.00000000E+00  0.00000000E+00
  0.63563000E+01  0.10840739E+01  0.10840739E+01  0.10840739E+01  0.00000000E+00  0.00000000E+00  0.00000000E+00
  0.63862000E+01  0.10673089E+01  0.10673089E+01  0.10673089E+01  0.00000000E+00  0.00000000E+00  0.00000000E+00
  0.64160000E+01  0.10513639E+01  0.10513639E+01  0.10513639E+01  0.00000000E+00  0.00000000E+00  0.00000000E+00
  0.64458000E+01  0.10359520E+01  0.10359520E+01  0.10359520E+01  0.00000000E+00  0.00000000E+00  0.00000000E+00
  0.64757000E+01  0.10208526E+01  0.10208526E+01  0.10208526E+01  0.00000000E+00  0.00000000E+00  0.00000000E+00
  0.65055000E+01  0.10059694E+01  0.10059694E+01  0.10059694E+01  0.00000000E+00  0.00000000E+00  0.00000000E+00
  0.65354000E+01  0.99124816E+00  0.99124816E+00  0.99124816E+00  0.00000000E+00  0.00000000E+00  0.00000000E+00
  0.65652000E+01  0.97666306E+00  0.97666306E+00  0.97666306E+00  0.00000000E+00  0.00000000E+00  0.00000000E+00
  0.65951000E+01  0.96224192E+00  0.96224192E+00  0.96224192E+00  0.00000000E+00  0.00000000E+00  0.00000000E+00
  0.66249000E+01  0.94792758E+00  0.94792758E+00  0.94792758E+00  0.00000000E+00  0.00000000E+00  0.00000000E+00
  0.66547000E+01  0.93366711E+00  0.93366711E+00  0.93366711E+00  0.00000000E+00  0.00000000E+00  0.00000000E+00
  0.66846000E+01  0.91943541E+00  0.91943541E+00  0.91943541E+00  0.00000000E+00  0.00000000E+00  0.00000000E+00
  0.67144000E+01  0.90530068E+00  0.90530068E+00  0.90530068E+00  0.00000000E+00  0.00000000E+00  0.00000000E+00
  0.67443000E+01  0.89137047E+00  0.89137047E+00  0.89137047E+00  0.00000000E+00  0.00000000E+00  0.00000000E+00
  0.67741000E+01  0.87777700E+00  0.87777700E+00  0.87777700E+00  0.00000000E+00  0.00000000E+00  0.00000000E+00
  0.68039000E+01  0.86448261E+00  0.86448261E+00  0.86448261E+00  0.00000000E+00  0.00000000E+00  0.00000000E+00
  0.68338000E+01  0.85144504E+00  0.85144504E+00  0.85144504E+00  0.00000000E+00  0.00000000E+00  0.00000000E+00
  0.68636000E+01  0.83855460E+00  0.83855460E+00  0.83855460E+00  0.00000000E+00  0.00000000E+00  0.00000000E+00
  0.68935000E+01  0.82580862E+00  0.82580862E+00  0.82580862E+00  0.00000000E+00  0.00000000E+00  0.00000000E+00
  0.69233000E+01  0.81322839E+00  0.81322839E+00  0.81322839E+00  0.00000000E+00  0.00000000E+00  0.00000000E+00
  0.69532000E+01  0.80086002E+00  0.80086002E+00  0.80086002E+00  0.00000000E+00  0.00000000E+00  0.00000000E+00
  0.69830000E+01  0.78874457E+00  0.78874457E+00  0.78874457E+00  0.00000000E+00  0.00000000E+00  0.00000000E+00
  0.70128000E+01  0.77685597E+00  0.77685597E+00  0.77685597E+00  0.00000000E+00  0.00000000E+00  0.00000000E+00
  0.70427000E+01  0.76516100E+00  0.76516100E+00  0.76516100E+00  0.00000000E+00  0.00000000E+00  0.00000000E+00
  0.70725000E+01  0.75358096E+00  0.75358096E+00  0.75358096E+00  0.00000000E+00  0.00000000E+00  0.00000000E+00
  0.71024000E+01  0.74204001E+00  0.74204001E+00  0.74204001E+00  0.00000000E+00  0.00000000E+00  0.00000000E+00
  0.71322000E+01  0.73054185E+00  0.73054185E+00  0.73054185E+00  0.00000000E+00  0.00000000E+00  0.00000000E+00
  0.71620000E+01  0.71917308E+00  0.71917308E+00  0.71917308E+00  0.00000000E+00  0.00000000E+00  0.00000000E+00
  0.71919000E+01  0.70823072E+00  0.70823072E+00  0.70823072E+00  0.00000000E+00  0.00000000E+00  0.00000000E+00
  0.72217000E+01  0.69798233E+00  0.69798233E+00  0.69798233E+00  0.00000000E+00  0.00000000E+00  0.00000000E+00
  0.72516000E+01  0.68851471E+00  0.68851471E+00  0.68851471E+00  0.00000000E+00  0.00000000E+00  0.00000000E+00
  0.72814000E+01  0.67977171E+00  0.67977171E+00  0.67977171E+00  0.00000000E+00  0.00000000E+00  0.00000000E+00
  0.73113000E+01  0.67160503E+00  0.67160503E+00  0.67160503E+00  0.00000000E+00  0.00000000E+00  0.00000000E+00
  0.73411000E+01  0.66390724E+00  0.66390724E+00  0.66390724E+00  0.00000000E+00  0.00000000E+00  0.00000000E+00
  0.73709000E+01  0.65660669E+00  0.65660669E+00  0.65660669E+00  0.00000000E+00  0.00000000E+00  0.00000000E+00
  0.74008000E+01  0.64971251E+00  0.64971251E+00  0.64971251E+00  0.00000000E+00  0.00000000E+00  0.00000000E+00
  0.74306000E+01  0.64318836E+00  0.64318836E+00  0.64318836E+00  0.00000000E+00  0.00000000E+00  0.00000000E+00
  0.74605000E+01  0.63698822E+00  0.63698822E+00  0.63698822E+00  0.00000000E+00  0.00000000E+00  0.00000000E+00
  0.74903000E+01  0.63104628E+00  0.63104628E+00  0.63104628E+00  0.00000000E+00  0.00000000E+00  0.00000000E+00
  0.75201000E+01  0.62519205E+00  0.62519205E+00  0.62519205E+00  0.00000000E+00  0.00000000E+00  0.00000000E+00
  0.75500000E+01  0.61932758E+00  0.61932758E+00  0.61932758E+00  0.00000000E+00  0.00000000E+00  0.00000000E+00
  0.75798000E+01  0.61342653E+00  0.61342653E+00  0.61342653E+00  0.00000000E+00  0.00000000E+00  0.00000000E+00
  0.76097000E+01  0.60734761E+00  0.60734761E+00  0.60734761E+00  0.00000000E+00  0.00000000E+00  0.00000000E+00
  0.76395000E+01  0.60084731E+00  0.60084731E+00  0.60084731E+00  0.00000000E+00  0.00000000E+00  0.00000000E+00
  0.76694000E+01  0.59338518E+00  0.59338518E+00  0.59338518E+00  0.00000000E+00  0.00000000E+00  0.00000000E+00
  0.76992000E+01  0.58501656E+00  0.58501656E+00  0.58501656E+00  0.00000000E+00  0.00000000E+00  0.00000000E+00
  0.77290000E+01  0.57668823E+00  0.57668823E+00  0.57668823E+00  0.00000000E+00  0.00000000E+00  0.00000000E+00
  0.77589000E+01  0.56914695E+00  0.56914695E+00  0.56914695E+00  0.00000000E+00  0.00000000E+00  0.00000000E+00
  0.77887000E+01  0.56245311E+00  0.56245311E+00  0.56245311E+00  0.00000000E+00  0.00000000E+00  0.00000000E+00
  0.78186000E+01  0.55641690E+00  0.55641690E+00  0.55641690E+00  0.00000000E+00  0.00000000E+00  0.00000000E+00
  0.78484000E+01  0.55076952E+00  0.55076952E+00  0.55076952E+00  0.00000000E+00  0.00000000E+00  0.00000000E+00
  0.78783000E+01  0.54551620E+00  0.54551620E+00  0.54551620E+00  0.00000000E+00  0.00000000E+00  0.00000000E+00
  0.79081000E+01  0.54082615E+00  0.54082615E+00  0.54082615E+00  0.00000000E+00  0.00000000E+00  0.00000000E+00
  0.79379000E+01  0.53679347E+00  0.53679347E+00  0.53679347E+00  0.00000000E+00  0.00000000E+00  0.00000000E+00
  0.79678000E+01  0.53323371E+00  0.53323371E+00  0.53323371E+00  0.00000000E+00  0.00000000E+00  0.00000000E+00
  0.79976000E+01  0.52998286E+00  0.52998286E+00  0.52998286E+00  0.00000000E+00  0.00000000E+00  0.00000000E+00
  0.80275000E+01  0.52694072E+00  0.52694072E+00  0.52694072E+00  0.00000000E+00  0.00000000E+00  0.00000000E+00
  0.80573000E+01  0.52401577E+00  0.52401577E+00  0.52401577E+00  0.00000000E+00  0.00000000E+00  0.00000000E+00
  0.80871000E+01  0.52125297E+00  0.52125297E+00  0.52125297E+00  0.00000000E+00  0.00000000E+00  0.00000000E+00
  0.81170000E+01  0.51857649E+00  0.51857649E+00  0.51857649E+00  0.00000000E+00  0.00000000E+00  0.00000000E+00
  0.81468000E+01  0.51608408E+00  0.51608408E+00  0.51608408E+00  0.00000000E+00  0.00000000E+00  0.00000000E+00
  0.81767000E+01  0.51381381E+00  0.51381381E+00  0.51381381E+00  0.00000000E+00  0.00000000E+00  0.00000000E+00
  0.82065000E+01  0.51177526E+00  0.51177526E+00  0.51177526E+00  0.00000000E+00  0.00000000E+00  0.00000000E+00
  0.82364000E+01  0.50961294E+00  0.50961294E+00  0.50961294E+00  0.00000000E+00  0.00000000E+00  0.00000000E+00
  0.82662000E+01  0.50667662E+00  0.50667662E+00  0.50667662E+00  0.00000000E+00  0.00000000E+00  0.00000000E+00
  0.82960000E+01  0.50228276E+00  0.50228276E+00  0.50228276E+00  0.00000000E+00  0.00000000E+00  0.00000000E+00
  0.83259000E+01  0.49639094E+00  0.49639094E+00  0.49639094E+00  0.00000000E+00  0.00000000E+00  0.00000000E+00
  0.83557000E+01  0.48942532E+00  0.48942532E+00  0.48942532E+00  0.00000000E+00  0.00000000E+00  0.00000000E+00
  0.83856000E+01  0.48184160E+00  0.48184160E+00  0.48184160E+00  0.00000000E+00  0.00000000E+00  0.00000000E+00
  0.84154000E+01  0.47377099E+00  0.47377099E+00  0.47377099E+00  0.00000000E+00  0.00000000E+00  0.00000000E+00
  0.84452000E+01  0.46527742E+00  0.46527742E+00  0.46527742E+00  0.00000000E+00  0.00000000E+00  0.00000000E+00
  0.84751000E+01  0.45651136E+00  0.45651136E+00  0.45651136E+00  0.00000000E+00  0.00000000E+00  0.00000000E+00
  0.85049000E+01  0.44781348E+00  0.44781348E+00  0.44781348E+00  0.00000000E+00  0.00000000E+00  0.00000000E+00
  0.85348000E+01  0.43942601E+00  0.43942601E+00  0.43942601E+00  0.00000000E+00  0.00000000E+00  0.00000000E+00
  0.85646000E+01  0.43133955E+00  0.43133955E+00  0.43133955E+00  0.00000000E+00  0.00000000E+00  0.00000000E+00
  0.85945000E+01  0.42355779E+00  0.42355779E+00  0.42355779E+00  0.00000000E+00  0.00000000E+00  0.00000000E+00
  0.86243000E+01  0.41602012E+00  0.41602012E+00  0.41602012E+00  0.00000000E+00  0.00000000E+00  0.00000000E+00
  0.86541000E+01  0.40873457E+00  0.40873457E+00  0.40873457E+00  0.00000000E+00  0.00000000E+00  0.00000000E+00
  0.86840000E+01  0.40186925E+00  0.40186925E+00  0.40186925E+00  0.00000000E+00  0.00000000E+00  0.00000000E+00
  0.87138000E+01  0.39542788E+00  0.39542788E+00  0.39542788E+00  0.00000000E+00  0.00000000E+00  0.00000000E+00
  0.87437000E+01  0.38938124E+00  0.38938124E+00  0.38938124E+00  0.00000000E+00  0.00000000E+00  0.00000000E+00
  0.87735000E+01  0.38344312E+00  0.38344312E+00  0.38344312E+00  0.00000000E+00  0.00000000E+00  0.00000000E+00
  0.88033000E+01  0.37730085E+00  0.37730085E+00  0.37730085E+00  0.00000000E+00  0.00000000E+00  0.00000000E+00
  0.88332000E+01  0.37071470E+00  0.37071470E+00  0.37071470E+00  0.00000000E+00  0.00000000E+00  0.00000000E+00
  0.88630000E+01  0.36364853E+00  0.36364853E+00  0.36364853E+00  0.00000000E+00  0.00000000E+00  0.00000000E+00
  0.88929000E+01  0.35643069E+00  0.35643069E+00  0.35643069E+00  0.00000000E+00  0.00000000E+00  0.00000000E+00
  0.89227000E+01  0.34943186E+00  0.34943186E+00  0.34943186E+00  0.00000000E+00  0.00000000E+00  0.00000000E+00
  0.89526000E+01  0.34273512E+00  0.34273512E+00  0.34273512E+00  0.00000000E+00  0.00000000E+00  0.00000000E+00
