Automatically generated mesh
     110
Reciprocal lattice
    0.05000000000000    0.05000000000000    0.05000000000000             2
    0.15000000000000    0.05000000000000    0.05000000000000             6
    0.25000000000000    0.05000000000000    0.05000000000000             6
    0.35000000000000    0.05000000000000    0.05000000000000             6
    0.45000000000000    0.05000000000000    0.05000000000000             6
   -0.45000000000000    0.05000000000000    0.05000000000000             6
   -0.35000000000000    0.05000000000000    0.05000000000000             6
   -0.25000000000000    0.05000000000000    0.05000000000000             6
   -0.15000000000000    0.05000000000000    0.05000000000000             6
   -0.05000000000000    0.05000000000000    0.05000000000000             6
    0.15000000000000    0.15000000000000    0.05000000000000             6
    0.25000000000000    0.15000000000000    0.05000000000000            12
    0.35000000000000    0.15000000000000    0.05000000000000            12
    0.45000000000000    0.15000000000000    0.05000000000000            12
   -0.45000000000000    0.15000000000000    0.05000000000000            12
   -0.35000000000000    0.15000000000000    0.05000000000000            12
   -0.25000000000000    0.15000000000000    0.05000000000000            12
   -0.15000000000000    0.15000000000000    0.05000000000000            12
   -0.05000000000000    0.15000000000000    0.05000000000000            12
    0.25000000000000    0.25000000000000    0.05000000000000             6
    0.35000000000000    0.25000000000000    0.05000000000000            12
    0.45000000000000    0.25000000000000    0.05000000000000            12
   -0.45000000000000    0.25000000000000    0.05000000000000            12
   -0.35000000000000    0.25000000000000    0.05000000000000            12
   -0.25000000000000    0.25000000000000    0.05000000000000            12
   -0.15000000000000    0.25000000000000    0.05000000000000            12
   -0.05000000000000    0.25000000000000    0.05000000000000            12
    0.35000000000000    0.35000000000000    0.05000000000000             6
    0.45000000000000    0.35000000000000    0.05000000000000            12
   -0.45000000000000    0.35000000000000    0.05000000000000            12
   -0.35000000000000    0.35000000000000    0.05000000000000            12
   -0.25000000000000    0.35000000000000    0.05000000000000            12
   -0.15000000000000    0.35000000000000    0.05000000000000            12
   -0.05000000000000    0.35000000000000    0.05000000000000            12
    0.45000000000000    0.45000000000000    0.05000000000000             6
   -0.45000000000000    0.45000000000000    0.05000000000000            12
   -0.35000000000000    0.45000000000000    0.05000000000000            12
   -0.25000000000000    0.45000000000000    0.05000000000000            12
   -0.15000000000000    0.45000000000000    0.05000000000000            12
   -0.05000000000000    0.45000000000000    0.05000000000000            12
   -0.45000000000000   -0.45000000000000    0.05000000000000             6
   -0.35000000000000   -0.45000000000000    0.05000000000000            12
   -0.25000000000000   -0.45000000000000    0.05000000000000            12
   -0.15000000000000   -0.45000000000000    0.05000000000000            12
   -0.35000000000000   -0.35000000000000    0.05000000000000             6
   -0.25000000000000   -0.35000000000000    0.05000000000000            12
   -0.15000000000000   -0.35000000000000    0.05000000000000            12
   -0.25000000000000   -0.25000000000000    0.05000000000000             6
   -0.15000000000000   -0.25000000000000    0.05000000000000            12
   -0.15000000000000   -0.15000000000000    0.05000000000000             6
    0.15000000000000    0.15000000000000    0.15000000000000             2
    0.25000000000000    0.15000000000000    0.15000000000000             6
    0.35000000000000    0.15000000000000    0.15000000000000             6
    0.45000000000000    0.15000000000000    0.15000000000000             6
   -0.45000000000000    0.15000000000000    0.15000000000000             6
   -0.35000000000000    0.15000000000000    0.15000000000000             6
   -0.25000000000000    0.15000000000000    0.15000000000000             6
   -0.15000000000000    0.15000000000000    0.15000000000000             6
    0.25000000000000    0.25000000000000    0.15000000000000             6
    0.35000000000000    0.25000000000000    0.15000000000000            12
    0.45000000000000    0.25000000000000    0.15000000000000            12
   -0.45000000000000    0.25000000000000    0.15000000000000            12
   -0.35000000000000    0.25000000000000    0.15000000000000            12
   -0.25000000000000    0.25000000000000    0.15000000000000            12
   -0.15000000000000    0.25000000000000    0.15000000000000            12
    0.35000000000000    0.35000000000000    0.15000000000000             6
    0.45000000000000    0.35000000000000    0.15000000000000            12
   -0.45000000000000    0.35000000000000    0.15000000000000            12
   -0.35000000000000    0.35000000000000    0.15000000000000            12
   -0.25000000000000    0.35000000000000    0.15000000000000            12
   -0.15000000000000    0.35000000000000    0.15000000000000            12
    0.45000000000000    0.45000000000000    0.15000000000000             6
   -0.45000000000000    0.45000000000000    0.15000000000000            12
   -0.35000000000000    0.45000000000000    0.15000000000000            12
   -0.25000000000000    0.45000000000000    0.15000000000000            12
   -0.15000000000000    0.45000000000000    0.15000000000000            12
   -0.45000000000000   -0.45000000000000    0.15000000000000             6
   -0.35000000000000   -0.45000000000000    0.15000000000000            12
   -0.25000000000000   -0.45000000000000    0.15000000000000            12
   -0.35000000000000   -0.35000000000000    0.15000000000000             6
   -0.25000000000000   -0.35000000000000    0.15000000000000            12
   -0.25000000000000   -0.25000000000000    0.15000000000000             6
    0.25000000000000    0.25000000000000    0.25000000000000             2
    0.35000000000000    0.25000000000000    0.25000000000000             6
    0.45000000000000    0.25000000000000    0.25000000000000             6
   -0.45000000000000    0.25000000000000    0.25000000000000             6
   -0.35000000000000    0.25000000000000    0.25000000000000             6
   -0.25000000000000    0.25000000000000    0.25000000000000             6
    0.35000000000000    0.35000000000000    0.25000000000000             6
    0.45000000000000    0.35000000000000    0.25000000000000            12
   -0.45000000000000    0.35000000000000    0.25000000000000            12
   -0.35000000000000    0.35000000000000    0.25000000000000            12
   -0.25000000000000    0.35000000000000    0.25000000000000            12
    0.45000000000000    0.45000000000000    0.25000000000000             6
   -0.45000000000000    0.45000000000000    0.25000000000000            12
   -0.35000000000000    0.45000000000000    0.25000000000000            12
   -0.25000000000000    0.45000000000000    0.25000000000000            12
   -0.45000000000000   -0.45000000000000    0.25000000000000             6
   -0.35000000000000   -0.45000000000000    0.25000000000000            12
   -0.35000000000000   -0.35000000000000    0.25000000000000             6
    0.35000000000000    0.35000000000000    0.35000000000000             2
    0.45000000000000    0.35000000000000    0.35000000000000             6
   -0.45000000000000    0.35000000000000    0.35000000000000             6
   -0.35000000000000    0.35000000000000    0.35000000000000             6
    0.45000000000000    0.45000000000000    0.35000000000000             6
   -0.45000000000000    0.45000000000000    0.35000000000000            12
   -0.35000000000000    0.45000000000000    0.35000000000000            12
   -0.45000000000000   -0.45000000000000    0.35000000000000             6
    0.45000000000000    0.45000000000000    0.45000000000000             2
   -0.45000000000000    0.45000000000000    0.45000000000000             6
Tetrahedra
       510    0.00016666666667
        12         1         2        11        51
        12         2        11        12        52
        12         2         3        12        52
        12         2        11        51        52
        12         3        12        13        53
        12         3         4        13        53
        12         3        12        52        53
        12         4        13        14        54
        12         4         5        14        54
        12         4        13        53        54
        12         5        14        15        55
        12         5         6        15        55
        12         5        14        54        55
        12         6        15        16        56
        12         6         7        16        56
        12         6        15        55        56
        12         7        16        17        57
        12         7         8        17        57
        12         7        16        56        57
        12         8        17        18        58
        12         8         9        18        58
        12         8        17        57        58
        12         9        18        19        50
        12         9        10        19        50
        12         9        18        50        58
        12         2        10        11        19
        12         1         2        10        11
        12        10        11        19        50
        12        11        12        20        59
        12        11        12        52        59
        12        11        51        52        59
        12        12        20        21        60
        12        12        13        21        60
        12        12        13        53        60
        12        12        20        59        60
        12        12        52        59        60
        12        12        52        53        60
        12        13        21        22        61
        12        13        14        22        61
        12        13        14        54        61
        12        13        21        60        61
        12        13        53        60        61
        12        13        53        54        61
        12        14        22        23        62
        12        14        15        23        62
        12        14        15        55        62
        12        14        22        61        62
        12        14        54        61        62
        12        14        54        55        62
        12        15        23        24        63
        12        15        16        24        63
        12        15        16        56        63
        12        15        23        62        63
        12        15        55        62        63
        12        15        55        56        63
        12        16        24        25        64
        12        16        17        25        64
        12        16        17        57        64
        12        16        24        63        64
        12        16        56        63        64
        12        16        56        57        64
        12        17        25        26        65
        12        17        18        26        65
        12        17        18        58        65
        12        17        25        64        65
        12        17        57        64        65
        12        17        57        58        65
        12        18        26        27        49
        12        18        19        27        49
        12        18        19        49        50
        12        18        26        49        65
        12        18        49        58        65
        12        18        49        50        58
        12         3        12        19        27
        12         2         3        12        19
        12         2        11        12        19
        12        12        19        27        49
        12        12        19        49        50
        12        11        12        19        50
        12        20        21        28        66
        12        20        21        60        66
        12        20        59        60        66
        12        21        28        29        67
        12        21        22        29        67
        12        21        22        61        67
        12        21        28        66        67
        12        21        60        66        67
        12        21        60        61        67
        12        22        29        30        68
        12        22        23        30        68
        12        22        23        62        68
        12        22        29        67        68
        12        22        61        67        68
        12        22        61        62        68
        12        23        30        31        69
        12        23        24        31        69
        12        23        24        63        69
        12        23        30        68        69
        12        23        62        68        69
        12        23        62        63        69
        12        24        31        32        70
        12        24        25        32        70
        12        24        25        64        70
        12        24        31        69        70
        12        24        63        69        70
        12        24        63        64        70
        12        25        32        33        71
        12        25        26        33        71
        12        25        26        65        71
        12        25        32        70        71
        12        25        64        70        71
        12        25        64        65        71
        12        26        33        34        47
        12        26        27        34        47
        12        26        27        47        49
        12        26        33        47        71
        12        26        47        65        71
        12        26        47        49        65
        12         4        13        27        34
        12         3         4        13        27
        12         3        12        13        27
        12        13        27        34        47
        12        13        27        47        49
        12        12        13        27        49
        12        28        29        35        72
        12        28        29        67        72
        12        28        66        67        72
        12        29        35        36        73
        12        29        30        36        73
        12        29        30        68        73
        12        29        35        72        73
        12        29        67        72        73
        12        29        67        68        73
        12        30        36        37        74
        12        30        31        37        74
        12        30        31        69        74
        12        30        36        73        74
        12        30        68        73        74
        12        30        68        69        74
        12        31        37        38        75
        12        31        32        38        75
        12        31        32        70        75
        12        31        37        74        75
        12        31        69        74        75
        12        31        69        70        75
        12        32        38        39        76
        12        32        33        39        76
        12        32        33        71        76
        12        32        38        75        76
        12        32        70        75        76
        12        32        70        71        76
        12        33        39        40        44
        12        33        34        40        44
        12        33        34        44        47
        12        33        39        44        76
        12        33        44        71        76
        12        33        44        47        71
        12         5        14        34        40
        12         4         5        14        34
        12         4        13        14        34
        12        14        34        40        44
        12        14        34        44        47
        12        13        14        34        47
        12        35        36        41        77
        12        35        36        73        77
        12        35        72        73        77
        12        36        41        42        78
        12        36        37        42        78
        12        36        37        74        78
        12        36        41        77        78
        12        36        73        77        78
        12        36        73        74        78
        12        37        42        43        79
        12        37        38        43        79
        12        37        38        75        79
        12        37        42        78        79
        12        37        74        78        79
        12        37        74        75        79
        12        38        43        44        76
        12        38        39        44        76
        12        38        39        76        76
        12        38        43        76        79
        12        38        75        76        79
        12        38        75        76        76
        12        39        39        40        44
         6        39        39        40        40
        12        39        39        44        76
         6        39        39        76        76
        12         6        15        40        40
        12         5         6        15        40
        12         5        14        15        40
        12        15        39        40        40
        12        15        39        40        44
        12        14        15        40        44
        12        41        42        45        80
        12        41        42        78        80
        12        41        77        78        80
        12        42        45        46        81
        12        42        43        46        81
        12        42        43        79        81
        12        42        45        80        81
        12        42        78        80        81
        12        42        78        79        81
        12        43        46        47        71
        12        43        44        47        71
        12        43        44        71        76
        12        43        46        71        81
        12        43        71        79        81
        12        43        71        76        79
        12         7        16        34        40
        12         6         7        16        40
        12         6        15        16        40
        12        16        33        34        40
        12        16        33        39        40
        12        15        16        39        40
        12        45        46        48        82
        12        45        46        81        82
        12        45        80        81        82
        12        46        48        49        65
        12        46        47        49        65
        12        46        47        65        71
        12        46        48        65        82
        12        46        65        81        82
        12        46        65        71        81
        12         8        17        27        34
        12         7         8        17        34
        12         7        16        17        34
        12        17        26        27        34
        12        17        26        33        34
        12        16        17        33        34
        12        48        49        50        58
        12        48        49        58        65
        12        48        58        65        82
        12         9        18        19        27
        12         8         9        18        27
        12         8        17        18        27
        12        18        18        19        27
        12        18        18        26        27
        12        17        18        26        27
         6        10        10        19        19
        12         9        10        19        19
        12         9        18        19        19
         6        18        18        19        19
        12         1         2        10        10
        12         2        10        10        19
        12         2         9        10        19
        12        51        52        59        83
        12        52        59        60        84
        12        52        53        60        84
        12        52        59        83        84
        12        53        60        61        85
        12        53        54        61        85
        12        53        60        84        85
        12        54        61        62        86
        12        54        55        62        86
        12        54        61        85        86
        12        55        62        63        87
        12        55        56        63        87
        12        55        62        86        87
        12        56        63        64        88
        12        56        57        64        88
        12        56        63        87        88
        12        57        64        65        82
        12        57        58        65        82
        12        57        64        82        88
        12        12        20        49        50
        12        11        12        20        50
        12        20        48        49        50
        12        59        60        66        89
        12        59        60        84        89
        12        59        83        84        89
        12        60        66        67        90
        12        60        61        67        90
        12        60        61        85        90
        12        60        66        89        90
        12        60        84        89        90
        12        60        84        85        90
        12        61        67        68        91
        12        61        62        68        91
        12        61        62        86        91
        12        61        67        90        91
        12        61        85        90        91
        12        61        85        86        91
        12        62        68        69        92
        12        62        63        69        92
        12        62        63        87        92
        12        62        68        91        92
        12        62        86        91        92
        12        62        86        87        92
        12        63        69        70        93
        12        63        64        70        93
        12        63        64        88        93
        12        63        69        92        93
        12        63        87        92        93
        12        63        87        88        93
        12        64        70        71        81
        12        64        65        71        81
        12        64        65        81        82
        12        64        70        81        93
        12        64        81        88        93
        12        64        81        82        88
        12        13        21        47        49
        12        12        13        21        49
        12        12        20        21        49
        12        21        46        47        49
        12        21        46        48        49
        12        20        21        48        49
        12        66        67        72        94
        12        66        67        90        94
        12        66        89        90        94
        12        67        72        73        95
        12        67        68        73        95
        12        67        68        91        95
        12        67        72        94        95
        12        67        90        94        95
        12        67        90        91        95
        12        68        73        74        96
        12        68        69        74        96
        12        68        69        92        96
        12        68        73        95        96
        12        68        91        95        96
        12        68        91        92        96
        12        69        74        75        97
        12        69        70        75        97
        12        69        70        93        97
        12        69        74        96        97
        12        69        92        96        97
        12        69        92        93        97
        12        70        75        76        79
        12        70        71        76        79
        12        70        71        79        81
        12        70        75        79        97
        12        70        79        93        97
        12        70        79        81        93
        12        14        22        44        47
        12        13        14        22        47
        12        13        21        22        47
        12        22        43        44        47
        12        22        43        46        47
        12        21        22        46        47
        12        72        73        77        98
        12        72        73        95        98
        12        72        94        95        98
        12        73        77        78        99
        12        73        74        78        99
        12        73        74        96        99
        12        73        77        98        99
        12        73        95        98        99
        12        73        95        96        99
        12        74        78        79        97
        12        74        75        79        97
        12        74        75        97        97
        12        74        78        97        99
        12        74        96        97        99
        12        74        96        97        97
        12        75        75        76        79
         6        75        75        76        76
        12        75        75        79        97
         6        75        75        97        97
        12        15        23        39        44
        12        14        15        23        44
        12        14        22        23        44
        12        23        38        39        44
        12        23        38        43        44
        12        22        23        43        44
        12        77        78        80       100
        12        77        78        99       100
        12        77        98        99       100
        12        78        80        81        93
        12        78        79        81        93
        12        78        79        93        97
        12        78        80        93       100
        12        78        93        99       100
        12        78        93        97        99
        12        16        24        33        39
        12        15        16        24        39
        12        15        23        24        39
        12        24        32        33        39
        12        24        32        38        39
        12        23        24        38        39
        12        80        81        82        88
        12        80        81        88        93
        12        80        88        93       100
        12        17        25        26        33
        12        16        17        25        33
        12        16        24        25        33
        12        25        25        26        33
        12        25        25        32        33
        12        24        25        32        33
         6        18        18        26        26
        12        17        18        26        26
        12        17        25        26        26
         6        25        25        26        26
        12         2         3         9        19
        12         3         9        19        27
        12         3         8         9        27
        12        83        84        89       101
        12        84        89        90       102
        12        84        85        90       102
        12        84        89       101       102
        12        85        90        91       103
        12        85        86        91       103
        12        85        90       102       103
        12        86        91        92       104
        12        86        87        92       104
        12        86        91       103       104
        12        87        92        93       100
        12        87        88        93       100
        12        87        92       100       104
        12        21        28        46        48
        12        20        21        28        48
        12        28        45        46        48
        12        89        90        94       105
        12        89        90       102       105
        12        89       101       102       105
        12        90        94        95       106
        12        90        91        95       106
        12        90        91       103       106
        12        90        94       105       106
        12        90       102       105       106
        12        90       102       103       106
        12        91        95        96       107
        12        91        92        96       107
        12        91        92       104       107
        12        91        95       106       107
        12        91       103       106       107
        12        91       103       104       107
        12        92        96        97        99
        12        92        93        97        99
        12        92        93        99       100
        12        92        96        99       107
        12        92        99       104       107
        12        92        99       100       104
        12        22        29        43        46
        12        21        22        29        46
        12        21        28        29        46
        12        29        42        43        46
        12        29        42        45        46
        12        28        29        45        46
        12        94        95        98       108
        12        94        95       106       108
        12        94       105       106       108
        12        95        98        99       107
        12        95        96        99       107
        12        95        96       107       107
        12        95        98       107       108
        12        95       106       107       108
        12        95       106       107       107
        12        96        96        97        99
         6        96        96        97        97
        12        96        96        99       107
         6        96        96       107       107
        12        23        30        38        43
        12        22        23        30        43
        12        22        29        30        43
        12        30        37        38        43
        12        30        37        42        43
        12        29        30        42        43
        12        98        99       100       104
        12        98        99       104       107
        12        98       104       107       108
        12        24        31        32        38
        12        23        24        31        38
        12        23        30        31        38
        12        31        31        32        38
        12        31        31        37        38
        12        30        31        37        38
         6        25        25        32        32
        12        24        25        32        32
        12        24        31        32        32
         6        31        31        32        32
        12         3         4         8        27
        12         4         8        27        34
        12         4         7         8        34
        12       101       102       105       109
        12       102       105       106       110
        12       102       103       106       110
        12       102       105       109       110
        12       103       106       107       108
        12       103       104       107       108
        12       103       106       108       110
        12        29        35        42        45
        12        28        29        35        45
        12        35        41        42        45
        12       105       106       108       110
        12       105       106       110       110
        12       105       109       110       110
        12       106       106       107       108
         6       106       106       107       107
        12       106       106       108       110
         6       106       106       110       110
        12        30        36        37        42
        12        29        30        36        42
        12        29        35        36        42
        12        36        36        37        42
        12        36        36        41        42
        12        35        36        41        42
         6        31        31        37        37
        12        30        31        37        37
        12        30        36        37        37
         6        36        36        37        37
        12         4         5         7        34
        12         5         7        34        40
        12         5         6         7        40
         6       109       109       110       110
         6        36        36        41        41
        12        35        36        41        41
        12         5         6         6        40
         6         6         6        40        40
         6         1         1        10        10
