  #energy          xx             yy              zz              xy              yz              zx
  0.00000000E+00  0.00000000E+00  0.00000000E+00  0.00000000E+00  0.00000000E+00  0.00000000E+00  0.00000000E+00
  0.42800000E-01  0.55343304E+00  0.55343304E+00  0.23430953E-01  0.00000000E+00  0.00000000E+00  0.00000000E+00
  0.85600000E-01  0.11487748E+01  0.11487748E+01  0.50853104E-01  0.00000000E+00  0.00000000E+00  0.00000000E+00
  0.12840000E+00  0.18280272E+01  0.18280272E+01  0.87147228E-01  0.00000000E+00  0.00000000E+00  0.00000000E+00
  0.17120000E+00  0.26161813E+01  0.26161813E+01  0.13755112E+00  0.00000000E+00  0.00000000E+00  0.00000000E+00
  0.21410000E+00  0.34580979E+01  0.34580979E+01  0.20214477E+00  0.00000000E+00  0.00000000E+00  0.00000000E+00
  0.25690000E+00  0.41995639E+01  0.41995639E+01  0.27151236E+00  0.00000000E+00  0.00000000E+00  0.00000000E+00
  0.29970000E+00  0.47216035E+01  0.47216035E+01  0.32988234E+00  0.00000000E+00  0.00000000E+00  0.00000000E+00
  0.34250000E+00  0.49806360E+01  0.49806360E+01  0.36021121E+00  0.00000000E+00  0.00000000E+00  0.00000000E+00
  0.38530000E+00  0.50045764E+01  0.50045764E+01  0.36048707E+00  0.00000000E+00  0.00000000E+00  0.00000000E+00
  0.42810000E+00  0.48743900E+01  0.48743900E+01  0.34333445E+00  0.00000000E+00  0.00000000E+00  0.00000000E+00
  0.47090000E+00  0.46558844E+01  0.46558844E+01  0.32084923E+00  0.00000000E+00  0.00000000E+00  0.00000000E+00
  0.51370000E+00  0.43754800E+01  0.43754800E+01  0.30034933E+00  0.00000000E+00  0.00000000E+00  0.00000000E+00
  0.55660000E+00  0.40737569E+01  0.40737569E+01  0.28652031E+00  0.00000000E+00  0.00000000E+00  0.00000000E+00
  0.59940000E+00  0.38019263E+01  0.38019263E+01  0.28091576E+00  0.00000000E+00  0.00000000E+00  0.00000000E+00
  0.64220000E+00  0.35812914E+01  0.35812914E+01  0.28211475E+00  0.00000000E+00  0.00000000E+00  0.00000000E+00
  0.68500000E+00  0.34090712E+01  0.34090803E+01  0.28743970E+00  0.00000000E+00  0.00000000E+00  0.00000000E+00
  0.72780000E+00  0.32733296E+01  0.32733296E+01  0.29411663E+00  0.00000000E+00  0.00000000E+00  0.00000000E+00
  0.77060000E+00  0.31614653E+01  0.31614653E+01  0.29995594E+00  0.00000000E+00  0.00000000E+00  0.00000000E+00
  0.81340000E+00  0.30683255E+01  0.30683255E+01  0.30369304E+00  0.00000000E+00  0.00000000E+00  0.00000000E+00
  0.85620000E+00  0.29962813E+01  0.29962813E+01  0.30481630E+00  0.00000000E+00  0.00000000E+00  0.00000000E+00
  0.89910000E+00  0.29438326E+01  0.29438326E+01  0.30347660E+00  0.00000000E+00  0.00000000E+00  0.00000000E+00
  0.94190000E+00  0.29019317E+01  0.29019317E+01  0.30019307E+00  0.00000000E+00  0.00000000E+00  0.00000000E+00
  0.98470000E+00  0.28584085E+01  0.28584085E+01  0.29537574E+00  0.00000000E+00  0.00000000E+00  0.00000000E+00
  0.10275000E+01  0.27989772E+01  0.27989772E+01  0.28961964E+00  0.00000000E+00  0.00000000E+00  0.00000000E+00
  0.10703000E+01  0.27105479E+01  0.27105479E+01  0.28404237E+00  0.00000000E+00  0.00000000E+00  0.00000000E+00
  0.11131000E+01  0.25997245E+01  0.25997245E+01  0.27945070E+00  0.00000000E+00  0.00000000E+00  0.00000000E+00
  0.11559000E+01  0.24837221E+01  0.24837221E+01  0.27547303E+00  0.00000000E+00  0.00000000E+00  0.00000000E+00
  0.11987000E+01  0.23707024E+01  0.23707024E+01  0.27156095E+00  0.00000000E+00  0.00000000E+00  0.00000000E+00
  0.12416000E+01  0.22612411E+01  0.22612411E+01  0.26746536E+00  0.00000000E+00  0.00000000E+00  0.00000000E+00
  0.12844000E+01  0.21522626E+01  0.21522626E+01  0.26299598E+00  0.00000000E+00  0.00000000E+00  0.00000000E+00
  0.13272000E+01  0.20391389E+01  0.20391389E+01  0.25833955E+00  0.00000000E+00  0.00000000E+00  0.00000000E+00
  0.13700000E+01  0.19187159E+01  0.19187159E+01  0.25405846E+00  0.00000000E+00  0.00000000E+00  0.00000000E+00
  0.14128000E+01  0.17952007E+01  0.17952007E+01  0.25072696E+00  0.00000000E+00  0.00000000E+00  0.00000000E+00
  0.14556000E+01  0.16767180E+01  0.16767180E+01  0.24745178E+00  0.00000000E+00  0.00000000E+00  0.00000000E+00
  0.14984000E+01  0.15692076E+01  0.15692076E+01  0.24180636E+00  0.00000000E+00  0.00000000E+00  0.00000000E+00
  0.15412000E+01  0.14764935E+01  0.14764935E+01  0.23330522E+00  0.00000000E+00  0.00000000E+00  0.00000000E+00
  0.15841000E+01  0.14006715E+01  0.14006715E+01  0.22356759E+00  0.00000000E+00  0.00000000E+00  0.00000000E+00
  0.16269000E+01  0.13422900E+01  0.13422900E+01  0.21449818E+00  0.00000000E+00  0.00000000E+00  0.00000000E+00
  0.16697000E+01  0.13008928E+01  0.13008928E+01  0.20747911E+00  0.00000000E+00  0.00000000E+00  0.00000000E+00
  0.17125000E+01  0.12751781E+01  0.12751781E+01  0.20280772E+00  0.00000000E+00  0.00000000E+00  0.00000000E+00
  0.17553000E+01  0.12627378E+01  0.12627378E+01  0.20067481E+00  0.00000000E+00  0.00000000E+00  0.00000000E+00
  0.17981000E+01  0.12603785E+01  0.12603785E+01  0.20095490E+00  0.00000000E+00  0.00000000E+00  0.00000000E+00
  0.18409000E+01  0.12651051E+01  0.12651051E+01  0.20287333E+00  0.00000000E+00  0.00000000E+00  0.00000000E+00
  0.18837000E+01  0.12756960E+01  0.12756960E+01  0.20609076E+00  0.00000000E+00  0.00000000E+00  0.00000000E+00
  0.19265000E+01  0.12929549E+01  0.12929549E+01  0.21093998E+00  0.00000000E+00  0.00000000E+00  0.00000000E+00
  0.19694000E+01  0.13183113E+01  0.13183113E+01  0.21727278E+00  0.00000000E+00  0.00000000E+00  0.00000000E+00
  0.20122000E+01  0.13530108E+01  0.13530108E+01  0.22346219E+00  0.00000000E+00  0.00000000E+00  0.00000000E+00
  0.20550000E+01  0.13993162E+01  0.13993162E+01  0.22735260E+00  0.00000000E+00  0.00000000E+00  0.00000000E+00
  0.20978000E+01  0.14621993E+01  0.14621993E+01  0.22780738E+00  0.00000000E+00  0.00000000E+00  0.00000000E+00
  0.21406000E+01  0.15514463E+01  0.15514463E+01  0.22460238E+00  0.00000000E+00  0.00000000E+00  0.00000000E+00
  0.21834000E+01  0.16821493E+01  0.16821493E+01  0.21958203E+00  0.00000000E+00  0.00000000E+00  0.00000000E+00
  0.22262000E+01  0.18578252E+01  0.18578252E+01  0.21588959E+00  0.00000000E+00  0.00000000E+00  0.00000000E+00
  0.22690000E+01  0.20447154E+01  0.20447154E+01  0.21375389E+00  0.00000000E+00  0.00000000E+00  0.00000000E+00
  0.23119000E+01  0.21981391E+01  0.21981391E+01  0.20914522E+00  0.00000000E+00  0.00000000E+00  0.00000000E+00
  0.23547000E+01  0.23003823E+01  0.23003823E+01  0.20065267E+00  0.00000000E+00  0.00000000E+00  0.00000000E+00
  0.23975000E+01  0.23555769E+01  0.23555769E+01  0.19148113E+00  0.00000000E+00  0.00000000E+00  0.00000000E+00
  0.24403000E+01  0.23719600E+01  0.23719600E+01  0.18398226E+00  0.00000000E+00  0.00000000E+00  0.00000000E+00
  0.24831000E+01  0.23542448E+01  0.23542448E+01  0.17844172E+00  0.00000000E+00  0.00000000E+00  0.00000000E+00
  0.25259000E+01  0.23053612E+01  0.23053612E+01  0.17413434E+00  0.00000000E+00  0.00000000E+00  0.00000000E+00
  0.25687000E+01  0.22313687E+01  0.22313687E+01  0.17054407E+00  0.00000000E+00  0.00000000E+00  0.00000000E+00
  0.26115000E+01  0.21457127E+01  0.21457127E+01  0.16736430E+00  0.00000000E+00  0.00000000E+00  0.00000000E+00
  0.26544000E+01  0.20710414E+01  0.20710414E+01  0.16449973E+00  0.00000000E+00  0.00000000E+00  0.00000000E+00
  0.26972000E+01  0.20175280E+01  0.20175280E+01  0.16194989E+00  0.00000000E+00  0.00000000E+00  0.00000000E+00
  0.27400000E+01  0.19600768E+01  0.19600768E+01  0.15965305E+00  0.00000000E+00  0.00000000E+00  0.00000000E+00
  0.27828000E+01  0.18874551E+01  0.18874551E+01  0.15742062E+00  0.00000000E+00  0.00000000E+00  0.00000000E+00
  0.28256000E+01  0.18155417E+01  0.18155417E+01  0.15517198E+00  0.00000000E+00  0.00000000E+00  0.00000000E+00
  0.28684000E+01  0.17539674E+01  0.17539674E+01  0.15276716E+00  0.00000000E+00  0.00000000E+00  0.00000000E+00
  0.29112000E+01  0.17045145E+01  0.17045145E+01  0.15030597E+00  0.00000000E+00  0.00000000E+00  0.00000000E+00
  0.29540000E+01  0.16670548E+01  0.16670548E+01  0.14781836E+00  0.00000000E+00  0.00000000E+00  0.00000000E+00
  0.29969000E+01  0.16413752E+01  0.16413752E+01  0.14569443E+00  0.00000000E+00  0.00000000E+00  0.00000000E+00
  0.30397000E+01  0.16260493E+01  0.16260493E+01  0.14475035E+00  0.00000000E+00  0.00000000E+00  0.00000000E+00
  0.30825000E+01  0.16167277E+01  0.16167277E+01  0.14520937E+00  0.00000000E+00  0.00000000E+00  0.00000000E+00
  0.31253000E+01  0.16070391E+01  0.16070391E+01  0.14434789E+00  0.00000000E+00  0.00000000E+00  0.00000000E+00
  0.31681000E+01  0.15927043E+01  0.15927043E+01  0.13846916E+00  0.00000000E+00  0.00000000E+00  0.00000000E+00
  0.32109000E+01  0.15728579E+01  0.15728579E+01  0.13052476E+00  0.00000000E+00  0.00000000E+00  0.00000000E+00
  0.32537000E+01  0.15480503E+01  0.15480503E+01  0.12380198E+00  0.00000000E+00  0.00000000E+00  0.00000000E+00
  0.32965000E+01  0.15188854E+01  0.15188854E+01  0.11865729E+00  0.00000000E+00  0.00000000E+00  0.00000000E+00
  0.33394000E+01  0.14859151E+01  0.14859151E+01  0.11461995E+00  0.00000000E+00  0.00000000E+00  0.00000000E+00
  0.33822000E+01  0.14495438E+01  0.14495438E+01  0.11128563E+00  0.00000000E+00  0.00000000E+00  0.00000000E+00
  0.34250000E+01  0.14098028E+01  0.14098028E+01  0.10850510E+00  0.00000000E+00  0.00000000E+00  0.00000000E+00
  0.34678000E+01  0.13662607E+01  0.13662607E+01  0.10611759E+00  0.00000000E+00  0.00000000E+00  0.00000000E+00
  0.35106000E+01  0.13182537E+01  0.13182537E+01  0.10401657E+00  0.00000000E+00  0.00000000E+00  0.00000000E+00
  0.35534000E+01  0.12679499E+01  0.12679499E+01  0.10211874E+00  0.00000000E+00  0.00000000E+00  0.00000000E+00
  0.35962000E+01  0.12188066E+01  0.12188066E+01  0.10033925E+00  0.00000000E+00  0.00000000E+00  0.00000000E+00
  0.36390000E+01  0.11723662E+01  0.11723662E+01  0.98746579E-01  0.00000000E+00  0.00000000E+00  0.00000000E+00
  0.36818000E+01  0.11287947E+01  0.11287947E+01  0.97456980E-01  0.00000000E+00  0.00000000E+00  0.00000000E+00
  0.37247000E+01  0.10880875E+01  0.10880875E+01  0.96476511E-01  0.00000000E+00  0.00000000E+00  0.00000000E+00
  0.37675000E+01  0.10500426E+01  0.10500426E+01  0.95734040E-01  0.00000000E+00  0.00000000E+00  0.00000000E+00
  0.38103000E+01  0.10143917E+01  0.10143917E+01  0.95048048E-01  0.00000000E+00  0.00000000E+00  0.00000000E+00
  0.38531000E+01  0.98083263E+00  0.98083263E+00  0.94336185E-01  0.00000000E+00  0.00000000E+00  0.00000000E+00
  0.38959000E+01  0.94915082E+00  0.94915082E+00  0.93593266E-01  0.00000000E+00  0.00000000E+00  0.00000000E+00
  0.39387000E+01  0.91911566E+00  0.91911566E+00  0.92772542E-01  0.00000000E+00  0.00000000E+00  0.00000000E+00
  0.39815000E+01  0.89059576E+00  0.89059576E+00  0.91987243E-01  0.00000000E+00  0.00000000E+00  0.00000000E+00
  0.40243000E+01  0.86312694E+00  0.86312694E+00  0.91198239E-01  0.00000000E+00  0.00000000E+00  0.00000000E+00
  0.40672000E+01  0.83620675E+00  0.83620675E+00  0.90515368E-01  0.00000000E+00  0.00000000E+00  0.00000000E+00
  0.41100000E+01  0.80977579E+00  0.80977579E+00  0.89865248E-01  0.00000000E+00  0.00000000E+00  0.00000000E+00
  0.41528000E+01  0.78376118E+00  0.78376118E+00  0.89322948E-01  0.00000000E+00  0.00000000E+00  0.00000000E+00
  0.41956000E+01  0.75837097E+00  0.75837097E+00  0.88851555E-01  0.00000000E+00  0.00000000E+00  0.00000000E+00
  0.42384000E+01  0.73361557E+00  0.73361557E+00  0.88484528E-01  0.00000000E+00  0.00000000E+00  0.00000000E+00
  0.42812000E+01  0.70964244E+00  0.70964244E+00  0.88182828E-01  0.00000000E+00  0.00000000E+00  0.00000000E+00
  0.43240000E+01  0.68629031E+00  0.68629031E+00  0.88022700E-01  0.00000000E+00  0.00000000E+00  0.00000000E+00
  0.43668000E+01  0.66361239E+00  0.66361239E+00  0.88000817E-01  0.00000000E+00  0.00000000E+00  0.00000000E+00
  0.44097000E+01  0.64157347E+00  0.64157347E+00  0.88156472E-01  0.00000000E+00  0.00000000E+00  0.00000000E+00
  0.44525000E+01  0.62002388E+00  0.62002388E+00  0.88450250E-01  0.00000000E+00  0.00000000E+00  0.00000000E+00
  0.44953000E+01  0.59910958E+00  0.59910958E+00  0.88954481E-01  0.00000000E+00  0.00000000E+00  0.00000000E+00
  0.45381000E+01  0.57866871E+00  0.57866871E+00  0.89567662E-01  0.00000000E+00  0.00000000E+00  0.00000000E+00
  0.45809000E+01  0.55874290E+00  0.55874290E+00  0.90286682E-01  0.00000000E+00  0.00000000E+00  0.00000000E+00
  0.46237000E+01  0.53940301E+00  0.53940301E+00  0.91073122E-01  0.00000000E+00  0.00000000E+00  0.00000000E+00
  0.46665000E+01  0.52052885E+00  0.52052885E+00  0.91926443E-01  0.00000000E+00  0.00000000E+00  0.00000000E+00
  0.47093000E+01  0.50213821E+00  0.50213821E+00  0.92775860E-01  0.00000000E+00  0.00000000E+00  0.00000000E+00
  0.47522000E+01  0.48413296E+00  0.48413296E+00  0.93654140E-01  0.00000000E+00  0.00000000E+00  0.00000000E+00
  0.47950000E+01  0.46655277E+00  0.46655277E+00  0.94523762E-01  0.00000000E+00  0.00000000E+00  0.00000000E+00
  0.48378000E+01  0.44887695E+00  0.44887695E+00  0.95419555E-01  0.00000000E+00  0.00000000E+00  0.00000000E+00
  0.48806000E+01  0.43062924E+00  0.43062924E+00  0.96368950E-01  0.00000000E+00  0.00000000E+00  0.00000000E+00
  0.49234000E+01  0.41055776E+00  0.41055776E+00  0.97408226E-01  0.00000000E+00  0.00000000E+00  0.00000000E+00
  0.49662000E+01  0.38702856E+00  0.38702856E+00  0.98575619E-01  0.00000000E+00  0.00000000E+00  0.00000000E+00
  0.50090000E+01  0.35935070E+00  0.35935070E+00  0.99872233E-01  0.00000000E+00  0.00000000E+00  0.00000000E+00
  0.50518000E+01  0.32847899E+00  0.32847899E+00  0.10126012E+00  0.00000000E+00  0.00000000E+00  0.00000000E+00
  0.50947000E+01  0.29676545E+00  0.29676545E+00  0.10267232E+00  0.00000000E+00  0.00000000E+00  0.00000000E+00
  0.51375000E+01  0.26737262E+00  0.26737262E+00  0.10417674E+00  0.00000000E+00  0.00000000E+00  0.00000000E+00
  0.51803000E+01  0.24223484E+00  0.24223484E+00  0.10566559E+00  0.00000000E+00  0.00000000E+00  0.00000000E+00
  0.52231000E+01  0.22135626E+00  0.22135626E+00  0.10720655E+00  0.00000000E+00  0.00000000E+00  0.00000000E+00
  0.52659000E+01  0.20403620E+00  0.20403620E+00  0.10876514E+00  0.00000000E+00  0.00000000E+00  0.00000000E+00
  0.53087000E+01  0.18922683E+00  0.18922683E+00  0.11033593E+00  0.00000000E+00  0.00000000E+00  0.00000000E+00
  0.53515000E+01  0.17644136E+00  0.17644136E+00  0.11191590E+00  0.00000000E+00  0.00000000E+00  0.00000000E+00
  0.53943000E+01  0.16513392E+00  0.16513392E+00  0.11357131E+00  0.00000000E+00  0.00000000E+00  0.00000000E+00
  0.54371000E+01  0.15510965E+00  0.15510965E+00  0.11526502E+00  0.00000000E+00  0.00000000E+00  0.00000000E+00
  0.54800000E+01  0.14600565E+00  0.14600565E+00  0.11709292E+00  0.00000000E+00  0.00000000E+00  0.00000000E+00
  0.55228000E+01  0.13769463E+00  0.13769463E+00  0.11911875E+00  0.00000000E+00  0.00000000E+00  0.00000000E+00
  0.55656000E+01  0.13016971E+00  0.13016971E+00  0.12131436E+00  0.00000000E+00  0.00000000E+00  0.00000000E+00
  0.56084000E+01  0.12319767E+00  0.12319767E+00  0.12364707E+00  0.00000000E+00  0.00000000E+00  0.00000000E+00
  0.56512000E+01  0.11679708E+00  0.11679708E+00  0.12607133E+00  0.00000000E+00  0.00000000E+00  0.00000000E+00
  0.56940000E+01  0.11085430E+00  0.11085430E+00  0.12858778E+00  0.00000000E+00  0.00000000E+00  0.00000000E+00
  0.57368000E+01  0.10544424E+00  0.10544424E+00  0.13128295E+00  0.00000000E+00  0.00000000E+00  0.00000000E+00
  0.57796000E+01  0.10047533E+00  0.10047533E+00  0.13412374E+00  0.00000000E+00  0.00000000E+00  0.00000000E+00
  0.58225000E+01  0.95988795E-01  0.95988795E-01  0.13713599E+00  0.00000000E+00  0.00000000E+00  0.00000000E+00
  0.58653000E+01  0.91882134E-01  0.91882134E-01  0.14028114E+00  0.00000000E+00  0.00000000E+00  0.00000000E+00
  0.59081000E+01  0.88207345E-01  0.88207345E-01  0.14357272E+00  0.00000000E+00  0.00000000E+00  0.00000000E+00
  0.59509000E+01  0.84808065E-01  0.84808065E-01  0.14706004E+00  0.00000000E+00  0.00000000E+00  0.00000000E+00
  0.59937000E+01  0.81666366E-01  0.81666366E-01  0.15094339E+00  0.00000000E+00  0.00000000E+00  0.00000000E+00
  0.60365000E+01  0.78640296E-01  0.78640296E-01  0.15539130E+00  0.00000000E+00  0.00000000E+00  0.00000000E+00
  0.60793000E+01  0.75785509E-01  0.75785509E-01  0.16076564E+00  0.00000000E+00  0.00000000E+00  0.00000000E+00
  0.61221000E+01  0.73021865E-01  0.73021865E-01  0.16736164E+00  0.00000000E+00  0.00000000E+00  0.00000000E+00
  0.61650000E+01  0.70396337E-01  0.70396337E-01  0.17535547E+00  0.00000000E+00  0.00000000E+00  0.00000000E+00
  0.62078000E+01  0.67902113E-01  0.67902113E-01  0.18452800E+00  0.00000000E+00  0.00000000E+00  0.00000000E+00
  0.62506000E+01  0.65537219E-01  0.65537219E-01  0.19439283E+00  0.00000000E+00  0.00000000E+00  0.00000000E+00
  0.62934000E+01  0.63234610E-01  0.63234610E-01  0.20456326E+00  0.00000000E+00  0.00000000E+00  0.00000000E+00
  0.63362000E+01  0.61098729E-01  0.61098729E-01  0.21494231E+00  0.00000000E+00  0.00000000E+00  0.00000000E+00
  0.63790000E+01  0.59075530E-01  0.59075530E-01  0.22560424E+00  0.00000000E+00  0.00000000E+00  0.00000000E+00
  0.64218000E+01  0.57094499E-01  0.57094499E-01  0.23663457E+00  0.00000000E+00  0.00000000E+00  0.00000000E+00
  0.64646000E+01  0.55266252E-01  0.55266252E-01  0.24823531E+00  0.00000000E+00  0.00000000E+00  0.00000000E+00
  0.65075000E+01  0.53585875E-01  0.53585875E-01  0.26059884E+00  0.00000000E+00  0.00000000E+00  0.00000000E+00
  0.65503000E+01  0.51992157E-01  0.51992157E-01  0.27392052E+00  0.00000000E+00  0.00000000E+00  0.00000000E+00
  0.65931000E+01  0.50591658E-01  0.50591658E-01  0.28835835E+00  0.00000000E+00  0.00000000E+00  0.00000000E+00
  0.66359000E+01  0.49370676E-01  0.49370676E-01  0.30405174E+00  0.00000000E+00  0.00000000E+00  0.00000000E+00
  0.66787000E+01  0.48492460E-01  0.48492460E-01  0.32129487E+00  0.00000000E+00  0.00000000E+00  0.00000000E+00
  0.67215000E+01  0.47950664E-01  0.47950664E-01  0.34056685E+00  0.00000000E+00  0.00000000E+00  0.00000000E+00
  0.67643000E+01  0.47741866E-01  0.47741866E-01  0.36282548E+00  0.00000000E+00  0.00000000E+00  0.00000000E+00
  0.68071000E+01  0.47663566E-01  0.47663566E-01  0.38976743E+00  0.00000000E+00  0.00000000E+00  0.00000000E+00
  0.68500000E+01  0.47555084E-01  0.47555084E-01  0.42373300E+00  0.00000000E+00  0.00000000E+00  0.00000000E+00
  0.68928000E+01  0.47262613E-01  0.47262613E-01  0.46611567E+00  0.00000000E+00  0.00000000E+00  0.00000000E+00
  0.69356000E+01  0.46581038E-01  0.46581038E-01  0.51598268E+00  0.00000000E+00  0.00000000E+00  0.00000000E+00
  0.69784000E+01  0.45546028E-01  0.45546028E-01  0.56968530E+00  0.00000000E+00  0.00000000E+00  0.00000000E+00
  0.70212000E+01  0.44552822E-01  0.44552822E-01  0.62196905E+00  0.00000000E+00  0.00000000E+00  0.00000000E+00
  0.70640000E+01  0.43998348E-01  0.43998348E-01  0.66941604E+00  0.00000000E+00  0.00000000E+00  0.00000000E+00
  0.71068000E+01  0.43993495E-01  0.43993495E-01  0.71214198E+00  0.00000000E+00  0.00000000E+00  0.00000000E+00
  0.71496000E+01  0.44579886E-01  0.44579886E-01  0.75209238E+00  0.00000000E+00  0.00000000E+00  0.00000000E+00
  0.71925000E+01  0.45565745E-01  0.45565745E-01  0.79058362E+00  0.00000000E+00  0.00000000E+00  0.00000000E+00
  0.72353000E+01  0.46754853E-01  0.46754853E-01  0.82749521E+00  0.00000000E+00  0.00000000E+00  0.00000000E+00
  0.72781000E+01  0.47954121E-01  0.47954121E-01  0.86138567E+00  0.00000000E+00  0.00000000E+00  0.00000000E+00
  0.73209000E+01  0.49013288E-01  0.49013288E-01  0.88972479E+00  0.00000000E+00  0.00000000E+00  0.00000000E+00
  0.73637000E+01  0.49977920E-01  0.49977920E-01  0.91114361E+00  0.00000000E+00  0.00000000E+00  0.00000000E+00
  0.74065000E+01  0.50892330E-01  0.50892330E-01  0.92711531E+00  0.00000000E+00  0.00000000E+00  0.00000000E+00
  0.74493000E+01  0.51853488E-01  0.51853488E-01  0.94029299E+00  0.00000000E+00  0.00000000E+00  0.00000000E+00
  0.74921000E+01  0.52863440E-01  0.52863440E-01  0.95162396E+00  0.00000000E+00  0.00000000E+00  0.00000000E+00
  0.75349000E+01  0.53877860E-01  0.53877860E-01  0.95999565E+00  0.00000000E+00  0.00000000E+00  0.00000000E+00
  0.75778000E+01  0.54945989E-01  0.54945989E-01  0.96407885E+00  0.00000000E+00  0.00000000E+00  0.00000000E+00
  0.76206000E+01  0.55885506E-01  0.55885506E-01  0.96327678E+00  0.00000000E+00  0.00000000E+00  0.00000000E+00
  0.76634000E+01  0.56603782E-01  0.56603782E-01  0.95856428E+00  0.00000000E+00  0.00000000E+00  0.00000000E+00
  0.77062000E+01  0.57057222E-01  0.57057222E-01  0.95264044E+00  0.00000000E+00  0.00000000E+00  0.00000000E+00
  0.77490000E+01  0.57141962E-01  0.57141962E-01  0.94762576E+00  0.00000000E+00  0.00000000E+00  0.00000000E+00
  0.77918000E+01  0.56904145E-01  0.56904145E-01  0.94147288E+00  0.00000000E+00  0.00000000E+00  0.00000000E+00
  0.78346000E+01  0.56521626E-01  0.56521626E-01  0.93093835E+00  0.00000000E+00  0.00000000E+00  0.00000000E+00
  0.78774000E+01  0.56045940E-01  0.56045940E-01  0.91712496E+00  0.00000000E+00  0.00000000E+00  0.00000000E+00
  0.79203000E+01  0.55570992E-01  0.55570992E-01  0.90240114E+00  0.00000000E+00  0.00000000E+00  0.00000000E+00
  0.79631000E+01  0.55008629E-01  0.55008629E-01  0.88571943E+00  0.00000000E+00  0.00000000E+00  0.00000000E+00
  0.80059000E+01  0.54451995E-01  0.54451995E-01  0.86466357E+00  0.00000000E+00  0.00000000E+00  0.00000000E+00
  0.80487000E+01  0.53810945E-01  0.53810945E-01  0.83829373E+00  0.00000000E+00  0.00000000E+00  0.00000000E+00
  0.80915000E+01  0.53135200E-01  0.53135200E-01  0.80603748E+00  0.00000000E+00  0.00000000E+00  0.00000000E+00
  0.81343000E+01  0.52207074E-01  0.52207074E-01  0.76727115E+00  0.00000000E+00  0.00000000E+00  0.00000000E+00
  0.81771000E+01  0.50574281E-01  0.50574281E-01  0.72288503E+00  0.00000000E+00  0.00000000E+00  0.00000000E+00
  0.82199000E+01  0.48209549E-01  0.48209549E-01  0.67707689E+00  0.00000000E+00  0.00000000E+00  0.00000000E+00
  0.82628000E+01  0.45642944E-01  0.45642944E-01  0.63500240E+00  0.00000000E+00  0.00000000E+00  0.00000000E+00
  0.83056000E+01  0.43426087E-01  0.43426087E-01  0.59805331E+00  0.00000000E+00  0.00000000E+00  0.00000000E+00
  0.83484000E+01  0.41566787E-01  0.41566787E-01  0.56581220E+00  0.00000000E+00  0.00000000E+00  0.00000000E+00
  0.83912000E+01  0.40070298E-01  0.40070298E-01  0.53779148E+00  0.00000000E+00  0.00000000E+00  0.00000000E+00
  0.84340000E+01  0.38804364E-01  0.38804364E-01  0.51262126E+00  0.00000000E+00  0.00000000E+00  0.00000000E+00
  0.84768000E+01  0.37679072E-01  0.37679072E-01  0.49021343E+00  0.00000000E+00  0.00000000E+00  0.00000000E+00
  0.85196000E+01  0.36694120E-01  0.36694120E-01  0.47442651E+00  0.00000000E+00  0.00000000E+00  0.00000000E+00
  0.85624000E+01  0.35757288E-01  0.35757288E-01  0.47198562E+00  0.00000000E+00  0.00000000E+00  0.00000000E+00
  0.86053000E+01  0.35037709E-01  0.35037709E-01  0.49058754E+00  0.00000000E+00  0.00000000E+00  0.00000000E+00
  0.86481000E+01  0.34538014E-01  0.34538014E-01  0.53608551E+00  0.00000000E+00  0.00000000E+00  0.00000000E+00
  0.86909000E+01  0.34299187E-01  0.34299187E-01  0.61111918E+00  0.00000000E+00  0.00000000E+00  0.00000000E+00
  0.87337000E+01  0.34360195E-01  0.34360195E-01  0.71455399E+00  0.00000000E+00  0.00000000E+00  0.00000000E+00
  0.87765000E+01  0.34722046E-01  0.34722046E-01  0.83992822E+00  0.00000000E+00  0.00000000E+00  0.00000000E+00
  0.88193000E+01  0.35301864E-01  0.35301864E-01  0.97134974E+00  0.00000000E+00  0.00000000E+00  0.00000000E+00
  0.88621000E+01  0.35849645E-01  0.35849645E-01  0.10928825E+01  0.00000000E+00  0.00000000E+00  0.00000000E+00
  0.89049000E+01  0.36071036E-01  0.36071036E-01  0.11906629E+01  0.00000000E+00  0.00000000E+00  0.00000000E+00
  0.89478000E+01  0.35664997E-01  0.35664997E-01  0.12493502E+01  0.00000000E+00  0.00000000E+00  0.00000000E+00
  0.89906000E+01  0.35040810E-01  0.35040810E-01  0.12715041E+01  0.00000000E+00  0.00000000E+00  0.00000000E+00
  0.90334000E+01  0.34495904E-01  0.34495904E-01  0.12727631E+01  0.00000000E+00  0.00000000E+00  0.00000000E+00
  0.90762000E+01  0.33992110E-01  0.33992110E-01  0.12640984E+01  0.00000000E+00  0.00000000E+00  0.00000000E+00
  0.91190000E+01  0.33614711E-01  0.33614711E-01  0.12495385E+01  0.00000000E+00  0.00000000E+00  0.00000000E+00
  0.91618000E+01  0.33237349E-01  0.33237349E-01  0.12295302E+01  0.00000000E+00  0.00000000E+00  0.00000000E+00
  0.92046000E+01  0.32862338E-01  0.32862338E-01  0.12046771E+01  0.00000000E+00  0.00000000E+00  0.00000000E+00
  0.92474000E+01  0.32488607E-01  0.32488607E-01  0.11757733E+01  0.00000000E+00  0.00000000E+00  0.00000000E+00
  0.92902000E+01  0.32156637E-01  0.32156637E-01  0.11422339E+01  0.00000000E+00  0.00000000E+00  0.00000000E+00
  0.93331000E+01  0.31783420E-01  0.31783420E-01  0.11039017E+01  0.00000000E+00  0.00000000E+00  0.00000000E+00
  0.93759000E+01  0.31450819E-01  0.31450819E-01  0.10609271E+01  0.00000000E+00  0.00000000E+00  0.00000000E+00
  0.94187000E+01  0.31119512E-01  0.31119512E-01  0.10118504E+01  0.00000000E+00  0.00000000E+00  0.00000000E+00
  0.94615000E+01  0.30867107E-01  0.30867107E-01  0.95607935E+00  0.00000000E+00  0.00000000E+00  0.00000000E+00
  0.95043000E+01  0.30614524E-01  0.30614524E-01  0.89469144E+00  0.00000000E+00  0.00000000E+00  0.00000000E+00
  0.95471000E+01  0.30401261E-01  0.30401261E-01  0.83076101E+00  0.00000000E+00  0.00000000E+00  0.00000000E+00
  0.95899000E+01  0.30226880E-01  0.30226880E-01  0.76781668E+00  0.00000000E+00  0.00000000E+00  0.00000000E+00
  0.96327000E+01  0.30090934E-01  0.30090934E-01  0.70734796E+00  0.00000000E+00  0.00000000E+00  0.00000000E+00
  0.96756000E+01  0.29992059E-01  0.29992059E-01  0.64969217E+00  0.00000000E+00  0.00000000E+00  0.00000000E+00
  0.97184000E+01  0.29930717E-01  0.29930717E-01  0.59507759E+00  0.00000000E+00  0.00000000E+00  0.00000000E+00
  0.97612000E+01  0.29906431E-01  0.29906431E-01  0.54401373E+00  0.00000000E+00  0.00000000E+00  0.00000000E+00
  0.98040000E+01  0.29879502E-01  0.29879502E-01  0.49775536E+00  0.00000000E+00  0.00000000E+00  0.00000000E+00
  0.98468000E+01  0.29849146E-01  0.29849146E-01  0.45710197E+00  0.00000000E+00  0.00000000E+00  0.00000000E+00
  0.98896000E+01  0.29854300E-01  0.29854300E-01  0.42304896E+00  0.00000000E+00  0.00000000E+00  0.00000000E+00
  0.99324000E+01  0.29893628E-01  0.29893628E-01  0.39572942E+00  0.00000000E+00  0.00000000E+00  0.00000000E+00
  0.99752000E+01  0.29966658E-01  0.29966658E-01  0.37475624E+00  0.00000000E+00  0.00000000E+00  0.00000000E+00
  0.10018100E+02  0.30034681E-01  0.30034681E-01  0.35960580E+00  0.00000000E+00  0.00000000E+00  0.00000000E+00
  0.10060900E+02  0.30134995E-01  0.30134995E-01  0.34910335E+00  0.00000000E+00  0.00000000E+00  0.00000000E+00
  0.10103700E+02  0.30230131E-01  0.30230131E-01  0.34148306E+00  0.00000000E+00  0.00000000E+00  0.00000000E+00
  0.10146500E+02  0.30356977E-01  0.30356977E-01  0.33492022E+00  0.00000000E+00  0.00000000E+00  0.00000000E+00
  0.10189300E+02  0.30476009E-01  0.30476009E-01  0.32863004E+00  0.00000000E+00  0.00000000E+00  0.00000000E+00
  0.10232100E+02  0.30622938E-01  0.30622938E-01  0.32277792E+00  0.00000000E+00  0.00000000E+00  0.00000000E+00
  0.10274900E+02  0.30798099E-01  0.30798099E-01  0.31795426E+00  0.00000000E+00  0.00000000E+00  0.00000000E+00
  0.10317700E+02  0.31071193E-01  0.31071193E-01  0.31483552E+00  0.00000000E+00  0.00000000E+00  0.00000000E+00
  0.10360600E+02  0.31403857E-01  0.31403857E-01  0.31435868E+00  0.00000000E+00  0.00000000E+00  0.00000000E+00
  0.10403400E+02  0.31866488E-01  0.31866488E-01  0.31718669E+00  0.00000000E+00  0.00000000E+00  0.00000000E+00
  0.10446200E+02  0.32489886E-01  0.32489886E-01  0.32323316E+00  0.00000000E+00  0.00000000E+00  0.00000000E+00
  0.10489000E+02  0.33237085E-01  0.33237085E-01  0.33201800E+00  0.00000000E+00  0.00000000E+00  0.00000000E+00
  0.10531800E+02  0.34102658E-01  0.34102658E-01  0.34412849E+00  0.00000000E+00  0.00000000E+00  0.00000000E+00
  0.10574600E+02  0.35117894E-01  0.35117894E-01  0.36056899E+00  0.00000000E+00  0.00000000E+00  0.00000000E+00
  0.10617400E+02  0.36312078E-01  0.36312078E-01  0.38162019E+00  0.00000000E+00  0.00000000E+00  0.00000000E+00
  0.10660200E+02  0.37611652E-01  0.37611652E-01  0.40652668E+00  0.00000000E+00  0.00000000E+00  0.00000000E+00
  0.10703100E+02  0.39010530E-01  0.39010530E-01  0.43368264E+00  0.00000000E+00  0.00000000E+00  0.00000000E+00
  0.10745900E+02  0.40603130E-01  0.40603130E-01  0.46202342E+00  0.00000000E+00  0.00000000E+00  0.00000000E+00
  0.10788700E+02  0.42313315E-01  0.42313315E-01  0.49129853E+00  0.00000000E+00  0.00000000E+00  0.00000000E+00
  0.10831500E+02  0.44233106E-01  0.44233106E-01  0.52178315E+00  0.00000000E+00  0.00000000E+00  0.00000000E+00
  0.10874300E+02  0.46414288E-01  0.46414288E-01  0.55433847E+00  0.00000000E+00  0.00000000E+00  0.00000000E+00
  0.10917100E+02  0.48842237E-01  0.48842237E-01  0.58850582E+00  0.00000000E+00  0.00000000E+00  0.00000000E+00
  0.10959900E+02  0.51658759E-01  0.51658759E-01  0.61956257E+00  0.00000000E+00  0.00000000E+00  0.00000000E+00
  0.11002700E+02  0.54935910E-01  0.54935910E-01  0.63909069E+00  0.00000000E+00  0.00000000E+00  0.00000000E+00
  0.11045500E+02  0.58800603E-01  0.58800603E-01  0.63959597E+00  0.00000000E+00  0.00000000E+00  0.00000000E+00
  0.11088400E+02  0.63150999E-01  0.63150999E-01  0.61713284E+00  0.00000000E+00  0.00000000E+00  0.00000000E+00
  0.11131200E+02  0.68211186E-01  0.68211186E-01  0.57393631E+00  0.00000000E+00  0.00000000E+00  0.00000000E+00
  0.11174000E+02  0.74386839E-01  0.74386839E-01  0.51800112E+00  0.00000000E+00  0.00000000E+00  0.00000000E+00
  0.11216800E+02  0.82228475E-01  0.82228475E-01  0.45762647E+00  0.00000000E+00  0.00000000E+00  0.00000000E+00
  0.11259600E+02  0.92284089E-01  0.92284089E-01  0.39913577E+00  0.00000000E+00  0.00000000E+00  0.00000000E+00
  0.11302400E+02  0.10553802E+00  0.10553802E+00  0.34689675E+00  0.00000000E+00  0.00000000E+00  0.00000000E+00
  0.11345200E+02  0.12333540E+00  0.12333540E+00  0.30373501E+00  0.00000000E+00  0.00000000E+00  0.00000000E+00
  0.11388000E+02  0.14740502E+00  0.14740502E+00  0.26893903E+00  0.00000000E+00  0.00000000E+00  0.00000000E+00
  0.11430900E+02  0.17925076E+00  0.17925076E+00  0.24044379E+00  0.00000000E+00  0.00000000E+00  0.00000000E+00
  0.11473700E+02  0.21993599E+00  0.21993599E+00  0.21733623E+00  0.00000000E+00  0.00000000E+00  0.00000000E+00
  0.11516500E+02  0.27113559E+00  0.27113559E+00  0.19954961E+00  0.00000000E+00  0.00000000E+00  0.00000000E+00
  0.11559300E+02  0.33622707E+00  0.33622707E+00  0.18649085E+00  0.00000000E+00  0.00000000E+00  0.00000000E+00
  0.11602100E+02  0.41896074E+00  0.41896074E+00  0.17727455E+00  0.00000000E+00  0.00000000E+00  0.00000000E+00
  0.11644900E+02  0.51878185E+00  0.51878185E+00  0.17124302E+00  0.00000000E+00  0.00000000E+00  0.00000000E+00
  0.11687700E+02  0.62986762E+00  0.62986762E+00  0.16769985E+00  0.00000000E+00  0.00000000E+00  0.00000000E+00
  0.11730500E+02  0.74571298E+00  0.74571298E+00  0.16650819E+00  0.00000000E+00  0.00000000E+00  0.00000000E+00
  0.11773400E+02  0.85180865E+00  0.85180865E+00  0.16767306E+00  0.00000000E+00  0.00000000E+00  0.00000000E+00
  0.11816200E+02  0.92921687E+00  0.92921687E+00  0.17156194E+00  0.00000000E+00  0.00000000E+00  0.00000000E+00
  0.11859000E+02  0.97443732E+00  0.97443732E+00  0.17833370E+00  0.00000000E+00  0.00000000E+00  0.00000000E+00
  0.11901800E+02  0.98984239E+00  0.98984239E+00  0.18825199E+00  0.00000000E+00  0.00000000E+00  0.00000000E+00
  0.11944600E+02  0.97750958E+00  0.97750958E+00  0.20140727E+00  0.00000000E+00  0.00000000E+00  0.00000000E+00
  0.11987400E+02  0.94908684E+00  0.94908684E+00  0.21771506E+00  0.00000000E+00  0.00000000E+00  0.00000000E+00
  0.12030200E+02  0.91906309E+00  0.91906309E+00  0.23665532E+00  0.00000000E+00  0.00000000E+00  0.00000000E+00
  0.12073000E+02  0.89325003E+00  0.89325003E+00  0.25679792E+00  0.00000000E+00  0.00000000E+00  0.00000000E+00
  0.12115900E+02  0.87175700E+00  0.87175700E+00  0.27581137E+00  0.00000000E+00  0.00000000E+00  0.00000000E+00
  0.12158700E+02  0.85386309E+00  0.85386309E+00  0.29100383E+00  0.00000000E+00  0.00000000E+00  0.00000000E+00
  0.12201500E+02  0.83824027E+00  0.83824027E+00  0.30080751E+00  0.00000000E+00  0.00000000E+00  0.00000000E+00
  0.12244300E+02  0.82415389E+00  0.82415389E+00  0.30602954E+00  0.00000000E+00  0.00000000E+00  0.00000000E+00
  0.12287100E+02  0.81269287E+00  0.81269287E+00  0.30927134E+00  0.00000000E+00  0.00000000E+00  0.00000000E+00
  0.12329900E+02  0.80503478E+00  0.80503478E+00  0.31340784E+00  0.00000000E+00  0.00000000E+00  0.00000000E+00
  0.12372700E+02  0.80184911E+00  0.80184911E+00  0.31911723E+00  0.00000000E+00  0.00000000E+00  0.00000000E+00
  0.12415500E+02  0.80256100E+00  0.80256100E+00  0.32500575E+00  0.00000000E+00  0.00000000E+00  0.00000000E+00
  0.12458400E+02  0.80327403E+00  0.80327403E+00  0.32880674E+00  0.00000000E+00  0.00000000E+00  0.00000000E+00
  0.12501200E+02  0.79885861E+00  0.79885861E+00  0.32799691E+00  0.00000000E+00  0.00000000E+00  0.00000000E+00
  0.12544000E+02  0.79297296E+00  0.79297296E+00  0.32142598E+00  0.00000000E+00  0.00000000E+00  0.00000000E+00
  0.12586800E+02  0.79433575E+00  0.79433575E+00  0.30963369E+00  0.00000000E+00  0.00000000E+00  0.00000000E+00
  0.12629600E+02  0.80840481E+00  0.80840481E+00  0.29390834E+00  0.00000000E+00  0.00000000E+00  0.00000000E+00
  0.12672400E+02  0.83796434E+00  0.83796434E+00  0.27662529E+00  0.00000000E+00  0.00000000E+00  0.00000000E+00
  0.12715200E+02  0.88404936E+00  0.88404936E+00  0.26067616E+00  0.00000000E+00  0.00000000E+00  0.00000000E+00
  0.12758000E+02  0.94660842E+00  0.94660842E+00  0.24722298E+00  0.00000000E+00  0.00000000E+00  0.00000000E+00
  0.12800800E+02  0.10233135E+01  0.10233135E+01  0.23566769E+00  0.00000000E+00  0.00000000E+00  0.00000000E+00
  0.12843700E+02  0.11070765E+01  0.11070765E+01  0.22546007E+00  0.00000000E+00  0.00000000E+00  0.00000000E+00
