    0.000000    0.000000    0.000000    0.000000
    0.042800    9.759100    9.759100    0.088900
    0.085600   20.266000   20.266000    0.193800
    0.128400   32.133200   32.133200    0.334200
    0.171200   45.223600   45.223600    0.530100
    0.214100   57.190600   57.190600    0.777200
    0.256900   64.117500   64.117500    1.028300
    0.299700   64.432600   64.432600    1.212500
    0.342500   59.329000   59.329000    1.272000
    0.385300   51.537500   51.537500    1.224500
    0.428100   43.521700   43.521700    1.132000
    0.470900   36.321700   36.321700    1.037300
    0.513700   30.233300   30.233300    0.960500
    0.556600   25.576700   25.576700    0.911800
    0.599400   22.295300   22.295300    0.891900
    0.642200   19.996500   19.996500    0.893300
    0.685000   18.307400   18.307400    0.906000
    0.727800   16.972000   16.972000    0.920600
    0.770600   15.851100   15.851100    0.930400
    0.813400   14.905900   14.905900    0.932200
    0.856200   14.113600   14.113600    0.925400
    0.899100   13.394600   13.394600    0.911400
    0.941900   12.651900   12.651900    0.892400
    0.984700   11.814600   11.814600    0.870000
    1.027500   10.847000   10.847000    0.846300
    1.070300    9.801200    9.801200    0.824600
    1.113100    8.833200    8.833200    0.806600
    1.155900    8.016500    8.016500    0.790600
    1.198700    7.328700    7.328700    0.775000
    1.241600    6.729100    6.729100    0.759100
    1.284400    6.186000    6.186000    0.742500
    1.327200    5.683000    5.683000    0.725900
    1.370000    5.230000    5.230000    0.710900
    1.412800    4.856800    4.856800    0.698600
    1.455600    4.575300    4.575300    0.685800
    1.498400    4.378300    4.378300    0.666100
    1.541200    4.255000    4.255000    0.639500
    1.584100    4.194800    4.194800    0.611200
    1.626900    4.189100    4.189100    0.586300
    1.669700    4.230700    4.230700    0.568000
    1.712500    4.312500    4.312500    0.556600
    1.755300    4.425500    4.425500    0.552300
    1.798100    4.560100    4.560100    0.554400
    1.840900    4.710400    4.710400    0.560600
    1.883700    4.879700    4.879700    0.570000
    1.926500    5.077500    5.077500    0.583400
    1.969400    5.313200    5.313200    0.599800
    2.012200    5.595800    5.595800    0.614100
    2.055000    5.941600    5.941600    0.620600
    2.097800    6.379900    6.379900    0.617000
    2.140600    6.957600    6.957600    0.603900
    2.183400    7.714100    7.714100    0.587400
    2.226200    8.545200    8.545200    0.575500
    2.269000    9.130300    9.130300    0.567200
    2.311900    9.236700    9.236700    0.551500
    2.354700    8.910600    8.910600    0.526500
    2.397500    8.308000    8.308000    0.501500
    2.440300    7.554600    7.554600    0.481900
    2.483100    6.732100    6.732100    0.467700
    2.525900    5.915200    5.915200    0.456700
    2.568700    5.183900    5.183900    0.447500
    2.611500    4.612200    4.612200    0.439300
    2.654400    4.221700    4.221700    0.431900
    2.697200    3.907800    3.907800    0.425300
    2.740000    3.558500    3.558500    0.419300
    2.782800    3.243100    3.243100    0.413400
    2.825600    3.019900    3.019900    0.407400
    2.868400    2.871800    2.871800    0.401000
    2.911200    2.772800    2.772800    0.394500
    2.954000    2.705300    2.705300    0.388000
    2.996900    2.655200    2.655200    0.382600
    3.039700    2.604800    2.604800    0.380300
    3.082500    2.533900    2.533900    0.381200
    3.125300    2.431200    2.431200    0.377600
    3.168100    2.301900    2.301900    0.360900
    3.210900    2.157700    2.157700    0.340000
    3.253700    2.007600    2.007600    0.323000
    3.296500    1.857300    1.857300    0.310300
    3.339400    1.710400    1.710400    0.300500
    3.382200    1.569200    1.569200    0.292500
    3.425000    1.434800    1.434800    0.285900
    3.467800    1.308100    1.308100    0.280300
    3.510600    1.194000    1.194000    0.275400
    3.553400    1.100700    1.100700    0.271000
    3.596200    1.028400    1.028400    0.266900
    3.639000    0.971700    0.971700    0.263300
    3.681800    0.926100    0.926100    0.260500
    3.724700    0.888600    0.888600    0.258500
    3.767500    0.856900    0.856900    0.257100
    3.810300    0.829300    0.829300    0.255800
    3.853100    0.804600    0.804600    0.254400
    3.895900    0.782200    0.782200    0.252900
    3.938700    0.761200    0.761200    0.251200
    3.981500    0.741200    0.741200    0.249600
    4.024300    0.721500    0.721500    0.248000
    4.067200    0.701700    0.701700    0.246700
    4.110000    0.682400    0.682400    0.245500
    4.152800    0.663900    0.663900    0.244600
    4.195600    0.646400    0.646400    0.243900
    4.238400    0.629700    0.629700    0.243500
    4.281200    0.613900    0.613900    0.243300
    4.324000    0.598600    0.598600    0.243500
    4.366800    0.583800    0.583800    0.244100
    4.409700    0.569400    0.569400    0.245200
    4.452500    0.555300    0.555300    0.246700
    4.495300    0.541500    0.541500    0.248800
    4.538100    0.527900    0.527900    0.251200
    4.580900    0.514400    0.514400    0.253900
    4.623700    0.501100    0.501100    0.256800
    4.666500    0.487800    0.487800    0.259900
    4.709300    0.474400    0.474400    0.263000
    4.752200    0.460700    0.460700    0.266200
    4.795000    0.446500    0.446500    0.269400
    4.837800    0.431100    0.431100    0.272700
    4.880600    0.413800    0.413800    0.276200
    4.923400    0.393500    0.393500    0.280000
    4.966200    0.369600    0.369600    0.284200
    5.009000    0.343200    0.343200    0.288800
    5.051800    0.316500    0.316500    0.293700
    5.094700    0.291900    0.291900    0.298700
    5.137500    0.271400    0.271400    0.304000
    5.180300    0.255200    0.255200    0.309300
    5.223100    0.242200    0.242200    0.314800
    5.265900    0.231500    0.231500    0.320400
    5.308700    0.222100    0.222100    0.326100
    5.351500    0.213700    0.213700    0.331900
    5.394300    0.205900    0.205900    0.338000
    5.437100    0.198700    0.198700    0.344300
    5.480000    0.191800    0.191800    0.351100
    5.522800    0.185200    0.185200    0.358600
    5.565600    0.179000    0.179000    0.366700
    5.608400    0.173000    0.173000    0.375300
    5.651200    0.167300    0.167300    0.384300
    5.694000    0.161800    0.161800    0.393700
    5.736800    0.156700    0.156700    0.403800
    5.779600    0.151900    0.151900    0.414500
    5.822500    0.147500    0.147500    0.425900
    5.865300    0.143400    0.143400    0.437900
    5.908100    0.139700    0.139700    0.450600
    5.950900    0.136200    0.136200    0.464200
    5.993700    0.132900    0.132900    0.479400
    6.036500    0.129600    0.129600    0.496800
    6.079300    0.126400    0.126400    0.517600
    6.122100    0.123200    0.123200    0.542800
    6.165000    0.120100    0.120100    0.572900
    6.207800    0.117100    0.117100    0.607100
    6.250600    0.114200    0.114200    0.643800
    6.293400    0.111300    0.111300    0.681800
    6.336200    0.108600    0.108600    0.720900
    6.379000    0.106000    0.106000    0.761500
    6.421800    0.103400    0.103400    0.804000
    6.464600    0.101000    0.101000    0.849200
    6.507500    0.098800    0.098800    0.897900
    6.550300    0.096700    0.096700    0.950900
    6.593100    0.094900    0.094900    1.008900
    6.635900    0.093400    0.093400    1.072600
    6.678700    0.092500    0.092500    1.143400
    6.721500    0.092200    0.092200    1.223500
    6.764300    0.092500    0.092500    1.317000
    6.807100    0.093000    0.093000    1.430700
    6.850000    0.093400    0.093400    1.572900
    6.892800    0.093400    0.093400    1.746700
    6.935600    0.092600    0.092600    1.944300
    6.978400    0.091100    0.091100    2.146600
    7.021200    0.089700    0.089700    2.330300
    7.064000    0.089200    0.089200    2.484000
    7.106800    0.089800    0.089800    2.611900
    7.149600    0.091600    0.091600    2.722800
    7.192500    0.094200    0.094200    2.820300
    7.235300    0.097200    0.097200    2.901500
    7.278100    0.100200    0.100200    2.959100
    7.320900    0.102900    0.102900    2.985400
    7.363700    0.105400    0.105400    2.981700
    7.406500    0.107800    0.107800    2.959600
    7.449300    0.110300    0.110300    2.929100
    7.492100    0.112900    0.112900    2.890800
    7.534900    0.115500    0.115500    2.839700
    7.577800    0.118200    0.118200    2.773900
    7.620600    0.120600    0.120600    2.695800
    7.663400    0.122500    0.122500    2.613100
    7.706200    0.123800    0.123800    2.534900
    7.749000    0.124300    0.124300    2.462000
    7.791800    0.124100    0.124100    2.383300
    7.834600    0.123600    0.123600    2.294000
    7.877400    0.122900    0.122900    2.203100
    7.920300    0.122200    0.122200    2.114800
    7.963100    0.121300    0.121300    2.022700
    8.005900    0.120400    0.120400    1.922700
    8.048700    0.119300    0.119300    1.816400
    8.091500    0.118100    0.118100    1.705600
    8.134300    0.116300    0.116300    1.592900
    8.177100    0.112900    0.112900    1.484900
    8.219900    0.107900    0.107900    1.392300
    8.262800    0.102500    0.102500    1.320700
    8.305600    0.097900    0.097900    1.266500
    8.348400    0.094100    0.094100    1.226100
    8.391200    0.091100    0.091100    1.197100
    8.434000    0.088600    0.088600    1.176700
    8.476800    0.086400    0.086400    1.167700
    8.519600    0.084500    0.084500    1.182600
    8.562400    0.082700    0.082700    1.240800
    8.605300    0.081400    0.081400    1.365800
    8.648100    0.080600    0.080600    1.577800
    8.690900    0.080400    0.080400    1.886000
    8.733700    0.080900    0.080900    2.279500
    8.776500    0.082100    0.082100    2.711800
    8.819300    0.083800    0.083800    3.093300
    8.862100    0.085400    0.085400    3.346000
    8.904900    0.086200    0.086200    3.416500
    8.947800    0.085500    0.085500    3.295800
    8.990600    0.084300    0.084300    3.071700
    9.033400    0.083300    0.083300    2.828200
    9.076200    0.082400    0.082400    2.595000
    9.119000    0.081800    0.081800    2.373000
    9.161800    0.081200    0.081200    2.159700
    9.204600    0.080600    0.080600    1.956400
    9.247400    0.080000    0.080000    1.763100
    9.290200    0.079500    0.079500    1.578100
    9.333100    0.078900    0.078900    1.403300
    9.375900    0.078400    0.078400    1.239000
    9.418700    0.077900    0.077900    1.084600
    9.461500    0.077600    0.077600    0.944900
    9.504300    0.077300    0.077300    0.825200
    9.547100    0.077100    0.077100    0.729300
    9.589900    0.077000    0.077000    0.655200
    9.632700    0.077000    0.077000    0.597600
    9.675600    0.077100    0.077100    0.552200
    9.718400    0.077300    0.077300    0.516200
    9.761200    0.077600    0.077600    0.488100
    9.804000    0.077900    0.077900    0.467000
    9.846800    0.078200    0.078200    0.451900
    9.889600    0.078600    0.078600    0.442300
    9.932400    0.079100    0.079100    0.437600
    9.975200    0.079700    0.079700    0.437000
   10.018100    0.080300    0.080300    0.440200
   10.060900    0.081000    0.081000    0.445800
   10.103700    0.081700    0.081700    0.451900
   10.146500    0.082500    0.082500    0.457100
   10.189300    0.083300    0.083300    0.461300
   10.232100    0.084200    0.084200    0.465600
   10.274900    0.085200    0.085200    0.471300
   10.317700    0.086500    0.086500    0.479800
   10.360600    0.088000    0.088000    0.492700
   10.403400    0.089900    0.089900    0.510900
   10.446200    0.092300    0.092300    0.534100
   10.489000    0.095100    0.095100    0.561900
   10.531800    0.098300    0.098300    0.595700
   10.574600    0.102000    0.102000    0.637100
   10.617400    0.106300    0.106300    0.685700
   10.660200    0.111000    0.111000    0.738700
   10.703100    0.116100    0.116100    0.792100
   10.745900    0.121900    0.121900    0.843400
   10.788700    0.128200    0.128200    0.891500
   10.831500    0.135300    0.135300    0.935700
   10.874300    0.143400    0.143400    0.975000
   10.917100    0.152500    0.152500    1.002700
   10.959900    0.163100    0.163100    1.003200
   11.002700    0.175500    0.175500    0.961900
   11.045500    0.190200    0.190200    0.877700
   11.088400    0.207000    0.207000    0.764700
   11.131200    0.226800    0.226800    0.647000
   11.174000    0.251200    0.251200    0.544000
   11.216800    0.282400    0.282400    0.462200
   11.259600    0.322800    0.322800    0.400100
   11.302400    0.376600    0.376600    0.354200
   11.345200    0.449700    0.449700    0.320900
   11.388000    0.549900    0.549900    0.295700
   11.430900    0.684600    0.684600    0.275500
   11.473700    0.860000    0.860000    0.259800
   11.516500    1.085100    1.085100    0.248700
   11.559300    1.375600    1.375600    0.241800
   11.602100    1.745700    1.745700    0.238400
   11.644900    2.184000    2.184000    0.238200
   11.687700    2.649500    2.649500    0.240700
   11.730500    3.090200    3.090200    0.246100
   11.773400    3.416200    3.416200    0.254800
   11.816200    3.554200    3.554200    0.267600
   11.859000    3.529900    3.529900    0.285000
   11.901800    3.387800    3.387800    0.307500
   11.944600    3.174800    3.174800    0.335200
   11.987400    2.960400    2.960400    0.367700
   12.030200    2.787400    2.787400    0.403400
   12.073000    2.655400    2.655400    0.438800
   12.115900    2.552900    2.552900    0.469000
   12.158700    2.471300    2.471300    0.489400
   12.201500    2.403600    2.403600    0.498900
   12.244300    2.347800    2.347800    0.500900
   12.287100    2.307000    2.307000    0.501000
   12.329900    2.282600    2.282600    0.503300
   12.372700    2.273500    2.273500    0.507200
   12.415500    2.273900    2.273900    0.509100
   12.458400    2.269700    2.269700    0.505000
   12.501200    2.253900    2.253900    0.491900
   12.544000    2.249700    2.249700    0.470300
   12.586800    2.282700    2.282700    0.443100
   12.629600    2.362600    2.362600    0.413600
   12.672400    2.491100    2.491100    0.385700
   12.715200    2.663700    2.663700    0.362500
   12.758000    2.868500    2.868500    0.344100
   12.800800    3.078300    3.078300    0.328700
   12.843700    3.243200    3.243200    0.315300
