       #Energy       JDOS
       0.00000       0.25794
       0.00500       0.27506
       0.01000       0.29308
       0.01500       0.31206
       0.02000       0.33202
       0.02500       0.35300
       0.03000       0.37505
       0.03500       0.39821
       0.04000       0.42252
       0.04500       0.44801
       0.05000       0.47472
       0.05500       0.50269
       0.06000       0.53196
       0.06500       0.56255
       0.07000       0.59450
       0.07500       0.62783
       0.08000       0.66256
       0.08500       0.69870
       0.09000       0.73627
       0.09500       0.77527
       0.10000       0.81569
       0.10500       0.85753
       0.11000       0.90077
       0.11500       0.94537
       0.12000       0.99132
       0.12500       1.03855
       0.13000       1.08702
       0.13500       1.13666
       0.14000       1.18741
       0.14500       1.23918
       0.15000       1.29188
       0.15500       1.34541
       0.16000       1.39967
       0.16500       1.45453
       0.17000       1.50989
       0.17500       1.56560
       0.18000       1.62154
       0.18500       1.67757
       0.19000       1.73354
       0.19500       1.78932
       0.20000       1.84476
       0.20500       1.89971
       0.21000       1.95404
       0.21500       2.00760
       0.22000       2.06025
       0.22500       2.11187
       0.23000       2.16233
       0.23500       2.21152
       0.24000       2.25933
       0.24500       2.30565
       0.25000       2.35040
       0.25500       2.39350
       0.26000       2.43490
       0.26500       2.47452
       0.27000       2.51234
       0.27500       2.54833
       0.28000       2.58246
       0.28500       2.61474
       0.29000       2.64517
       0.29500       2.67377
       0.30000       2.70058
       0.30500       2.72562
       0.31000       2.74896
       0.31500       2.77064
       0.32000       2.79073
       0.32500       2.80930
       0.33000       2.82642
       0.33500       2.84216
       0.34000       2.85659
       0.34500       2.86981
       0.35000       2.88187
       0.35500       2.89285
       0.36000       2.90281
       0.36500       2.91182
       0.37000       2.91993
       0.37500       2.92718
       0.38000       2.93362
       0.38500       2.93928
       0.39000       2.94417
       0.39500       2.94830
       0.40000       2.95168
       0.40500       2.95429
       0.41000       2.95612
       0.41500       2.95715
       0.42000       2.95732
       0.42500       2.95661
       0.43000       2.95496
       0.43500       2.95232
       0.44000       2.94863
       0.44500       2.94383
       0.45000       2.93787
       0.45500       2.93067
       0.46000       2.92219
       0.46500       2.91237
       0.47000       2.90116
       0.47500       2.88852
       0.48000       2.87442
       0.48500       2.85884
       0.49000       2.84177
       0.49500       2.82320
       0.50000       2.80315
       0.50500       2.78166
       0.51000       2.75875
       0.51500       2.73449
       0.52000       2.70895
       0.52500       2.68221
       0.53000       2.65437
       0.53500       2.62554
       0.54000       2.59584
       0.54500       2.56541
       0.55000       2.53438
       0.55500       2.50291
       0.56000       2.47116
       0.56500       2.43929
       0.57000       2.40746
       0.57500       2.37584
       0.58000       2.34459
       0.58500       2.31388
       0.59000       2.28387
       0.59500       2.25470
       0.60000       2.22653
       0.60500       2.19948
       0.61000       2.17368
       0.61500       2.14924
       0.62000       2.12627
       0.62500       2.10484
       0.63000       2.08503
       0.63500       2.06688
       0.64000       2.05045
       0.64500       2.03576
       0.65000       2.02281
       0.65500       2.01161
       0.66000       2.00213
       0.66500       1.99434
       0.67000       1.98821
       0.67500       1.98366
       0.68000       1.98065
       0.68500       1.97910
       0.69000       1.97892
       0.69500       1.98004
       0.70000       1.98237
       0.70500       1.98581
       0.71000       1.99028
       0.71500       1.99567
       0.72000       2.00190
       0.72500       2.00889
       0.73000       2.01655
       0.73500       2.02480
       0.74000       2.03357
       0.74500       2.04279
       0.75000       2.05241
       0.75500       2.06238
       0.76000       2.07265
       0.76500       2.08319
       0.77000       2.09397
       0.77500       2.10498
       0.78000       2.11619
       0.78500       2.12761
       0.79000       2.13924
       0.79500       2.15108
       0.80000       2.16315
       0.80500       2.17546
       0.81000       2.18802
       0.81500       2.20087
       0.82000       2.21402
       0.82500       2.22749
       0.83000       2.24132
       0.83500       2.25552
       0.84000       2.27011
       0.84500       2.28511
       0.85000       2.30054
       0.85500       2.31641
       0.86000       2.33274
       0.86500       2.34952
       0.87000       2.36676
       0.87500       2.38447
       0.88000       2.40263
       0.88500       2.42124
       0.89000       2.44028
       0.89500       2.45974
       0.90000       2.47961
       0.90500       2.49986
       0.91000       2.52046
       0.91500       2.54140
       0.92000       2.56264
       0.92500       2.58416
       0.93000       2.60592
       0.93500       2.62789
       0.94000       2.65005
       0.94500       2.67235
       0.95000       2.69475
       0.95500       2.71723
       0.96000       2.73975
       0.96500       2.76226
       0.97000       2.78472
       0.97500       2.80710
       0.98000       2.82934
       0.98500       2.85140
       0.99000       2.87323
       0.99500       2.89477
       1.00000       2.91598
       1.00500       2.93679
       1.01000       2.95714
       1.01500       2.97698
       1.02000       2.99622
       1.02500       3.01480
       1.03000       3.03265
       1.03500       3.04970
       1.04000       3.06587
       1.04500       3.08108
       1.05000       3.09527
       1.05500       3.10834
       1.06000       3.12024
       1.06500       3.13088
       1.07000       3.14021
       1.07500       3.14816
       1.08000       3.15466
       1.08500       3.15968
       1.09000       3.16317
       1.09500       3.16508
       1.10000       3.16540
       1.10500       3.16411
       1.11000       3.16120
       1.11500       3.15668
       1.12000       3.15056
       1.12500       3.14286
       1.13000       3.13363
       1.13500       3.12292
       1.14000       3.11078
       1.14500       3.09728
       1.15000       3.08251
       1.15500       3.06655
       1.16000       3.04950
       1.16500       3.03147
       1.17000       3.01256
       1.17500       2.99290
       1.18000       2.97259
       1.18500       2.95177
       1.19000       2.93056
       1.19500       2.90909
       1.20000       2.88747
       1.20500       2.86583
       1.21000       2.84429
       1.21500       2.82295
       1.22000       2.80194
       1.22500       2.78135
       1.23000       2.76128
       1.23500       2.74181
       1.24000       2.72302
       1.24500       2.70498
       1.25000       2.68775
       1.25500       2.67137
       1.26000       2.65590
       1.26500       2.64135
       1.27000       2.62775
       1.27500       2.61510
       1.28000       2.60340
       1.28500       2.59264
       1.29000       2.58281
       1.29500       2.57386
       1.30000       2.56577
       1.30500       2.55849
       1.31000       2.55196
       1.31500       2.54612
       1.32000       2.54092
       1.32500       2.53628
       1.33000       2.53213
       1.33500       2.52840
       1.34000       2.52500
       1.34500       2.52187
       1.35000       2.51891
       1.35500       2.51605
       1.36000       2.51322
       1.36500       2.51034
       1.37000       2.50735
       1.37500       2.50417
       1.38000       2.50076
       1.38500       2.49704
       1.39000       2.49299
       1.39500       2.48857
       1.40000       2.48373
       1.40500       2.47846
       1.41000       2.47274
       1.41500       2.46658
       1.42000       2.45997
       1.42500       2.45293
       1.43000       2.44549
       1.43500       2.43767
       1.44000       2.42951
       1.44500       2.42106
       1.45000       2.41239
       1.45500       2.40354
       1.46000       2.39458
       1.46500       2.38559
       1.47000       2.37664
       1.47500       2.36781
       1.48000       2.35918
       1.48500       2.35082
       1.49000       2.34282
       1.49500       2.33525
       1.50000       2.32818
       1.50500       2.32168
       1.51000       2.31583
       1.51500       2.31067
       1.52000       2.30626
       1.52500       2.30264
       1.53000       2.29987
       1.53500       2.29795
       1.54000       2.29692
       1.54500       2.29680
       1.55000       2.29758
       1.55500       2.29928
       1.56000       2.30187
       1.56500       2.30535
       1.57000       2.30970
       1.57500       2.31488
       1.58000       2.32087
       1.58500       2.32763
       1.59000       2.33513
       1.59500       2.34331
       1.60000       2.35215
       1.60500       2.36158
       1.61000       2.37158
       1.61500       2.38209
       1.62000       2.39307
       1.62500       2.40448
       1.63000       2.41629
       1.63500       2.42845
       1.64000       2.44092
       1.64500       2.45369
       1.65000       2.46671
       1.65500       2.47997
       1.66000       2.49343
       1.66500       2.50708
       1.67000       2.52089
       1.67500       2.53484
       1.68000       2.54893
       1.68500       2.56313
       1.69000       2.57742
       1.69500       2.59178
       1.70000       2.60621
       1.70500       2.62068
       1.71000       2.63517
       1.71500       2.64967
       1.72000       2.66414
       1.72500       2.67857
       1.73000       2.69293
       1.73500       2.70719
       1.74000       2.72133
       1.74500       2.73532
       1.75000       2.74913
       1.75500       2.76272
       1.76000       2.77606
       1.76500       2.78914
       1.77000       2.80192
       1.77500       2.81437
       1.78000       2.82647
       1.78500       2.83820
       1.79000       2.84955
       1.79500       2.86049
       1.80000       2.87103
       1.80500       2.88115
       1.81000       2.89086
       1.81500       2.90017
       1.82000       2.90908
       1.82500       2.91760
       1.83000       2.92578
       1.83500       2.93361
       1.84000       2.94115
       1.84500       2.94842
       1.85000       2.95545
       1.85500       2.96230
       1.86000       2.96899
       1.86500       2.97558
       1.87000       2.98210
       1.87500       2.98860
       1.88000       2.99511
       1.88500       3.00167
       1.89000       3.00831
       1.89500       3.01508
       1.90000       3.02197
       1.90500       3.02903
       1.91000       3.03624
       1.91500       3.04363
       1.92000       3.05119
       1.92500       3.05890
       1.93000       3.06675
       1.93500       3.07471
       1.94000       3.08275
       1.94500       3.09083
       1.95000       3.09890
       1.95500       3.10691
       1.96000       3.11480
       1.96500       3.12250
       1.97000       3.12996
       1.97500       3.13711
       1.98000       3.14387
       1.98500       3.15018
       1.99000       3.15597
       1.99500       3.16117
       2.00000       3.16573
       2.00500       3.16958
       2.01000       3.17268
       2.01500       3.17498
       2.02000       3.17643
       2.02500       3.17702
       2.03000       3.17670
       2.03500       3.17548
       2.04000       3.17333
       2.04500       3.17027
       2.05000       3.16629
       2.05500       3.16142
       2.06000       3.15568
       2.06500       3.14910
       2.07000       3.14172
       2.07500       3.13356
       2.08000       3.12468
       2.08500       3.11512
       2.09000       3.10493
       2.09500       3.09415
       2.10000       3.08282
       2.10500       3.07100
       2.11000       3.05871
       2.11500       3.04600
       2.12000       3.03290
       2.12500       3.01942
       2.13000       3.00559
       2.13500       2.99143
       2.14000       2.97694
       2.14500       2.96211
       2.15000       2.94695
       2.15500       2.93143
       2.16000       2.91555
       2.16500       2.89928
       2.17000       2.88259
       2.17500       2.86547
       2.18000       2.84787
       2.18500       2.82977
       2.19000       2.81115
       2.19500       2.79197
       2.20000       2.77221
       2.20500       2.75186
       2.21000       2.73089
       2.21500       2.70932
       2.22000       2.68714
       2.22500       2.66435
       2.23000       2.64099
       2.23500       2.61708
       2.24000       2.59265
       2.24500       2.56777
       2.25000       2.54247
       2.25500       2.51684
       2.26000       2.49094
       2.26500       2.46486
       2.27000       2.43868
       2.27500       2.41251
       2.28000       2.38643
       2.28500       2.36054
       2.29000       2.33495
       2.29500       2.30975
       2.30000       2.28505
       2.30500       2.26093
       2.31000       2.23748
       2.31500       2.21479
       2.32000       2.19292
       2.32500       2.17194
       2.33000       2.15191
       2.33500       2.13286
       2.34000       2.11482
       2.34500       2.09781
       2.35000       2.08182
       2.35500       2.06686
       2.36000       2.05290
       2.36500       2.03990
       2.37000       2.02781
       2.37500       2.01657
       2.38000       2.00612
       2.38500       1.99638
       2.39000       1.98726
       2.39500       1.97866
       2.40000       1.97050
       2.40500       1.96267
       2.41000       1.95508
       2.41500       1.94761
       2.42000       1.94018
       2.42500       1.93268
       2.43000       1.92503
       2.43500       1.91715
       2.44000       1.90895
       2.44500       1.90037
       2.45000       1.89136
       2.45500       1.88186
       2.46000       1.87186
       2.46500       1.86131
       2.47000       1.85022
       2.47500       1.83858
       2.48000       1.82641
       2.48500       1.81372
       2.49000       1.80057
       2.49500       1.78699
       2.50000       1.77304
       2.50500       1.75878
       2.51000       1.74429
       2.51500       1.72963
       2.52000       1.71489
       2.52500       1.70016
       2.53000       1.68551
       2.53500       1.67104
       2.54000       1.65683
       2.54500       1.64297
       2.55000       1.62955
       2.55500       1.61663
       2.56000       1.60429
       2.56500       1.59261
       2.57000       1.58164
       2.57500       1.57145
       2.58000       1.56208
       2.58500       1.55359
       2.59000       1.54600
       2.59500       1.53936
       2.60000       1.53368
       2.60500       1.52899
       2.61000       1.52531
       2.61500       1.52264
       2.62000       1.52099
       2.62500       1.52038
       2.63000       1.52079
       2.63500       1.52224
       2.64000       1.52471
       2.64500       1.52822
       2.65000       1.53275
       2.65500       1.53831
       2.66000       1.54490
       2.66500       1.55251
       2.67000       1.56116
       2.67500       1.57085
       2.68000       1.58157
       2.68500       1.59334
       2.69000       1.60616
       2.69500       1.62004
       2.70000       1.63499
       2.70500       1.65101
       2.71000       1.66810
       2.71500       1.68626
       2.72000       1.70549
       2.72500       1.72578
       2.73000       1.74712
       2.73500       1.76948
       2.74000       1.79283
       2.74500       1.81714
       2.75000       1.84237
       2.75500       1.86845
       2.76000       1.89532
       2.76500       1.92292
       2.77000       1.95114
       2.77500       1.97990
       2.78000       2.00909
       2.78500       2.03859
       2.79000       2.06829
       2.79500       2.09804
       2.80000       2.12771
       2.80500       2.15715
       2.81000       2.18621
       2.81500       2.21474
       2.82000       2.24259
       2.82500       2.26959
       2.83000       2.29560
       2.83500       2.32046
       2.84000       2.34404
       2.84500       2.36619
       2.85000       2.38680
       2.85500       2.40574
       2.86000       2.42291
       2.86500       2.43824
       2.87000       2.45164
       2.87500       2.46305
       2.88000       2.47246
       2.88500       2.47982
       2.89000       2.48516
       2.89500       2.48848
       2.90000       2.48983
       2.90500       2.48928
       2.91000       2.48690
       2.91500       2.48278
       2.92000       2.47706
       2.92500       2.46985
       2.93000       2.46132
       2.93500       2.45161
       2.94000       2.44091
       2.94500       2.42939
       2.95000       2.41725
       2.95500       2.40468
       2.96000       2.39189
       2.96500       2.37907
       2.97000       2.36641
       2.97500       2.35413
       2.98000       2.34240
       2.98500       2.33140
       2.99000       2.32130
       2.99500       2.31227
       3.00000       2.30445
       3.00500       2.29796
       3.01000       2.29291
       3.01500       2.28941
       3.02000       2.28752
       3.02500       2.28730
       3.03000       2.28879
       3.03500       2.29200
       3.04000       2.29693
       3.04500       2.30355
       3.05000       2.31183
       3.05500       2.32170
       3.06000       2.33310
       3.06500       2.34591
       3.07000       2.36006
       3.07500       2.37541
       3.08000       2.39184
       3.08500       2.40921
       3.09000       2.42739
       3.09500       2.44623
       3.10000       2.46558
       3.10500       2.48528
       3.11000       2.50521
       3.11500       2.52520
       3.12000       2.54513
       3.12500       2.56486
       3.13000       2.58426
       3.13500       2.60321
       3.14000       2.62162
       3.14500       2.63938
       3.15000       2.65642
       3.15500       2.67266
       3.16000       2.68803
       3.16500       2.70249
       3.17000       2.71600
       3.17500       2.72854
       3.18000       2.74009
       3.18500       2.75063
       3.19000       2.76018
       3.19500       2.76874
       3.20000       2.77633
       3.20500       2.78297
       3.21000       2.78869
       3.21500       2.79351
       3.22000       2.79746
       3.22500       2.80058
       3.23000       2.80290
       3.23500       2.80446
       3.24000       2.80527
       3.24500       2.80537
       3.25000       2.80478
       3.25500       2.80352
       3.26000       2.80161
       3.26500       2.79905
       3.27000       2.79587
       3.27500       2.79206
       3.28000       2.78763
       3.28500       2.78257
       3.29000       2.77688
       3.29500       2.77056
       3.30000       2.76360
       3.30500       2.75598
       3.31000       2.74771
       3.31500       2.73877
       3.32000       2.72915
       3.32500       2.71886
       3.33000       2.70788
       3.33500       2.69623
       3.34000       2.68389
       3.34500       2.67089
       3.35000       2.65723
       3.35500       2.64292
       3.36000       2.62799
       3.36500       2.61246
       3.37000       2.59636
       3.37500       2.57972
       3.38000       2.56258
       3.38500       2.54497
       3.39000       2.52694
       3.39500       2.50853
       3.40000       2.48979
       3.40500       2.47077
       3.41000       2.45152
       3.41500       2.43208
       3.42000       2.41251
       3.42500       2.39286
       3.43000       2.37317
       3.43500       2.35349
       3.44000       2.33387
       3.44500       2.31435
       3.45000       2.29497
       3.45500       2.27577
       3.46000       2.25680
       3.46500       2.23807
       3.47000       2.21964
       3.47500       2.20151
       3.48000       2.18373
       3.48500       2.16632
       3.49000       2.14930
       3.49500       2.13269
       3.50000       2.11651
       3.50500       2.10077
       3.51000       2.08550
       3.51500       2.07071
       3.52000       2.05641
       3.52500       2.04261
       3.53000       2.02933
       3.53500       2.01657
       3.54000       2.00435
       3.54500       1.99267
       3.55000       1.98154
       3.55500       1.97096
       3.56000       1.96094
       3.56500       1.95148
       3.57000       1.94258
       3.57500       1.93423
       3.58000       1.92644
       3.58500       1.91920
       3.59000       1.91249
       3.59500       1.90631
       3.60000       1.90063
       3.60500       1.89544
       3.61000       1.89071
       3.61500       1.88642
       3.62000       1.88253
       3.62500       1.87902
       3.63000       1.87584
       3.63500       1.87295
       3.64000       1.87032
       3.64500       1.86788
       3.65000       1.86559
       3.65500       1.86339
       3.66000       1.86124
       3.66500       1.85907
       3.67000       1.85683
       3.67500       1.85446
       3.68000       1.85190
       3.68500       1.84910
       3.69000       1.84600
       3.69500       1.84255
       3.70000       1.83870
       3.70500       1.83441
       3.71000       1.82962
       3.71500       1.82432
       3.72000       1.81847
       3.72500       1.81204
       3.73000       1.80502
       3.73500       1.79740
       3.74000       1.78918
       3.74500       1.78036
       3.75000       1.77097
       3.75500       1.76103
       3.76000       1.75056
       3.76500       1.73962
       3.77000       1.72825
       3.77500       1.71652
       3.78000       1.70448
       3.78500       1.69221
       3.79000       1.67980
       3.79500       1.66732
       3.80000       1.65487
       3.80500       1.64255
       3.81000       1.63044
       3.81500       1.61865
       3.82000       1.60728
       3.82500       1.59643
       3.83000       1.58620
       3.83500       1.57667
       3.84000       1.56794
       3.84500       1.56009
       3.85000       1.55319
       3.85500       1.54733
       3.86000       1.54255
       3.86500       1.53891
       3.87000       1.53644
       3.87500       1.53518
       3.88000       1.53515
       3.88500       1.53635
       3.89000       1.53877
       3.89500       1.54240
       3.90000       1.54721
       3.90500       1.55316
       3.91000       1.56020
       3.91500       1.56826
       3.92000       1.57729
       3.92500       1.58719
       3.93000       1.59790
       3.93500       1.60931
       3.94000       1.62133
       3.94500       1.63387
       3.95000       1.64683
       3.95500       1.66010
       3.96000       1.67359
       3.96500       1.68720
       3.97000       1.70084
       3.97500       1.71440
       3.98000       1.72782
       3.98500       1.74101
       3.99000       1.75389
       3.99500       1.76641
       4.00000       1.77851
       4.00500       1.79013
       4.01000       1.80124
       4.01500       1.81181
       4.02000       1.82181
       4.02500       1.83123
       4.03000       1.84005
       4.03500       1.84829
       4.04000       1.85594
       4.04500       1.86302
       4.05000       1.86955
       4.05500       1.87555
       4.06000       1.88104
       4.06500       1.88607
       4.07000       1.89066
       4.07500       1.89484
       4.08000       1.89865
       4.08500       1.90213
       4.09000       1.90531
       4.09500       1.90822
       4.10000       1.91090
       4.10500       1.91337
       4.11000       1.91567
       4.11500       1.91782
       4.12000       1.91983
       4.12500       1.92173
       4.13000       1.92354
       4.13500       1.92525
       4.14000       1.92689
       4.14500       1.92845
       4.15000       1.92994
       4.15500       1.93135
       4.16000       1.93267
       4.16500       1.93391
       4.17000       1.93505
       4.17500       1.93607
       4.18000       1.93697
       4.18500       1.93772
       4.19000       1.93831
       4.19500       1.93872
       4.20000       1.93893
       4.20500       1.93893
       4.21000       1.93868
       4.21500       1.93817
       4.22000       1.93739
       4.22500       1.93630
       4.23000       1.93488
       4.23500       1.93313
       4.24000       1.93101
       4.24500       1.92851
       4.25000       1.92561
       4.25500       1.92229
       4.26000       1.91854
       4.26500       1.91433
       4.27000       1.90965
       4.27500       1.90449
       4.28000       1.89882
       4.28500       1.89264
       4.29000       1.88594
       4.29500       1.87869
       4.30000       1.87088
       4.30500       1.86251
       4.31000       1.85356
       4.31500       1.84402
       4.32000       1.83389
       4.32500       1.82314
       4.33000       1.81178
       4.33500       1.79979
       4.34000       1.78718
       4.34500       1.77393
       4.35000       1.76004
       4.35500       1.74551
       4.36000       1.73034
       4.36500       1.71454
       4.37000       1.69810
       4.37500       1.68102
       4.38000       1.66333
       4.38500       1.64502
       4.39000       1.62611
       4.39500       1.60662
       4.40000       1.58656
       4.40500       1.56596
       4.41000       1.54483
       4.41500       1.52321
       4.42000       1.50112
       4.42500       1.47860
       4.43000       1.45568
       4.43500       1.43241
       4.44000       1.40882
       4.44500       1.38496
       4.45000       1.36087
       4.45500       1.33661
       4.46000       1.31222
       4.46500       1.28777
       4.47000       1.26330
       4.47500       1.23888
       4.48000       1.21456
       4.48500       1.19041
       4.49000       1.16648
       4.49500       1.14285
       4.50000       1.11956
       4.50500       1.09669
       4.51000       1.07430
       4.51500       1.05245
       4.52000       1.03121
       4.52500       1.01064
       4.53000       0.99079
       4.53500       0.97174
       4.54000       0.95354
       4.54500       0.93625
       4.55000       0.91993
       4.55500       0.90462
       4.56000       0.89040
       4.56500       0.87731
       4.57000       0.86540
       4.57500       0.85471
       4.58000       0.84531
       4.58500       0.83723
       4.59000       0.83052
       4.59500       0.82523
       4.60000       0.82138
       4.60500       0.81902
       4.61000       0.81819
       4.61500       0.81892
       4.62000       0.82124
       4.62500       0.82519
       4.63000       0.83080
       4.63500       0.83809
       4.64000       0.84708
       4.64500       0.85781
       4.65000       0.87028
       4.65500       0.88452
       4.66000       0.90055
       4.66500       0.91837
       4.67000       0.93800
       4.67500       0.95944
       4.68000       0.98269
       4.68500       1.00775
       4.69000       1.03462
       4.69500       1.06327
       4.70000       1.09370
       4.70500       1.12588
       4.71000       1.15977
       4.71500       1.19535
       4.72000       1.23257
       4.72500       1.27138
       4.73000       1.31172
       4.73500       1.35351
       4.74000       1.39669
       4.74500       1.44116
       4.75000       1.48684
       4.75500       1.53361
       4.76000       1.58136
       4.76500       1.62997
       4.77000       1.67931
       4.77500       1.72922
       4.78000       1.77958
       4.78500       1.83020
       4.79000       1.88094
       4.79500       1.93161
       4.80000       1.98205
       4.80500       2.03207
       4.81000       2.08148
       4.81500       2.13010
       4.82000       2.17774
       4.82500       2.22421
       4.83000       2.26934
       4.83500       2.31294
       4.84000       2.35483
       4.84500       2.39485
       4.85000       2.43284
       4.85500       2.46865
       4.86000       2.50215
       4.86500       2.53320
       4.87000       2.56170
       4.87500       2.58756
       4.88000       2.61069
       4.88500       2.63104
       4.89000       2.64856
       4.89500       2.66322
       4.90000       2.67503
       4.90500       2.68399
       4.91000       2.69013
       4.91500       2.69350
       4.92000       2.69417
       4.92500       2.69222
       4.93000       2.68775
       4.93500       2.68088
       4.94000       2.67173
       4.94500       2.66044
       4.95000       2.64716
       4.95500       2.63205
       4.96000       2.61527
       4.96500       2.59701
       4.97000       2.57743
       4.97500       2.55671
       4.98000       2.53502
       4.98500       2.51256
       4.99000       2.48948
       4.99500       2.46595
       5.00000       2.44214
       5.00500       2.41821
       5.01000       2.39429
       5.01500       2.37053
       5.02000       2.34706
       5.02500       2.32398
       5.03000       2.30139
       5.03500       2.27940
       5.04000       2.25808
       5.04500       2.23749
       5.05000       2.21769
       5.05500       2.19872
       5.06000       2.18061
       5.06500       2.16338
       5.07000       2.14703
       5.07500       2.13156
       5.08000       2.11696
       5.08500       2.10320
       5.09000       2.09025
       5.09500       2.07808
       5.10000       2.06664
       5.10500       2.05588
       5.11000       2.04574
       5.11500       2.03616
       5.12000       2.02709
       5.12500       2.01844
       5.13000       2.01016
       5.13500       2.00218
       5.14000       1.99442
       5.14500       1.98682
       5.15000       1.97930
       5.15500       1.97180
       5.16000       1.96425
       5.16500       1.95658
       5.17000       1.94874
       5.17500       1.94067
       5.18000       1.93231
       5.18500       1.92360
       5.19000       1.91451
       5.19500       1.90499
       5.20000       1.89500
       5.20500       1.88451
       5.21000       1.87349
       5.21500       1.86193
       5.22000       1.84980
       5.22500       1.83710
       5.23000       1.82382
       5.23500       1.80998
       5.24000       1.79557
       5.24500       1.78062
       5.25000       1.76515
       5.25500       1.74919
       5.26000       1.73277
       5.26500       1.71594
       5.27000       1.69874
       5.27500       1.68123
       5.28000       1.66347
       5.28500       1.64552
       5.29000       1.62744
       5.29500       1.60931
       5.30000       1.59121
       5.30500       1.57320
       5.31000       1.55537
       5.31500       1.53779
       5.32000       1.52054
       5.32500       1.50371
       5.33000       1.48737
       5.33500       1.47158
       5.34000       1.45644
       5.34500       1.44200
       5.35000       1.42832
       5.35500       1.41547
       5.36000       1.40351
       5.36500       1.39247
       5.37000       1.38241
       5.37500       1.37336
       5.38000       1.36536
       5.38500       1.35842
       5.39000       1.35256
       5.39500       1.34780
       5.40000       1.34415
       5.40500       1.34161
       5.41000       1.34016
       5.41500       1.33981
       5.42000       1.34054
       5.42500       1.34233
       5.43000       1.34517
       5.43500       1.34904
       5.44000       1.35390
       5.44500       1.35974
       5.45000       1.36653
       5.45500       1.37424
       5.46000       1.38286
       5.46500       1.39235
       5.47000       1.40269
       5.47500       1.41386
       5.48000       1.42583
       5.48500       1.43860
       5.49000       1.45213
       5.49500       1.46640
       5.50000       1.48141
       5.50500       1.49714
       5.51000       1.51356
       5.51500       1.53067
       5.52000       1.54844
       5.52500       1.56686
       5.53000       1.58591
       5.53500       1.60557
       5.54000       1.62580
       5.54500       1.64659
       5.55000       1.66791
       5.55500       1.68971
       5.56000       1.71195
       5.56500       1.73460
       5.57000       1.75761
       5.57500       1.78091
       5.58000       1.80445
       5.58500       1.82817
       5.59000       1.85199
       5.59500       1.87585
       5.60000       1.89966
       5.60500       1.92335
       5.61000       1.94682
       5.61500       1.97000
       5.62000       1.99280
       5.62500       2.01512
       5.63000       2.03688
       5.63500       2.05799
       5.64000       2.07835
       5.64500       2.09790
       5.65000       2.11655
       5.65500       2.13421
       5.66000       2.15083
       5.66500       2.16633
       5.67000       2.18066
       5.67500       2.19376
       5.68000       2.20560
       5.68500       2.21613
       5.69000       2.22533
       5.69500       2.23318
       5.70000       2.23967
       5.70500       2.24480
       5.71000       2.24857
       5.71500       2.25101
       5.72000       2.25214
       5.72500       2.25197
       5.73000       2.25057
       5.73500       2.24795
       5.74000       2.24418
       5.74500       2.23931
       5.75000       2.23338
       5.75500       2.22647
       5.76000       2.21863
       5.76500       2.20993
       5.77000       2.20042
       5.77500       2.19018
       5.78000       2.17925
       5.78500       2.16770
       5.79000       2.15558
       5.79500       2.14296
       5.80000       2.12986
       5.80500       2.11636
       5.81000       2.10247
       5.81500       2.08825
       5.82000       2.07373
       5.82500       2.05893
       5.83000       2.04389
       5.83500       2.02862
       5.84000       2.01315
       5.84500       1.99750
       5.85000       1.98167
       5.85500       1.96569
       5.86000       1.94957
       5.86500       1.93333
       5.87000       1.91698
       5.87500       1.90053
       5.88000       1.88402
       5.88500       1.86745
       5.89000       1.85086
       5.89500       1.83428
       5.90000       1.81774
       5.90500       1.80128
       5.91000       1.78495
       5.91500       1.76880
       5.92000       1.75289
       5.92500       1.73728
       5.93000       1.72204
       5.93500       1.70724
       5.94000       1.69297
       5.94500       1.67930
       5.95000       1.66633
       5.95500       1.65415
       5.96000       1.64285
       5.96500       1.63254
       5.97000       1.62330
       5.97500       1.61524
       5.98000       1.60846
       5.98500       1.60305
       5.99000       1.59911
       5.99500       1.59672
       6.00000       1.59597
       6.00500       1.59694
       6.01000       1.59970
       6.01500       1.60432
       6.02000       1.61084
       6.02500       1.61931
       6.03000       1.62977
       6.03500       1.64223
       6.04000       1.65671
       6.04500       1.67320
       6.05000       1.69168
       6.05500       1.71213
       6.06000       1.73450
       6.06500       1.75873
       6.07000       1.78476
       6.07500       1.81248
       6.08000       1.84182
       6.08500       1.87266
       6.09000       1.90486
       6.09500       1.93831
       6.10000       1.97286
       6.10500       2.00834
       6.11000       2.04460
       6.11500       2.08147
       6.12000       2.11877
       6.12500       2.15632
       6.13000       2.19393
       6.13500       2.23142
       6.14000       2.26859
       6.14500       2.30527
       6.15000       2.34127
       6.15500       2.37640
       6.16000       2.41049
       6.16500       2.44337
       6.17000       2.47487
       6.17500       2.50486
       6.18000       2.53318
       6.18500       2.55970
       6.19000       2.58430
       6.19500       2.60688
       6.20000       2.62735
       6.20500       2.64563
       6.21000       2.66165
       6.21500       2.67538
       6.22000       2.68679
       6.22500       2.69585
       6.23000       2.70257
       6.23500       2.70698
       6.24000       2.70910
       6.24500       2.70899
       6.25000       2.70671
       6.25500       2.70235
       6.26000       2.69599
       6.26500       2.68774
       6.27000       2.67773
       6.27500       2.66608
       6.28000       2.65294
       6.28500       2.63847
       6.29000       2.62281
       6.29500       2.60615
       6.30000       2.58865
       6.30500       2.57050
       6.31000       2.55188
       6.31500       2.53298
       6.32000       2.51399
       6.32500       2.49509
       6.33000       2.47647
       6.33500       2.45833
       6.34000       2.44084
       6.34500       2.42417
       6.35000       2.40851
       6.35500       2.39400
       6.36000       2.38081
       6.36500       2.36908
       6.37000       2.35894
       6.37500       2.35051
       6.38000       2.34389
       6.38500       2.33918
       6.39000       2.33645
       6.39500       2.33576
       6.40000       2.33716
       6.40500       2.34065
       6.41000       2.34625
       6.41500       2.35395
       6.42000       2.36371
       6.42500       2.37547
       6.43000       2.38916
       6.43500       2.40469
       6.44000       2.42194
       6.44500       2.44080
       6.45000       2.46111
       6.45500       2.48271
       6.46000       2.50542
       6.46500       2.52905
       6.47000       2.55339
       6.47500       2.57825
       6.48000       2.60338
       6.48500       2.62857
       6.49000       2.65359
       6.49500       2.67819
       6.50000       2.70216
       6.50500       2.72525
       6.51000       2.74724
       6.51500       2.76792
       6.52000       2.78708
       6.52500       2.80453
       6.53000       2.82008
       6.53500       2.83358
       6.54000       2.84487
       6.54500       2.85383
       6.55000       2.86035
       6.55500       2.86436
       6.56000       2.86579
       6.56500       2.86461
       6.57000       2.86080
       6.57500       2.85438
       6.58000       2.84538
       6.58500       2.83387
       6.59000       2.81991
       6.59500       2.80363
       6.60000       2.78514
       6.60500       2.76458
       6.61000       2.74212
       6.61500       2.71794
       6.62000       2.69223
       6.62500       2.66518
       6.63000       2.63702
       6.63500       2.60797
       6.64000       2.57826
       6.64500       2.54811
       6.65000       2.51777
       6.65500       2.48747
       6.66000       2.45743
       6.66500       2.42791
       6.67000       2.39911
       6.67500       2.37125
       6.68000       2.34455
       6.68500       2.31922
       6.69000       2.29543
       6.69500       2.27338
       6.70000       2.25323
       6.70500       2.23513
       6.71000       2.21924
       6.71500       2.20568
       6.72000       2.19456
       6.72500       2.18599
       6.73000       2.18006
       6.73500       2.17685
       6.74000       2.17641
       6.74500       2.17879
       6.75000       2.18402
       6.75500       2.19213
       6.76000       2.20312
       6.76500       2.21700
       6.77000       2.23373
       6.77500       2.25331
       6.78000       2.27567
       6.78500       2.30079
       6.79000       2.32858
       6.79500       2.35899
       6.80000       2.39194
       6.80500       2.42732
       6.81000       2.46505
       6.81500       2.50501
       6.82000       2.54709
       6.82500       2.59117
       6.83000       2.63711
       6.83500       2.68477
       6.84000       2.73401
       6.84500       2.78469
       6.85000       2.83663
       6.85500       2.88968
       6.86000       2.94367
       6.86500       2.99842
       6.87000       3.05377
       6.87500       3.10953
       6.88000       3.16552
       6.88500       3.22155
       6.89000       3.27744
       6.89500       3.33301
       6.90000       3.38805
       6.90500       3.44241
       6.91000       3.49587
       6.91500       3.54828
       6.92000       3.59945
       6.92500       3.64920
       6.93000       3.69738
       6.93500       3.74383
       6.94000       3.78839
       6.94500       3.83093
       6.95000       3.87130
       6.95500       3.90940
       6.96000       3.94511
       6.96500       3.97834
       6.97000       4.00901
       6.97500       4.03704
       6.98000       4.06240
       6.98500       4.08504
       6.99000       4.10494
       6.99500       4.12211
       7.00000       4.13655
       7.00500       4.14829
       7.01000       4.15739
       7.01500       4.16390
       7.02000       4.16790
       7.02500       4.16949
       7.03000       4.16877
       7.03500       4.16587
       7.04000       4.16091
       7.04500       4.15404
       7.05000       4.14540
       7.05500       4.13517
       7.06000       4.12349
       7.06500       4.11055
       7.07000       4.09652
       7.07500       4.08156
       7.08000       4.06585
       7.08500       4.04957
       7.09000       4.03287
       7.09500       4.01592
       7.10000       3.99887
       7.10500       3.98187
       7.11000       3.96505
       7.11500       3.94854
       7.12000       3.93244
       7.12500       3.91686
       7.13000       3.90189
       7.13500       3.88760
       7.14000       3.87405
       7.14500       3.86128
       7.15000       3.84933
       7.15500       3.83822
       7.16000       3.82795
       7.16500       3.81852
       7.17000       3.80991
       7.17500       3.80209
       7.18000       3.79503
       7.18500       3.78869
       7.19000       3.78301
       7.19500       3.77795
       7.20000       3.77343
       7.20500       3.76941
       7.21000       3.76582
       7.21500       3.76260
       7.22000       3.75969
       7.22500       3.75704
       7.23000       3.75460
       7.23500       3.75231
       7.24000       3.75015
       7.24500       3.74809
       7.25000       3.74610
       7.25500       3.74417
       7.26000       3.74230
       7.26500       3.74049
       7.27000       3.73876
       7.27500       3.73715
       7.28000       3.73567
       7.28500       3.73438
       7.29000       3.73332
       7.29500       3.73256
       7.30000       3.73216
       7.30500       3.73219
       7.31000       3.73272
       7.31500       3.73383
       7.32000       3.73559
       7.32500       3.73807
       7.33000       3.74136
       7.33500       3.74551
       7.34000       3.75059
       7.34500       3.75666
       7.35000       3.76376
       7.35500       3.77193
       7.36000       3.78120
       7.36500       3.79159
       7.37000       3.80309
       7.37500       3.81570
       7.38000       3.82939
       7.38500       3.84412
       7.39000       3.85984
       7.39500       3.87649
       7.40000       3.89398
       7.40500       3.91223
       7.41000       3.93112
       7.41500       3.95054
       7.42000       3.97037
       7.42500       3.99047
       7.43000       4.01070
       7.43500       4.03092
       7.44000       4.05098
       7.44500       4.07072
       7.45000       4.09000
       7.45500       4.10866
       7.46000       4.12656
       7.46500       4.14355
       7.47000       4.15952
       7.47500       4.17432
       7.48000       4.18786
       7.48500       4.20001
       7.49000       4.21069
       7.49500       4.21983
       7.50000       4.22735
       7.50500       4.23321
       7.51000       4.23738
       7.51500       4.23982
       7.52000       4.24055
       7.52500       4.23956
       7.53000       4.23688
       7.53500       4.23256
       7.54000       4.22664
       7.54500       4.21918
       7.55000       4.21027
       7.55500       4.19998
       7.56000       4.18842
       7.56500       4.17569
       7.57000       4.16190
       7.57500       4.14718
       7.58000       4.13163
       7.58500       4.11540
       7.59000       4.09860
       7.59500       4.08138
       7.60000       4.06385
       7.60500       4.04616
       7.61000       4.02844
       7.61500       4.01080
       7.62000       3.99337
       7.62500       3.97627
       7.63000       3.95962
       7.63500       3.94352
       7.64000       3.92807
       7.64500       3.91337
       7.65000       3.89949
       7.65500       3.88653
       7.66000       3.87454
       7.66500       3.86360
       7.67000       3.85373
       7.67500       3.84500
       7.68000       3.83742
       7.68500       3.83101
       7.69000       3.82579
       7.69500       3.82175
       7.70000       3.81888
       7.70500       3.81716
       7.71000       3.81654
       7.71500       3.81699
       7.72000       3.81846
       7.72500       3.82087
       7.73000       3.82415
       7.73500       3.82823
       7.74000       3.83300
       7.74500       3.83838
       7.75000       3.84425
       7.75500       3.85051
       7.76000       3.85704
       7.76500       3.86373
       7.77000       3.87044
       7.77500       3.87706
       7.78000       3.88346
       7.78500       3.88953
       7.79000       3.89514
       7.79500       3.90018
       7.80000       3.90454
       7.80500       3.90811
       7.81000       3.91080
       7.81500       3.91252
       7.82000       3.91320
       7.82500       3.91277
       7.83000       3.91118
       7.83500       3.90838
       7.84000       3.90435
       7.84500       3.89907
       7.85000       3.89256
       7.85500       3.88481
       7.86000       3.87587
       7.86500       3.86578
       7.87000       3.85460
       7.87500       3.84241
       7.88000       3.82928
       7.88500       3.81533
       7.89000       3.80065
       7.89500       3.78537
       7.90000       3.76962
       7.90500       3.75353
       7.91000       3.73725
       7.91500       3.72092
       7.92000       3.70469
       7.92500       3.68872
       7.93000       3.67314
       7.93500       3.65811
       7.94000       3.64377
       7.94500       3.63024
       7.95000       3.61766
       7.95500       3.60614
       7.96000       3.59578
       7.96500       3.58668
       7.97000       3.57891
       7.97500       3.57253
       7.98000       3.56759
       7.98500       3.56411
       7.99000       3.56210
       7.99500       3.56154
       8.00000       3.56242
       8.00500       3.56468
       8.01000       3.56826
       8.01500       3.57307
       8.02000       3.57900
       8.02500       3.58595
       8.03000       3.59377
       8.03500       3.60233
       8.04000       3.61145
       8.04500       3.62098
       8.05000       3.63073
       8.05500       3.64051
       8.06000       3.65015
       8.06500       3.65945
       8.07000       3.66822
       8.07500       3.67628
       8.08000       3.68344
       8.08500       3.68953
       8.09000       3.69439
       8.09500       3.69788
       8.10000       3.69984
       8.10500       3.70018
       8.11000       3.69878
       8.11500       3.69557
       8.12000       3.69049
       8.12500       3.68349
       8.13000       3.67458
       8.13500       3.66375
       8.14000       3.65105
       8.14500       3.63653
       8.15000       3.62027
       8.15500       3.60238
       8.16000       3.58298
       8.16500       3.56222
       8.17000       3.54027
       8.17500       3.51729
       8.18000       3.49350
       8.18500       3.46910
       8.19000       3.44431
       8.19500       3.41936
       8.20000       3.39447
       8.20500       3.36988
       8.21000       3.34582
       8.21500       3.32251
       8.22000       3.30019
       8.22500       3.27906
       8.23000       3.25932
       8.23500       3.24115
       8.24000       3.22473
       8.24500       3.21020
       8.25000       3.19769
       8.25500       3.18731
       8.26000       3.17913
       8.26500       3.17323
       8.27000       3.16962
       8.27500       3.16831
       8.28000       3.16928
       8.28500       3.17249
       8.29000       3.17787
       8.29500       3.18531
       8.30000       3.19471
       8.30500       3.20591
       8.31000       3.21876
       8.31500       3.23308
       8.32000       3.24868
       8.32500       3.26535
       8.33000       3.28288
       8.33500       3.30103
       8.34000       3.31958
       8.34500       3.33830
       8.35000       3.35694
       8.35500       3.37530
       8.36000       3.39313
       8.36500       3.41024
       8.37000       3.42642
       8.37500       3.44147
       8.38000       3.45524
       8.38500       3.46756
       8.39000       3.47830
       8.39500       3.48736
       8.40000       3.49464
       8.40500       3.50008
       8.41000       3.50364
       8.41500       3.50529
       8.42000       3.50506
       8.42500       3.50296
       8.43000       3.49907
       8.43500       3.49347
       8.44000       3.48624
       8.44500       3.47753
       8.45000       3.46747
       8.45500       3.45623
       8.46000       3.44399
       8.46500       3.43093
       8.47000       3.41727
       8.47500       3.40322
       8.48000       3.38901
       8.48500       3.37485
       8.49000       3.36100
       8.49500       3.34767
       8.50000       3.33510
       8.50500       3.32352
       8.51000       3.31316
       8.51500       3.30423
       8.52000       3.29694
       8.52500       3.29149
       8.53000       3.28806
       8.53500       3.28682
       8.54000       3.28793
       8.54500       3.29153
       8.55000       3.29774
       8.55500       3.30667
       8.56000       3.31840
       8.56500       3.33301
       8.57000       3.35053
       8.57500       3.37101
       8.58000       3.39445
       8.58500       3.42084
       8.59000       3.45016
       8.59500       3.48237
       8.60000       3.51740
       8.60500       3.55518
       8.61000       3.59561
       8.61500       3.63859
       8.62000       3.68399
       8.62500       3.73168
       8.63000       3.78151
       8.63500       3.83333
       8.64000       3.88698
       8.64500       3.94228
       8.65000       3.99906
       8.65500       4.05712
       8.66000       4.11630
       8.66500       4.17639
       8.67000       4.23722
       8.67500       4.29858
       8.68000       4.36031
       8.68500       4.42220
       8.69000       4.48409
       8.69500       4.54580
       8.70000       4.60716
       8.70500       4.66801
       8.71000       4.72819
       8.71500       4.78757
       8.72000       4.84600
       8.72500       4.90335
       8.73000       4.95951
       8.73500       5.01437
       8.74000       5.06783
       8.74500       5.11979
       8.75000       5.17018
       8.75500       5.21892
       8.76000       5.26594
       8.76500       5.31120
       8.77000       5.35464
       8.77500       5.39623
       8.78000       5.43591
       8.78500       5.47367
       8.79000       5.50947
       8.79500       5.54330
       8.80000       5.57512
       8.80500       5.60494
       8.81000       5.63272
       8.81500       5.65845
       8.82000       5.68213
       8.82500       5.70372
       8.83000       5.72323
       8.83500       5.74062
       8.84000       5.75589
       8.84500       5.76900
       8.85000       5.77995
       8.85500       5.78870
       8.86000       5.79524
       8.86500       5.79953
       8.87000       5.80155
       8.87500       5.80126
       8.88000       5.79865
       8.88500       5.79368
       8.89000       5.78634
       8.89500       5.77658
       8.90000       5.76440
       8.90500       5.74978
       8.91000       5.73270
       8.91500       5.71315
       8.92000       5.69114
       8.92500       5.66666
       8.93000       5.63974
       8.93500       5.61040
       8.94000       5.57867
       8.94500       5.54459
       8.95000       5.50822
       8.95500       5.46963
       8.96000       5.42890
       8.96500       5.38611
       8.97000       5.34138
       8.97500       5.29482
       8.98000       5.24657
       8.98500       5.19677
       8.99000       5.14559
       8.99500       5.09319
       9.00000       5.03976
       9.00500       4.98549
       9.01000       4.93060
       9.01500       4.87530
       9.02000       4.81982
       9.02500       4.76439
       9.03000       4.70924
       9.03500       4.65463
       9.04000       4.60079
       9.04500       4.54798
       9.05000       4.49645
       9.05500       4.44643
       9.06000       4.39816
       9.06500       4.35188
       9.07000       4.30781
       9.07500       4.26616
       9.08000       4.22713
       9.08500       4.19090
       9.09000       4.15764
       9.09500       4.12749
       9.10000       4.10058
       9.10500       4.07701
       9.11000       4.05687
       9.11500       4.04020
       9.12000       4.02704
       9.12500       4.01739
       9.13000       4.01122
       9.13500       4.00847
       9.14000       4.00907
       9.14500       4.01290
       9.15000       4.01983
       9.15500       4.02970
       9.16000       4.04231
       9.16500       4.05746
       9.17000       4.07491
       9.17500       4.09441
       9.18000       4.11567
       9.18500       4.13842
       9.19000       4.16235
       9.19500       4.18715
       9.20000       4.21249
       9.20500       4.23805
       9.21000       4.26350
       9.21500       4.28852
       9.22000       4.31278
       9.22500       4.33596
       9.23000       4.35777
       9.23500       4.37791
       9.24000       4.39610
       9.24500       4.41209
       9.25000       4.42565
       9.25500       4.43656
       9.26000       4.44464
       9.26500       4.44973
       9.27000       4.45170
       9.27500       4.45045
       9.28000       4.44591
       9.28500       4.43804
       9.29000       4.42685
       9.29500       4.41234
       9.30000       4.39457
       9.30500       4.37364
       9.31000       4.34965
       9.31500       4.32273
       9.32000       4.29307
       9.32500       4.26083
       9.33000       4.22624
       9.33500       4.18952
       9.34000       4.15091
       9.34500       4.11066
       9.35000       4.06906
       9.35500       4.02636
       9.36000       3.98285
       9.36500       3.93881
       9.37000       3.89453
       9.37500       3.85027
       9.38000       3.80630
       9.38500       3.76290
       9.39000       3.72030
       9.39500       3.67874
       9.40000       3.63845
       9.40500       3.59963
       9.41000       3.56246
       9.41500       3.52710
       9.42000       3.49371
       9.42500       3.46239
       9.43000       3.43326
       9.43500       3.40638
       9.44000       3.38180
       9.44500       3.35957
       9.45000       3.33968
       9.45500       3.32213
       9.46000       3.30688
       9.46500       3.29387
       9.47000       3.28304
       9.47500       3.27428
       9.48000       3.26751
       9.48500       3.26259
       9.49000       3.25940
       9.49500       3.25780
       9.50000       3.25762
       9.50500       3.25872
       9.51000       3.26092
       9.51500       3.26405
       9.52000       3.26795
       9.52500       3.27244
       9.53000       3.27736
       9.53500       3.28252
       9.54000       3.28777
       9.54500       3.29295
       9.55000       3.29790
       9.55500       3.30247
       9.56000       3.30653
       9.56500       3.30995
       9.57000       3.31261
       9.57500       3.31440
       9.58000       3.31522
       9.58500       3.31499
       9.59000       3.31363
       9.59500       3.31108
       9.60000       3.30728
       9.60500       3.30219
       9.61000       3.29579
       9.61500       3.28806
       9.62000       3.27899
       9.62500       3.26858
       9.63000       3.25685
       9.63500       3.24382
       9.64000       3.22952
       9.64500       3.21399
       9.65000       3.19729
       9.65500       3.17946
       9.66000       3.16057
       9.66500       3.14068
       9.67000       3.11986
       9.67500       3.09820
       9.68000       3.07577
       9.68500       3.05265
       9.69000       3.02893
       9.69500       3.00469
       9.70000       2.98002
       9.70500       2.95501
       9.71000       2.92973
       9.71500       2.90427
       9.72000       2.87872
       9.72500       2.85315
       9.73000       2.82764
       9.73500       2.80225
       9.74000       2.77707
       9.74500       2.75215
       9.75000       2.72754
       9.75500       2.70332
       9.76000       2.67952
       9.76500       2.65619
       9.77000       2.63338
       9.77500       2.61111
       9.78000       2.58942
       9.78500       2.56833
       9.79000       2.54787
       9.79500       2.52806
       9.80000       2.50890
       9.80500       2.49042
       9.81000       2.47262
       9.81500       2.45550
       9.82000       2.43907
       9.82500       2.42334
       9.83000       2.40831
       9.83500       2.39397
       9.84000       2.38033
       9.84500       2.36740
       9.85000       2.35516
       9.85500       2.34363
       9.86000       2.33280
       9.86500       2.32268
       9.87000       2.31327
       9.87500       2.30457
       9.88000       2.29659
       9.88500       2.28933
       9.89000       2.28280
       9.89500       2.27699
       9.90000       2.27191
       9.90500       2.26756
       9.91000       2.26394
       9.91500       2.26104
       9.92000       2.25886
       9.92500       2.25739
       9.93000       2.25662
       9.93500       2.25653
       9.94000       2.25710
       9.94500       2.25831
       9.95000       2.26014
       9.95500       2.26254
       9.96000       2.26549
       9.96500       2.26895
       9.97000       2.27288
       9.97500       2.27722
       9.98000       2.28194
       9.98500       2.28699
       9.99000       2.29231
       9.99500       2.29785
