    0.000000   77.658500   77.658500    3.587800
    0.042800   77.431000   77.431000    3.598300
    0.085600   76.485100   76.485100    3.628300
    0.128400   73.905500   73.905500    3.669000
    0.171200   67.858000   67.858000    3.694100
    0.214100   56.419300   56.419300    3.654700
    0.256900   40.639000   40.639000    3.512200
    0.299700   24.262100   24.262100    3.268600
    0.342500   10.666800   10.666800    2.987700
    0.385300    1.466800    1.466800    2.754600
    0.428100   -3.829500   -3.829500    2.599800
    0.470900   -6.462400   -6.462400    2.510100
    0.513700   -7.208800   -7.208800    2.466500
    0.556600   -6.740900   -6.740900    2.449700
    0.599400   -5.857400   -5.857400    2.441200
    0.642200   -5.031500   -5.031500    2.427000
    0.685000   -4.412000   -4.412100    2.401100
    0.727800   -3.993800   -3.993800    2.362800
    0.770600   -3.710200   -3.710200    2.315300
    0.813400   -3.514600   -3.514600    2.263300
    0.856200   -3.430800   -3.430800    2.211300
    0.899100   -3.490400   -3.490400    2.162700
    0.941900   -3.669200   -3.669200    2.119200
    0.984700   -3.899500   -3.899500    2.081600
    1.027500   -4.079700   -4.079700    2.050800
    1.070300   -4.078300   -4.078300    2.026300
    1.113100   -3.872400   -3.872400    2.004700
    1.155900   -3.564500   -3.564500    1.983300
    1.198700   -3.231100   -3.231100    1.962400
    1.241600   -2.899300   -2.899300    1.942200
    1.284400   -2.567000   -2.567000    1.923500
    1.327200   -2.216300   -2.216300    1.907100
    1.370000   -1.824000   -1.824000    1.892900
    1.412800   -1.392900   -1.392900    1.878000
    1.455600   -0.949900   -0.949900    1.859000
    1.498400   -0.516200   -0.516200    1.838600
    1.541200   -0.103800   -0.103800    1.823900
    1.584100    0.280400    0.280400    1.818500
    1.626900    0.633200    0.633200    1.821800
    1.669700    0.951800    0.951800    1.830600
    1.712500    1.233200    1.233200    1.841900
    1.755300    1.476200    1.476200    1.853400
    1.798100    1.684000    1.684000    1.862400
    1.840900    1.865300    1.865300    1.867800
    1.883700    2.030500    2.030500    1.869900
    1.926500    2.183700    2.183700    1.867800
    1.969400    2.322900    2.322900    1.858000
    2.012200    2.445600    2.445600    1.838100
    2.055000    2.549200    2.549200    1.811100
    2.097800    2.621400    2.621400    1.782000
    2.140600    2.620900    2.620900    1.756900
    2.183400    2.427900    2.427900    1.740800
    2.226200    1.837500    1.837500    1.729900
    2.269000    0.803900    0.803900    1.714600
    2.311900   -0.417500   -0.417500    1.694600
    2.354700   -1.540700   -1.540700    1.681000
    2.397500   -2.438900   -2.438900    1.678200
    2.440300   -3.090200   -3.090200    1.681300
    2.483100   -3.498200   -3.498200    1.685600
    2.525900   -3.668800   -3.668800    1.689300
    2.568700   -3.629700   -3.629700    1.692200
    2.611500   -3.449000   -3.449000    1.694400
    2.654400   -3.250400   -3.250400    1.696300
    2.697200   -3.132500   -3.132500    1.697900
    2.740000   -3.017900   -3.017900    1.698900
    2.782800   -2.824400   -2.824400    1.699300
    2.825600   -2.604500   -2.604500    1.699200
    2.868400   -2.406200   -2.406200    1.699200
    2.911200   -2.243800   -2.243800    1.699600
    2.954000   -2.120700   -2.120700    1.700600
    2.996900   -2.039900   -2.039900    1.702800
    3.039700   -2.002500   -2.002500    1.704700
    3.082500   -1.999700   -1.999700    1.701800
    3.125300   -2.010400   -2.010400    1.689900
    3.168100   -2.014500   -2.014500    1.679100
    3.210900   -2.003400   -2.003400    1.679300
    3.253700   -1.976000   -1.976000    1.686400
    3.296500   -1.933200   -1.933200    1.695600
    3.339400   -1.876700   -1.876700    1.705200
    3.382200   -1.808200   -1.808200    1.714700
    3.425000   -1.728600   -1.728600    1.723900
    3.467800   -1.637500   -1.637500    1.733000
    3.510600   -1.532700   -1.532700    1.741700
    3.553400   -1.419300   -1.419300    1.750200
    3.596200   -1.307500   -1.307500    1.758800
    3.639000   -1.202700   -1.202700    1.767700
    3.681800   -1.105900   -1.105900    1.776700
    3.724700   -1.017200   -1.017200    1.785500
    3.767500   -0.936100   -0.936100    1.793900
    3.810300   -0.861900   -0.861900    1.801700
    3.853100   -0.793800   -0.793800    1.809200
    3.895900   -0.731100   -0.731100    1.816600
    3.938700   -0.673300   -0.673300    1.824300
    3.981500   -0.620000   -0.620000    1.832200
    4.024300   -0.570300   -0.570300    1.840400
    4.067200   -0.523200   -0.523200    1.848900
    4.110000   -0.478200   -0.478200    1.857700
    4.152800   -0.434900   -0.434900    1.866700
    4.195600   -0.393500   -0.393500    1.875900
    4.238400   -0.354000   -0.354000    1.885400
    4.281200   -0.316500   -0.316500    1.895300
    4.324000   -0.280800   -0.280800    1.905400
    4.366800   -0.246900   -0.246900    1.915800
    4.409700   -0.214700   -0.214700    1.926300
    4.452500   -0.183900   -0.183900    1.937000
    4.495300   -0.154700   -0.154700    1.947800
    4.538100   -0.126800   -0.126800    1.958400
    4.580900   -0.100300   -0.100300    1.968900
    4.623700   -0.075200   -0.075200    1.979400
    4.666500   -0.051400   -0.051400    1.989900
    4.709300   -0.029000   -0.029000    2.000400
    4.752200   -0.008000   -0.008000    2.011000
    4.795000    0.011300    0.011300    2.021800
    4.837800    0.029100    0.029100    2.032800
    4.880600    0.045400    0.045400    2.044300
    4.923400    0.061100    0.061100    2.056200
    4.966200    0.078200    0.078200    2.068300
    5.009000    0.098900    0.098900    2.080500
    5.051800    0.124200    0.124200    2.092900
    5.094700    0.153800    0.153800    2.105400
    5.137500    0.186100    0.186100    2.118000
    5.180300    0.218800    0.218800    2.130900
    5.223100    0.250300    0.250300    2.144100
    5.265900    0.280200    0.280200    2.157600
    5.308700    0.308600    0.308600    2.171600
    5.351500    0.335600    0.335600    2.186200
    5.394300    0.361400    0.361400    2.201400
    5.437100    0.386200    0.386200    2.217300
    5.480000    0.410100    0.410100    2.234000
    5.522800    0.433300    0.433300    2.251500
    5.565600    0.455800    0.455800    2.269500
    5.608400    0.477800    0.477800    2.287900
    5.651200    0.499300    0.499300    2.307100
    5.694000    0.520300    0.520300    2.327000
    5.736800    0.541000    0.541000    2.347900
    5.779600    0.561300    0.561300    2.369700
    5.822500    0.581100    0.581100    2.392500
    5.865300    0.600500    0.600500    2.416400
    5.908100    0.619300    0.619300    2.441900
    5.950900    0.637600    0.637600    2.469300
    5.993700    0.655400    0.655400    2.499000
    6.036500    0.672800    0.672800    2.531200
    6.079300    0.689700    0.689700    2.565600
    6.122100    0.706300    0.706300    2.601700
    6.165000    0.722700    0.722700    2.637700
    6.207800    0.738900    0.738900    2.672000
    6.250600    0.754800    0.754800    2.704300
    6.293400    0.770500    0.770500    2.735300
    6.336200    0.786100    0.786100    2.766000
    6.379000    0.801400    0.801400    2.797400
    6.421800    0.816700    0.816700    2.830000
    6.464600    0.831900    0.831900    2.864100
    6.507500    0.847000    0.847000    2.900000
    6.550300    0.862100    0.862100    2.937700
    6.593100    0.877100    0.877100    2.977200
    6.635900    0.892300    0.892300    3.018700
    6.678700    0.907300    0.907300    3.062900
    6.721500    0.922000    0.922000    3.110600
    6.764300    0.936200    0.936200    3.162300
    6.807100    0.949500    0.949500    3.216500
    6.850000    0.962100    0.962100    3.265200
    6.892800    0.974100    0.974100    3.293400
    6.935600    0.985800    0.985800    3.283500
    6.978400    0.998100    0.998100    3.225000
    7.021200    1.011400    1.011400    3.122500
    7.064000    1.025600    1.025600    2.994200
    7.106800    1.039700    1.039700    2.855800
    7.149600    1.053500    1.053500    2.711000
    7.192500    1.066400    1.066400    2.556500
    7.235300    1.078300    1.078300    2.388900
    7.278100    1.089200    1.089200    2.208300
    7.320900    1.099500    1.099500    2.023100
    7.363700    1.109400    1.109400    1.847100
    7.406500    1.119100    1.119100    1.688100
    7.449300    1.128500    1.128500    1.541800
    7.492100    1.137500    1.137500    1.401400
    7.534900    1.146000    1.146000    1.265900
    7.577800    1.153900    1.153900    1.140200
    7.620600    1.161100    1.161100    1.030100
    7.663400    1.167700    1.167700    0.939000
    7.706200    1.173700    1.173700    0.862600
    7.749000    1.179700    1.179700    0.789500
    7.791800    1.185800    1.185800    0.715700
    7.834600    1.192300    1.192300    0.651400
    7.877400    1.199000    1.199000    0.601500
    7.920300    1.205800    1.205800    0.558700
    7.963100    1.212600    1.212600    0.519300
    8.005900    1.219300    1.219300    0.488500
    8.048700    1.225900    1.225900    0.471000
    8.091500    1.232200    1.232200    0.469700
    8.134300    1.237900    1.237900    0.488800
    8.177100    1.243300    1.243300    0.532300
    8.219900    1.250000    1.250000    0.598700
    8.262800    1.258700    1.258700    0.678200
    8.305600    1.268700    1.268700    0.763500
    8.348400    1.279500    1.279500    0.853800
    8.391200    1.290600    1.290600    0.949500
    8.434000    1.301800    1.301800    1.054500
    8.476800    1.313100    1.313100    1.178200
    8.519600    1.324400    1.324400    1.328300
    8.562400    1.336000    1.336000    1.505000
    8.605300    1.348100    1.348100    1.697000
    8.648100    1.360300    1.360300    1.878200
    8.690900    1.372500    1.372500    2.007600
    8.733700    1.384700    1.384700    2.033600
    8.776500    1.396500    1.396500    1.900500
    8.819300    1.407500    1.407500    1.591800
    8.862100    1.417400    1.417400    1.149000
    8.904900    1.426400    1.426400    0.640700
    8.947800    1.435500    1.435500    0.178900
    8.990600    1.445700    1.445700   -0.157700
    9.033400    1.456600    1.456600   -0.385500
    9.076200    1.467900    1.467900   -0.544400
    9.119000    1.479300    1.479300   -0.659700
    9.161800    1.491000    1.491000   -0.740400
    9.204600    1.502800    1.502800   -0.791900
    9.247400    1.514800    1.514800   -0.820300
    9.290200    1.527000    1.527000   -0.827500
    9.333100    1.539600    1.539600   -0.814600
    9.375900    1.552500    1.552500   -0.784600
    9.418700    1.565600    1.565600   -0.736600
    9.461500    1.579100    1.579100   -0.669900
    9.504300    1.592900    1.592900   -0.587800
    9.547100    1.607000    1.607000   -0.497500
    9.589900    1.621400    1.621400   -0.407500
    9.632700    1.636100    1.636100   -0.321900
    9.675600    1.651200    1.651200   -0.241500
    9.718400    1.666600    1.666600   -0.166000
    9.761200    1.682300    1.682300   -0.094700
    9.804000    1.698400    1.698400   -0.027700
    9.846800    1.715000    1.715000    0.035400
    9.889600    1.732000    1.732000    0.094300
    9.932400    1.749500    1.749500    0.149100
    9.975200    1.767500    1.767500    0.199500
   10.018100    1.786100    1.786100    0.245300
   10.060900    1.805300    1.805300    0.285800
   10.103700    1.825100    1.825100    0.321200
   10.146500    1.845500    1.845500    0.353500
   10.189300    1.866800    1.866800    0.384600
   10.232100    1.889100    1.889100    0.416000
   10.274900    1.912300    1.912300    0.448200
   10.317700    1.936600    1.936600    0.481500
   10.360600    1.962100    1.962100    0.515300
   10.403400    1.988700    1.988700    0.548000
   10.446200    2.016600    2.016600    0.578100
   10.489000    2.045600    2.045600    0.605800
   10.531800    2.076000    2.076000    0.630700
   10.574600    2.107800    2.107800    0.650500
   10.617400    2.141100    2.141100    0.661500
   10.660200    2.176000    2.176000    0.660200
   10.703100    2.212800    2.212800    0.645900
   10.745900    2.251700    2.251700    0.619600
   10.788700    2.293100    2.293100    0.581800
   10.831500    2.337100    2.337100    0.531700
   10.874300    2.384200    2.384200    0.466100
   10.917100    2.434800    2.434800    0.379400
   10.959900    2.489400    2.489400    0.271600
   11.002700    2.548400    2.548400    0.157900
   11.045500    2.612300    2.612300    0.061700
   11.088400    2.682100    2.682100    0.003000
   11.131200    2.759200    2.759200   -0.011700
   11.174000    2.845400    2.845400    0.007400
   11.216800    2.941900    2.941900    0.045600
   11.259600    3.050300    3.050300    0.091900
   11.302400    3.172200    3.172200    0.140300
   11.345200    3.308400    3.308400    0.186800
   11.388000    3.457500    3.457500    0.229900
   11.430900    3.614500    3.614500    0.270400
   11.473700    3.774100    3.774100    0.310000
   11.516500    3.930600    3.930600    0.348500
   11.559300    4.071600    4.071600    0.385500
   11.602100    4.164900    4.164900    0.420700
   11.644900    4.161600    4.161600    0.454400
   11.687700    4.026800    4.026800    0.486900
   11.730500    3.737000    3.737000    0.518400
   11.773400    3.295500    3.295500    0.549200
   11.816200    2.794100    2.794100    0.578800
   11.859000    2.331100    2.331100    0.606700
   11.901800    1.948700    1.948700    0.631600
   11.944600    1.681600    1.681600    0.651900
   11.987400    1.531600    1.531600    0.665700
   12.030200    1.454900    1.454900    0.670400
   12.073000    1.411400    1.411400    0.664000
   12.115900    1.384000    1.384000    0.646800
   12.158700    1.365100    1.365100    0.622400
   12.201500    1.352900    1.352900    0.597200
   12.244300    1.349600    1.349600    0.576100
   12.287100    1.354100    1.354100    0.560400
   12.329900    1.361800    1.361800    0.546500
   12.372700    1.366800    1.366800    0.529700
   12.415500    1.362800    1.362800    0.507800
   12.458400    1.350700    1.350700    0.481600
   12.501200    1.351900    1.351900    0.454700
   12.544000    1.383400    1.383400    0.431900
   12.586800    1.433600    1.433600    0.416100
   12.629600    1.481800    1.481800    0.408700
   12.672400    1.507200    1.507200    0.409500
   12.715200    1.488100    1.488100    0.415500
   12.758000    1.399600    1.399600    0.423200
   12.800800    1.215100    1.215100    0.430800
   12.843700    0.919900    0.919900    0.438100
