    0.0000   77.6585   77.6585    3.5878    0.0000    0.0000    0.0000
    0.0428   77.4310   77.4310    3.5983    0.0000    0.0000    0.0000
    0.0856   76.4851   76.4851    3.6283    0.0000    0.0000    0.0000
    0.1284   73.9055   73.9055    3.6690    0.0000    0.0000    0.0000
    0.1712   67.8580   67.8580    3.6941    0.0000    0.0000    0.0000
    0.2141   56.4193   56.4193    3.6547    0.0000    0.0000    0.0000
    0.2569   40.6390   40.6390    3.5122    0.0000    0.0000    0.0000
    0.2997   24.2621   24.2621    3.2686    0.0000    0.0000   -0.0000
    0.3425   10.6668   10.6668    2.9877    0.0000   -0.0000   -0.0000
    0.3853    1.4668    1.4668    2.7546    0.0000   -0.0000   -0.0000
    0.4281   -3.8295   -3.8295    2.5998   -0.0000   -0.0000   -0.0000
    0.4709   -6.4624   -6.4624    2.5101   -0.0000   -0.0000   -0.0000
    0.5137   -7.2088   -7.2088    2.4665   -0.0000   -0.0000   -0.0000
    0.5566   -6.7409   -6.7409    2.4497   -0.0000   -0.0000   -0.0000
    0.5994   -5.8574   -5.8574    2.4412   -0.0000   -0.0000   -0.0000
    0.6422   -5.0315   -5.0315    2.4270   -0.0000   -0.0000   -0.0000
    0.6850   -4.4120   -4.4121    2.4011   -0.0000   -0.0000   -0.0000
    0.7278   -3.9938   -3.9938    2.3628   -0.0000   -0.0000   -0.0000
    0.7706   -3.7102   -3.7102    2.3153   -0.0000   -0.0000   -0.0000
    0.8134   -3.5146   -3.5146    2.2633   -0.0000   -0.0000   -0.0000
    0.8562   -3.4308   -3.4308    2.2113   -0.0000   -0.0000   -0.0000
    0.8991   -3.4904   -3.4904    2.1627   -0.0000   -0.0000   -0.0000
    0.9419   -3.6692   -3.6692    2.1192   -0.0000   -0.0000   -0.0000
    0.9847   -3.8995   -3.8995    2.0816   -0.0000   -0.0000    0.0000
    1.0275   -4.0797   -4.0797    2.0508   -0.0000   -0.0000    0.0000
    1.0703   -4.0783   -4.0783    2.0263   -0.0000   -0.0000    0.0000
    1.1131   -3.8724   -3.8724    2.0047   -0.0000   -0.0000    0.0000
    1.1559   -3.5645   -3.5645    1.9833   -0.0000   -0.0000    0.0000
    1.1987   -3.2311   -3.2311    1.9624   -0.0000   -0.0000    0.0000
    1.2416   -2.8993   -2.8993    1.9422   -0.0000    0.0000    0.0000
    1.2844   -2.5670   -2.5670    1.9235   -0.0000    0.0000    0.0000
    1.3272   -2.2163   -2.2163    1.9071   -0.0000    0.0000    0.0000
    1.3700   -1.8240   -1.8240    1.8929   -0.0000    0.0000    0.0000
    1.4128   -1.3929   -1.3929    1.8780    0.0000    0.0000    0.0000
    1.4556   -0.9499   -0.9499    1.8590    0.0000    0.0000    0.0000
    1.4984   -0.5162   -0.5162    1.8386    0.0000    0.0000    0.0000
    1.5412   -0.1038   -0.1038    1.8239    0.0000    0.0000    0.0000
    1.5841    0.2804    0.2804    1.8185    0.0000    0.0000    0.0000
    1.6269    0.6332    0.6332    1.8218    0.0000    0.0000    0.0000
    1.6697    0.9518    0.9518    1.8306    0.0000    0.0000   -0.0000
    1.7125    1.2332    1.2332    1.8419    0.0000    0.0000   -0.0000
    1.7553    1.4762    1.4762    1.8534    0.0000    0.0000   -0.0000
    1.7981    1.6840    1.6840    1.8624    0.0000    0.0000   -0.0000
    1.8409    1.8653    1.8653    1.8678    0.0000    0.0000   -0.0000
    1.8837    2.0305    2.0305    1.8699    0.0000   -0.0000   -0.0000
    1.9265    2.1837    2.1837    1.8678    0.0000   -0.0000   -0.0000
    1.9694    2.3229    2.3229    1.8580    0.0000   -0.0000   -0.0000
    2.0122    2.4456    2.4456    1.8381    0.0000   -0.0000   -0.0000
    2.0550    2.5492    2.5492    1.8111    0.0000   -0.0000   -0.0000
    2.0978    2.6214    2.6214    1.7820    0.0000   -0.0000   -0.0000
    2.1406    2.6209    2.6209    1.7569    0.0000   -0.0000   -0.0000
    2.1834    2.4279    2.4279    1.7408    0.0000   -0.0000   -0.0000
    2.2262    1.8375    1.8375    1.7299    0.0000   -0.0000   -0.0000
    2.2690    0.8039    0.8039    1.7146    0.0000   -0.0000   -0.0000
    2.3119   -0.4175   -0.4175    1.6946   -0.0000    0.0000   -0.0000
    2.3547   -1.5407   -1.5407    1.6810   -0.0000   -0.0000   -0.0000
    2.3975   -2.4389   -2.4389    1.6782   -0.0000    0.0000   -0.0000
    2.4403   -3.0902   -3.0902    1.6813   -0.0000    0.0000   -0.0000
    2.4831   -3.4982   -3.4982    1.6856   -0.0000    0.0000   -0.0000
    2.5259   -3.6688   -3.6688    1.6893   -0.0000    0.0000   -0.0000
    2.5687   -3.6297   -3.6297    1.6922   -0.0000    0.0000   -0.0000
    2.6115   -3.4490   -3.4490    1.6944   -0.0000    0.0000   -0.0000
    2.6544   -3.2504   -3.2504    1.6963   -0.0000    0.0000   -0.0000
    2.6972   -3.1325   -3.1325    1.6979   -0.0000    0.0000   -0.0000
    2.7400   -3.0179   -3.0179    1.6989   -0.0000    0.0000    0.0000
    2.7828   -2.8244   -2.8244    1.6993   -0.0000    0.0000    0.0000
    2.8256   -2.6045   -2.6045    1.6992   -0.0000    0.0000    0.0000
    2.8684   -2.4062   -2.4062    1.6992   -0.0000    0.0000    0.0000
    2.9112   -2.2438   -2.2438    1.6996   -0.0000    0.0000    0.0000
    2.9540   -2.1207   -2.1207    1.7006   -0.0000    0.0000    0.0000
    2.9969   -2.0399   -2.0399    1.7028   -0.0000    0.0000    0.0000
    3.0397   -2.0025   -2.0025    1.7047   -0.0000   -0.0000    0.0000
    3.0825   -1.9997   -1.9997    1.7018   -0.0000   -0.0000    0.0000
    3.1253   -2.0104   -2.0104    1.6899   -0.0000   -0.0000   -0.0000
    3.1681   -2.0145   -2.0145    1.6791   -0.0000    0.0000   -0.0000
    3.2109   -2.0034   -2.0034    1.6793   -0.0000    0.0000    0.0000
    3.2537   -1.9760   -1.9760    1.6864   -0.0000    0.0000    0.0000
    3.2965   -1.9332   -1.9332    1.6956   -0.0000    0.0000    0.0000
    3.3394   -1.8767   -1.8767    1.7052   -0.0000    0.0000    0.0000
    3.3822   -1.8082   -1.8082    1.7147   -0.0000    0.0000    0.0000
    3.4250   -1.7286   -1.7286    1.7239   -0.0000   -0.0000    0.0000
    3.4678   -1.6375   -1.6375    1.7330   -0.0000   -0.0000    0.0000
    3.5106   -1.5327   -1.5327    1.7417   -0.0000   -0.0000    0.0000
    3.5534   -1.4193   -1.4193    1.7502   -0.0000   -0.0000    0.0000
    3.5962   -1.3075   -1.3075    1.7588   -0.0000   -0.0000   -0.0000
    3.6390   -1.2027   -1.2027    1.7677   -0.0000   -0.0000   -0.0000
    3.6818   -1.1059   -1.1059    1.7767   -0.0000   -0.0000   -0.0000
    3.7247   -1.0172   -1.0172    1.7855   -0.0000   -0.0000   -0.0000
    3.7675   -0.9361   -0.9361    1.7939   -0.0000   -0.0000   -0.0000
    3.8103   -0.8619   -0.8619    1.8017   -0.0000   -0.0000   -0.0000
    3.8531   -0.7938   -0.7938    1.8092   -0.0000   -0.0000    0.0000
    3.8959   -0.7311   -0.7311    1.8166   -0.0000    0.0000    0.0000
    3.9387   -0.6733   -0.6733    1.8243   -0.0000    0.0000    0.0000
    3.9815   -0.6200   -0.6200    1.8322   -0.0000   -0.0000    0.0000
    4.0243   -0.5703   -0.5703    1.8404   -0.0000   -0.0000    0.0000
    4.0672   -0.5232   -0.5232    1.8489   -0.0000   -0.0000    0.0000
    4.1100   -0.4782   -0.4782    1.8577   -0.0000   -0.0000    0.0000
    4.1528   -0.4349   -0.4349    1.8667   -0.0000   -0.0000    0.0000
    4.1956   -0.3935   -0.3935    1.8759   -0.0000   -0.0000    0.0000
    4.2384   -0.3540   -0.3540    1.8854   -0.0000   -0.0000    0.0000
    4.2812   -0.3165   -0.3165    1.8953   -0.0000   -0.0000    0.0000
    4.3240   -0.2808   -0.2808    1.9054   -0.0000   -0.0000    0.0000
    4.3668   -0.2469   -0.2469    1.9158   -0.0000   -0.0000    0.0000
    4.4097   -0.2147   -0.2147    1.9263   -0.0000   -0.0000    0.0000
    4.4525   -0.1839   -0.1839    1.9370   -0.0000    0.0000    0.0000
    4.4953   -0.1547   -0.1547    1.9478   -0.0000    0.0000    0.0000
    4.5381   -0.1268   -0.1268    1.9584   -0.0000    0.0000    0.0000
    4.5809   -0.1003   -0.1003    1.9689   -0.0000    0.0000    0.0000
    4.6237   -0.0752   -0.0752    1.9794   -0.0000    0.0000    0.0000
    4.6665   -0.0514   -0.0514    1.9899   -0.0000    0.0000    0.0000
    4.7093   -0.0290   -0.0290    2.0004   -0.0000    0.0000    0.0000
    4.7522   -0.0080   -0.0080    2.0110   -0.0000    0.0000    0.0000
    4.7950    0.0113    0.0113    2.0218   -0.0000    0.0000    0.0000
    4.8378    0.0291    0.0291    2.0328   -0.0000    0.0000    0.0000
    4.8806    0.0454    0.0454    2.0443   -0.0000    0.0000    0.0000
    4.9234    0.0611    0.0611    2.0562   -0.0000    0.0000    0.0000
    4.9662    0.0782    0.0782    2.0683   -0.0000    0.0000    0.0000
    5.0090    0.0989    0.0989    2.0805   -0.0000    0.0000    0.0000
    5.0518    0.1242    0.1242    2.0929   -0.0000    0.0000   -0.0000
    5.0947    0.1538    0.1538    2.1054   -0.0000    0.0000   -0.0000
    5.1375    0.1861    0.1861    2.1180   -0.0000    0.0000   -0.0000
    5.1803    0.2188    0.2188    2.1309   -0.0000   -0.0000   -0.0000
    5.2231    0.2503    0.2503    2.1441   -0.0000   -0.0000   -0.0000
    5.2659    0.2802    0.2802    2.1576   -0.0000   -0.0000   -0.0000
    5.3087    0.3086    0.3086    2.1716   -0.0000   -0.0000   -0.0000
    5.3515    0.3356    0.3356    2.1862   -0.0000   -0.0000   -0.0000
    5.3943    0.3614    0.3614    2.2014   -0.0000   -0.0000   -0.0000
    5.4371    0.3862    0.3862    2.2173   -0.0000   -0.0000   -0.0000
    5.4800    0.4101    0.4101    2.2340   -0.0000   -0.0000   -0.0000
    5.5228    0.4333    0.4333    2.2515   -0.0000    0.0000   -0.0000
    5.5656    0.4558    0.4558    2.2695   -0.0000    0.0000   -0.0000
    5.6084    0.4778    0.4778    2.2879   -0.0000    0.0000   -0.0000
    5.6512    0.4993    0.4993    2.3071   -0.0000    0.0000   -0.0000
    5.6940    0.5203    0.5203    2.3270   -0.0000    0.0000   -0.0000
    5.7368    0.5410    0.5410    2.3479   -0.0000    0.0000   -0.0000
    5.7796    0.5613    0.5613    2.3697   -0.0000    0.0000   -0.0000
    5.8225    0.5811    0.5811    2.3925   -0.0000    0.0000   -0.0000
    5.8653    0.6005    0.6005    2.4164   -0.0000    0.0000   -0.0000
    5.9081    0.6193    0.6193    2.4419   -0.0000    0.0000   -0.0000
    5.9509    0.6376    0.6376    2.4693   -0.0000    0.0000   -0.0000
    5.9937    0.6554    0.6554    2.4990   -0.0000    0.0000   -0.0000
    6.0365    0.6728    0.6728    2.5312   -0.0000    0.0000   -0.0000
    6.0793    0.6897    0.6897    2.5656   -0.0000    0.0000   -0.0000
    6.1221    0.7063    0.7063    2.6017   -0.0000    0.0000   -0.0000
    6.1650    0.7227    0.7227    2.6377   -0.0000    0.0000   -0.0000
    6.2078    0.7389    0.7389    2.6720   -0.0000    0.0000   -0.0000
    6.2506    0.7548    0.7548    2.7043   -0.0000    0.0000   -0.0000
    6.2934    0.7705    0.7705    2.7353   -0.0000    0.0000   -0.0000
    6.3362    0.7861    0.7861    2.7660   -0.0000    0.0000   -0.0000
    6.3790    0.8014    0.8014    2.7974   -0.0000    0.0000   -0.0000
    6.4218    0.8167    0.8167    2.8300   -0.0000    0.0000   -0.0000
    6.4646    0.8319    0.8319    2.8641   -0.0000    0.0000   -0.0000
    6.5075    0.8470    0.8470    2.9000   -0.0000    0.0000   -0.0000
    6.5503    0.8621    0.8621    2.9377   -0.0000    0.0000   -0.0000
    6.5931    0.8771    0.8771    2.9772   -0.0000    0.0000   -0.0000
    6.6359    0.8923    0.8923    3.0187   -0.0000    0.0000   -0.0000
    6.6787    0.9073    0.9073    3.0629   -0.0000    0.0000   -0.0000
    6.7215    0.9220    0.9220    3.1106   -0.0000    0.0000   -0.0000
    6.7643    0.9362    0.9362    3.1623   -0.0000    0.0000   -0.0000
    6.8071    0.9495    0.9495    3.2165   -0.0000    0.0000   -0.0000
    6.8500    0.9621    0.9621    3.2652   -0.0000    0.0000   -0.0000
    6.8928    0.9741    0.9741    3.2934   -0.0000    0.0000   -0.0000
    6.9356    0.9858    0.9858    3.2835   -0.0000    0.0000   -0.0000
    6.9784    0.9981    0.9981    3.2250   -0.0000    0.0000   -0.0000
    7.0212    1.0114    1.0114    3.1225   -0.0000    0.0000   -0.0000
    7.0640    1.0256    1.0256    2.9942   -0.0000   -0.0000   -0.0000
    7.1068    1.0397    1.0397    2.8558   -0.0000   -0.0000    0.0000
    7.1496    1.0535    1.0535    2.7110   -0.0000   -0.0000    0.0000
    7.1925    1.0664    1.0664    2.5565   -0.0000    0.0000    0.0000
    7.2353    1.0783    1.0783    2.3889   -0.0000    0.0000    0.0000
    7.2781    1.0892    1.0892    2.2083   -0.0000    0.0000    0.0000
    7.3209    1.0995    1.0995    2.0231   -0.0000    0.0000    0.0000
    7.3637    1.1094    1.1094    1.8471   -0.0000    0.0000    0.0000
    7.4065    1.1191    1.1191    1.6881   -0.0000    0.0000    0.0000
    7.4493    1.1285    1.1285    1.5418   -0.0000    0.0000    0.0000
    7.4921    1.1375    1.1375    1.4014   -0.0000    0.0000   -0.0000
    7.5349    1.1460    1.1460    1.2659   -0.0000    0.0000   -0.0000
    7.5778    1.1539    1.1539    1.1402   -0.0000   -0.0000   -0.0000
    7.6206    1.1611    1.1611    1.0301   -0.0000   -0.0000   -0.0000
    7.6634    1.1677    1.1677    0.9390   -0.0000   -0.0000   -0.0000
    7.7062    1.1737    1.1737    0.8626   -0.0000   -0.0000   -0.0000
    7.7490    1.1797    1.1797    0.7895   -0.0000    0.0000   -0.0000
    7.7918    1.1858    1.1858    0.7157   -0.0000    0.0000   -0.0000
    7.8346    1.1923    1.1923    0.6514   -0.0000    0.0000   -0.0000
    7.8774    1.1990    1.1990    0.6015   -0.0000    0.0000   -0.0000
    7.9203    1.2058    1.2058    0.5587   -0.0000    0.0000   -0.0000
    7.9631    1.2126    1.2126    0.5193   -0.0000    0.0000   -0.0000
    8.0059    1.2193    1.2193    0.4885   -0.0000    0.0000   -0.0000
    8.0487    1.2259    1.2259    0.4710   -0.0000   -0.0000   -0.0000
    8.0915    1.2322    1.2322    0.4697   -0.0000   -0.0000    0.0000
    8.1343    1.2379    1.2379    0.4888   -0.0000   -0.0000    0.0000
    8.1771    1.2433    1.2433    0.5323   -0.0000   -0.0000    0.0000
    8.2199    1.2500    1.2500    0.5987   -0.0000   -0.0000    0.0000
    8.2628    1.2587    1.2587    0.6782   -0.0000   -0.0000    0.0000
    8.3056    1.2687    1.2687    0.7635   -0.0000   -0.0000    0.0000
    8.3484    1.2795    1.2795    0.8538   -0.0000   -0.0000    0.0000
    8.3912    1.2906    1.2906    0.9495   -0.0000   -0.0000    0.0000
    8.4340    1.3018    1.3018    1.0545   -0.0000   -0.0000    0.0000
    8.4768    1.3131    1.3131    1.1782   -0.0000   -0.0000    0.0000
    8.5196    1.3244    1.3244    1.3283   -0.0000   -0.0000    0.0000
    8.5624    1.3360    1.3360    1.5050   -0.0000   -0.0000    0.0000
    8.6053    1.3481    1.3481    1.6970   -0.0000   -0.0000    0.0000
    8.6481    1.3603    1.3603    1.8782   -0.0000   -0.0000    0.0000
    8.6909    1.3725    1.3725    2.0076   -0.0000   -0.0000    0.0000
    8.7337    1.3847    1.3847    2.0336   -0.0000   -0.0000    0.0000
    8.7765    1.3965    1.3965    1.9005   -0.0000   -0.0000    0.0000
    8.8193    1.4075    1.4075    1.5918   -0.0000   -0.0000    0.0000
    8.8621    1.4174    1.4174    1.1490   -0.0000   -0.0000    0.0000
    8.9049    1.4264    1.4264    0.6407   -0.0000   -0.0000    0.0000
    8.9478    1.4355    1.4355    0.1789   -0.0000   -0.0000    0.0000
    8.9906    1.4457    1.4457   -0.1577   -0.0000   -0.0000    0.0000
    9.0334    1.4566    1.4566   -0.3855   -0.0000   -0.0000    0.0000
    9.0762    1.4679    1.4679   -0.5444   -0.0000   -0.0000    0.0000
    9.1190    1.4793    1.4793   -0.6597   -0.0000   -0.0000    0.0000
    9.1618    1.4910    1.4910   -0.7404   -0.0000   -0.0000    0.0000
    9.2046    1.5028    1.5028   -0.7919   -0.0000   -0.0000    0.0000
    9.2474    1.5148    1.5148   -0.8203   -0.0000   -0.0000    0.0000
    9.2902    1.5270    1.5270   -0.8275   -0.0000   -0.0000    0.0000
    9.3331    1.5396    1.5396   -0.8146   -0.0000   -0.0000    0.0000
    9.3759    1.5525    1.5525   -0.7846   -0.0000   -0.0000    0.0000
    9.4187    1.5656    1.5656   -0.7366   -0.0000   -0.0000    0.0000
    9.4615    1.5791    1.5791   -0.6699   -0.0000   -0.0000    0.0000
    9.5043    1.5929    1.5929   -0.5878   -0.0000   -0.0000    0.0000
    9.5471    1.6070    1.6070   -0.4975   -0.0000   -0.0000    0.0000
    9.5899    1.6214    1.6214   -0.4075   -0.0000   -0.0000    0.0000
    9.6327    1.6361    1.6361   -0.3219   -0.0000   -0.0000    0.0000
    9.6756    1.6512    1.6512   -0.2415   -0.0000   -0.0000    0.0000
    9.7184    1.6666    1.6666   -0.1660   -0.0000   -0.0000    0.0000
    9.7612    1.6823    1.6823   -0.0947   -0.0000   -0.0000    0.0000
    9.8040    1.6984    1.6984   -0.0277   -0.0000   -0.0000    0.0000
    9.8468    1.7150    1.7150    0.0354   -0.0000   -0.0000    0.0000
    9.8896    1.7320    1.7320    0.0943   -0.0000   -0.0000    0.0000
    9.9324    1.7495    1.7495    0.1491   -0.0000   -0.0000    0.0000
    9.9752    1.7675    1.7675    0.1995   -0.0000   -0.0000    0.0000
   10.0181    1.7861    1.7861    0.2453   -0.0000   -0.0000    0.0000
   10.0609    1.8053    1.8053    0.2858   -0.0000   -0.0000    0.0000
   10.1037    1.8251    1.8251    0.3212   -0.0000   -0.0000    0.0000
   10.1465    1.8455    1.8455    0.3535   -0.0000   -0.0000    0.0000
   10.1893    1.8668    1.8668    0.3846   -0.0000    0.0000    0.0000
   10.2321    1.8891    1.8891    0.4160   -0.0000    0.0000    0.0000
   10.2749    1.9123    1.9123    0.4482   -0.0000    0.0000    0.0000
   10.3177    1.9366    1.9366    0.4815   -0.0000   -0.0000    0.0000
   10.3606    1.9621    1.9621    0.5153   -0.0000   -0.0000    0.0000
   10.4034    1.9887    1.9887    0.5480   -0.0000   -0.0000    0.0000
   10.4462    2.0166    2.0166    0.5781   -0.0000   -0.0000    0.0000
   10.4890    2.0456    2.0456    0.6058   -0.0000   -0.0000    0.0000
   10.5318    2.0760    2.0760    0.6307   -0.0000   -0.0000    0.0000
   10.5746    2.1078    2.1078    0.6505   -0.0000   -0.0000    0.0000
   10.6174    2.1411    2.1411    0.6615   -0.0000   -0.0000    0.0000
   10.6602    2.1760    2.1760    0.6602   -0.0000   -0.0000    0.0000
   10.7031    2.2128    2.2128    0.6459   -0.0000   -0.0000    0.0000
   10.7459    2.2517    2.2517    0.6196   -0.0000   -0.0000    0.0000
   10.7887    2.2931    2.2931    0.5818   -0.0000   -0.0000    0.0000
   10.8315    2.3371    2.3371    0.5317   -0.0000   -0.0000    0.0000
   10.8743    2.3842    2.3842    0.4661   -0.0000   -0.0000    0.0000
   10.9171    2.4348    2.4348    0.3794   -0.0000   -0.0000    0.0000
   10.9599    2.4894    2.4894    0.2716   -0.0000    0.0000    0.0000
   11.0027    2.5484    2.5484    0.1579   -0.0000    0.0000    0.0000
   11.0455    2.6123    2.6123    0.0617   -0.0000    0.0000    0.0000
   11.0884    2.6821    2.6821    0.0030   -0.0000    0.0000    0.0000
   11.1312    2.7592    2.7592   -0.0117   -0.0000    0.0000    0.0000
   11.1740    2.8454    2.8454    0.0074   -0.0000    0.0000    0.0000
   11.2168    2.9419    2.9419    0.0456   -0.0000    0.0000    0.0000
   11.2596    3.0503    3.0503    0.0919   -0.0000    0.0000    0.0000
   11.3024    3.1722    3.1722    0.1403   -0.0000    0.0000    0.0000
   11.3452    3.3084    3.3084    0.1868   -0.0000    0.0000    0.0000
   11.3880    3.4575    3.4575    0.2299   -0.0000    0.0000    0.0000
   11.4309    3.6145    3.6145    0.2704   -0.0000   -0.0000    0.0000
   11.4737    3.7741    3.7741    0.3100   -0.0000   -0.0000    0.0000
   11.5165    3.9306    3.9306    0.3485   -0.0000   -0.0000    0.0000
   11.5593    4.0716    4.0716    0.3855   -0.0000   -0.0000    0.0000
   11.6021    4.1649    4.1649    0.4207   -0.0000   -0.0000    0.0000
   11.6449    4.1616    4.1616    0.4544   -0.0000   -0.0000    0.0000
   11.6877    4.0268    4.0268    0.4869    0.0000   -0.0000    0.0000
   11.7305    3.7370    3.7370    0.5184    0.0000   -0.0000    0.0000
   11.7734    3.2955    3.2955    0.5492    0.0000   -0.0000    0.0000
   11.8162    2.7941    2.7941    0.5788    0.0000   -0.0000    0.0000
   11.8590    2.3311    2.3311    0.6067    0.0000   -0.0000    0.0000
   11.9018    1.9487    1.9487    0.6316    0.0000   -0.0000    0.0000
   11.9446    1.6816    1.6816    0.6519    0.0000   -0.0000    0.0000
   11.9874    1.5316    1.5316    0.6657    0.0000   -0.0000    0.0000
   12.0302    1.4549    1.4549    0.6704    0.0000   -0.0000    0.0000
   12.0730    1.4114    1.4114    0.6640    0.0000   -0.0000    0.0000
   12.1159    1.3840    1.3840    0.6468    0.0000   -0.0000    0.0000
   12.1587    1.3651    1.3651    0.6224    0.0000   -0.0000    0.0000
   12.2015    1.3529    1.3529    0.5972    0.0000   -0.0000    0.0000
   12.2443    1.3496    1.3496    0.5761    0.0000   -0.0000    0.0000
   12.2871    1.3541    1.3541    0.5604    0.0000   -0.0000    0.0000
   12.3299    1.3618    1.3618    0.5465    0.0000   -0.0000    0.0000
   12.3727    1.3668    1.3668    0.5297    0.0000   -0.0000    0.0000
   12.4155    1.3628    1.3628    0.5078    0.0000   -0.0000    0.0000
   12.4584    1.3507    1.3507    0.4816    0.0000   -0.0000    0.0000
   12.5012    1.3519    1.3519    0.4547    0.0000   -0.0000    0.0000
   12.5440    1.3834    1.3834    0.4319    0.0000   -0.0000    0.0000
   12.5868    1.4336    1.4336    0.4161    0.0000   -0.0000    0.0000
   12.6296    1.4818    1.4818    0.4087    0.0000   -0.0000    0.0000
   12.6724    1.5072    1.5072    0.4095    0.0000   -0.0000    0.0000
   12.7152    1.4881    1.4881    0.4155    0.0000   -0.0000    0.0000
   12.7580    1.3996    1.3996    0.4232    0.0000   -0.0000    0.0000
   12.8008    1.2151    1.2151    0.4308    0.0000   -0.0000    0.0000
   12.8437    0.9199    0.9199    0.4381    0.0000   -0.0000    0.0000
   12.8865    0.5271    0.5271    0.4452    0.0000   -0.0000    0.0000
   12.9293    0.0800    0.0800    0.4522    0.0000   -0.0000    0.0000
   12.9721   -0.2401   -0.2401    0.4592    0.0000   -0.0000    0.0000
   13.0149   -0.3197   -0.3197    0.4662    0.0000    0.0000    0.0000
   13.0577   -0.2649   -0.2649    0.4732    0.0000    0.0000    0.0000
   13.1005   -0.1695   -0.1695    0.4802    0.0000   -0.0000    0.0000
   13.1433   -0.0699   -0.0699    0.4874    0.0000   -0.0000    0.0000
   13.1862    0.0210    0.0210    0.4948   -0.0000   -0.0000    0.0000
   13.2290    0.0960    0.0960    0.5023   -0.0000   -0.0000    0.0000
   13.2718    0.1495    0.1495    0.5101    0.0000   -0.0000    0.0000
   13.3146    0.1811    0.1811    0.5181    0.0000   -0.0000    0.0000
   13.3574    0.1954    0.1954    0.5263    0.0000   -0.0000    0.0000
   13.4002    0.1986    0.1986    0.5348    0.0000   -0.0000    0.0000
   13.4430    0.1991    0.1991    0.5436    0.0000   -0.0000    0.0000
   13.4858    0.2035    0.2035    0.5527    0.0000   -0.0000    0.0000
   13.5287    0.2062    0.2062    0.5620    0.0000   -0.0000    0.0000
   13.5715    0.1971    0.1971    0.5716    0.0000   -0.0000    0.0000
   13.6143    0.1794    0.1794    0.5815    0.0000   -0.0000    0.0000
   13.6571    0.1633    0.1633    0.5918    0.0000   -0.0000    0.0000
   13.6999    0.1546    0.1546    0.6026    0.0000   -0.0000    0.0000
   13.7427    0.1511    0.1511    0.6138    0.0000   -0.0000    0.0000
   13.7855    0.1465    0.1465    0.6254    0.0000   -0.0000    0.0000
   13.8283    0.1376    0.1376    0.6375    0.0000   -0.0000    0.0000
   13.8712    0.1249    0.1249    0.6500   -0.0000   -0.0000    0.0000
   13.9140    0.1106    0.1106    0.6629   -0.0000   -0.0000    0.0000
   13.9568    0.0977    0.0977    0.6761   -0.0000   -0.0000    0.0000
   13.9996    0.0885    0.0885    0.6895   -0.0000   -0.0000    0.0000
   14.0424    0.0839    0.0839    0.7031   -0.0000   -0.0000    0.0000
   14.0852    0.0870    0.0870    0.7170   -0.0000   -0.0000    0.0000
   14.1280    0.1024    0.1024    0.7312   -0.0000   -0.0000    0.0000
   14.1708    0.1296    0.1296    0.7459   -0.0000   -0.0000    0.0000
   14.2137    0.1622    0.1622    0.7609   -0.0000   -0.0000    0.0000
   14.2565    0.1912    0.1912    0.7763   -0.0000   -0.0000    0.0000
   14.2993    0.2086    0.2086    0.7919   -0.0000   -0.0000    0.0000
   14.3421    0.2066    0.2066    0.8078   -0.0000   -0.0000    0.0000
   14.3849    0.1774    0.1774    0.8238   -0.0000   -0.0000    0.0000
   14.4277    0.1245    0.1245    0.8393   -0.0000   -0.0000    0.0000
   14.4705    0.0779    0.0779    0.8529   -0.0000   -0.0000    0.0000
   14.5133    0.0570    0.0570    0.8616   -0.0000   -0.0000    0.0000
   14.5561    0.0505    0.0505    0.8622   -0.0000   -0.0000    0.0000
   14.5990    0.0475    0.0475    0.8554   -0.0000   -0.0000    0.0000
   14.6418    0.0445    0.0445    0.8462   -0.0000   -0.0000    0.0000
   14.6846    0.0405    0.0405    0.8380   -0.0000   -0.0000    0.0000
   14.7274    0.0357    0.0357    0.8322   -0.0000   -0.0000    0.0000
   14.7702    0.0300    0.0300    0.8298   -0.0000   -0.0000    0.0000
   14.8130    0.0239    0.0239    0.8307   -0.0000   -0.0000    0.0000
   14.8558    0.0180    0.0180    0.8340   -0.0000   -0.0000    0.0000
   14.8986    0.0135    0.0135    0.8386   -0.0000   -0.0000    0.0000
   14.9415    0.0113    0.0113    0.8431    0.0000   -0.0000    0.0000
   14.9843    0.0126    0.0126    0.8469    0.0000   -0.0000    0.0000
   15.0271    0.0180    0.0180    0.8499    0.0000   -0.0000    0.0000
   15.0699    0.0274    0.0274    0.8522   -0.0000   -0.0000    0.0000
   15.1127    0.0397    0.0397    0.8539   -0.0000   -0.0000    0.0000
   15.1555    0.0528    0.0528    0.8550   -0.0000   -0.0000    0.0000
   15.1983    0.0645    0.0645    0.8553   -0.0000   -0.0000    0.0000
   15.2411    0.0731    0.0731    0.8522   -0.0000   -0.0000    0.0000
   15.2840    0.0791    0.0791    0.8373   -0.0000   -0.0000    0.0000
   15.3268    0.0846    0.0846    0.7970   -0.0000   -0.0000    0.0000
   15.3696    0.0924    0.0924    0.7300   -0.0000   -0.0000    0.0000
   15.4124    0.1030    0.1030    0.6505   -0.0000   -0.0000    0.0000
   15.4552    0.1145    0.1145    0.5721   -0.0000   -0.0000    0.0000
   15.4980    0.1260    0.1260    0.5040   -0.0000   -0.0000    0.0000
   15.5408    0.1374    0.1374    0.4524   -0.0000   -0.0000    0.0000
   15.5836    0.1486    0.1486    0.4196   -0.0000   -0.0000    0.0000
   15.6265    0.1595    0.1595    0.4042   -0.0000   -0.0000    0.0000
   15.6693    0.1700    0.1700    0.4015   -0.0000   -0.0000    0.0000
   15.7121    0.1802    0.1802    0.4055   -0.0000   -0.0000    0.0000
   15.7549    0.1899    0.1899    0.4113   -0.0000   -0.0000    0.0000
   15.7977    0.1990    0.1990    0.4165   -0.0000   -0.0000    0.0000
   15.8405    0.2075    0.2075    0.4207   -0.0000   -0.0000    0.0000
   15.8833    0.2155    0.2155    0.4238   -0.0000   -0.0000    0.0000
   15.9261    0.2232    0.2232    0.4262   -0.0000   -0.0000    0.0000
   15.9690    0.2310    0.2310    0.4280   -0.0000   -0.0000    0.0000
   16.0118    0.2389    0.2389    0.4293   -0.0000   -0.0000    0.0000
   16.0546    0.2464    0.2464    0.4304   -0.0000   -0.0000    0.0000
   16.0974    0.2531    0.2531    0.4313   -0.0000   -0.0000    0.0000
   16.1402    0.2592    0.2592    0.4323   -0.0000   -0.0000    0.0000
   16.1830    0.2647    0.2647    0.4334   -0.0000   -0.0000    0.0000
   16.2258    0.2696    0.2696    0.4347   -0.0000   -0.0000    0.0000
   16.2686    0.2743    0.2743    0.4361   -0.0000   -0.0000    0.0000
   16.3114    0.2786    0.2786    0.4377   -0.0000   -0.0000    0.0000
   16.3543    0.2825    0.2825    0.4399   -0.0000   -0.0000    0.0000
   16.3971    0.2862    0.2862    0.4429   -0.0000   -0.0000    0.0000
   16.4399    0.2896    0.2896    0.4472   -0.0000   -0.0000    0.0000
   16.4827    0.2927    0.2927    0.4527   -0.0000   -0.0000    0.0000
   16.5255    0.2955    0.2955    0.4593   -0.0000   -0.0000    0.0000
   16.5683    0.2982    0.2982    0.4668   -0.0000   -0.0000    0.0000
   16.6111    0.3007    0.3007    0.4750   -0.0000   -0.0000    0.0000
   16.6539    0.3031    0.3031    0.4836    0.0000   -0.0000    0.0000
   16.6968    0.3054    0.3054    0.4927    0.0000   -0.0000    0.0000
   16.7396    0.3076    0.3076    0.5020    0.0000   -0.0000    0.0000
   16.7824    0.3099    0.3099    0.5115    0.0000   -0.0000    0.0000
   16.8252    0.3122    0.3122    0.5209    0.0000   -0.0000    0.0000
   16.8680    0.3146    0.3146    0.5300   -0.0000   -0.0000    0.0000
   16.9108    0.3171    0.3171    0.5390   -0.0000   -0.0000    0.0000
   16.9536    0.3197    0.3197    0.5477   -0.0000   -0.0000    0.0000
   16.9964    0.3224    0.3224    0.5561   -0.0000   -0.0000    0.0000
   17.0393    0.3254    0.3254    0.5644   -0.0000   -0.0000    0.0000
   17.0821    0.3288    0.3288    0.5724   -0.0000   -0.0000    0.0000
   17.1249    0.3324    0.3324    0.5801   -0.0000   -0.0000    0.0000
   17.1677    0.3363    0.3363    0.5876   -0.0000   -0.0000    0.0000
   17.2105    0.3402    0.3402    0.5948   -0.0000   -0.0000    0.0000
   17.2533    0.3441    0.3441    0.6017   -0.0000   -0.0000    0.0000
   17.2961    0.3480    0.3480    0.6083   -0.0000   -0.0000    0.0000
   17.3389    0.3519    0.3519    0.6147   -0.0000   -0.0000    0.0000
   17.3818    0.3558    0.3558    0.6207   -0.0000   -0.0000    0.0000
   17.4246    0.3598    0.3598    0.6265   -0.0000   -0.0000    0.0000
   17.4674    0.3637    0.3637    0.6320   -0.0000   -0.0000    0.0000
   17.5102    0.3678    0.3678    0.6372   -0.0000   -0.0000    0.0000
   17.5530    0.3719    0.3719    0.6422   -0.0000   -0.0000    0.0000
   17.5958    0.3760    0.3760    0.6470   -0.0000   -0.0000    0.0000
   17.6386    0.3802    0.3802    0.6516   -0.0000   -0.0000    0.0000
   17.6814    0.3844    0.3844    0.6560   -0.0000   -0.0000    0.0000
   17.7243    0.3884    0.3884    0.6603   -0.0000   -0.0000    0.0000
   17.7671    0.3923    0.3923    0.6644   -0.0000   -0.0000    0.0000
   17.8099    0.3960    0.3960    0.6684   -0.0000   -0.0000    0.0000
   17.8527    0.3991    0.3991    0.6723   -0.0000   -0.0000    0.0000
   17.8955    0.4016    0.4016    0.6760   -0.0000   -0.0000    0.0000
   17.9383    0.4039    0.4039    0.6797   -0.0000   -0.0000    0.0000
   17.9811    0.4069    0.4069    0.6832   -0.0000   -0.0000    0.0000
   18.0239    0.4107    0.4107    0.6866    0.0000   -0.0000    0.0000
   18.0667    0.4143    0.4143    0.6900    0.0000   -0.0000    0.0000
   18.1096    0.4172    0.4172    0.6933    0.0000   -0.0000    0.0000
   18.1524    0.4194    0.4194    0.6965    0.0000   -0.0000    0.0000
   18.1952    0.4210    0.4210    0.6996    0.0000   -0.0000    0.0000
   18.2380    0.4224    0.4224    0.7026    0.0000   -0.0000    0.0000
   18.2808    0.4239    0.4239    0.7056   -0.0000   -0.0000    0.0000
   18.3236    0.4257    0.4257    0.7084   -0.0000   -0.0000    0.0000
   18.3664    0.4278    0.4278    0.7113   -0.0000   -0.0000    0.0000
   18.4092    0.4300    0.4300    0.7140   -0.0000   -0.0000    0.0000
   18.4521    0.4322    0.4322    0.7167   -0.0000   -0.0000    0.0000
   18.4949    0.4340    0.4340    0.7193   -0.0000   -0.0000    0.0000
   18.5377    0.4352    0.4352    0.7219   -0.0000   -0.0000    0.0000
   18.5805    0.4358    0.4358    0.7244   -0.0000   -0.0000    0.0000
   18.6233    0.4359    0.4359    0.7268   -0.0000   -0.0000    0.0000
   18.6661    0.4356    0.4356    0.7292    0.0000   -0.0000    0.0000
   18.7089    0.4349    0.4349    0.7316    0.0000   -0.0000    0.0000
   18.7517    0.4336    0.4336    0.7338    0.0000    0.0000    0.0000
   18.7946    0.4317    0.4317    0.7360    0.0000    0.0000    0.0000
   18.8374    0.4291    0.4291    0.7381    0.0000    0.0000    0.0000
   18.8802    0.4261    0.4261    0.7401   -0.0000    0.0000    0.0000
   18.9230    0.4233    0.4233    0.7420   -0.0000   -0.0000    0.0000
   18.9658    0.4222    0.4222    0.7439    0.0000   -0.0000    0.0000
   19.0086    0.4231    0.4231    0.7459    0.0000   -0.0000    0.0000
   19.0514    0.4253    0.4253    0.7479    0.0000   -0.0000   -0.0000
   19.0942    0.4279    0.4279    0.7499    0.0000   -0.0000   -0.0000
   19.1371    0.4306    0.4306    0.7519    0.0000   -0.0000   -0.0000
   19.1799    0.4333    0.4333    0.7538    0.0000   -0.0000   -0.0000
   19.2227    0.4359    0.4359    0.7557    0.0000   -0.0000    0.0000
   19.2655    0.4383    0.4383    0.7574    0.0000   -0.0000    0.0000
   19.3083    0.4401    0.4401    0.7592    0.0000   -0.0000    0.0000
   19.3511    0.4409    0.4409    0.7609    0.0000   -0.0000    0.0000
   19.3939    0.4414    0.4414    0.7625    0.0000   -0.0000    0.0000
   19.4367    0.4424    0.4424    0.7642    0.0000   -0.0000    0.0000
   19.4796    0.4440    0.4440    0.7658    0.0000   -0.0000    0.0000
   19.5224    0.4470    0.4470    0.7675    0.0000   -0.0000    0.0000
   19.5652    0.4512    0.4512    0.7691    0.0000   -0.0000    0.0000
   19.6080    0.4557    0.4557    0.7708    0.0000   -0.0000    0.0000
   19.6508    0.4596    0.4596    0.7724    0.0000   -0.0000    0.0000
   19.6936    0.4626    0.4626    0.7740    0.0000   -0.0000    0.0000
   19.7364    0.4643    0.4643    0.7755    0.0000   -0.0000    0.0000
   19.7792    0.4648    0.4648    0.7769   -0.0000   -0.0000    0.0000
   19.8221    0.4638    0.4638    0.7784   -0.0000   -0.0000    0.0000
   19.8649    0.4622    0.4622    0.7798   -0.0000   -0.0000    0.0000
   19.9077    0.4612    0.4612    0.7813   -0.0000   -0.0000    0.0000
   19.9505    0.4612    0.4612    0.7828   -0.0000   -0.0000    0.0000
   19.9933    0.4617    0.4617    0.7842   -0.0000   -0.0000    0.0000
   20.0361    0.4621    0.4621    0.7857   -0.0000   -0.0000    0.0000
   20.0789    0.4626    0.4626    0.7872   -0.0000   -0.0000    0.0000
   20.1217    0.4640    0.4640    0.7886   -0.0000   -0.0000    0.0000
   20.1645    0.4671    0.4671    0.7901   -0.0000   -0.0000    0.0000
   20.2074    0.4725    0.4725    0.7916   -0.0000   -0.0000    0.0000
   20.2502    0.4796    0.4796    0.7930   -0.0000   -0.0000    0.0000
   20.2930    0.4874    0.4874    0.7944   -0.0000   -0.0000    0.0000
   20.3358    0.4950    0.4950    0.7958   -0.0000   -0.0000    0.0000
   20.3786    0.5020    0.5020    0.7972   -0.0000   -0.0000    0.0000
   20.4214    0.5085    0.5085    0.7986   -0.0000   -0.0000    0.0000
   20.4642    0.5145    0.5145    0.7999   -0.0000   -0.0000    0.0000
   20.5070    0.5200    0.5200    0.8012   -0.0000   -0.0000    0.0000
   20.5499    0.5253    0.5253    0.8025   -0.0000   -0.0000    0.0000
   20.5927    0.5302    0.5302    0.8038   -0.0000   -0.0000    0.0000
   20.6355    0.5349    0.5349    0.8050   -0.0000   -0.0000    0.0000
   20.6783    0.5394    0.5394    0.8063   -0.0000   -0.0000    0.0000
   20.7211    0.5437    0.5437    0.8075   -0.0000   -0.0000    0.0000
   20.7639    0.5479    0.5479    0.8087   -0.0000   -0.0000    0.0000
   20.8067    0.5520    0.5520    0.8099   -0.0000   -0.0000    0.0000
   20.8495    0.5559    0.5559    0.8111   -0.0000   -0.0000    0.0000
   20.8924    0.5597    0.5597    0.8122   -0.0000   -0.0000    0.0000
   20.9352    0.5634    0.5634    0.8134   -0.0000   -0.0000    0.0000
   20.9780    0.5671    0.5671    0.8145   -0.0000   -0.0000    0.0000
   21.0208    0.5708    0.5708    0.8156   -0.0000   -0.0000    0.0000
   21.0636    0.5744    0.5744    0.8168   -0.0000   -0.0000    0.0000
   21.1064    0.5780    0.5780    0.8179   -0.0000   -0.0000    0.0000
   21.1492    0.5816    0.5816    0.8189   -0.0000   -0.0000    0.0000
   21.1920    0.5851    0.5851    0.8200   -0.0000   -0.0000    0.0000
   21.2349    0.5884    0.5884    0.8211   -0.0000   -0.0000    0.0000
   21.2777    0.5915    0.5915    0.8221   -0.0000   -0.0000    0.0000
   21.3205    0.5943    0.5943    0.8232   -0.0000   -0.0000    0.0000
   21.3633    0.5969    0.5969    0.8242   -0.0000   -0.0000    0.0000
   21.4061    0.5992    0.5992    0.8252   -0.0000   -0.0000    0.0000
   21.4489    0.6012    0.6012    0.8262   -0.0000   -0.0000    0.0000
   21.4917    0.6030    0.6030    0.8272   -0.0000   -0.0000    0.0000
   21.5345    0.6048    0.6048    0.8282   -0.0000   -0.0000    0.0000
   21.5774    0.6066    0.6066    0.8292   -0.0000   -0.0000    0.0000
   21.6202    0.6085    0.6085    0.8302   -0.0000   -0.0000    0.0000
   21.6630    0.6103    0.6103    0.8311   -0.0000   -0.0000    0.0000
   21.7058    0.6121    0.6121    0.8321   -0.0000   -0.0000    0.0000
   21.7486    0.6139    0.6139    0.8330   -0.0000   -0.0000    0.0000
   21.7914    0.6156    0.6156    0.8339   -0.0000   -0.0000    0.0000
   21.8342    0.6174    0.6174    0.8349   -0.0000   -0.0000    0.0000
   21.8770    0.6191    0.6191    0.8358   -0.0000   -0.0000    0.0000
   21.9198    0.6208    0.6208    0.8367   -0.0000   -0.0000    0.0000
   21.9627    0.6225    0.6225    0.8376   -0.0000   -0.0000    0.0000
   22.0055    0.6243    0.6243    0.8385   -0.0000   -0.0000    0.0000
   22.0483    0.6260    0.6260    0.8394   -0.0000   -0.0000    0.0000
   22.0911    0.6277    0.6277    0.8402    0.0000   -0.0000    0.0000
   22.1339    0.6295    0.6295    0.8411    0.0000   -0.0000    0.0000
   22.1767    0.6312    0.6312    0.8419    0.0000   -0.0000    0.0000
   22.2195    0.6329    0.6329    0.8428    0.0000   -0.0000    0.0000
   22.2623    0.6347    0.6347    0.8436    0.0000   -0.0000    0.0000
   22.3052    0.6363    0.6363    0.8445    0.0000   -0.0000    0.0000
   22.3480    0.6380    0.6380    0.8453    0.0000   -0.0000    0.0000
   22.3908    0.6397    0.6397    0.8461    0.0000   -0.0000    0.0000
   22.4336    0.6413    0.6413    0.8469    0.0000   -0.0000    0.0000
   22.4764    0.6429    0.6429    0.8477    0.0000   -0.0000    0.0000
   22.5192    0.6445    0.6445    0.8485   -0.0000   -0.0000    0.0000
   22.5620    0.6461    0.6461    0.8493   -0.0000   -0.0000    0.0000
   22.6048    0.6477    0.6477    0.8501   -0.0000   -0.0000    0.0000
   22.6477    0.6493    0.6493    0.8509   -0.0000   -0.0000    0.0000
   22.6905    0.6509    0.6509    0.8517   -0.0000   -0.0000   -0.0000
   22.7333    0.6524    0.6524    0.8525   -0.0000   -0.0000   -0.0000
   22.7761    0.6539    0.6539    0.8532   -0.0000   -0.0000   -0.0000
   22.8189    0.6553    0.6553    0.8540   -0.0000   -0.0000   -0.0000
   22.8617    0.6568    0.6568    0.8547   -0.0000   -0.0000   -0.0000
   22.9045    0.6583    0.6583    0.8555   -0.0000   -0.0000   -0.0000
   22.9473    0.6597    0.6597    0.8562   -0.0000   -0.0000   -0.0000
   22.9902    0.6612    0.6612    0.8569   -0.0000   -0.0000   -0.0000
   23.0330    0.6625    0.6625    0.8576   -0.0000   -0.0000   -0.0000
   23.0758    0.6639    0.6639    0.8583   -0.0000   -0.0000   -0.0000
   23.1186    0.6651    0.6651    0.8590   -0.0000   -0.0000   -0.0000
   23.1614    0.6662    0.6662    0.8597   -0.0000   -0.0000   -0.0000
   23.2042    0.6673    0.6673    0.8604   -0.0000   -0.0000   -0.0000
   23.2470    0.6683    0.6683    0.8611   -0.0000   -0.0000   -0.0000
   23.2898    0.6693    0.6693    0.8618   -0.0000   -0.0000   -0.0000
   23.3327    0.6703    0.6703    0.8625   -0.0000   -0.0000   -0.0000
   23.3755    0.6712    0.6712    0.8632   -0.0000   -0.0000   -0.0000
   23.4183    0.6721    0.6721    0.8638   -0.0000   -0.0000   -0.0000
   23.4611    0.6730    0.6730    0.8645   -0.0000   -0.0000   -0.0000
   23.5039    0.6737    0.6737    0.8652   -0.0000   -0.0000   -0.0000
   23.5467    0.6743    0.6743    0.8659   -0.0000   -0.0000   -0.0000
   23.5895    0.6747    0.6747    0.8665   -0.0000   -0.0000   -0.0000
   23.6323    0.6749    0.6749    0.8672   -0.0000   -0.0000   -0.0000
   23.6751    0.6750    0.6750    0.8679   -0.0000   -0.0000   -0.0000
   23.7180    0.6749    0.6749    0.8685   -0.0000   -0.0000   -0.0000
   23.7608    0.6748    0.6748    0.8692   -0.0000   -0.0000   -0.0000
   23.8036    0.6746    0.6746    0.8699   -0.0000   -0.0000   -0.0000
   23.8464    0.6742    0.6742    0.8706   -0.0000   -0.0000   -0.0000
   23.8892    0.6735    0.6735    0.8713   -0.0000   -0.0000   -0.0000
   23.9320    0.6723    0.6723    0.8720   -0.0000   -0.0000   -0.0000
   23.9748    0.6705    0.6705    0.8727   -0.0000   -0.0000   -0.0000
   24.0176    0.6680    0.6680    0.8733   -0.0000   -0.0000   -0.0000
   24.0605    0.6644    0.6644    0.8740   -0.0000   -0.0000   -0.0000
   24.1033    0.6590    0.6590    0.8745   -0.0000   -0.0000   -0.0000
   24.1461    0.6508    0.6508    0.8747   -0.0000   -0.0000    0.0000
   24.1889    0.6401    0.6401    0.8747   -0.0000   -0.0000    0.0000
   24.2317    0.6302    0.6302    0.8746   -0.0000   -0.0000    0.0000
   24.2745    0.6253    0.6253    0.8745   -0.0000   -0.0000    0.0000
   24.3173    0.6261    0.6261    0.8745   -0.0000    0.0000    0.0000
   24.3601    0.6302    0.6302    0.8748   -0.0000    0.0000    0.0000
   24.4030    0.6353    0.6353    0.8752   -0.0000    0.0000    0.0000
   24.4458    0.6406    0.6406    0.8756   -0.0000    0.0000    0.0000
   24.4886    0.6458    0.6458    0.8761   -0.0000    0.0000    0.0000
   24.5314    0.6510    0.6510    0.8766   -0.0000    0.0000    0.0000
   24.5742    0.6560    0.6560    0.8772   -0.0000    0.0000    0.0000
   24.6170    0.6607    0.6607    0.8777   -0.0000    0.0000    0.0000
   24.6598    0.6650    0.6650    0.8783   -0.0000    0.0000    0.0000
   24.7026    0.6690    0.6690    0.8789   -0.0000    0.0000    0.0000
   24.7455    0.6730    0.6730    0.8795   -0.0000    0.0000    0.0000
   24.7883    0.6769    0.6769    0.8802   -0.0000    0.0000    0.0000
   24.8311    0.6808    0.6808    0.8808   -0.0000    0.0000    0.0000
   24.8739    0.6845    0.6845    0.8814   -0.0000    0.0000    0.0000
   24.9167    0.6881    0.6881    0.8819   -0.0000    0.0000    0.0000
   24.9595    0.6915    0.6915    0.8825   -0.0000    0.0000    0.0000
   25.0023    0.6948    0.6948    0.8831   -0.0000    0.0000    0.0000
   25.0451    0.6979    0.6979    0.8836   -0.0000    0.0000    0.0000
   25.0880    0.7008    0.7008    0.8841   -0.0000    0.0000    0.0000
   25.1308    0.7036    0.7036    0.8846   -0.0000    0.0000    0.0000
   25.1736    0.7062    0.7062    0.8852   -0.0000    0.0000    0.0000
   25.2164    0.7086    0.7086    0.8857   -0.0000    0.0000    0.0000
   25.2592    0.7111    0.7111    0.8862   -0.0000   -0.0000    0.0000
   25.3020    0.7134    0.7134    0.8867   -0.0000   -0.0000    0.0000
   25.3448    0.7157    0.7157    0.8872   -0.0000   -0.0000    0.0000
   25.3876    0.7180    0.7180    0.8877   -0.0000   -0.0000    0.0000
   25.4304    0.7202    0.7202    0.8881   -0.0000   -0.0000    0.0000
   25.4733    0.7223    0.7223    0.8886   -0.0000   -0.0000    0.0000
   25.5161    0.7244    0.7244    0.8891   -0.0000   -0.0000    0.0000
   25.5589    0.7265    0.7265    0.8896   -0.0000   -0.0000    0.0000
   25.6017    0.7285    0.7285    0.8900   -0.0000   -0.0000    0.0000
   25.6445    0.7304    0.7304    0.8905   -0.0000   -0.0000    0.0000
   25.6873    0.7323    0.7323    0.8910   -0.0000   -0.0000    0.0000
   25.7301    0.7341    0.7341    0.8914   -0.0000   -0.0000    0.0000
   25.7729    0.7359    0.7359    0.8919   -0.0000   -0.0000    0.0000
   25.8158    0.7377    0.7377    0.8923   -0.0000   -0.0000    0.0000
   25.8586    0.7395    0.7395    0.8928   -0.0000   -0.0000    0.0000
   25.9014    0.7412    0.7412    0.8932   -0.0000   -0.0000    0.0000
   25.9442    0.7429    0.7429    0.8936   -0.0000   -0.0000    0.0000
   25.9870    0.7445    0.7445    0.8941   -0.0000   -0.0000    0.0000
   26.0298    0.7462    0.7462    0.8945   -0.0000   -0.0000    0.0000
   26.0726    0.7478    0.7478    0.8949   -0.0000   -0.0000    0.0000
   26.1154    0.7493    0.7493    0.8954   -0.0000   -0.0000    0.0000
   26.1583    0.7509    0.7509    0.8958   -0.0000   -0.0000    0.0000
   26.2011    0.7524    0.7524    0.8962   -0.0000   -0.0000    0.0000
   26.2439    0.7539    0.7539    0.8966   -0.0000   -0.0000    0.0000
   26.2867    0.7554    0.7554    0.8970   -0.0000   -0.0000    0.0000
   26.3295    0.7569    0.7569    0.8974   -0.0000   -0.0000    0.0000
   26.3723    0.7583    0.7583    0.8979   -0.0000   -0.0000    0.0000
   26.4151    0.7596    0.7596    0.8983   -0.0000   -0.0000    0.0000
   26.4579    0.7610    0.7610    0.8987   -0.0000   -0.0000    0.0000
   26.5008    0.7623    0.7623    0.8991   -0.0000   -0.0000    0.0000
   26.5436    0.7636    0.7636    0.8995   -0.0000   -0.0000    0.0000
   26.5864    0.7649    0.7649    0.8999   -0.0000   -0.0000    0.0000
   26.6292    0.7662    0.7662    0.9002   -0.0000   -0.0000    0.0000
   26.6720    0.7674    0.7674    0.9006   -0.0000   -0.0000    0.0000
   26.7148    0.7686    0.7686    0.9010   -0.0000   -0.0000    0.0000
   26.7576    0.7698    0.7698    0.9014   -0.0000   -0.0000    0.0000
   26.8004    0.7710    0.7710    0.9018   -0.0000   -0.0000    0.0000
   26.8433    0.7721    0.7721    0.9022   -0.0000   -0.0000    0.0000
   26.8861    0.7732    0.7732    0.9025   -0.0000   -0.0000    0.0000
   26.9289    0.7743    0.7743    0.9029   -0.0000   -0.0000    0.0000
   26.9717    0.7754    0.7754    0.9033   -0.0000   -0.0000    0.0000
   27.0145    0.7765    0.7765    0.9036   -0.0000   -0.0000    0.0000
   27.0573    0.7776    0.7776    0.9040   -0.0000   -0.0000    0.0000
   27.1001    0.7787    0.7787    0.9044   -0.0000   -0.0000    0.0000
   27.1429    0.7798    0.7798    0.9047   -0.0000   -0.0000    0.0000
   27.1857    0.7809    0.7809    0.9051   -0.0000   -0.0000    0.0000
   27.2286    0.7820    0.7820    0.9054   -0.0000   -0.0000    0.0000
   27.2714    0.7830    0.7830    0.9058   -0.0000   -0.0000    0.0000
   27.3142    0.7841    0.7841    0.9062   -0.0000   -0.0000    0.0000
   27.3570    0.7852    0.7852    0.9065   -0.0000   -0.0000    0.0000
   27.3998    0.7862    0.7862    0.9069   -0.0000   -0.0000    0.0000
   27.4426    0.7872    0.7872    0.9072   -0.0000   -0.0000    0.0000
   27.4854    0.7883    0.7883    0.9075   -0.0000   -0.0000    0.0000
   27.5282    0.7893    0.7893    0.9079   -0.0000   -0.0000    0.0000
   27.5711    0.7903    0.7903    0.9082   -0.0000   -0.0000    0.0000
   27.6139    0.7913    0.7913    0.9086   -0.0000   -0.0000    0.0000
   27.6567    0.7922    0.7922    0.9089   -0.0000   -0.0000    0.0000
   27.6995    0.7931    0.7931    0.9092   -0.0000   -0.0000    0.0000
   27.7423    0.7941    0.7941    0.9096   -0.0000   -0.0000    0.0000
   27.7851    0.7950    0.7950    0.9099   -0.0000   -0.0000    0.0000
   27.8279    0.7959    0.7959    0.9102   -0.0000   -0.0000    0.0000
   27.8707    0.7969    0.7969    0.9106   -0.0000   -0.0000    0.0000
   27.9136    0.7978    0.7978    0.9109   -0.0000   -0.0000    0.0000
   27.9564    0.7987    0.7987    0.9112   -0.0000   -0.0000    0.0000
   27.9992    0.7995    0.7995    0.9115   -0.0000   -0.0000    0.0000
   28.0420    0.8004    0.8004    0.9118   -0.0000   -0.0000    0.0000
   28.0848    0.8013    0.8013    0.9122   -0.0000   -0.0000    0.0000
   28.1276    0.8022    0.8022    0.9125   -0.0000   -0.0000    0.0000
   28.1704    0.8030    0.8030    0.9128   -0.0000   -0.0000    0.0000
   28.2132    0.8039    0.8039    0.9131   -0.0000   -0.0000    0.0000
   28.2561    0.8047    0.8047    0.9134   -0.0000   -0.0000    0.0000
   28.2989    0.8056    0.8056    0.9137   -0.0000   -0.0000    0.0000
   28.3417    0.8064    0.8064    0.9140   -0.0000   -0.0000    0.0000
   28.3845    0.8072    0.8072    0.9143   -0.0000   -0.0000    0.0000
   28.4273    0.8080    0.8080    0.9146   -0.0000   -0.0000    0.0000
   28.4701    0.8088    0.8088    0.9149   -0.0000   -0.0000    0.0000
   28.5129    0.8096    0.8096    0.9152   -0.0000   -0.0000    0.0000
   28.5557    0.8104    0.8104    0.9155   -0.0000   -0.0000    0.0000
   28.5986    0.8112    0.8112    0.9158   -0.0000   -0.0000    0.0000
   28.6414    0.8120    0.8120    0.9161   -0.0000   -0.0000    0.0000
   28.6842    0.8128    0.8128    0.9164   -0.0000   -0.0000    0.0000
   28.7270    0.8136    0.8136    0.9167   -0.0000   -0.0000    0.0000
   28.7698    0.8144    0.8144    0.9170   -0.0000   -0.0000    0.0000
   28.8126    0.8151    0.8151    0.9173   -0.0000   -0.0000    0.0000
   28.8554    0.8159    0.8159    0.9175   -0.0000   -0.0000    0.0000
   28.8982    0.8166    0.8166    0.9178   -0.0000   -0.0000    0.0000
   28.9410    0.8174    0.8174    0.9181   -0.0000   -0.0000    0.0000
   28.9839    0.8181    0.8181    0.9184   -0.0000   -0.0000    0.0000
   29.0267    0.8188    0.8188    0.9187   -0.0000   -0.0000    0.0000
   29.0695    0.8196    0.8196    0.9190   -0.0000   -0.0000    0.0000
   29.1123    0.8203    0.8203    0.9192   -0.0000   -0.0000    0.0000
   29.1551    0.8210    0.8210    0.9195   -0.0000   -0.0000    0.0000
   29.1979    0.8217    0.8217    0.9198   -0.0000   -0.0000    0.0000
   29.2407    0.8224    0.8224    0.9200   -0.0000   -0.0000    0.0000
   29.2835    0.8231    0.8231    0.9203   -0.0000   -0.0000    0.0000
   29.3264    0.8238    0.8238    0.9206   -0.0000   -0.0000    0.0000
   29.3692    0.8245    0.8245    0.9209   -0.0000   -0.0000    0.0000
   29.4120    0.8252    0.8252    0.9211   -0.0000   -0.0000    0.0000
   29.4548    0.8259    0.8259    0.9214   -0.0000   -0.0000    0.0000
   29.4976    0.8266    0.8266    0.9216   -0.0000   -0.0000    0.0000
   29.5404    0.8272    0.8272    0.9219   -0.0000   -0.0000    0.0000
   29.5832    0.8279    0.8279    0.9222   -0.0000   -0.0000    0.0000
   29.6260    0.8286    0.8286    0.9224   -0.0000   -0.0000    0.0000
   29.6689    0.8292    0.8292    0.9227   -0.0000   -0.0000    0.0000
   29.7117    0.8299    0.8299    0.9229   -0.0000   -0.0000    0.0000
   29.7545    0.8306    0.8306    0.9232   -0.0000   -0.0000    0.0000
   29.7973    0.8312    0.8312    0.9235   -0.0000   -0.0000    0.0000
   29.8401    0.8319    0.8319    0.9237   -0.0000   -0.0000    0.0000
   29.8829    0.8325    0.8325    0.9240   -0.0000   -0.0000    0.0000
   29.9257    0.8332    0.8332    0.9242   -0.0000   -0.0000    0.0000
   29.9685    0.8338    0.8338    0.9245   -0.0000   -0.0000    0.0000
   30.0114    0.8344    0.8344    0.9247   -0.0000   -0.0000    0.0000
   30.0542    0.8351    0.8351    0.9249   -0.0000   -0.0000    0.0000
   30.0970    0.8357    0.8357    0.9252   -0.0000   -0.0000    0.0000
   30.1398    0.8363    0.8363    0.9254   -0.0000   -0.0000    0.0000
   30.1826    0.8369    0.8369    0.9257   -0.0000   -0.0000    0.0000
   30.2254    0.8376    0.8376    0.9259   -0.0000   -0.0000    0.0000
   30.2682    0.8382    0.8382    0.9261   -0.0000   -0.0000    0.0000
   30.3110    0.8388    0.8388    0.9264   -0.0000   -0.0000    0.0000
   30.3539    0.8394    0.8394    0.9266   -0.0000   -0.0000    0.0000
   30.3967    0.8399    0.8399    0.9269   -0.0000   -0.0000    0.0000
   30.4395    0.8405    0.8405    0.9271   -0.0000   -0.0000    0.0000
   30.4823    0.8411    0.8411    0.9273   -0.0000   -0.0000    0.0000
   30.5251    0.8417    0.8417    0.9275   -0.0000   -0.0000    0.0000
   30.5679    0.8423    0.8423    0.9278   -0.0000   -0.0000    0.0000
   30.6107    0.8429    0.8429    0.9280   -0.0000   -0.0000    0.0000
   30.6535    0.8435    0.8435    0.9282   -0.0000   -0.0000    0.0000
   30.6963    0.8441    0.8441    0.9285   -0.0000   -0.0000    0.0000
   30.7392    0.8447    0.8447    0.9287   -0.0000   -0.0000    0.0000
   30.7820    0.8453    0.8453    0.9289   -0.0000   -0.0000    0.0000
   30.8248    0.8459    0.8459    0.9291   -0.0000   -0.0000    0.0000
   30.8676    0.8465    0.8465    0.9294   -0.0000   -0.0000    0.0000
   30.9104    0.8470    0.8470    0.9296   -0.0000   -0.0000    0.0000
   30.9532    0.8476    0.8476    0.9298   -0.0000   -0.0000    0.0000
   30.9960    0.8482    0.8482    0.9300   -0.0000   -0.0000    0.0000
   31.0388    0.8487    0.8487    0.9303   -0.0000   -0.0000    0.0000
   31.0817    0.8493    0.8493    0.9305   -0.0000   -0.0000    0.0000
   31.1245    0.8498    0.8498    0.9307   -0.0000   -0.0000    0.0000
   31.1673    0.8504    0.8504    0.9309   -0.0000   -0.0000    0.0000
   31.2101    0.8509    0.8509    0.9311   -0.0000   -0.0000    0.0000
   31.2529    0.8515    0.8515    0.9313   -0.0000   -0.0000    0.0000
   31.2957    0.8520    0.8520    0.9316   -0.0000   -0.0000    0.0000
   31.3385    0.8525    0.8525    0.9318   -0.0000   -0.0000    0.0000
   31.3813    0.8531    0.8531    0.9320   -0.0000   -0.0000    0.0000
   31.4242    0.8536    0.8536    0.9322   -0.0000   -0.0000    0.0000
   31.4670    0.8541    0.8541    0.9324   -0.0000   -0.0000    0.0000
   31.5098    0.8546    0.8546    0.9326   -0.0000   -0.0000    0.0000
   31.5526    0.8551    0.8551    0.9328   -0.0000   -0.0000    0.0000
   31.5954    0.8556    0.8556    0.9330   -0.0000   -0.0000    0.0000
   31.6382    0.8561    0.8561    0.9332   -0.0000   -0.0000    0.0000
   31.6810    0.8566    0.8566    0.9334   -0.0000   -0.0000    0.0000
   31.7238    0.8571    0.8571    0.9336   -0.0000   -0.0000    0.0000
   31.7667    0.8576    0.8576    0.9338   -0.0000   -0.0000    0.0000
   31.8095    0.8581    0.8581    0.9340   -0.0000   -0.0000    0.0000
   31.8523    0.8586    0.8586    0.9342   -0.0000   -0.0000    0.0000
   31.8951    0.8591    0.8591    0.9344   -0.0000   -0.0000    0.0000
   31.9379    0.8596    0.8596    0.9346   -0.0000   -0.0000    0.0000
   31.9807    0.8601    0.8601    0.9348   -0.0000   -0.0000    0.0000
   32.0235    0.8606    0.8606    0.9350   -0.0000   -0.0000    0.0000
   32.0663    0.8610    0.8610    0.9352   -0.0000   -0.0000    0.0000
   32.1092    0.8615    0.8615    0.9354   -0.0000   -0.0000    0.0000
   32.1520    0.8620    0.8620    0.9356   -0.0000   -0.0000    0.0000
   32.1948    0.8624    0.8624    0.9358   -0.0000   -0.0000    0.0000
   32.2376    0.8629    0.8629    0.9360   -0.0000   -0.0000    0.0000
   32.2804    0.8634    0.8634    0.9362   -0.0000   -0.0000    0.0000
   32.3232    0.8638    0.8638    0.9364   -0.0000   -0.0000    0.0000
   32.3660    0.8643    0.8643    0.9366   -0.0000   -0.0000    0.0000
   32.4088    0.8647    0.8647    0.9367   -0.0000   -0.0000    0.0000
   32.4517    0.8652    0.8652    0.9369   -0.0000   -0.0000    0.0000
   32.4945    0.8656    0.8656    0.9371   -0.0000   -0.0000    0.0000
   32.5373    0.8661    0.8661    0.9373   -0.0000   -0.0000    0.0000
   32.5801    0.8665    0.8665    0.9375   -0.0000   -0.0000    0.0000
   32.6229    0.8670    0.8670    0.9377   -0.0000   -0.0000    0.0000
   32.6657    0.8674    0.8674    0.9379   -0.0000   -0.0000    0.0000
   32.7085    0.8679    0.8679    0.9380   -0.0000   -0.0000    0.0000
   32.7513    0.8683    0.8683    0.9382   -0.0000   -0.0000    0.0000
   32.7941    0.8687    0.8687    0.9384   -0.0000   -0.0000    0.0000
   32.8370    0.8691    0.8691    0.9386   -0.0000   -0.0000    0.0000
   32.8798    0.8696    0.8696    0.9388   -0.0000   -0.0000    0.0000
   32.9226    0.8700    0.8700    0.9389   -0.0000   -0.0000    0.0000
   32.9654    0.8704    0.8704    0.9391   -0.0000   -0.0000    0.0000
   33.0082    0.8708    0.8708    0.9393   -0.0000   -0.0000    0.0000
   33.0510    0.8713    0.8713    0.9395   -0.0000   -0.0000    0.0000
   33.0938    0.8717    0.8717    0.9396   -0.0000   -0.0000    0.0000
   33.1366    0.8721    0.8721    0.9398   -0.0000   -0.0000    0.0000
   33.1795    0.8725    0.8725    0.9400   -0.0000   -0.0000    0.0000
   33.2223    0.8729    0.8729    0.9402   -0.0000   -0.0000    0.0000
   33.2651    0.8733    0.8733    0.9403   -0.0000   -0.0000    0.0000
   33.3079    0.8737    0.8737    0.9405   -0.0000   -0.0000    0.0000
   33.3507    0.8741    0.8741    0.9407   -0.0000   -0.0000    0.0000
   33.3935    0.8745    0.8745    0.9408   -0.0000   -0.0000    0.0000
   33.4363    0.8749    0.8749    0.9410   -0.0000   -0.0000    0.0000
   33.4791    0.8753    0.8753    0.9412   -0.0000   -0.0000    0.0000
   33.5220    0.8757    0.8757    0.9413   -0.0000   -0.0000    0.0000
   33.5648    0.8761    0.8761    0.9415   -0.0000   -0.0000    0.0000
   33.6076    0.8765    0.8765    0.9417   -0.0000   -0.0000    0.0000
   33.6504    0.8769    0.8769    0.9418   -0.0000   -0.0000    0.0000
   33.6932    0.8773    0.8773    0.9420   -0.0000   -0.0000    0.0000
   33.7360    0.8776    0.8776    0.9422   -0.0000   -0.0000    0.0000
   33.7788    0.8780    0.8780    0.9423   -0.0000   -0.0000    0.0000
   33.8216    0.8784    0.8784    0.9425   -0.0000   -0.0000    0.0000
   33.8645    0.8788    0.8788    0.9426   -0.0000   -0.0000    0.0000
   33.9073    0.8792    0.8792    0.9428   -0.0000   -0.0000    0.0000
   33.9501    0.8795    0.8795    0.9430   -0.0000   -0.0000    0.0000
   33.9929    0.8799    0.8799    0.9431   -0.0000   -0.0000    0.0000
   34.0357    0.8803    0.8803    0.9433   -0.0000   -0.0000    0.0000
   34.0785    0.8806    0.8806    0.9434   -0.0000   -0.0000    0.0000
   34.1213    0.8810    0.8810    0.9436   -0.0000   -0.0000    0.0000
   34.1641    0.8814    0.8814    0.9438   -0.0000   -0.0000    0.0000
   34.2070    0.8817    0.8817    0.9439   -0.0000   -0.0000    0.0000
   34.2498    0.8821    0.8821    0.9441   -0.0000   -0.0000    0.0000
   34.2926    0.8824    0.8824    0.9442   -0.0000   -0.0000    0.0000
   34.3354    0.8828    0.8828    0.9444   -0.0000   -0.0000    0.0000
   34.3782    0.8832    0.8832    0.9445   -0.0000   -0.0000    0.0000
   34.4210    0.8835    0.8835    0.9447   -0.0000   -0.0000    0.0000
   34.4638    0.8839    0.8839    0.9448   -0.0000   -0.0000    0.0000
   34.5066    0.8842    0.8842    0.9450   -0.0000   -0.0000    0.0000
   34.5494    0.8846    0.8846    0.9451   -0.0000   -0.0000    0.0000
   34.5923    0.8849    0.8849    0.9453   -0.0000   -0.0000    0.0000
   34.6351    0.8853    0.8853    0.9454   -0.0000   -0.0000    0.0000
   34.6779    0.8856    0.8856    0.9456   -0.0000   -0.0000    0.0000
   34.7207    0.8859    0.8859    0.9457   -0.0000   -0.0000    0.0000
   34.7635    0.8863    0.8863    0.9459   -0.0000   -0.0000    0.0000
   34.8063    0.8866    0.8866    0.9460   -0.0000   -0.0000    0.0000
   34.8491    0.8870    0.8870    0.9462   -0.0000   -0.0000    0.0000
   34.8919    0.8873    0.8873    0.9463   -0.0000   -0.0000    0.0000
   34.9348    0.8876    0.8876    0.9465   -0.0000   -0.0000    0.0000
   34.9776    0.8879    0.8879    0.9466   -0.0000   -0.0000    0.0000
   35.0204    0.8883    0.8883    0.9467   -0.0000   -0.0000    0.0000
   35.0632    0.8886    0.8886    0.9469   -0.0000   -0.0000    0.0000
   35.1060    0.8889    0.8889    0.9470   -0.0000   -0.0000    0.0000
   35.1488    0.8893    0.8893    0.9472   -0.0000   -0.0000    0.0000
   35.1916    0.8896    0.8896    0.9473   -0.0000   -0.0000    0.0000
   35.2344    0.8899    0.8899    0.9474   -0.0000   -0.0000    0.0000
   35.2773    0.8902    0.8902    0.9476   -0.0000   -0.0000    0.0000
   35.3201    0.8905    0.8905    0.9477   -0.0000   -0.0000    0.0000
   35.3629    0.8909    0.8909    0.9479   -0.0000   -0.0000    0.0000
   35.4057    0.8912    0.8912    0.9480   -0.0000   -0.0000    0.0000
   35.4485    0.8915    0.8915    0.9481   -0.0000   -0.0000    0.0000
   35.4913    0.8918    0.8918    0.9483   -0.0000   -0.0000    0.0000
   35.5341    0.8921    0.8921    0.9484   -0.0000   -0.0000    0.0000
   35.5769    0.8924    0.8924    0.9486   -0.0000   -0.0000    0.0000
   35.6198    0.8927    0.8927    0.9487   -0.0000   -0.0000    0.0000
   35.6626    0.8930    0.8930    0.9488   -0.0000   -0.0000    0.0000
   35.7054    0.8933    0.8933    0.9490   -0.0000   -0.0000    0.0000
   35.7482    0.8937    0.8937    0.9491   -0.0000   -0.0000    0.0000
   35.7910    0.8940    0.8940    0.9492   -0.0000   -0.0000    0.0000
   35.8338    0.8943    0.8943    0.9494   -0.0000   -0.0000    0.0000
   35.8766    0.8946    0.8946    0.9495   -0.0000   -0.0000    0.0000
   35.9194    0.8949    0.8949    0.9496   -0.0000   -0.0000    0.0000
   35.9623    0.8952    0.8952    0.9498   -0.0000   -0.0000    0.0000
   36.0051    0.8954    0.8954    0.9499   -0.0000   -0.0000    0.0000
   36.0479    0.8957    0.8957    0.9500   -0.0000   -0.0000    0.0000
   36.0907    0.8960    0.8960    0.9501   -0.0000   -0.0000    0.0000
   36.1335    0.8963    0.8963    0.9503   -0.0000   -0.0000    0.0000
   36.1763    0.8966    0.8966    0.9504   -0.0000   -0.0000    0.0000
   36.2191    0.8969    0.8969    0.9505   -0.0000   -0.0000    0.0000
   36.2619    0.8972    0.8972    0.9507   -0.0000   -0.0000    0.0000
   36.3047    0.8975    0.8975    0.9508   -0.0000   -0.0000    0.0000
   36.3476    0.8978    0.8978    0.9509   -0.0000   -0.0000    0.0000
   36.3904    0.8981    0.8981    0.9510   -0.0000   -0.0000    0.0000
   36.4332    0.8983    0.8983    0.9512   -0.0000   -0.0000    0.0000
   36.4760    0.8986    0.8986    0.9513   -0.0000   -0.0000    0.0000
   36.5188    0.8989    0.8989    0.9514   -0.0000   -0.0000    0.0000
   36.5616    0.8992    0.8992    0.9515   -0.0000   -0.0000    0.0000
   36.6044    0.8995    0.8995    0.9517   -0.0000   -0.0000    0.0000
   36.6472    0.8997    0.8997    0.9518   -0.0000   -0.0000    0.0000
   36.6901    0.9000    0.9000    0.9519   -0.0000   -0.0000    0.0000
   36.7329    0.9003    0.9003    0.9520   -0.0000   -0.0000    0.0000
   36.7757    0.9006    0.9006    0.9521   -0.0000   -0.0000    0.0000
   36.8185    0.9008    0.9008    0.9523   -0.0000   -0.0000    0.0000
   36.8613    0.9011    0.9011    0.9524   -0.0000   -0.0000    0.0000
   36.9041    0.9014    0.9014    0.9525   -0.0000   -0.0000    0.0000
   36.9469    0.9016    0.9016    0.9526   -0.0000   -0.0000    0.0000
   36.9897    0.9019    0.9019    0.9527   -0.0000   -0.0000    0.0000
   37.0326    0.9022    0.9022    0.9529   -0.0000   -0.0000    0.0000
   37.0754    0.9024    0.9024    0.9530   -0.0000   -0.0000    0.0000
   37.1182    0.9027    0.9027    0.9531   -0.0000   -0.0000    0.0000
   37.1610    0.9030    0.9030    0.9532   -0.0000   -0.0000    0.0000
   37.2038    0.9032    0.9032    0.9533   -0.0000   -0.0000    0.0000
   37.2466    0.9035    0.9035    0.9535   -0.0000   -0.0000    0.0000
   37.2894    0.9037    0.9037    0.9536   -0.0000   -0.0000    0.0000
   37.3322    0.9040    0.9040    0.9537   -0.0000   -0.0000    0.0000
   37.3751    0.9042    0.9042    0.9538   -0.0000   -0.0000    0.0000
   37.4179    0.9045    0.9045    0.9539   -0.0000   -0.0000    0.0000
   37.4607    0.9048    0.9048    0.9540   -0.0000   -0.0000    0.0000
   37.5035    0.9050    0.9050    0.9541   -0.0000   -0.0000    0.0000
   37.5463    0.9053    0.9053    0.9543   -0.0000   -0.0000    0.0000
   37.5891    0.9055    0.9055    0.9544   -0.0000   -0.0000    0.0000
   37.6319    0.9058    0.9058    0.9545   -0.0000   -0.0000    0.0000
   37.6747    0.9060    0.9060    0.9546   -0.0000   -0.0000    0.0000
   37.7176    0.9063    0.9063    0.9547   -0.0000   -0.0000    0.0000
   37.7604    0.9065    0.9065    0.9548   -0.0000   -0.0000    0.0000
   37.8032    0.9068    0.9068    0.9549   -0.0000   -0.0000    0.0000
   37.8460    0.9070    0.9070    0.9550   -0.0000   -0.0000    0.0000
   37.8888    0.9072    0.9072    0.9551   -0.0000   -0.0000    0.0000
   37.9316    0.9075    0.9075    0.9553   -0.0000   -0.0000    0.0000
   37.9744    0.9077    0.9077    0.9554   -0.0000   -0.0000    0.0000
   38.0172    0.9080    0.9080    0.9555   -0.0000   -0.0000    0.0000
   38.0600    0.9082    0.9082    0.9556   -0.0000   -0.0000    0.0000
   38.1029    0.9084    0.9084    0.9557   -0.0000   -0.0000    0.0000
   38.1457    0.9087    0.9087    0.9558   -0.0000   -0.0000    0.0000
   38.1885    0.9089    0.9089    0.9559   -0.0000   -0.0000    0.0000
   38.2313    0.9092    0.9092    0.9560   -0.0000   -0.0000    0.0000
   38.2741    0.9094    0.9094    0.9561   -0.0000   -0.0000    0.0000
   38.3169    0.9096    0.9096    0.9562   -0.0000   -0.0000    0.0000
   38.3597    0.9099    0.9099    0.9563   -0.0000   -0.0000    0.0000
   38.4025    0.9101    0.9101    0.9564   -0.0000   -0.0000    0.0000
   38.4454    0.9103    0.9103    0.9565   -0.0000   -0.0000    0.0000
   38.4882    0.9106    0.9106    0.9566   -0.0000   -0.0000    0.0000
   38.5310    0.9108    0.9108    0.9567   -0.0000   -0.0000    0.0000
   38.5738    0.9110    0.9110    0.9568   -0.0000   -0.0000    0.0000
   38.6166    0.9112    0.9112    0.9570   -0.0000   -0.0000    0.0000
   38.6594    0.9115    0.9115    0.9571   -0.0000   -0.0000    0.0000
   38.7022    0.9117    0.9117    0.9572   -0.0000   -0.0000    0.0000
   38.7450    0.9119    0.9119    0.9573   -0.0000   -0.0000    0.0000
   38.7879    0.9121    0.9121    0.9574   -0.0000   -0.0000    0.0000
   38.8307    0.9124    0.9124    0.9575   -0.0000   -0.0000    0.0000
   38.8735    0.9126    0.9126    0.9576   -0.0000   -0.0000    0.0000
   38.9163    0.9128    0.9128    0.9577   -0.0000   -0.0000    0.0000
   38.9591    0.9130    0.9130    0.9578   -0.0000   -0.0000    0.0000
   39.0019    0.9132    0.9132    0.9579   -0.0000   -0.0000    0.0000
   39.0447    0.9135    0.9135    0.9580   -0.0000   -0.0000    0.0000
   39.0875    0.9137    0.9137    0.9581   -0.0000   -0.0000    0.0000
   39.1304    0.9139    0.9139    0.9582   -0.0000   -0.0000    0.0000
   39.1732    0.9141    0.9141    0.9583   -0.0000   -0.0000    0.0000
   39.2160    0.9143    0.9143    0.9584   -0.0000   -0.0000    0.0000
   39.2588    0.9145    0.9145    0.9585   -0.0000   -0.0000    0.0000
   39.3016    0.9148    0.9148    0.9586   -0.0000   -0.0000    0.0000
   39.3444    0.9150    0.9150    0.9586   -0.0000   -0.0000    0.0000
   39.3872    0.9152    0.9152    0.9587   -0.0000   -0.0000    0.0000
   39.4300    0.9154    0.9154    0.9588   -0.0000   -0.0000    0.0000
   39.4729    0.9156    0.9156    0.9589   -0.0000   -0.0000    0.0000
   39.5157    0.9158    0.9158    0.9590   -0.0000   -0.0000    0.0000
   39.5585    0.9160    0.9160    0.9591   -0.0000   -0.0000    0.0000
   39.6013    0.9162    0.9162    0.9592   -0.0000   -0.0000    0.0000
   39.6441    0.9164    0.9164    0.9593   -0.0000   -0.0000    0.0000
   39.6869    0.9166    0.9166    0.9594   -0.0000   -0.0000    0.0000
   39.7297    0.9168    0.9168    0.9595   -0.0000   -0.0000    0.0000
   39.7725    0.9170    0.9170    0.9596   -0.0000   -0.0000    0.0000
   39.8153    0.9172    0.9172    0.9597   -0.0000   -0.0000    0.0000
   39.8582    0.9175    0.9175    0.9598   -0.0000   -0.0000    0.0000
   39.9010    0.9177    0.9177    0.9599   -0.0000   -0.0000    0.0000
   39.9438    0.9179    0.9179    0.9600   -0.0000   -0.0000    0.0000
   39.9866    0.9181    0.9181    0.9601   -0.0000   -0.0000    0.0000
   40.0294    0.9183    0.9183    0.9602   -0.0000   -0.0000    0.0000
   40.0722    0.9185    0.9185    0.9602   -0.0000   -0.0000    0.0000
   40.1150    0.9187    0.9187    0.9603   -0.0000   -0.0000    0.0000
   40.1578    0.9188    0.9188    0.9604   -0.0000   -0.0000    0.0000
   40.2007    0.9190    0.9190    0.9605   -0.0000   -0.0000    0.0000
   40.2435    0.9192    0.9192    0.9606   -0.0000   -0.0000    0.0000
   40.2863    0.9194    0.9194    0.9607   -0.0000   -0.0000    0.0000
   40.3291    0.9196    0.9196    0.9608   -0.0000   -0.0000    0.0000
   40.3719    0.9198    0.9198    0.9609   -0.0000   -0.0000    0.0000
   40.4147    0.9200    0.9200    0.9610   -0.0000   -0.0000    0.0000
   40.4575    0.9202    0.9202    0.9611   -0.0000   -0.0000    0.0000
   40.5003    0.9204    0.9204    0.9611   -0.0000   -0.0000    0.0000
   40.5432    0.9206    0.9206    0.9612   -0.0000   -0.0000    0.0000
   40.5860    0.9208    0.9208    0.9613   -0.0000   -0.0000    0.0000
   40.6288    0.9210    0.9210    0.9614   -0.0000   -0.0000    0.0000
   40.6716    0.9212    0.9212    0.9615   -0.0000   -0.0000    0.0000
   40.7144    0.9213    0.9213    0.9616   -0.0000   -0.0000    0.0000
   40.7572    0.9215    0.9215    0.9617   -0.0000   -0.0000    0.0000
   40.8000    0.9217    0.9217    0.9617   -0.0000   -0.0000    0.0000
   40.8428    0.9219    0.9219    0.9618   -0.0000   -0.0000    0.0000
   40.8857    0.9221    0.9221    0.9619   -0.0000   -0.0000    0.0000
   40.9285    0.9223    0.9223    0.9620   -0.0000   -0.0000    0.0000
   40.9713    0.9225    0.9225    0.9621   -0.0000   -0.0000    0.0000
   41.0141    0.9226    0.9226    0.9622   -0.0000   -0.0000    0.0000
   41.0569    0.9228    0.9228    0.9623   -0.0000   -0.0000    0.0000
   41.0997    0.9230    0.9230    0.9623   -0.0000   -0.0000    0.0000
   41.1425    0.9232    0.9232    0.9624   -0.0000   -0.0000    0.0000
   41.1853    0.9234    0.9234    0.9625   -0.0000   -0.0000    0.0000
   41.2282    0.9235    0.9235    0.9626   -0.0000   -0.0000    0.0000
   41.2710    0.9237    0.9237    0.9627   -0.0000   -0.0000    0.0000
   41.3138    0.9239    0.9239    0.9628   -0.0000   -0.0000    0.0000
   41.3566    0.9241    0.9241    0.9628   -0.0000   -0.0000    0.0000
   41.3994    0.9243    0.9243    0.9629   -0.0000   -0.0000    0.0000
   41.4422    0.9244    0.9244    0.9630   -0.0000   -0.0000    0.0000
   41.4850    0.9246    0.9246    0.9631   -0.0000   -0.0000    0.0000
   41.5278    0.9248    0.9248    0.9632   -0.0000   -0.0000    0.0000
   41.5706    0.9250    0.9250    0.9632   -0.0000   -0.0000    0.0000
   41.6135    0.9251    0.9251    0.9633   -0.0000   -0.0000    0.0000
   41.6563    0.9253    0.9253    0.9634   -0.0000   -0.0000    0.0000
   41.6991    0.9255    0.9255    0.9635   -0.0000   -0.0000    0.0000
   41.7419    0.9256    0.9256    0.9636   -0.0000   -0.0000    0.0000
   41.7847    0.9258    0.9258    0.9636   -0.0000   -0.0000    0.0000
   41.8275    0.9260    0.9260    0.9637   -0.0000   -0.0000    0.0000
   41.8703    0.9262    0.9262    0.9638   -0.0000   -0.0000    0.0000
   41.9131    0.9263    0.9263    0.9639   -0.0000   -0.0000    0.0000
   41.9560    0.9265    0.9265    0.9640   -0.0000   -0.0000    0.0000
   41.9988    0.9267    0.9267    0.9640   -0.0000   -0.0000    0.0000
   42.0416    0.9268    0.9268    0.9641   -0.0000   -0.0000    0.0000
   42.0844    0.9270    0.9270    0.9642   -0.0000   -0.0000    0.0000
   42.1272    0.9272    0.9272    0.9643   -0.0000   -0.0000    0.0000
   42.1700    0.9273    0.9273    0.9644   -0.0000   -0.0000    0.0000
   42.2128    0.9275    0.9275    0.9644   -0.0000   -0.0000    0.0000
   42.2556    0.9277    0.9277    0.9645   -0.0000   -0.0000    0.0000
   42.2985    0.9278    0.9278    0.9646   -0.0000   -0.0000    0.0000
   42.3413    0.9280    0.9280    0.9647   -0.0000   -0.0000    0.0000
   42.3841    0.9281    0.9281    0.9647   -0.0000   -0.0000    0.0000
   42.4269    0.9283    0.9283    0.9648   -0.0000   -0.0000    0.0000
   42.4697    0.9285    0.9285    0.9649   -0.0000   -0.0000    0.0000
   42.5125    0.9286    0.9286    0.9650   -0.0000   -0.0000    0.0000
   42.5553    0.9288    0.9288    0.9650   -0.0000   -0.0000    0.0000
   42.5981    0.9290    0.9290    0.9651   -0.0000   -0.0000    0.0000
   42.6410    0.9291    0.9291    0.9652   -0.0000   -0.0000    0.0000
   42.6838    0.9293    0.9293    0.9653   -0.0000   -0.0000    0.0000
   42.7266    0.9294    0.9294    0.9653   -0.0000   -0.0000    0.0000
   42.7694    0.9296    0.9296    0.9654   -0.0000   -0.0000    0.0000
