  #energy          xx             yy              zz              xy              yz              zx
  0.00000000E+00  0.63389685E+00  0.63389685E+00  0.95450441E-01  0.10000000E+01  0.10000000E+01  0.10000000E+01
  0.42800000E-01  0.63520401E+00  0.63520401E+00  0.95939614E-01  0.10000000E+01  0.10000000E+01  0.10000000E+01
  0.85600000E-01  0.63910915E+00  0.63910915E+00  0.97400706E-01  0.10000000E+01  0.10000000E+01  0.10000000E+01
  0.12840000E+00  0.64548518E+00  0.64548518E+00  0.99693834E-01  0.10000000E+01  0.10000000E+01  0.10000000E+01
  0.17120000E+00  0.65369919E+00  0.65369919E+00  0.10227385E+00  0.10000000E+01  0.10000000E+01  0.10000000E+01
  0.21410000E+00  0.66205309E+00  0.66205309E+00  0.10390813E+00  0.10000000E+01  0.10000000E+01  0.10000000E+01
  0.25690000E+00  0.66874012E+00  0.66874012E+00  0.10327208E+00  0.10000000E+01  0.10000000E+01  0.10000000E+01
  0.29970000E+00  0.67312404E+00  0.67312404E+00  0.99327600E-01  0.10000000E+01  0.10000000E+01  0.10000000E+01
  0.34250000E+00  0.67450268E+00  0.67450268E+00  0.92041625E-01  0.10000000E+01  0.10000000E+01  0.10000000E+01
  0.38530000E+00  0.67233035E+00  0.67233035E+00  0.83346932E-01  0.10000000E+01  0.10000000E+01  0.10000000E+01
  0.42810000E+00  0.66695654E+00  0.66695654E+00  0.75495323E-01  0.10000000E+01  0.10000000E+01  0.10000000E+01
  0.47090000E+00  0.65853923E+00  0.65853923E+00  0.69507526E-01  0.10000000E+01  0.10000000E+01  0.10000000E+01
  0.51370000E+00  0.64557008E+00  0.64557008E+00  0.65593214E-01  0.10000000E+01  0.10000000E+01  0.10000000E+01
  0.55660000E+00  0.62770911E+00  0.62770911E+00  0.63500895E-01  0.10000000E+01  0.10000000E+01  0.10000000E+01
  0.59940000E+00  0.60795615E+00  0.60795615E+00  0.62600254E-01  0.10000000E+01  0.10000000E+01  0.10000000E+01
  0.64220000E+00  0.58949242E+00  0.58949242E+00  0.62158910E-01  0.10000000E+01  0.10000000E+01  0.10000000E+01
  0.68500000E+00  0.57382286E+00  0.57382414E+00  0.61678871E-01  0.10000000E+01  0.10000000E+01  0.10000000E+01
  0.72780000E+00  0.56098026E+00  0.56098026E+00  0.60871114E-01  0.10000000E+01  0.10000000E+01  0.10000000E+01
  0.77060000E+00  0.55019402E+00  0.55019402E+00  0.59641671E-01  0.10000000E+01  0.10000000E+01  0.10000000E+01
  0.81340000E+00  0.54110652E+00  0.54110652E+00  0.58031967E-01  0.10000000E+01  0.10000000E+01  0.10000000E+01
  0.85620000E+00  0.53443262E+00  0.53443262E+00  0.56147385E-01  0.10000000E+01  0.10000000E+01  0.10000000E+01
  0.89910000E+00  0.53072757E+00  0.53072757E+00  0.54125048E-01  0.10000000E+01  0.10000000E+01  0.10000000E+01
  0.94190000E+00  0.52950826E+00  0.52950826E+00  0.52083639E-01  0.10000000E+01  0.10000000E+01  0.10000000E+01
  0.98470000E+00  0.52963511E+00  0.52963511E+00  0.50099633E-01  0.10000000E+01  0.10000000E+01  0.10000000E+01
  0.10275000E+01  0.52923963E+00  0.52923963E+00  0.48276601E-01  0.10000000E+01  0.10000000E+01  0.10000000E+01
  0.10703000E+01  0.52521030E+00  0.52521030E+00  0.46722023E-01  0.10000000E+01  0.10000000E+01  0.10000000E+01
  0.11131000E+01  0.51607624E+00  0.51607624E+00  0.45393870E-01  0.10000000E+01  0.10000000E+01  0.10000000E+01
  0.11559000E+01  0.50347686E+00  0.50347686E+00  0.44145958E-01  0.10000000E+01  0.10000000E+01  0.10000000E+01
  0.11987000E+01  0.48906154E+00  0.48906154E+00  0.42929178E-01  0.10000000E+01  0.10000000E+01  0.10000000E+01
  0.12416000E+01  0.47344024E+00  0.47344024E+00  0.41724500E-01  0.10000000E+01  0.10000000E+01  0.10000000E+01
  0.12844000E+01  0.45624690E+00  0.45624690E+00  0.40542707E-01  0.10000000E+01  0.10000000E+01  0.10000000E+01
  0.13272000E+01  0.43622797E+00  0.43622797E+00  0.39434735E-01  0.10000000E+01  0.10000000E+01  0.10000000E+01
  0.13700000E+01  0.41157847E+00  0.41157847E+00  0.38455344E-01  0.10000000E+01  0.10000000E+01  0.10000000E+01
  0.14128000E+01  0.38218146E+00  0.38218146E+00  0.37552527E-01  0.10000000E+01  0.10000000E+01  0.10000000E+01
  0.14556000E+01  0.35042685E+00  0.35042685E+00  0.36505983E-01  0.10000000E+01  0.10000000E+01  0.10000000E+01
  0.14984000E+01  0.31937644E+00  0.31937644E+00  0.35174997E-01  0.10000000E+01  0.10000000E+01  0.10000000E+01
  0.15412000E+01  0.29176833E+00  0.29176833E+00  0.33790025E-01  0.10000000E+01  0.10000000E+01  0.10000000E+01
  0.15841000E+01  0.26946079E+00  0.26946079E+00  0.32662026E-01  0.10000000E+01  0.10000000E+01  0.10000000E+01
  0.16269000E+01  0.25316340E+00  0.25316340E+00  0.31956226E-01  0.10000000E+01  0.10000000E+01  0.10000000E+01
  0.16697000E+01  0.24268144E+00  0.24268144E+00  0.31669629E-01  0.10000000E+01  0.10000000E+01  0.10000000E+01
  0.17125000E+01  0.23721901E+00  0.23721901E+00  0.31699073E-01  0.10000000E+01  0.10000000E+01  0.10000000E+01
  0.17553000E+01  0.23561076E+00  0.23561076E+00  0.31959529E-01  0.10000000E+01  0.10000000E+01  0.10000000E+01
  0.17981000E+01  0.23663176E+00  0.23663176E+00  0.32328662E-01  0.10000000E+01  0.10000000E+01  0.10000000E+01
  0.18409000E+01  0.23933080E+00  0.23933080E+00  0.32697524E-01  0.10000000E+01  0.10000000E+01  0.10000000E+01
  0.18837000E+01  0.24333025E+00  0.24333025E+00  0.33051497E-01  0.10000000E+01  0.10000000E+01  0.10000000E+01
  0.19265000E+01  0.24871438E+00  0.24871438E+00  0.33390220E-01  0.10000000E+01  0.10000000E+01  0.10000000E+01
  0.19694000E+01  0.25565215E+00  0.25565215E+00  0.33577782E-01  0.10000000E+01  0.10000000E+01  0.10000000E+01
  0.20122000E+01  0.26426620E+00  0.26426620E+00  0.33389348E-01  0.10000000E+01  0.10000000E+01  0.10000000E+01
  0.20550000E+01  0.27488475E+00  0.27488475E+00  0.32741403E-01  0.10000000E+01  0.10000000E+01  0.10000000E+01
  0.20978000E+01  0.28825747E+00  0.28825747E+00  0.31704849E-01  0.10000000E+01  0.10000000E+01  0.10000000E+01
  0.21406000E+01  0.30576214E+00  0.30576214E+00  0.30476799E-01  0.10000000E+01  0.10000000E+01  0.10000000E+01
  0.21834000E+01  0.32921008E+00  0.32921008E+00  0.29416005E-01  0.10000000E+01  0.10000000E+01  0.10000000E+01
  0.22262000E+01  0.35850220E+00  0.35850220E+00  0.28676822E-01  0.10000000E+01  0.10000000E+01  0.10000000E+01
  0.22690000E+01  0.38960637E+00  0.38960637E+00  0.27926087E-01  0.10000000E+01  0.10000000E+01  0.10000000E+01
  0.23119000E+01  0.41832772E+00  0.41832772E+00  0.26787137E-01  0.10000000E+01  0.10000000E+01  0.10000000E+01
  0.23547000E+01  0.44331226E+00  0.44331226E+00  0.25547655E-01  0.10000000E+01  0.10000000E+01  0.10000000E+01
  0.23975000E+01  0.46502750E+00  0.46502750E+00  0.24666380E-01  0.10000000E+01  0.10000000E+01  0.10000000E+01
  0.24403000E+01  0.48409776E+00  0.48409776E+00  0.24165059E-01  0.10000000E+01  0.10000000E+01  0.10000000E+01
  0.24831000E+01  0.50035216E+00  0.50035216E+00  0.23883010E-01  0.10000000E+01  0.10000000E+01  0.10000000E+01
  0.25259000E+01  0.51249452E+00  0.51249452E+00  0.23686295E-01  0.10000000E+01  0.10000000E+01  0.10000000E+01
  0.25687000E+01  0.51858435E+00  0.51858435E+00  0.23522079E-01  0.10000000E+01  0.10000000E+01  0.10000000E+01
  0.26115000E+01  0.51743690E+00  0.51743690E+00  0.23368027E-01  0.10000000E+01  0.10000000E+01  0.10000000E+01
  0.26544000E+01  0.51271121E+00  0.51271121E+00  0.23230110E-01  0.10000000E+01  0.10000000E+01  0.10000000E+01
  0.26972000E+01  0.51243285E+00  0.51243285E+00  0.23107070E-01  0.10000000E+01  0.10000000E+01  0.10000000E+01
  0.27400000E+01  0.51466518E+00  0.51466518E+00  0.22982461E-01  0.10000000E+01  0.10000000E+01  0.10000000E+01
  0.27828000E+01  0.51039028E+00  0.51039028E+00  0.22842456E-01  0.10000000E+01  0.10000000E+01  0.10000000E+01
  0.28256000E+01  0.49983483E+00  0.49983483E+00  0.22685017E-01  0.10000000E+01  0.10000000E+01  0.10000000E+01
  0.28684000E+01  0.48704972E+00  0.48704972E+00  0.22522936E-01  0.10000000E+01  0.10000000E+01  0.10000000E+01
  0.29112000E+01  0.47470995E+00  0.47470995E+00  0.22374367E-01  0.10000000E+01  0.10000000E+01  0.10000000E+01
  0.29540000E+01  0.46444344E+00  0.46444344E+00  0.22248889E-01  0.10000000E+01  0.10000000E+01  0.10000000E+01
  0.29969000E+01  0.45770368E+00  0.45770368E+00  0.22193829E-01  0.10000000E+01  0.10000000E+01  0.10000000E+01
  0.30397000E+01  0.45582284E+00  0.45582284E+00  0.22204288E-01  0.10000000E+01  0.10000000E+01  0.10000000E+01
  0.30825000E+01  0.45910528E+00  0.45910528E+00  0.22125801E-01  0.10000000E+01  0.10000000E+01  0.10000000E+01
  0.31253000E+01  0.46614224E+00  0.46614224E+00  0.21630816E-01  0.10000000E+01  0.10000000E+01  0.10000000E+01
  0.31681000E+01  0.47484469E+00  0.47484469E+00  0.20866808E-01  0.10000000E+01  0.10000000E+01  0.10000000E+01
  0.32109000E+01  0.48390412E+00  0.48390412E+00  0.20402149E-01  0.10000000E+01  0.10000000E+01  0.10000000E+01
  0.32537000E+01  0.49279865E+00  0.49279865E+00  0.20286809E-01  0.10000000E+01  0.10000000E+01  0.10000000E+01
  0.32965000E+01  0.50126557E+00  0.50126557E+00  0.20353584E-01  0.10000000E+01  0.10000000E+01  0.10000000E+01
  0.33394000E+01  0.50916382E+00  0.50916382E+00  0.20505151E-01  0.10000000E+01  0.10000000E+01  0.10000000E+01
  0.33822000E+01  0.51636384E+00  0.51636384E+00  0.20696823E-01  0.10000000E+01  0.10000000E+01  0.10000000E+01
  0.34250000E+01  0.52266479E+00  0.52266479E+00  0.20910508E-01  0.10000000E+01  0.10000000E+01  0.10000000E+01
  0.34678000E+01  0.52757585E+00  0.52757585E+00  0.21143952E-01  0.10000000E+01  0.10000000E+01  0.10000000E+01
  0.35106000E+01  0.52931625E+00  0.52931625E+00  0.21379389E-01  0.10000000E+01  0.10000000E+01  0.10000000E+01
  0.35534000E+01  0.52617375E+00  0.52617375E+00  0.21619689E-01  0.10000000E+01  0.10000000E+01  0.10000000E+01
  0.35962000E+01  0.51883960E+00  0.51883960E+00  0.21872025E-01  0.10000000E+01  0.10000000E+01  0.10000000E+01
  0.36390000E+01  0.50884073E+00  0.50884073E+00  0.22146797E-01  0.10000000E+01  0.10000000E+01  0.10000000E+01
  0.36818000E+01  0.49711252E+00  0.49711252E+00  0.22440823E-01  0.10000000E+01  0.10000000E+01  0.10000000E+01
  0.37247000E+01  0.48432146E+00  0.48432146E+00  0.22742082E-01  0.10000000E+01  0.10000000E+01  0.10000000E+01
  0.37675000E+01  0.47097251E+00  0.47097251E+00  0.23039216E-01  0.10000000E+01  0.10000000E+01  0.10000000E+01
  0.38103000E+01  0.45743955E+00  0.45743955E+00  0.23316445E-01  0.10000000E+01  0.10000000E+01  0.10000000E+01
  0.38531000E+01  0.44395948E+00  0.44395948E+00  0.23581928E-01  0.10000000E+01  0.10000000E+01  0.10000000E+01
  0.38959000E+01  0.43062674E+00  0.43062674E+00  0.23843260E-01  0.10000000E+01  0.10000000E+01  0.10000000E+01
  0.39387000E+01  0.41767872E+00  0.41767872E+00  0.24114375E-01  0.10000000E+01  0.10000000E+01  0.10000000E+01
  0.39815000E+01  0.40523135E+00  0.40523135E+00  0.24395960E-01  0.10000000E+01  0.10000000E+01  0.10000000E+01
  0.40243000E+01  0.39329579E+00  0.39329579E+00  0.24690457E-01  0.10000000E+01  0.10000000E+01  0.10000000E+01
  0.40672000E+01  0.38171436E+00  0.38171436E+00  0.25002200E-01  0.10000000E+01  0.10000000E+01  0.10000000E+01
  0.41100000E+01  0.37017195E+00  0.37017195E+00  0.25328323E-01  0.10000000E+01  0.10000000E+01  0.10000000E+01
  0.41528000E+01  0.35845885E+00  0.35845885E+00  0.25667714E-01  0.10000000E+01  0.10000000E+01  0.10000000E+01
  0.41956000E+01  0.34663201E+00  0.34663201E+00  0.26018914E-01  0.10000000E+01  0.10000000E+01  0.10000000E+01
  0.42384000E+01  0.33480079E+00  0.33480079E+00  0.26387181E-01  0.10000000E+01  0.10000000E+01  0.10000000E+01
  0.42812000E+01  0.32303445E+00  0.32303445E+00  0.26775083E-01  0.10000000E+01  0.10000000E+01  0.10000000E+01
  0.43240000E+01  0.31142285E+00  0.31142285E+00  0.27177411E-01  0.10000000E+01  0.10000000E+01  0.10000000E+01
  0.43668000E+01  0.30002165E+00  0.30002165E+00  0.27598059E-01  0.10000000E+01  0.10000000E+01  0.10000000E+01
  0.44097000E+01  0.28886874E+00  0.28886874E+00  0.28030365E-01  0.10000000E+01  0.10000000E+01  0.10000000E+01
  0.44525000E+01  0.27789927E+00  0.27789927E+00  0.28476918E-01  0.10000000E+01  0.10000000E+01  0.10000000E+01
  0.44953000E+01  0.26725645E+00  0.26725645E+00  0.28936359E-01  0.10000000E+01  0.10000000E+01  0.10000000E+01
  0.45381000E+01  0.25686437E+00  0.25686437E+00  0.29392671E-01  0.10000000E+01  0.10000000E+01  0.10000000E+01
  0.45809000E+01  0.24683720E+00  0.24683720E+00  0.29849805E-01  0.10000000E+01  0.10000000E+01  0.10000000E+01
  0.46237000E+01  0.23718887E+00  0.23718887E+00  0.30310424E-01  0.10000000E+01  0.10000000E+01  0.10000000E+01
  0.46665000E+01  0.22794988E+00  0.22794988E+00  0.30774522E-01  0.10000000E+01  0.10000000E+01  0.10000000E+01
  0.47093000E+01  0.21922140E+00  0.21922140E+00  0.31239400E-01  0.10000000E+01  0.10000000E+01  0.10000000E+01
  0.47522000E+01  0.21106708E+00  0.21106708E+00  0.31710418E-01  0.10000000E+01  0.10000000E+01  0.10000000E+01
  0.47950000E+01  0.20369903E+00  0.20369903E+00  0.32190260E-01  0.10000000E+01  0.10000000E+01  0.10000000E+01
  0.48378000E+01  0.19715301E+00  0.19715301E+00  0.32680289E-01  0.10000000E+01  0.10000000E+01  0.10000000E+01
  0.48806000E+01  0.19155442E+00  0.19155442E+00  0.33194045E-01  0.10000000E+01  0.10000000E+01  0.10000000E+01
  0.49234000E+01  0.18660379E+00  0.18660379E+00  0.33728917E-01  0.10000000E+01  0.10000000E+01  0.10000000E+01
  0.49662000E+01  0.18125124E+00  0.18125124E+00  0.34278232E-01  0.10000000E+01  0.10000000E+01  0.10000000E+01
  0.50090000E+01  0.17390633E+00  0.17390633E+00  0.34837999E-01  0.10000000E+01  0.10000000E+01  0.10000000E+01
  0.50518000E+01  0.16342967E+00  0.16342967E+00  0.35410962E-01  0.10000000E+01  0.10000000E+01  0.10000000E+01
  0.50947000E+01  0.14969861E+00  0.14969861E+00  0.35990278E-01  0.10000000E+01  0.10000000E+01  0.10000000E+01
  0.51375000E+01  0.13395683E+00  0.13395683E+00  0.36578789E-01  0.10000000E+01  0.10000000E+01  0.10000000E+01
  0.51803000E+01  0.11827213E+00  0.11827213E+00  0.37180389E-01  0.10000000E+01  0.10000000E+01  0.10000000E+01
  0.52231000E+01  0.10404809E+00  0.10404809E+00  0.37797939E-01  0.10000000E+01  0.10000000E+01  0.10000000E+01
  0.52659000E+01  0.91614513E-01  0.91614513E-01  0.38430003E-01  0.10000000E+01  0.10000000E+01  0.10000000E+01
  0.53087000E+01  0.80851616E-01  0.80851616E-01  0.39084728E-01  0.10000000E+01  0.10000000E+01  0.10000000E+01
  0.53515000E+01  0.71557546E-01  0.71557546E-01  0.39766185E-01  0.10000000E+01  0.10000000E+01  0.10000000E+01
  0.53943000E+01  0.63493796E-01  0.63493796E-01  0.40477337E-01  0.10000000E+01  0.10000000E+01  0.10000000E+01
  0.54371000E+01  0.56452715E-01  0.56452715E-01  0.41220800E-01  0.10000000E+01  0.10000000E+01  0.10000000E+01
  0.54800000E+01  0.50277735E-01  0.50277735E-01  0.42005187E-01  0.10000000E+01  0.10000000E+01  0.10000000E+01
  0.55228000E+01  0.44816849E-01  0.44816849E-01  0.42833625E-01  0.10000000E+01  0.10000000E+01  0.10000000E+01
  0.55656000E+01  0.39988763E-01  0.39988763E-01  0.43692477E-01  0.10000000E+01  0.10000000E+01  0.10000000E+01
  0.56084000E+01  0.35677747E-01  0.35677747E-01  0.44576223E-01  0.10000000E+01  0.10000000E+01  0.10000000E+01
  0.56512000E+01  0.31829985E-01  0.31829985E-01  0.45499660E-01  0.10000000E+01  0.10000000E+01  0.10000000E+01
  0.56940000E+01  0.28392505E-01  0.28392505E-01  0.46458691E-01  0.10000000E+01  0.10000000E+01  0.10000000E+01
  0.57368000E+01  0.25298489E-01  0.25298489E-01  0.47470293E-01  0.10000000E+01  0.10000000E+01  0.10000000E+01
  0.57796000E+01  0.22525011E-01  0.22525011E-01  0.48528825E-01  0.10000000E+01  0.10000000E+01  0.10000000E+01
  0.58225000E+01  0.20053154E-01  0.20053154E-01  0.49639959E-01  0.10000000E+01  0.10000000E+01  0.10000000E+01
  0.58653000E+01  0.17837663E-01  0.17837663E-01  0.50806057E-01  0.10000000E+01  0.10000000E+01  0.10000000E+01
  0.59081000E+01  0.15874066E-01  0.15874066E-01  0.52048845E-01  0.10000000E+01  0.10000000E+01  0.10000000E+01
  0.59509000E+01  0.14120928E-01  0.14120928E-01  0.53383520E-01  0.10000000E+01  0.10000000E+01  0.10000000E+01
  0.59937000E+01  0.12556038E-01  0.12556038E-01  0.54837823E-01  0.10000000E+01  0.10000000E+01  0.10000000E+01
  0.60365000E+01  0.11148075E-01  0.11148075E-01  0.56430017E-01  0.10000000E+01  0.10000000E+01  0.10000000E+01
  0.60793000E+01  0.98905725E-02  0.98905725E-02  0.58169428E-01  0.10000000E+01  0.10000000E+01  0.10000000E+01
  0.61221000E+01  0.87536269E-02  0.87536269E-02  0.60055646E-01  0.10000000E+01  0.10000000E+01  0.10000000E+01
  0.61650000E+01  0.77229388E-02  0.77229388E-02  0.62030430E-01  0.10000000E+01  0.10000000E+01  0.10000000E+01
  0.62078000E+01  0.67901979E-02  0.67901979E-02  0.64022495E-01  0.10000000E+01  0.10000000E+01  0.10000000E+01
  0.62506000E+01  0.59525022E-02  0.59525022E-02  0.65996126E-01  0.10000000E+01  0.10000000E+01  0.10000000E+01
  0.62934000E+01  0.51955925E-02  0.51955925E-02  0.67958832E-01  0.10000000E+01  0.10000000E+01  0.10000000E+01
  0.63362000E+01  0.45127378E-02  0.45127378E-02  0.69946557E-01  0.10000000E+01  0.10000000E+01  0.10000000E+01
  0.63790000E+01  0.39044927E-02  0.39044927E-02  0.72006233E-01  0.10000000E+01  0.10000000E+01  0.10000000E+01
  0.64218000E+01  0.33533584E-02  0.33533584E-02  0.74165534E-01  0.10000000E+01  0.10000000E+01  0.10000000E+01
  0.64646000E+01  0.28623392E-02  0.28623392E-02  0.76454068E-01  0.10000000E+01  0.10000000E+01  0.10000000E+01
  0.65075000E+01  0.24275429E-02  0.24275429E-02  0.78902595E-01  0.10000000E+01  0.10000000E+01  0.10000000E+01
  0.65503000E+01  0.20417637E-02  0.20417637E-02  0.81532330E-01  0.10000000E+01  0.10000000E+01  0.10000000E+01
  0.65931000E+01  0.17072065E-02  0.17072065E-02  0.84363591E-01  0.10000000E+01  0.10000000E+01  0.10000000E+01
  0.66359000E+01  0.14155935E-02  0.14155935E-02  0.87424793E-01  0.10000000E+01  0.10000000E+01  0.10000000E+01
  0.66787000E+01  0.11755356E-02  0.11755356E-02  0.90780316E-01  0.10000000E+01  0.10000000E+01  0.10000000E+01
  0.67215000E+01  0.98426883E-03  0.98426883E-03  0.94520617E-01  0.10000000E+01  0.10000000E+01  0.10000000E+01
  0.67643000E+01  0.83948969E-03  0.83948969E-03  0.98783121E-01  0.10000000E+01  0.10000000E+01  0.10000000E+01
  0.68071000E+01  0.73434145E-03  0.73434145E-03  0.10373436E+00  0.10000000E+01  0.10000000E+01  0.10000000E+01
  0.68500000E+01  0.65759911E-03  0.65759911E-03  0.10943599E+00  0.10000000E+01  0.10000000E+01  0.10000000E+01
  0.68928000E+01  0.60065831E-03  0.60065831E-03  0.11569818E+00  0.10000000E+01  0.10000000E+01  0.10000000E+01
  0.69356000E+01  0.55458857E-03  0.55458857E-03  0.12206560E+00  0.10000000E+01  0.10000000E+01  0.10000000E+01
  0.69784000E+01  0.51829806E-03  0.51829806E-03  0.12798206E+00  0.10000000E+01  0.10000000E+01  0.10000000E+01
  0.70212000E+01  0.50374581E-03  0.50374581E-03  0.13300507E+00  0.10000000E+01  0.10000000E+01  0.10000000E+01
  0.70640000E+01  0.52327793E-03  0.52327793E-03  0.13716087E+00  0.10000000E+01  0.10000000E+01  0.10000000E+01
  0.71068000E+01  0.57775696E-03  0.57775696E-03  0.14083611E+00  0.10000000E+01  0.10000000E+01  0.10000000E+01
  0.71496000E+01  0.66544134E-03  0.66544134E-03  0.14439865E+00  0.10000000E+01  0.10000000E+01  0.10000000E+01
  0.71925000E+01  0.77575426E-03  0.77575426E-03  0.14798111E+00  0.10000000E+01  0.10000000E+01  0.10000000E+01
  0.72353000E+01  0.89952089E-03  0.89952089E-03  0.15149040E+00  0.10000000E+01  0.10000000E+01  0.10000000E+01
  0.72781000E+01  0.10283836E-02  0.10283836E-02  0.15465814E+00  0.10000000E+01  0.10000000E+01  0.10000000E+01
  0.73209000E+01  0.11594255E-02  0.11594255E-02  0.15711399E+00  0.10000000E+01  0.10000000E+01  0.10000000E+01
  0.73637000E+01  0.12938375E-02  0.12938375E-02  0.15873947E+00  0.10000000E+01  0.10000000E+01  0.10000000E+01
  0.74065000E+01  0.14337576E-02  0.14337576E-02  0.15986916E+00  0.10000000E+01  0.10000000E+01  0.10000000E+01
  0.74493000E+01  0.15795228E-02  0.15795228E-02  0.16093974E+00  0.10000000E+01  0.10000000E+01  0.10000000E+01
  0.74921000E+01  0.17289012E-02  0.17289012E-02  0.16203699E+00  0.10000000E+01  0.10000000E+01  0.10000000E+01
  0.75349000E+01  0.18782152E-02  0.18782152E-02  0.16287391E+00  0.10000000E+01  0.10000000E+01  0.10000000E+01
  0.75778000E+01  0.20260717E-02  0.20260717E-02  0.16314495E+00  0.10000000E+01  0.10000000E+01  0.10000000E+01
  0.76206000E+01  0.21646640E-02  0.21646640E-02  0.16266519E+00  0.10000000E+01  0.10000000E+01  0.10000000E+01
  0.76634000E+01  0.22916105E-02  0.22916105E-02  0.16156785E+00  0.10000000E+01  0.10000000E+01  0.10000000E+01
  0.77062000E+01  0.24044873E-02  0.24044873E-02  0.16040337E+00  0.10000000E+01  0.10000000E+01  0.10000000E+01
  0.77490000E+01  0.25097545E-02  0.25097545E-02  0.15968422E+00  0.10000000E+01  0.10000000E+01  0.10000000E+01
  0.77918000E+01  0.26104165E-02  0.26104165E-02  0.15896994E+00  0.10000000E+01  0.10000000E+01  0.10000000E+01
  0.78346000E+01  0.27171107E-02  0.27171107E-02  0.15738282E+00  0.10000000E+01  0.10000000E+01  0.10000000E+01
  0.78774000E+01  0.28281009E-02  0.28281009E-02  0.15504192E+00  0.10000000E+01  0.10000000E+01  0.10000000E+01
  0.79203000E+01  0.29443190E-02  0.29443190E-02  0.15256706E+00  0.10000000E+01  0.10000000E+01  0.10000000E+01
  0.79631000E+01  0.30614972E-02  0.30614972E-02  0.14978049E+00  0.10000000E+01  0.10000000E+01  0.10000000E+01
  0.80059000E+01  0.31801207E-02  0.31801207E-02  0.14597361E+00  0.10000000E+01  0.10000000E+01  0.10000000E+01
  0.80487000E+01  0.32976183E-02  0.32976183E-02  0.14072072E+00  0.10000000E+01  0.10000000E+01  0.10000000E+01
  0.80915000E+01  0.34109816E-02  0.34109816E-02  0.13368387E+00  0.10000000E+01  0.10000000E+01  0.10000000E+01
  0.81343000E+01  0.35078576E-02  0.35078576E-02  0.12444492E+00  0.10000000E+01  0.10000000E+01  0.10000000E+01
  0.81771000E+01  0.35832071E-02  0.35832071E-02  0.11298477E+00  0.10000000E+01  0.10000000E+01  0.10000000E+01
  0.82199000E+01  0.36731077E-02  0.36731077E-02  0.10044534E+00  0.10000000E+01  0.10000000E+01  0.10000000E+01
  0.82628000E+01  0.38092957E-02  0.38092957E-02  0.88689290E-01  0.10000000E+01  0.10000000E+01  0.10000000E+01
  0.83056000E+01  0.39909060E-02  0.39909060E-02  0.78565911E-01  0.10000000E+01  0.10000000E+01  0.10000000E+01
  0.83484000E+01  0.42071348E-02  0.42071348E-02  0.70180057E-01  0.10000000E+01  0.10000000E+01  0.10000000E+01
  0.83912000E+01  0.44461128E-02  0.44461128E-02  0.63523419E-01  0.10000000E+01  0.10000000E+01  0.10000000E+01
  0.84340000E+01  0.46998489E-02  0.46998489E-02  0.58374156E-01  0.10000000E+01  0.10000000E+01  0.10000000E+01
  0.84768000E+01  0.49662307E-02  0.49662307E-02  0.54910415E-01  0.10000000E+01  0.10000000E+01  0.10000000E+01
  0.85196000E+01  0.52423520E-02  0.52423520E-02  0.54213414E-01  0.10000000E+01  0.10000000E+01  0.10000000E+01
  0.85624000E+01  0.55342649E-02  0.55342649E-02  0.57648715E-01  0.10000000E+01  0.10000000E+01  0.10000000E+01
  0.86053000E+01  0.58505320E-02  0.58505320E-02  0.66138826E-01  0.10000000E+01  0.10000000E+01  0.10000000E+01
  0.86481000E+01  0.61803817E-02  0.61803817E-02  0.79702194E-01  0.10000000E+01  0.10000000E+01  0.10000000E+01
  0.86909000E+01  0.65213914E-02  0.65213914E-02  0.97708533E-01  0.10000000E+01  0.10000000E+01  0.10000000E+01
  0.87337000E+01  0.68738624E-02  0.68738624E-02  0.11934958E+00  0.10000000E+01  0.10000000E+01  0.10000000E+01
  0.87765000E+01  0.72257639E-02  0.72257639E-02  0.14361271E+00  0.10000000E+01  0.10000000E+01  0.10000000E+01
  0.88193000E+01  0.75630454E-02  0.75630454E-02  0.16889454E+00  0.10000000E+01  0.10000000E+01  0.10000000E+01
  0.88621000E+01  0.78712690E-02  0.78712690E-02  0.19424604E+00  0.10000000E+01  0.10000000E+01  0.10000000E+01
  0.89049000E+01  0.81501297E-02  0.81501297E-02  0.21872629E+00  0.10000000E+01  0.10000000E+01  0.10000000E+01
  0.89478000E+01  0.84245151E-02  0.84245151E-02  0.23961972E+00  0.10000000E+01  0.10000000E+01  0.10000000E+01
  0.89906000E+01  0.87330263E-02  0.87330263E-02  0.25570877E+00  0.10000000E+01  0.10000000E+01  0.10000000E+01
  0.90334000E+01  0.90690707E-02  0.90690707E-02  0.26862040E+00  0.10000000E+01  0.10000000E+01  0.10000000E+01
  0.90762000E+01  0.94229890E-02  0.94229890E-02  0.28025048E+00  0.10000000E+01  0.10000000E+01  0.10000000E+01
  0.91190000E+01  0.97866361E-02  0.97866361E-02  0.29165686E+00  0.10000000E+01  0.10000000E+01  0.10000000E+01
  0.91618000E+01  0.10164544E-01  0.10164544E-01  0.30291303E+00  0.10000000E+01  0.10000000E+01  0.10000000E+01
  0.92046000E+01  0.10550277E-01  0.10550277E-01  0.31398451E+00  0.10000000E+01  0.10000000E+01  0.10000000E+01
  0.92474000E+01  0.10947161E-01  0.10947161E-01  0.32516345E+00  0.10000000E+01  0.10000000E+01  0.10000000E+01
  0.92902000E+01  0.11355875E-01  0.11355875E-01  0.33633001E+00  0.10000000E+01  0.10000000E+01  0.10000000E+01
  0.93331000E+01  0.11782133E-01  0.11782133E-01  0.34705790E+00  0.10000000E+01  0.10000000E+01  0.10000000E+01
  0.93759000E+01  0.12223943E-01  0.12223943E-01  0.35733372E+00  0.10000000E+01  0.10000000E+01  0.10000000E+01
  0.94187000E+01  0.12677360E-01  0.12677360E-01  0.36629973E+00  0.10000000E+01  0.10000000E+01  0.10000000E+01
  0.94615000E+01  0.13150626E-01  0.13150626E-01  0.37182192E+00  0.10000000E+01  0.10000000E+01  0.10000000E+01
  0.95043000E+01  0.13639253E-01  0.13639253E-01  0.37159795E+00  0.10000000E+01  0.10000000E+01  0.10000000E+01
  0.95471000E+01  0.14143916E-01  0.14143916E-01  0.36402318E+00  0.10000000E+01  0.10000000E+01  0.10000000E+01
  0.95899000E+01  0.14664711E-01  0.14664711E-01  0.34982341E+00  0.10000000E+01  0.10000000E+01  0.10000000E+01
  0.96327000E+01  0.15201724E-01  0.15201724E-01  0.33045138E+00  0.10000000E+01  0.10000000E+01  0.10000000E+01
  0.96756000E+01  0.15758734E-01  0.15758734E-01  0.30691769E+00  0.10000000E+01  0.10000000E+01  0.10000000E+01
  0.97184000E+01  0.16332170E-01  0.16332170E-01  0.28003033E+00  0.10000000E+01  0.10000000E+01  0.10000000E+01
  0.97612000E+01  0.16922091E-01  0.16922091E-01  0.25057483E+00  0.10000000E+01  0.10000000E+01  0.10000000E+01
  0.98040000E+01  0.17531824E-01  0.17531824E-01  0.22011708E+00  0.10000000E+01  0.10000000E+01  0.10000000E+01
  0.98468000E+01  0.18165331E-01  0.18165331E-01  0.19028788E+00  0.10000000E+01  0.10000000E+01  0.10000000E+01
  0.98896000E+01  0.18819471E-01  0.18819471E-01  0.16284095E+00  0.10000000E+01  0.10000000E+01  0.10000000E+01
  0.99324000E+01  0.19498213E-01  0.19498213E-01  0.13881707E+00  0.10000000E+01  0.10000000E+01  0.10000000E+01
  0.99752000E+01  0.20201716E-01  0.20201716E-01  0.11875913E+00  0.10000000E+01  0.10000000E+01  0.10000000E+01
  0.10018100E+02  0.20933560E-01  0.20933560E-01  0.10256938E+00  0.10000000E+01  0.10000000E+01  0.10000000E+01
  0.10060900E+02  0.21694437E-01  0.21694437E-01  0.89990261E-01  0.10000000E+01  0.10000000E+01  0.10000000E+01
  0.10103700E+02  0.22484032E-01  0.22484032E-01  0.80297020E-01  0.10000000E+01  0.10000000E+01  0.10000000E+01
  0.10146500E+02  0.23302979E-01  0.23302979E-01  0.72397597E-01  0.10000000E+01  0.10000000E+01  0.10000000E+01
  0.10189300E+02  0.24163009E-01  0.24163009E-01  0.65535802E-01  0.10000000E+01  0.10000000E+01  0.10000000E+01
  0.10232100E+02  0.25068953E-01  0.25068953E-01  0.59309513E-01  0.10000000E+01  0.10000000E+01  0.10000000E+01
  0.10274900E+02  0.26017051E-01  0.26017051E-01  0.53660525E-01  0.10000000E+01  0.10000000E+01  0.10000000E+01
  0.10317700E+02  0.27016643E-01  0.27016643E-01  0.48622475E-01  0.10000000E+01  0.10000000E+01  0.10000000E+01
  0.10360600E+02  0.28071643E-01  0.28071643E-01  0.44394283E-01  0.10000000E+01  0.10000000E+01  0.10000000E+01
  0.10403400E+02  0.29179122E-01  0.29179122E-01  0.41218462E-01  0.10000000E+01  0.10000000E+01  0.10000000E+01
  0.10446200E+02  0.30348018E-01  0.30348018E-01  0.39161101E-01  0.10000000E+01  0.10000000E+01  0.10000000E+01
  0.10489000E+02  0.31569709E-01  0.31569709E-01  0.38052591E-01  0.10000000E+01  0.10000000E+01  0.10000000E+01
  0.10531800E+02  0.32856793E-01  0.32856793E-01  0.37934141E-01  0.10000000E+01  0.10000000E+01  0.10000000E+01
  0.10574600E+02  0.34209848E-01  0.34209848E-01  0.39046207E-01  0.10000000E+01  0.10000000E+01  0.10000000E+01
  0.10617400E+02  0.35633607E-01  0.35633607E-01  0.41592715E-01  0.10000000E+01  0.10000000E+01  0.10000000E+01
  0.10660200E+02  0.37131262E-01  0.37131262E-01  0.45597364E-01  0.10000000E+01  0.10000000E+01  0.10000000E+01
  0.10703100E+02  0.38715370E-01  0.38715370E-01  0.50827556E-01  0.10000000E+01  0.10000000E+01  0.10000000E+01
  0.10745900E+02  0.40395782E-01  0.40395782E-01  0.57098099E-01  0.10000000E+01  0.10000000E+01  0.10000000E+01
  0.10788700E+02  0.42188157E-01  0.42188157E-01  0.64439615E-01  0.10000000E+01  0.10000000E+01  0.10000000E+01
  0.10831500E+02  0.44097921E-01  0.44097921E-01  0.73121177E-01  0.10000000E+01  0.10000000E+01  0.10000000E+01
  0.10874300E+02  0.46146849E-01  0.46146849E-01  0.83819798E-01  0.10000000E+01  0.10000000E+01  0.10000000E+01
  0.10917100E+02  0.48351095E-01  0.48351095E-01  0.97532575E-01  0.10000000E+01  0.10000000E+01  0.10000000E+01
  0.10959900E+02  0.50733627E-01  0.50733627E-01  0.11483013E+00  0.10000000E+01  0.10000000E+01  0.10000000E+01
  0.11002700E+02  0.53311688E-01  0.53311688E-01  0.13496629E+00  0.10000000E+01  0.10000000E+01  0.10000000E+01
  0.11045500E+02  0.56107567E-01  0.56107567E-01  0.15607989E+00  0.10000000E+01  0.10000000E+01  0.10000000E+01
  0.11088400E+02  0.59159319E-01  0.59159319E-01  0.17497320E+00  0.10000000E+01  0.10000000E+01  0.10000000E+01
  0.11131200E+02  0.62527577E-01  0.62527577E-01  0.18735633E+00  0.10000000E+01  0.10000000E+01  0.10000000E+01
  0.11174000E+02  0.66293140E-01  0.66293140E-01  0.19036764E+00  0.10000000E+01  0.10000000E+01  0.10000000E+01
  0.11216800E+02  0.70515127E-01  0.70515127E-01  0.18365784E+00  0.10000000E+01  0.10000000E+01  0.10000000E+01
  0.11259600E+02  0.75270480E-01  0.75270480E-01  0.16913137E+00  0.10000000E+01  0.10000000E+01  0.10000000E+01
  0.11302400E+02  0.80652518E-01  0.80652518E-01  0.14984074E+00  0.10000000E+01  0.10000000E+01  0.10000000E+01
  0.11345200E+02  0.86746412E-01  0.86746412E-01  0.12966220E+00  0.10000000E+01  0.10000000E+01  0.10000000E+01
  0.11388000E+02  0.93594013E-01  0.93594013E-01  0.11117372E+00  0.10000000E+01  0.10000000E+01  0.10000000E+01
  0.11430900E+02  0.10114518E+00  0.10114518E+00  0.94883563E-01  0.10000000E+01  0.10000000E+01  0.10000000E+01
  0.11473700E+02  0.10939611E+00  0.10939611E+00  0.80422714E-01  0.10000000E+01  0.10000000E+01  0.10000000E+01
  0.11516500E+02  0.11845920E+00  0.11845920E+00  0.67989194E-01  0.10000000E+01  0.10000000E+01  0.10000000E+01
  0.11559300E+02  0.12849261E+00  0.12849261E+00  0.57594592E-01  0.10000000E+01  0.10000000E+01  0.10000000E+01
  0.11602100E+02  0.13934317E+00  0.13934317E+00  0.49055236E-01  0.10000000E+01  0.10000000E+01  0.10000000E+01
  0.11644900E+02  0.15035798E+00  0.15035798E+00  0.42024943E-01  0.10000000E+01  0.10000000E+01  0.10000000E+01
  0.11687700E+02  0.16095286E+00  0.16095286E+00  0.36208138E-01  0.10000000E+01  0.10000000E+01  0.10000000E+01
  0.11730500E+02  0.17063945E+00  0.17063945E+00  0.31405346E-01  0.10000000E+01  0.10000000E+01  0.10000000E+01
  0.11773400E+02  0.17793365E+00  0.17793365E+00  0.27456991E-01  0.10000000E+01  0.10000000E+01  0.10000000E+01
  0.11816200E+02  0.18147438E+00  0.18147438E+00  0.24357031E-01  0.10000000E+01  0.10000000E+01  0.10000000E+01
  0.11859000E+02  0.18160145E+00  0.18160145E+00  0.22083448E-01  0.10000000E+01  0.10000000E+01  0.10000000E+01
  0.11901800E+02  0.17833863E+00  0.17833863E+00  0.20692525E-01  0.10000000E+01  0.10000000E+01  0.10000000E+01
  0.11944600E+02  0.17152035E+00  0.17152035E+00  0.20233680E-01  0.10000000E+01  0.10000000E+01  0.10000000E+01
  0.11987400E+02  0.16289150E+00  0.16289150E+00  0.20755729E-01  0.10000000E+01  0.10000000E+01  0.10000000E+01
  0.12030200E+02  0.15485068E+00  0.15485068E+00  0.22317946E-01  0.10000000E+01  0.10000000E+01  0.10000000E+01
  0.12073000E+02  0.14820366E+00  0.14820366E+00  0.24868201E-01  0.10000000E+01  0.10000000E+01  0.10000000E+01
  0.12115900E+02  0.14277128E+00  0.14277128E+00  0.28149644E-01  0.10000000E+01  0.10000000E+01  0.10000000E+01
  0.12158700E+02  0.13829600E+00  0.13829600E+00  0.31668532E-01  0.10000000E+01  0.10000000E+01  0.10000000E+01
  0.12201500E+02  0.13444125E+00  0.13444125E+00  0.34810842E-01  0.10000000E+01  0.10000000E+01  0.10000000E+01
  0.12244300E+02  0.13105777E+00  0.13105777E+00  0.37244539E-01  0.10000000E+01  0.10000000E+01  0.10000000E+01
  0.12287100E+02  0.12839434E+00  0.12839434E+00  0.39079203E-01  0.10000000E+01  0.10000000E+01  0.10000000E+01
  0.12329900E+02  0.12667642E+00  0.12667642E+00  0.40925832E-01  0.10000000E+01  0.10000000E+01  0.10000000E+01
  0.12372700E+02  0.12598594E+00  0.12598594E+00  0.43333626E-01  0.10000000E+01  0.10000000E+01  0.10000000E+01
  0.12415500E+02  0.12610486E+00  0.12610486E+00  0.46453826E-01  0.10000000E+01  0.10000000E+01  0.10000000E+01
  0.12458400E+02  0.12612762E+00  0.12612762E+00  0.50088731E-01  0.10000000E+01  0.10000000E+01  0.10000000E+01
  0.12501200E+02  0.12509976E+00  0.12509976E+00  0.53683781E-01  0.10000000E+01  0.10000000E+01  0.10000000E+01
  0.12544000E+02  0.12410622E+00  0.12410622E+00  0.56537440E-01  0.10000000E+01  0.10000000E+01  0.10000000E+01
  0.12586800E+02  0.12510035E+00  0.12510035E+00  0.58179182E-01  0.10000000E+01  0.10000000E+01  0.10000000E+01
  0.12629600E+02  0.12907788E+00  0.12907788E+00  0.58293727E-01  0.10000000E+01  0.10000000E+01  0.10000000E+01
  0.12672400E+02  0.13636240E+00  0.13636240E+00  0.56897812E-01  0.10000000E+01  0.10000000E+01  0.10000000E+01
  0.12715200E+02  0.14695388E+00  0.14695388E+00  0.54652880E-01  0.10000000E+01  0.10000000E+01  0.10000000E+01
  0.12758000E+02  0.16081952E+00  0.16081952E+00  0.52285270E-01  0.10000000E+01  0.10000000E+01  0.10000000E+01
  0.12800800E+02  0.17782742E+00  0.17782742E+00  0.50097390E-01  0.10000000E+01  0.10000000E+01  0.10000000E+01
  0.12843700E+02  0.19746437E+00  0.19746437E+00  0.48086871E-01  0.10000000E+01  0.10000000E+01  0.10000000E+01
