  #energy          xx             yy              zz              xy              yz              zx
  0.00000000E+00  0.88124060E+01  0.88124060E+01  0.18941489E+01  0.00000000E+00  0.00000000E+00  0.00000000E+00
  0.42800000E-01  0.88168752E+01  0.88168752E+01  0.18970633E+01  0.00000000E+00  0.00000000E+00  0.00000000E+00
  0.85600000E-01  0.88207020E+01  0.88207020E+01  0.19054884E+01  0.00000000E+00  0.00000000E+00  0.00000000E+00
  0.12840000E+00  0.87890377E+01  0.87890377E+01  0.19174448E+01  0.00000000E+00  0.00000000E+00  0.00000000E+00
  0.17120000E+00  0.86430553E+01  0.86430553E+01  0.19269199E+01  0.00000000E+00  0.00000000E+00  0.00000000E+00
  0.21410000E+00  0.82690834E+01  0.82690834E+01  0.19223846E+01  0.00000000E+00  0.00000000E+00  0.00000000E+00
  0.25690000E+00  0.76338284E+01  0.76338284E+01  0.18936523E+01  0.00000000E+00  0.00000000E+00  0.00000000E+00
  0.29970000E+00  0.68231693E+01  0.68231693E+01  0.18377765E+01  0.00000000E+00  0.00000000E+00  0.00000000E+00
  0.34250000E+00  0.59559663E+01  0.59559663E+01  0.17656308E+01  0.00000000E+00  0.00000000E+00  0.00000000E+00
  0.38530000E+00  0.51490372E+01  0.51490372E+01  0.16983966E+01  0.00000000E+00  0.00000000E+00  0.00000000E+00
  0.42810000E+00  0.44643227E+01  0.44643227E+01  0.16485383E+01  0.00000000E+00  0.00000000E+00  0.00000000E+00
  0.47090000E+00  0.39006230E+01  0.39006230E+01  0.16164913E+01  0.00000000E+00  0.00000000E+00  0.00000000E+00
  0.51370000E+00  0.34548553E+01  0.34548553E+01  0.15989715E+01  0.00000000E+00  0.00000000E+00  0.00000000E+00
  0.55660000E+00  0.31392030E+01  0.31392030E+01  0.15911612E+01  0.00000000E+00  0.00000000E+00  0.00000000E+00
  0.59940000E+00  0.29321057E+01  0.29321057E+01  0.15874866E+01  0.00000000E+00  0.00000000E+00  0.00000000E+00
  0.64220000E+00  0.27918002E+01  0.27918002E+01  0.15832210E+01  0.00000000E+00  0.00000000E+00  0.00000000E+00
  0.68500000E+00  0.26851008E+01  0.26850937E+01  0.15759827E+01  0.00000000E+00  0.00000000E+00  0.00000000E+00
  0.72780000E+00  0.25924673E+01  0.25924673E+01  0.15650254E+01  0.00000000E+00  0.00000000E+00  0.00000000E+00
  0.77060000E+00  0.25069230E+01  0.25069230E+01  0.15508944E+01  0.00000000E+00  0.00000000E+00  0.00000000E+00
  0.81340000E+00  0.24289959E+01  0.24289959E+01  0.15347734E+01  0.00000000E+00  0.00000000E+00  0.00000000E+00
  0.85620000E+00  0.23551861E+01  0.23551861E+01  0.15179634E+01  0.00000000E+00  0.00000000E+00  0.00000000E+00
  0.89910000E+00  0.22750275E+01  0.22750275E+01  0.15015985E+01  0.00000000E+00  0.00000000E+00  0.00000000E+00
  0.94190000E+00  0.21799100E+01  0.21799100E+01  0.14863768E+01  0.00000000E+00  0.00000000E+00  0.00000000E+00
  0.98470000E+00  0.20666395E+01  0.20666395E+01  0.14727005E+01  0.00000000E+00  0.00000000E+00  0.00000000E+00
  0.10275000E+01  0.19376721E+01  0.19376721E+01  0.14610543E+01  0.00000000E+00  0.00000000E+00  0.00000000E+00
  0.10703000E+01  0.18079740E+01  0.18079740E+01  0.14515440E+01  0.00000000E+00  0.00000000E+00  0.00000000E+00
  0.11131000E+01  0.16988723E+01  0.16988723E+01  0.14431884E+01  0.00000000E+00  0.00000000E+00  0.00000000E+00
  0.11559000E+01  0.16138078E+01  0.16138078E+01  0.14349862E+01  0.00000000E+00  0.00000000E+00  0.00000000E+00
  0.11987000E+01  0.15456811E+01  0.15456811E+01  0.14269357E+01  0.00000000E+00  0.00000000E+00  0.00000000E+00
  0.12416000E+01  0.14879218E+01  0.14879218E+01  0.14190623E+01  0.00000000E+00  0.00000000E+00  0.00000000E+00
  0.12844000E+01  0.14370923E+01  0.14370923E+01  0.14116185E+01  0.00000000E+00  0.00000000E+00  0.00000000E+00
  0.13272000E+01  0.13934804E+01  0.13934804E+01  0.14049339E+01  0.00000000E+00  0.00000000E+00  0.00000000E+00
  0.13700000E+01  0.13628906E+01  0.13628906E+01  0.13990875E+01  0.00000000E+00  0.00000000E+00  0.00000000E+00
  0.14128000E+01  0.13527178E+01  0.13527178E+01  0.13931490E+01  0.00000000E+00  0.00000000E+00  0.00000000E+00
  0.14556000E+01  0.13643618E+01  0.13643618E+01  0.13857245E+01  0.00000000E+00  0.00000000E+00  0.00000000E+00
  0.14984000E+01  0.13950672E+01  0.13950672E+01  0.13773418E+01  0.00000000E+00  0.00000000E+00  0.00000000E+00
  0.15412000E+01  0.14409139E+01  0.14409139E+01  0.13705223E+01  0.00000000E+00  0.00000000E+00  0.00000000E+00
  0.15841000E+01  0.14974247E+01  0.14974247E+01  0.13669245E+01  0.00000000E+00  0.00000000E+00  0.00000000E+00
  0.16269000E+01  0.15604303E+01  0.15604303E+01  0.13666783E+01  0.00000000E+00  0.00000000E+00  0.00000000E+00
  0.16697000E+01  0.16260756E+01  0.16260756E+01  0.13688125E+01  0.00000000E+00  0.00000000E+00  0.00000000E+00
  0.17125000E+01  0.16909403E+01  0.16909403E+01  0.13722358E+01  0.00000000E+00  0.00000000E+00  0.00000000E+00
  0.17553000E+01  0.17523432E+01  0.17523432E+01  0.13761070E+01  0.00000000E+00  0.00000000E+00  0.00000000E+00
  0.17981000E+01  0.18090201E+01  0.18090201E+01  0.13794140E+01  0.00000000E+00  0.00000000E+00  0.00000000E+00
  0.18409000E+01  0.18616635E+01  0.18616635E+01  0.13816503E+01  0.00000000E+00  0.00000000E+00  0.00000000E+00
  0.18837000E+01  0.19125638E+01  0.19125638E+01  0.13828859E+01  0.00000000E+00  0.00000000E+00  0.00000000E+00
  0.19265000E+01  0.19635255E+01  0.19635255E+01  0.13828578E+01  0.00000000E+00  0.00000000E+00  0.00000000E+00
  0.19694000E+01  0.20151538E+01  0.20151538E+01  0.13802925E+01  0.00000000E+00  0.00000000E+00  0.00000000E+00
  0.20122000E+01  0.20679067E+01  0.20679067E+01  0.13740580E+01  0.00000000E+00  0.00000000E+00  0.00000000E+00
  0.20550000E+01  0.21230369E+01  0.21230369E+01  0.13648404E+01  0.00000000E+00  0.00000000E+00  0.00000000E+00
  0.20978000E+01  0.21816110E+01  0.21816110E+01  0.13542142E+01  0.00000000E+00  0.00000000E+00  0.00000000E+00
  0.21406000E+01  0.22422948E+01  0.22422948E+01  0.13443758E+01  0.00000000E+00  0.00000000E+00  0.00000000E+00
  0.21834000E+01  0.22929296E+01  0.22929296E+01  0.13375411E+01  0.00000000E+00  0.00000000E+00  0.00000000E+00
  0.22262000E+01  0.22997858E+01  0.22997858E+01  0.13328572E+01  0.00000000E+00  0.00000000E+00  0.00000000E+00
  0.22690000E+01  0.22326579E+01  0.22326579E+01  0.13267595E+01  0.00000000E+00  0.00000000E+00  0.00000000E+00
  0.23119000E+01  0.21010272E+01  0.21010272E+01  0.13184619E+01  0.00000000E+00  0.00000000E+00  0.00000000E+00
  0.23547000E+01  0.19367650E+01  0.19367650E+01  0.13119686E+01  0.00000000E+00  0.00000000E+00  0.00000000E+00
  0.23975000E+01  0.17634746E+01  0.17634746E+01  0.13095285E+01  0.00000000E+00  0.00000000E+00  0.00000000E+00
  0.24403000E+01  0.15924805E+01  0.15924805E+01  0.13096372E+01  0.00000000E+00  0.00000000E+00  0.00000000E+00
  0.24831000E+01  0.14297791E+01  0.14297791E+01  0.13105119E+01  0.00000000E+00  0.00000000E+00  0.00000000E+00
  0.25259000E+01  0.12829226E+01  0.12829226E+01  0.13113439E+01  0.00000000E+00  0.00000000E+00  0.00000000E+00
  0.25687000E+01  0.11615965E+01  0.11615965E+01  0.13119776E+01  0.00000000E+00  0.00000000E+00  0.00000000E+00
  0.26115000E+01  0.10747478E+01  0.10747478E+01  0.13124065E+01  0.00000000E+00  0.00000000E+00  0.00000000E+00
  0.26544000E+01  0.10192215E+01  0.10192215E+01  0.13127681E+01  0.00000000E+00  0.00000000E+00  0.00000000E+00
  0.26972000E+01  0.96846238E+00  0.96846238E+00  0.13130605E+01  0.00000000E+00  0.00000000E+00  0.00000000E+00
  0.27400000E+01  0.90774504E+00  0.90774504E+00  0.13131600E+01  0.00000000E+00  0.00000000E+00  0.00000000E+00
  0.27828000E+01  0.85911977E+00  0.85911977E+00  0.13130427E+01  0.00000000E+00  0.00000000E+00  0.00000000E+00
  0.28256000E+01  0.83168013E+00  0.83168013E+00  0.13127370E+01  0.00000000E+00  0.00000000E+00  0.00000000E+00
  0.28684000E+01  0.81865834E+00  0.81865834E+00  0.13124549E+01  0.00000000E+00  0.00000000E+00  0.00000000E+00
  0.29112000E+01  0.81336942E+00  0.81336942E+00  0.13123231E+01  0.00000000E+00  0.00000000E+00  0.00000000E+00
  0.29540000E+01  0.81140105E+00  0.81140105E+00  0.13124215E+01  0.00000000E+00  0.00000000E+00  0.00000000E+00
  0.29969000E+01  0.80883398E+00  0.80883398E+00  0.13130220E+01  0.00000000E+00  0.00000000E+00  0.00000000E+00
  0.30397000E+01  0.80095971E+00  0.80095971E+00  0.13136410E+01  0.00000000E+00  0.00000000E+00  0.00000000E+00
  0.30825000E+01  0.78365081E+00  0.78365081E+00  0.13125874E+01  0.00000000E+00  0.00000000E+00  0.00000000E+00
  0.31253000E+01  0.75642219E+00  0.75642219E+00  0.13079512E+01  0.00000000E+00  0.00000000E+00  0.00000000E+00
  0.31681000E+01  0.72263886E+00  0.72263886E+00  0.13031783E+01  0.00000000E+00  0.00000000E+00  0.00000000E+00
  0.32109000E+01  0.68591700E+00  0.68591700E+00  0.13024349E+01  0.00000000E+00  0.00000000E+00  0.00000000E+00
  0.32537000E+01  0.64842856E+00  0.64842856E+00  0.13045026E+01  0.00000000E+00  0.00000000E+00  0.00000000E+00
  0.32965000E+01  0.61140229E+00  0.61140229E+00  0.13075472E+01  0.00000000E+00  0.00000000E+00  0.00000000E+00
  0.33394000E+01  0.57553761E+00  0.57553761E+00  0.13108538E+01  0.00000000E+00  0.00000000E+00  0.00000000E+00
  0.33822000E+01  0.54127374E+00  0.54127374E+00  0.13141859E+01  0.00000000E+00  0.00000000E+00  0.00000000E+00
  0.34250000E+01  0.50886548E+00  0.50886548E+00  0.13174496E+01  0.00000000E+00  0.00000000E+00  0.00000000E+00
  0.34678000E+01  0.47871536E+00  0.47871536E+00  0.13207047E+01  0.00000000E+00  0.00000000E+00  0.00000000E+00
  0.35106000E+01  0.45287184E+00  0.45287184E+00  0.13238276E+01  0.00000000E+00  0.00000000E+00  0.00000000E+00
  0.35534000E+01  0.43404712E+00  0.43404712E+00  0.13268867E+01  0.00000000E+00  0.00000000E+00  0.00000000E+00
  0.35962000E+01  0.42188809E+00  0.42188809E+00  0.13299880E+01  0.00000000E+00  0.00000000E+00  0.00000000E+00
  0.36390000E+01  0.41441829E+00  0.41441829E+00  0.13332107E+01  0.00000000E+00  0.00000000E+00  0.00000000E+00
  0.36818000E+01  0.41021632E+00  0.41021632E+00  0.13364871E+01  0.00000000E+00  0.00000000E+00  0.00000000E+00
  0.37247000E+01  0.40833115E+00  0.40833115E+00  0.13397043E+01  0.00000000E+00  0.00000000E+00  0.00000000E+00
  0.37675000E+01  0.40803108E+00  0.40803108E+00  0.13427826E+01  0.00000000E+00  0.00000000E+00  0.00000000E+00
  0.38103000E+01  0.40876714E+00  0.40876714E+00  0.13456352E+01  0.00000000E+00  0.00000000E+00  0.00000000E+00
  0.38531000E+01  0.41016172E+00  0.41016172E+00  0.13483691E+01  0.00000000E+00  0.00000000E+00  0.00000000E+00
  0.38959000E+01  0.41205253E+00  0.41205253E+00  0.13510587E+01  0.00000000E+00  0.00000000E+00  0.00000000E+00
  0.39387000E+01  0.41409370E+00  0.41409370E+00  0.13538489E+01  0.00000000E+00  0.00000000E+00  0.00000000E+00
  0.39815000E+01  0.41612594E+00  0.41612594E+00  0.13567099E+01  0.00000000E+00  0.00000000E+00  0.00000000E+00
  0.40243000E+01  0.41795706E+00  0.41795706E+00  0.13596754E+01  0.00000000E+00  0.00000000E+00  0.00000000E+00
  0.40672000E+01  0.41957327E+00  0.41957327E+00  0.13627520E+01  0.00000000E+00  0.00000000E+00  0.00000000E+00
  0.41100000E+01  0.42135120E+00  0.42135120E+00  0.13659340E+01  0.00000000E+00  0.00000000E+00  0.00000000E+00
  0.41528000E+01  0.42353463E+00  0.42353463E+00  0.13691890E+01  0.00000000E+00  0.00000000E+00  0.00000000E+00
  0.41956000E+01  0.42617665E+00  0.42617665E+00  0.13725140E+01  0.00000000E+00  0.00000000E+00  0.00000000E+00
  0.42384000E+01  0.42917573E+00  0.42917573E+00  0.13759468E+01  0.00000000E+00  0.00000000E+00  0.00000000E+00
  0.42812000E+01  0.43254178E+00  0.43254178E+00  0.13795203E+01  0.00000000E+00  0.00000000E+00  0.00000000E+00
  0.43240000E+01  0.43611282E+00  0.43611282E+00  0.13831659E+01  0.00000000E+00  0.00000000E+00  0.00000000E+00
  0.43668000E+01  0.43986521E+00  0.43986521E+00  0.13869189E+01  0.00000000E+00  0.00000000E+00  0.00000000E+00
  0.44097000E+01  0.44375276E+00  0.44375276E+00  0.13907090E+01  0.00000000E+00  0.00000000E+00  0.00000000E+00
  0.44525000E+01  0.44780533E+00  0.44780533E+00  0.13945693E+01  0.00000000E+00  0.00000000E+00  0.00000000E+00
  0.44953000E+01  0.45192067E+00  0.45192067E+00  0.13984681E+01  0.00000000E+00  0.00000000E+00  0.00000000E+00
  0.45381000E+01  0.45613318E+00  0.45613318E+00  0.14022918E+01  0.00000000E+00  0.00000000E+00  0.00000000E+00
  0.45809000E+01  0.46031905E+00  0.46031905E+00  0.14060767E+01  0.00000000E+00  0.00000000E+00  0.00000000E+00
  0.46237000E+01  0.46449500E+00  0.46449500E+00  0.14098561E+01  0.00000000E+00  0.00000000E+00  0.00000000E+00
  0.46665000E+01  0.46856193E+00  0.46856193E+00  0.14136302E+01  0.00000000E+00  0.00000000E+00  0.00000000E+00
  0.47093000E+01  0.47237991E+00  0.47237991E+00  0.14173946E+01  0.00000000E+00  0.00000000E+00  0.00000000E+00
  0.47522000E+01  0.47579904E+00  0.47579904E+00  0.14211865E+01  0.00000000E+00  0.00000000E+00  0.00000000E+00
  0.47950000E+01  0.47850965E+00  0.47850965E+00  0.14250385E+01  0.00000000E+00  0.00000000E+00  0.00000000E+00
  0.48378000E+01  0.48019841E+00  0.48019841E+00  0.14289524E+01  0.00000000E+00  0.00000000E+00  0.00000000E+00
  0.48806000E+01  0.48045972E+00  0.48045972E+00  0.14330342E+01  0.00000000E+00  0.00000000E+00  0.00000000E+00
  0.49234000E+01  0.47922612E+00  0.47922612E+00  0.14372503E+01  0.00000000E+00  0.00000000E+00  0.00000000E+00
  0.49662000E+01  0.47748414E+00  0.47748414E+00  0.14415329E+01  0.00000000E+00  0.00000000E+00  0.00000000E+00
  0.50090000E+01  0.47752794E+00  0.47752794E+00  0.14458473E+01  0.00000000E+00  0.00000000E+00  0.00000000E+00
  0.50518000E+01  0.48176597E+00  0.48176597E+00  0.14502254E+01  0.00000000E+00  0.00000000E+00  0.00000000E+00
  0.50947000E+01  0.49180253E+00  0.49180253E+00  0.14546277E+01  0.00000000E+00  0.00000000E+00  0.00000000E+00
  0.51375000E+01  0.50753140E+00  0.50753140E+00  0.14590589E+01  0.00000000E+00  0.00000000E+00  0.00000000E+00
  0.51803000E+01  0.52676154E+00  0.52676154E+00  0.14635796E+01  0.00000000E+00  0.00000000E+00  0.00000000E+00
  0.52231000E+01  0.54708189E+00  0.54708189E+00  0.14681939E+01  0.00000000E+00  0.00000000E+00  0.00000000E+00
  0.52659000E+01  0.56730130E+00  0.56730130E+00  0.14728985E+01  0.00000000E+00  0.00000000E+00  0.00000000E+00
  0.53087000E+01  0.58686182E+00  0.58686182E+00  0.14777598E+01  0.00000000E+00  0.00000000E+00  0.00000000E+00
  0.53515000E+01  0.60558365E+00  0.60558365E+00  0.14828099E+01  0.00000000E+00  0.00000000E+00  0.00000000E+00
  0.53943000E+01  0.62343340E+00  0.62343340E+00  0.14880519E+01  0.00000000E+00  0.00000000E+00  0.00000000E+00
  0.54371000E+01  0.64051464E+00  0.64051464E+00  0.14935147E+01  0.00000000E+00  0.00000000E+00  0.00000000E+00
  0.54800000E+01  0.65682391E+00  0.65682391E+00  0.14992367E+01  0.00000000E+00  0.00000000E+00  0.00000000E+00
  0.55228000E+01  0.67250265E+00  0.67250265E+00  0.15052207E+01  0.00000000E+00  0.00000000E+00  0.00000000E+00
  0.55656000E+01  0.68756393E+00  0.68756393E+00  0.15113627E+01  0.00000000E+00  0.00000000E+00  0.00000000E+00
  0.56084000E+01  0.70212368E+00  0.70212368E+00  0.15176260E+01  0.00000000E+00  0.00000000E+00  0.00000000E+00
  0.56512000E+01  0.71619938E+00  0.71619938E+00  0.15241371E+01  0.00000000E+00  0.00000000E+00  0.00000000E+00
  0.56940000E+01  0.72978673E+00  0.72978673E+00  0.15308608E+01  0.00000000E+00  0.00000000E+00  0.00000000E+00
  0.57368000E+01  0.74304676E+00  0.74304676E+00  0.15378996E+01  0.00000000E+00  0.00000000E+00  0.00000000E+00
  0.57796000E+01  0.75590693E+00  0.75590693E+00  0.15452149E+01  0.00000000E+00  0.00000000E+00  0.00000000E+00
  0.58225000E+01  0.76831885E+00  0.76831885E+00  0.15528381E+01  0.00000000E+00  0.00000000E+00  0.00000000E+00
  0.58653000E+01  0.78034757E+00  0.78034757E+00  0.15607943E+01  0.00000000E+00  0.00000000E+00  0.00000000E+00
  0.59081000E+01  0.79188417E+00  0.79188417E+00  0.15692397E+01  0.00000000E+00  0.00000000E+00  0.00000000E+00
  0.59509000E+01  0.80298967E+00  0.80298967E+00  0.15782670E+01  0.00000000E+00  0.00000000E+00  0.00000000E+00
  0.59937000E+01  0.81367647E+00  0.81367647E+00  0.15880126E+01  0.00000000E+00  0.00000000E+00  0.00000000E+00
  0.60365000E+01  0.82400503E+00  0.82400503E+00  0.15985451E+01  0.00000000E+00  0.00000000E+00  0.00000000E+00
  0.60793000E+01  0.83393252E+00  0.83393252E+00  0.16097968E+01  0.00000000E+00  0.00000000E+00  0.00000000E+00
  0.61221000E+01  0.84358295E+00  0.84358295E+00  0.16216380E+01  0.00000000E+00  0.00000000E+00  0.00000000E+00
  0.61650000E+01  0.85302734E+00  0.85302734E+00  0.16335390E+01  0.00000000E+00  0.00000000E+00  0.00000000E+00
  0.62078000E+01  0.86227066E+00  0.86227066E+00  0.16450078E+01  0.00000000E+00  0.00000000E+00  0.00000000E+00
  0.62506000E+01  0.87126065E+00  0.87126065E+00  0.16559253E+01  0.00000000E+00  0.00000000E+00  0.00000000E+00
  0.62934000E+01  0.88005603E+00  0.88005603E+00  0.16664772E+01  0.00000000E+00  0.00000000E+00  0.00000000E+00
  0.63362000E+01  0.88872552E+00  0.88872552E+00  0.16769616E+01  0.00000000E+00  0.00000000E+00  0.00000000E+00
  0.63790000E+01  0.89715657E+00  0.89715657E+00  0.16876899E+01  0.00000000E+00  0.00000000E+00  0.00000000E+00
  0.64218000E+01  0.90551631E+00  0.90551631E+00  0.16988219E+01  0.00000000E+00  0.00000000E+00  0.00000000E+00
  0.64646000E+01  0.91375837E+00  0.91375837E+00  0.17104738E+01  0.00000000E+00  0.00000000E+00  0.00000000E+00
  0.65075000E+01  0.92188472E+00  0.92188472E+00  0.17227628E+01  0.00000000E+00  0.00000000E+00  0.00000000E+00
  0.65503000E+01  0.92994795E+00  0.92994795E+00  0.17357225E+01  0.00000000E+00  0.00000000E+00  0.00000000E+00
  0.65931000E+01  0.93790166E+00  0.93790166E+00  0.17493858E+01  0.00000000E+00  0.00000000E+00  0.00000000E+00
  0.66359000E+01  0.94590563E+00  0.94590563E+00  0.17638445E+01  0.00000000E+00  0.00000000E+00  0.00000000E+00
  0.66787000E+01  0.95375653E+00  0.95375653E+00  0.17793624E+01  0.00000000E+00  0.00000000E+00  0.00000000E+00
  0.67215000E+01  0.96140484E+00  0.96140484E+00  0.17962700E+01  0.00000000E+00  0.00000000E+00  0.00000000E+00
  0.67643000E+01  0.96875141E+00  0.96875141E+00  0.18149221E+01  0.00000000E+00  0.00000000E+00  0.00000000E+00
  0.68071000E+01  0.97558793E+00  0.97558793E+00  0.18353252E+01  0.00000000E+00  0.00000000E+00  0.00000000E+00
  0.68500000E+01  0.98201909E+00  0.98201909E+00  0.18560037E+01  0.00000000E+00  0.00000000E+00  0.00000000E+00
  0.68928000E+01  0.98809602E+00  0.98809602E+00  0.18736766E+01  0.00000000E+00  0.00000000E+00  0.00000000E+00
  0.69356000E+01  0.99396670E+00  0.99396670E+00  0.18840749E+01  0.00000000E+00  0.00000000E+00  0.00000000E+00
  0.69784000E+01  0.10000872E+01  0.10000872E+01  0.18840226E+01  0.00000000E+00  0.00000000E+00  0.00000000E+00
  0.70212000E+01  0.10066702E+01  0.10066702E+01  0.18733247E+01  0.00000000E+00  0.00000000E+00  0.00000000E+00
  0.70640000E+01  0.10136744E+01  0.10136744E+01  0.18553484E+01  0.00000000E+00  0.00000000E+00  0.00000000E+00
  0.71068000E+01  0.10206054E+01  0.10206054E+01  0.18338337E+01  0.00000000E+00  0.00000000E+00  0.00000000E+00
  0.71496000E+01  0.10273691E+01  0.10273691E+01  0.18101500E+01  0.00000000E+00  0.00000000E+00  0.00000000E+00
  0.71925000E+01  0.10336712E+01  0.10336712E+01  0.17836823E+01  0.00000000E+00  0.00000000E+00  0.00000000E+00
  0.72353000E+01  0.10394643E+01  0.10394643E+01  0.17531823E+01  0.00000000E+00  0.00000000E+00  0.00000000E+00
  0.72781000E+01  0.10447486E+01  0.10447486E+01  0.17176394E+01  0.00000000E+00  0.00000000E+00  0.00000000E+00
  0.73209000E+01  0.10497153E+01  0.10497153E+01  0.16777098E+01  0.00000000E+00  0.00000000E+00  0.00000000E+00
  0.73637000E+01  0.10544656E+01  0.10544656E+01  0.16362404E+01  0.00000000E+00  0.00000000E+00  0.00000000E+00
  0.74065000E+01  0.10590987E+01  0.10590987E+01  0.15961337E+01  0.00000000E+00  0.00000000E+00  0.00000000E+00
  0.74493000E+01  0.10635736E+01  0.10635736E+01  0.15575464E+01  0.00000000E+00  0.00000000E+00  0.00000000E+00
  0.74921000E+01  0.10678457E+01  0.10678457E+01  0.15188773E+01  0.00000000E+00  0.00000000E+00  0.00000000E+00
  0.75349000E+01  0.10718688E+01  0.10718688E+01  0.14790171E+01  0.00000000E+00  0.00000000E+00  0.00000000E+00
  0.75778000E+01  0.10756017E+01  0.10756017E+01  0.14386271E+01  0.00000000E+00  0.00000000E+00  0.00000000E+00
  0.76206000E+01  0.10789917E+01  0.10789917E+01  0.13992863E+01  0.00000000E+00  0.00000000E+00  0.00000000E+00
  0.76634000E+01  0.10820832E+01  0.10820832E+01  0.13630281E+01  0.00000000E+00  0.00000000E+00  0.00000000E+00
  0.77062000E+01  0.10848758E+01  0.10848758E+01  0.13304600E+01  0.00000000E+00  0.00000000E+00  0.00000000E+00
  0.77490000E+01  0.10876420E+01  0.10876420E+01  0.12990360E+01  0.00000000E+00  0.00000000E+00  0.00000000E+00
  0.77918000E+01  0.10904302E+01  0.10904302E+01  0.12657295E+01  0.00000000E+00  0.00000000E+00  0.00000000E+00
  0.78346000E+01  0.10933868E+01  0.10933868E+01  0.12320902E+01  0.00000000E+00  0.00000000E+00  0.00000000E+00
  0.78774000E+01  0.10964220E+01  0.10964220E+01  0.12010904E+01  0.00000000E+00  0.00000000E+00  0.00000000E+00
  0.79203000E+01  0.10994945E+01  0.10994945E+01  0.11717627E+01  0.00000000E+00  0.00000000E+00  0.00000000E+00
  0.79631000E+01  0.11025543E+01  0.11025543E+01  0.11418401E+01  0.00000000E+00  0.00000000E+00  0.00000000E+00
  0.80059000E+01  0.11055610E+01  0.11055610E+01  0.11118197E+01  0.00000000E+00  0.00000000E+00  0.00000000E+00
  0.80487000E+01  0.11085105E+01  0.11085105E+01  0.10833911E+01  0.00000000E+00  0.00000000E+00  0.00000000E+00
  0.80915000E+01  0.11113160E+01  0.11113160E+01  0.10580153E+01  0.00000000E+00  0.00000000E+00  0.00000000E+00
  0.81343000E+01  0.11138337E+01  0.11138337E+01  0.10380294E+01  0.00000000E+00  0.00000000E+00  0.00000000E+00
  0.81771000E+01  0.11161800E+01  0.11161800E+01  0.10270651E+01  0.00000000E+00  0.00000000E+00  0.00000000E+00
  0.82199000E+01  0.11190729E+01  0.11190729E+01  0.10281698E+01  0.00000000E+00  0.00000000E+00  0.00000000E+00
  0.82628000E+01  0.11228461E+01  0.11228461E+01  0.10399173E+01  0.00000000E+00  0.00000000E+00  0.00000000E+00
  0.83056000E+01  0.11272027E+01  0.11272027E+01  0.10588521E+01  0.00000000E+00  0.00000000E+00  0.00000000E+00
  0.83484000E+01  0.11319133E+01  0.11319133E+01  0.10834867E+01  0.00000000E+00  0.00000000E+00  0.00000000E+00
  0.83912000E+01  0.11367522E+01  0.11367522E+01  0.11129778E+01  0.00000000E+00  0.00000000E+00  0.00000000E+00
  0.84340000E+01  0.11416242E+01  0.11416242E+01  0.11477284E+01  0.00000000E+00  0.00000000E+00  0.00000000E+00
  0.84768000E+01  0.11465251E+01  0.11465251E+01  0.11910118E+01  0.00000000E+00  0.00000000E+00  0.00000000E+00
  0.85196000E+01  0.11514106E+01  0.11514106E+01  0.12463469E+01  0.00000000E+00  0.00000000E+00  0.00000000E+00
  0.85624000E+01  0.11564076E+01  0.11564076E+01  0.13144468E+01  0.00000000E+00  0.00000000E+00  0.00000000E+00
  0.86053000E+01  0.11616056E+01  0.11616056E+01  0.13920044E+01  0.00000000E+00  0.00000000E+00  0.00000000E+00
  0.86481000E+01  0.11668303E+01  0.11668303E+01  0.14715936E+01  0.00000000E+00  0.00000000E+00  0.00000000E+00
  0.86909000E+01  0.11720394E+01  0.11720394E+01  0.15430705E+01  0.00000000E+00  0.00000000E+00  0.00000000E+00
  0.87337000E+01  0.11772343E+01  0.11772343E+01  0.15950509E+01  0.00000000E+00  0.00000000E+00  0.00000000E+00
  0.87765000E+01  0.11822460E+01  0.11822460E+01  0.16143046E+01  0.00000000E+00  0.00000000E+00  0.00000000E+00
  0.88193000E+01  0.11869062E+01  0.11869062E+01  0.15922689E+01  0.00000000E+00  0.00000000E+00  0.00000000E+00
  0.88621000E+01  0.11910857E+01  0.11910857E+01  0.15308142E+01  0.00000000E+00  0.00000000E+00  0.00000000E+00
  0.89049000E+01  0.11948645E+01  0.11948645E+01  0.14347049E+01  0.00000000E+00  0.00000000E+00  0.00000000E+00
  0.89478000E+01  0.11986542E+01  0.11986542E+01  0.13190057E+01  0.00000000E+00  0.00000000E+00  0.00000000E+00
  0.89906000E+01  0.12028831E+01  0.12028831E+01  0.12079001E+01  0.00000000E+00  0.00000000E+00  0.00000000E+00
  0.90334000E+01  0.12073897E+01  0.12073897E+01  0.11110473E+01  0.00000000E+00  0.00000000E+00  0.00000000E+00
  0.90762000E+01  0.12120460E+01  0.12120460E+01  0.10264233E+01  0.00000000E+00  0.00000000E+00  0.00000000E+00
  0.91190000E+01  0.12167292E+01  0.12167292E+01  0.94955061E+00  0.00000000E+00  0.00000000E+00  0.00000000E+00
  0.91618000E+01  0.12215174E+01  0.12215174E+01  0.87826226E+00  0.00000000E+00  0.00000000E+00  0.00000000E+00
  0.92046000E+01  0.12263278E+01  0.12263278E+01  0.81200181E+00  0.00000000E+00  0.00000000E+00  0.00000000E+00
  0.92474000E+01  0.12312008E+01  0.12312008E+01  0.74976188E+00  0.00000000E+00  0.00000000E+00  0.00000000E+00
  0.92902000E+01  0.12361367E+01  0.12361367E+01  0.69079545E+00  0.00000000E+00  0.00000000E+00  0.00000000E+00
  0.93331000E+01  0.12412132E+01  0.12412132E+01  0.63560913E+00  0.00000000E+00  0.00000000E+00  0.00000000E+00
  0.93759000E+01  0.12463905E+01  0.12463905E+01  0.58392324E+00  0.00000000E+00  0.00000000E+00  0.00000000E+00
  0.94187000E+01  0.12516263E+01  0.12516263E+01  0.53594882E+00  0.00000000E+00  0.00000000E+00  0.00000000E+00
  0.94615000E+01  0.12570015E+01  0.12570015E+01  0.49415354E+00  0.00000000E+00  0.00000000E+00  0.00000000E+00
  0.95043000E+01  0.12624727E+01  0.12624727E+01  0.46116458E+00  0.00000000E+00  0.00000000E+00  0.00000000E+00
  0.95471000E+01  0.12680395E+01  0.12680395E+01  0.43893490E+00  0.00000000E+00  0.00000000E+00  0.00000000E+00
  0.95899000E+01  0.12737008E+01  0.12737008E+01  0.42666434E+00  0.00000000E+00  0.00000000E+00  0.00000000E+00
  0.96327000E+01  0.12794551E+01  0.12794551E+01  0.42242293E+00  0.00000000E+00  0.00000000E+00  0.00000000E+00
  0.96756000E+01  0.12853402E+01  0.12853402E+01  0.42497049E+00  0.00000000E+00  0.00000000E+00  0.00000000E+00
  0.97184000E+01  0.12913155E+01  0.12913155E+01  0.43372495E+00  0.00000000E+00  0.00000000E+00  0.00000000E+00
  0.97612000E+01  0.12973798E+01  0.12973798E+01  0.44861000E+00  0.00000000E+00  0.00000000E+00  0.00000000E+00
  0.98040000E+01  0.13035692E+01  0.13035692E+01  0.46910595E+00  0.00000000E+00  0.00000000E+00  0.00000000E+00
  0.98468000E+01  0.13099202E+01  0.13099202E+01  0.49430983E+00  0.00000000E+00  0.00000000E+00  0.00000000E+00
  0.98896000E+01  0.13163933E+01  0.13163933E+01  0.52275273E+00  0.00000000E+00  0.00000000E+00  0.00000000E+00
  0.99324000E+01  0.13230244E+01  0.13230244E+01  0.55290304E+00  0.00000000E+00  0.00000000E+00  0.00000000E+00
  0.99752000E+01  0.13298113E+01  0.13298113E+01  0.58304566E+00  0.00000000E+00  0.00000000E+00  0.00000000E+00
  0.10018100E+02  0.13367880E+01  0.13367880E+01  0.61205909E+00  0.00000000E+00  0.00000000E+00  0.00000000E+00
  0.10060900E+02  0.13439524E+01  0.13439524E+01  0.63849287E+00  0.00000000E+00  0.00000000E+00  0.00000000E+00
  0.10103700E+02  0.13513008E+01  0.13513008E+01  0.66167264E+00  0.00000000E+00  0.00000000E+00  0.00000000E+00
  0.10146500E+02  0.13588309E+01  0.13588309E+01  0.68240132E+00  0.00000000E+00  0.00000000E+00  0.00000000E+00
  0.10189300E+02  0.13666487E+01  0.13666487E+01  0.70185305E+00  0.00000000E+00  0.00000000E+00  0.00000000E+00
  0.10232100E+02  0.13747864E+01  0.13747864E+01  0.72123892E+00  0.00000000E+00  0.00000000E+00  0.00000000E+00
  0.10274900E+02  0.13832023E+01  0.13832023E+01  0.74114433E+00  0.00000000E+00  0.00000000E+00  0.00000000E+00
  0.10317700E+02  0.13919646E+01  0.13919646E+01  0.76198517E+00  0.00000000E+00  0.00000000E+00  0.00000000E+00
  0.10360600E+02  0.14011018E+01  0.14011018E+01  0.78365897E+00  0.00000000E+00  0.00000000E+00  0.00000000E+00
  0.10403400E+02  0.14105727E+01  0.14105727E+01  0.80536166E+00  0.00000000E+00  0.00000000E+00  0.00000000E+00
  0.10446200E+02  0.14204420E+01  0.14204420E+01  0.82618380E+00  0.00000000E+00  0.00000000E+00  0.00000000E+00
  0.10489000E+02  0.14306309E+01  0.14306309E+01  0.84618907E+00  0.00000000E+00  0.00000000E+00  0.00000000E+00
  0.10531800E+02  0.14412366E+01  0.14412366E+01  0.86551974E+00  0.00000000E+00  0.00000000E+00  0.00000000E+00
  0.10574600E+02  0.14522511E+01  0.14522511E+01  0.88346477E+00  0.00000000E+00  0.00000000E+00  0.00000000E+00
  0.10617400E+02  0.14637003E+01  0.14637003E+01  0.89840635E+00  0.00000000E+00  0.00000000E+00  0.00000000E+00
  0.10660200E+02  0.14756065E+01  0.14756065E+01  0.90855046E+00  0.00000000E+00  0.00000000E+00  0.00000000E+00
  0.10703100E+02  0.14880598E+01  0.14880598E+01  0.91322540E+00  0.00000000E+00  0.00000000E+00  0.00000000E+00
  0.10745900E+02  0.15011158E+01  0.15011158E+01  0.91272430E+00  0.00000000E+00  0.00000000E+00  0.00000000E+00
  0.10788700E+02  0.15148896E+01  0.15148896E+01  0.90728950E+00  0.00000000E+00  0.00000000E+00  0.00000000E+00
  0.10831500E+02  0.15293975E+01  0.15293975E+01  0.89663686E+00  0.00000000E+00  0.00000000E+00  0.00000000E+00
  0.10874300E+02  0.15447829E+01  0.15447829E+01  0.87942660E+00  0.00000000E+00  0.00000000E+00  0.00000000E+00
  0.10917100E+02  0.15611488E+01  0.15611488E+01  0.85190322E+00  0.00000000E+00  0.00000000E+00  0.00000000E+00
  0.10959900E+02  0.15786287E+01  0.15786287E+01  0.80960347E+00  0.00000000E+00  0.00000000E+00  0.00000000E+00
  0.11002700E+02  0.15973159E+01  0.15973159E+01  0.75255360E+00  0.00000000E+00  0.00000000E+00  0.00000000E+00
  0.11045500E+02  0.16173304E+01  0.16173304E+01  0.68613628E+00  0.00000000E+00  0.00000000E+00  0.00000000E+00
  0.11088400E+02  0.16389289E+01  0.16389289E+01  0.61955867E+00  0.00000000E+00  0.00000000E+00  0.00000000E+00
  0.11131200E+02  0.16624839E+01  0.16624839E+01  0.56365139E+00  0.00000000E+00  0.00000000E+00  0.00000000E+00
  0.11174000E+02  0.16884707E+01  0.16884707E+01  0.52509539E+00  0.00000000E+00  0.00000000E+00  0.00000000E+00
  0.11216800E+02  0.17171667E+01  0.17171667E+01  0.50499701E+00  0.00000000E+00  0.00000000E+00  0.00000000E+00
  0.11259600E+02  0.17489472E+01  0.17489472E+01  0.50120790E+00  0.00000000E+00  0.00000000E+00  0.00000000E+00
  0.11302400E+02  0.17841912E+01  0.17841912E+01  0.51052655E+00  0.00000000E+00  0.00000000E+00  0.00000000E+00
  0.11345200E+02  0.18230775E+01  0.18230775E+01  0.52825652E+00  0.00000000E+00  0.00000000E+00  0.00000000E+00
  0.11388000E+02  0.18652689E+01  0.18652689E+01  0.54975286E+00  0.00000000E+00  0.00000000E+00  0.00000000E+00
  0.11430900E+02  0.19096154E+01  0.19096154E+01  0.57289896E+00  0.00000000E+00  0.00000000E+00  0.00000000E+00
  0.11473700E+02  0.19551143E+01  0.19551143E+01  0.59769142E+00  0.00000000E+00  0.00000000E+00  0.00000000E+00
  0.11516500E+02  0.20010284E+01  0.20010284E+01  0.62315331E+00  0.00000000E+00  0.00000000E+00  0.00000000E+00
  0.11559300E+02  0.20456414E+01  0.20456414E+01  0.64828916E+00  0.00000000E+00  0.00000000E+00  0.00000000E+00
  0.11602100E+02  0.20833694E+01  0.20833694E+01  0.67240335E+00  0.00000000E+00  0.00000000E+00  0.00000000E+00
  0.11644900E+02  0.21049310E+01  0.21049310E+01  0.69550282E+00  0.00000000E+00  0.00000000E+00  0.00000000E+00
  0.11687700E+02  0.21032197E+01  0.21032197E+01  0.71765120E+00  0.00000000E+00  0.00000000E+00  0.00000000E+00
  0.11730500E+02  0.20719768E+01  0.20719768E+01  0.73900269E+00  0.00000000E+00  0.00000000E+00  0.00000000E+00
  0.11773400E+02  0.20052626E+01  0.20052626E+01  0.75981199E+00  0.00000000E+00  0.00000000E+00  0.00000000E+00
  0.11816200E+02  0.19124707E+01  0.19124707E+01  0.77989326E+00  0.00000000E+00  0.00000000E+00  0.00000000E+00
  0.11859000E+02  0.18112504E+01  0.18112504E+01  0.79906377E+00  0.00000000E+00  0.00000000E+00  0.00000000E+00
  0.11901800E+02  0.17112825E+01  0.17112825E+01  0.81672444E+00  0.00000000E+00  0.00000000E+00  0.00000000E+00
  0.11944600E+02  0.16239227E+01  0.16239227E+01  0.83214475E+00  0.00000000E+00  0.00000000E+00  0.00000000E+00
  0.11987400E+02  0.15596044E+01  0.15596044E+01  0.84445239E+00  0.00000000E+00  0.00000000E+00  0.00000000E+00
  0.12030200E+02  0.15164356E+01  0.15164356E+01  0.85229440E+00  0.00000000E+00  0.00000000E+00  0.00000000E+00
  0.12073000E+02  0.14863699E+01  0.14863699E+01  0.85436829E+00  0.00000000E+00  0.00000000E+00  0.00000000E+00
  0.12115900E+02  0.14642268E+01  0.14642268E+01  0.85021874E+00  0.00000000E+00  0.00000000E+00  0.00000000E+00
  0.12158700E+02  0.14471289E+01  0.14471289E+01  0.84088241E+00  0.00000000E+00  0.00000000E+00  0.00000000E+00
  0.12201500E+02  0.14337178E+01  0.14337178E+01  0.82926785E+00  0.00000000E+00  0.00000000E+00  0.00000000E+00
  0.12244300E+02  0.14243699E+01  0.14243699E+01  0.81838504E+00  0.00000000E+00  0.00000000E+00  0.00000000E+00
  0.12287100E+02  0.14193554E+01  0.14193554E+01  0.80996837E+00  0.00000000E+00  0.00000000E+00  0.00000000E+00
  0.12329900E+02  0.14177027E+01  0.14177027E+01  0.80294737E+00  0.00000000E+00  0.00000000E+00  0.00000000E+00
  0.12372700E+02  0.14176607E+01  0.14176607E+01  0.79469227E+00  0.00000000E+00  0.00000000E+00  0.00000000E+00
  0.12415500E+02  0.14166524E+01  0.14166524E+01  0.78321692E+00  0.00000000E+00  0.00000000E+00  0.00000000E+00
  0.12458400E+02  0.14127806E+01  0.14127806E+01  0.76792830E+00  0.00000000E+00  0.00000000E+00  0.00000000E+00
  0.12501200E+02  0.14107002E+01  0.14107002E+01  0.74985463E+00  0.00000000E+00  0.00000000E+00  0.00000000E+00
  0.12544000E+02  0.14185225E+01  0.14185225E+01  0.73158367E+00  0.00000000E+00  0.00000000E+00  0.00000000E+00
  0.12586800E+02  0.14368609E+01  0.14368609E+01  0.71552290E+00  0.00000000E+00  0.00000000E+00  0.00000000E+00
  0.12629600E+02  0.14612728E+01  0.14612728E+01  0.70362072E+00  0.00000000E+00  0.00000000E+00  0.00000000E+00
  0.12672400E+02  0.14863998E+01  0.14863998E+01  0.69715246E+00  0.00000000E+00  0.00000000E+00  0.00000000E+00
  0.12715200E+02  0.15065335E+01  0.15065335E+01  0.69530717E+00  0.00000000E+00  0.00000000E+00  0.00000000E+00
  0.12758000E+02  0.15151460E+01  0.15151460E+01  0.69593046E+00  0.00000000E+00  0.00000000E+00  0.00000000E+00
  0.12800800E+02  0.15040846E+01  0.15040846E+01  0.69738028E+00  0.00000000E+00  0.00000000E+00  0.00000000E+00
  0.12843700E+02  0.14647588E+01  0.14647588E+01  0.69923690E+00  0.00000000E+00  0.00000000E+00  0.00000000E+00
