#K-Path  Band-1   Band-2   Band-3   Band-4      ...   Band-n
  0.0000  -19.6186  -19.4999   -8.0843   -7.2492   -3.0180   -3.0114   -2.9474   -2.9408    3.3572    3.7311    4.1871    4.2715
  0.0172  -19.6178  -19.4991   -8.0833   -7.2482   -3.0210   -3.0144   -2.9496   -2.9430    3.3583    3.7322    4.1882    4.2726
  0.0344  -19.6153  -19.4967   -8.0804   -7.2454   -3.0300   -3.0234   -2.9562   -2.9494    3.3616    3.7355    4.1916    4.2760
  0.0516  -19.6113  -19.4927   -8.0755   -7.2406   -3.0453   -3.0385   -2.9668   -2.9600    3.3670    3.7410    4.1972    4.2816
  0.0688  -19.6056  -19.4870   -8.0686   -7.2339   -3.0670   -3.0601   -2.9813   -2.9744    3.3746    3.7487    4.2051    4.2895
  0.0860  -19.5983  -19.4798   -8.0598   -7.2254   -3.0952   -3.0882   -2.9993   -2.9923    3.3844    3.7586    4.2153    4.2997
  0.1032  -19.5893  -19.4709   -8.0490   -7.2149   -3.1300   -3.1228   -3.0207   -3.0136    3.3963    3.7708    4.2277    4.3120
  0.1204  -19.5788  -19.4604   -8.0363   -7.2025   -3.1712   -3.1638   -3.0453   -3.0382    3.4104    3.7851    4.2423    4.3267
  0.1376  -19.5666  -19.4483   -8.0216   -7.1882   -3.2186   -3.2111   -3.0732   -3.0660    3.4267    3.8016    4.2592    4.3436
  0.1548  -19.5528  -19.4347   -8.0050   -7.1720   -3.2721   -3.2645   -3.1042   -3.0971    3.4451    3.8203    4.2784    4.3627
  0.1720  -19.5374  -19.4194   -7.9864   -7.1540   -3.3314   -3.3236   -3.1385   -3.1313    3.4658    3.8413    4.2998    4.3841
  0.1892  -19.5204  -19.4024   -7.9659   -7.1340   -3.3962   -3.3882   -3.1760   -3.1687    3.4886    3.8644    4.3234    4.4078
  0.2064  -19.5017  -19.3839   -7.9434   -7.1122   -3.4662   -3.4580   -3.2166   -3.2094    3.5135    3.8897    4.3494    4.4337
  0.2236  -19.4814  -19.3638   -7.9190   -7.0884   -3.5412   -3.5327   -3.2605   -3.2531    3.5407    3.9173    4.3775    4.4618
  0.2408  -19.4595  -19.3421   -7.8926   -7.0628   -3.6208   -3.6121   -3.3074   -3.2999    3.5700    3.9470    4.4079    4.4922
  0.2580  -19.4360  -19.3187   -7.8643   -7.0352   -3.7049   -3.6958   -3.3574   -3.3498    3.6015    3.9790    4.4406    4.5248
  0.2752  -19.4109  -19.2938   -7.8340   -7.0058   -3.7930   -3.7837   -3.4104   -3.4028    3.6352    4.0131    4.4756    4.5598
  0.2924  -19.3842  -19.2672   -7.8018   -6.9746   -3.8850   -3.8754   -3.4663   -3.4586    3.6710    4.0494    4.5127    4.5969
  0.3096  -19.3558  -19.2391   -7.7677   -6.9414   -3.9806   -3.9707   -3.5251   -3.5173    3.7090    4.0880    4.5522    4.6363
  0.3268  -19.3259  -19.2094   -7.7317   -6.9065   -4.0796   -4.0694   -3.5868   -3.5788    3.7492    4.1287    4.5939    4.6780
  0.3440  -19.2943  -19.1781   -7.6938   -6.8696   -4.1816   -4.1711   -3.6511   -3.6431    3.7915    4.1716    4.6378    4.7219
  0.3612  -19.2611  -19.1451   -7.6539   -6.8309   -4.2865   -4.2757   -3.7182   -3.7100    3.8360    4.2167    4.6840    4.7680
  0.3784  -19.2264  -19.1106   -7.6121   -6.7903   -4.3940   -4.3829   -3.7878   -3.7795    3.8827    4.2641    4.7325    4.8165
  0.3956  -19.1900  -19.0745   -7.5684   -6.7479   -4.5039   -4.4925   -3.8599   -3.8514    3.9316    4.3136    4.7832    4.8671
  0.4128  -19.1520  -19.0368   -7.5228   -6.7037   -4.6160   -4.6043   -3.9344   -3.9258    3.9826    4.3653    4.8361    4.9200
  0.4300  -19.1124  -18.9975   -7.4754   -6.6576   -4.7302   -4.7180   -4.0113   -4.0025    4.0358    4.4191    4.8913    4.9752
  0.4472  -19.0713  -18.9566   -7.4260   -6.6097   -4.8461   -4.8336   -4.0904   -4.0814    4.0912    4.4752    4.9488    5.0326
  0.4644  -19.0285  -18.9142   -7.3747   -6.5600   -4.9637   -4.9508   -4.1717   -4.1624    4.1488    4.5335    5.0085    5.0923
  0.4816  -18.9841  -18.8702   -7.3216   -6.5085   -5.0827   -5.0695   -4.2550   -4.2456    4.2085    4.5939    5.0705    5.1542
  0.4988  -18.9382  -18.8245   -7.2666   -6.4552   -5.2030   -5.1895   -4.3403   -4.3306    4.2703    4.6566    5.1347    5.2184
  0.5160  -18.8906  -18.7773   -7.2097   -6.4001   -5.3245   -5.3107   -4.4274   -4.4176    4.3344    4.7214    5.2012    5.2848
  0.5332  -18.8415  -18.7286   -7.1510   -6.3433   -5.4471   -5.4328   -4.5165   -4.5064    4.4006    4.7883    5.2699    5.3535
  0.5504  -18.7908  -18.6783   -7.0905   -6.2847   -5.5704   -5.5558   -4.6072   -4.5968    4.4689    4.8575    5.3409    5.4244
  0.5676  -18.7385  -18.6264   -7.0281   -6.2243   -5.6945   -5.6796   -4.6995   -4.6889    4.5394    4.9288    5.4142    5.4976
  0.5848  -18.6847  -18.5729   -6.9639   -6.1622   -5.8193   -5.8040   -4.7933   -4.7825    4.6121    5.0023    5.4897    5.5731
  0.6020  -18.6293  -18.5179   -6.8979   -6.0984   -5.9445   -5.9288   -4.8886   -4.8776    4.6869    5.0780    5.5674    5.6507
  0.6192  -18.5723  -18.4614   -6.8301   -6.0702   -6.0556   -6.0312   -4.9852   -4.9739    4.7639    5.1558    5.6474    5.7307
  0.6364  -18.5138  -18.4033   -6.7605   -6.1961   -6.1800   -5.9652   -5.0830   -5.0715    4.8430    5.2357    5.7297    5.8129
  0.6536  -18.4537  -18.3436   -6.6891   -6.3222   -6.3057   -5.8962   -5.1821   -5.1703    4.9243    5.3179    5.8142    5.8973
  0.6708  -18.3920  -18.2824   -6.6160   -6.4484   -6.4316   -5.8256   -5.2822   -5.2702    5.0077    5.4021    5.9010    5.9840
  0.6880  -18.3288  -18.2196   -6.5759   -6.5577   -6.5396   -5.7532   -5.3834   -5.3711    5.0932    5.4885    5.9900    6.0729
  0.7052  -18.2641  -18.1554   -6.7013   -6.6835   -6.4640   -5.6793   -5.4855   -5.4729    5.1809    5.5771    6.0813    6.1641
  0.7224  -18.1978  -18.0896   -6.8274   -6.8093   -6.3856   -5.6038   -5.5883   -5.5755    5.2707    5.6677    6.1748    6.2575
  0.7396  -18.1300  -18.0223   -6.9533   -6.9349   -6.3055   -5.6922   -5.6789   -5.5263    5.3627    5.7605    6.2706    6.3532
  0.7568  -18.0606  -17.9534   -7.0790   -7.0603   -6.2237   -5.7966   -5.7830   -5.4475    5.4568    5.8554    6.3686    6.4511
  0.7740  -17.9898  -17.8831   -7.2044   -7.1853   -6.1401   -5.9016   -5.8877   -5.3670    5.5529    5.9523    6.4688    6.5514
  0.7912  -17.9174  -17.8112   -7.3294   -7.3100   -6.0549   -6.0071   -5.9930   -5.2850    5.6512    6.0514    6.5714    6.6539
  0.8084  -17.8435  -17.7379   -7.4539   -7.4342   -6.1131   -6.0987   -5.9680   -5.2015    5.7516    6.1525    6.6761    6.7008
  0.8256  -17.7681  -17.6631   -7.5780   -7.5579   -6.2196   -6.2048   -5.8795   -5.1164    5.8541    6.2555    6.5477    6.7425
  0.8428  -17.6912  -17.5868   -7.7016   -7.6811   -6.3264   -6.3113   -5.7894   -5.0299    5.9586    6.3598    6.3948    6.5927
  0.8600  -17.6129  -17.5090   -7.8245   -7.8037   -6.4334   -6.4180   -5.6977   -4.9418    6.0649    6.2416    6.4322    6.4776
  0.8772  -17.5330  -17.4297   -7.9469   -7.9258   -6.5406   -6.5249   -5.6044   -4.8523    6.0860    6.1760    6.2890    6.5795
  0.8944  -17.4517  -17.3490   -8.0686   -8.0471   -6.6480   -6.6320   -5.5096   -4.7614    5.9342    6.1390    6.2858    6.6904
  0.9116  -17.3689  -17.2668   -8.1897   -8.1678   -6.7554   -6.7391   -5.4132   -4.6692    5.7815    5.9889    6.3985    6.8037
  0.9288  -17.2847  -17.1832   -8.3099   -8.2877   -6.8628   -6.8462   -5.3153   -4.5755    5.6291    5.8389    6.5135    6.9190
  0.9460  -17.1990  -17.0982   -8.4295   -8.4069   -6.9701   -6.9532   -5.2160   -4.4805    5.4770    5.6893    6.6305    7.0363
  0.9632  -17.1119  -17.0117   -8.5482   -8.5253   -7.0773   -7.0602   -5.1151   -4.3842    5.3254    5.5400    6.7496    7.1556
  0.9804  -17.0234  -16.9238   -8.6660   -8.6428   -7.1844   -7.1669   -5.0129   -4.2866    5.1742    5.3912    6.8707    7.2768
  0.9976  -16.9335  -16.8345   -8.7831   -8.7595   -7.2912   -7.2735   -4.9093   -4.1878    5.0236    5.2429    6.9939    7.3998
  1.0148  -16.8421  -16.7439   -8.8992   -8.8753   -7.3978   -7.3797   -4.8042   -4.0878    4.8737    5.0952    7.1191    7.5247
  1.0320  -16.7495  -16.6519   -9.0144   -8.9901   -7.5039   -7.4856   -4.6979   -3.9867    4.7244    4.9481    7.2462    7.6514
  1.0492  -16.6555  -16.5586   -9.1287   -9.1041   -7.6097   -7.5911   -4.5903   -3.8844    4.5759    4.8017    7.3754    7.7798
  1.0664  -16.5601  -16.4639   -9.2420   -9.2171   -7.7151   -7.6962   -4.4814   -3.7811    4.4282    4.6561    7.5064    7.9098
  1.0836  -16.4633  -16.3679   -9.3543   -9.3290   -7.8200   -7.8007   -4.3713   -3.6767    4.2813    4.5113    7.6395    8.0415
  1.1008  -16.3653  -16.2706   -9.4656   -9.4400   -7.9242   -7.9047   -4.2600   -3.5714    4.1353    4.3674    7.7744    8.1747
  1.1180  -16.2659  -16.1720   -9.5759   -9.5499   -8.0279   -8.0082   -4.1476   -3.4652    3.9903    4.2244    7.9113    8.3093
  1.1352  -16.1653  -16.0721   -9.6851   -9.6588   -8.1309   -8.1109   -4.0341   -3.3580    3.8463    4.0823    8.0500    8.4452
  1.1524  -16.0634  -15.9710   -9.7933   -9.7667   -8.2333   -8.2130   -3.9195   -3.2500    3.7033    3.9412    8.1906    8.5822
  1.1696  -15.9603  -15.8686   -9.9004   -9.8734   -8.3348   -8.3143   -3.8039   -3.1413    3.5613    3.8011    8.3330    8.7203
  1.1868  -15.8560  -15.7651  -10.0064   -9.9791   -8.4356   -8.4148   -3.6874   -3.0319    3.4205    3.6621    8.4772    8.8591
  1.2040  -15.7504  -15.6603  -10.1113  -10.0836   -8.5355   -8.5144   -3.5700   -2.9218    3.2808    3.5242    8.6231    8.9985
  1.2212  -15.6438  -15.5545  -10.2150  -10.1870   -8.6344   -8.6132   -3.4517   -2.8112    3.1423    3.3875    8.7707    9.1380
  1.2384  -15.5360  -15.4475  -10.3176  -10.2893   -8.7324   -8.7110   -3.3327   -2.7001    3.0051    3.2520    8.9199    9.2774
  1.2556  -15.4271  -15.3395  -10.4191  -10.3905   -8.8294   -8.8077   -3.2130   -2.5885    2.8691    3.1176    9.0708    9.4162
  1.2728  -15.3172  -15.2304  -10.5194  -10.4904   -8.9253   -8.9034   -3.0926   -2.4766    2.7344    2.9846    9.2231    9.5536
  1.2900  -15.2063  -15.1204  -10.6185  -10.5892   -9.0201   -8.9980   -2.9717   -2.3644    2.6010    2.8528    9.3769    9.6890
  1.3072  -15.0944  -15.0095  -10.7165  -10.6868   -9.1137   -9.0914   -2.8502   -2.2521    2.4689    2.7223    9.5320    9.8214
  1.3244  -14.9816  -14.8977  -10.8132  -10.7832   -9.2059   -9.1835   -2.7284   -2.1397    2.3382    2.5932    9.6884    9.9494
  1.3416  -14.8680  -14.7851  -10.9088  -10.8785   -9.2969   -9.2743   -2.6062   -2.0272    2.2090    2.4654    9.8458   10.0716
  1.3588  -14.7536  -14.6717  -11.0031  -10.9725   -9.3865   -9.3638   -2.4837   -1.9149    2.0811    2.3391   10.0042   10.1861
  1.3760  -14.6385  -14.5577  -11.0962  -11.0652   -9.4745   -9.4517   -2.3611   -1.8027    1.9548    2.2142   10.1632   10.2907
  1.3932  -14.5228  -14.4431  -11.1880  -11.1567   -9.5609   -9.5381   -2.2384   -1.6909    1.8299    2.0908   10.3223   10.3833
  1.4104  -14.4066  -14.3281  -11.2786  -11.2470   -9.6456   -9.6228   -2.1157   -1.5795    1.7065    1.9688   10.4618   10.4806
  1.4276  -14.2899  -14.2126  -11.3680  -11.3360   -9.7286   -9.7058   -1.9932   -1.4686    1.5847    1.8484   10.5250   10.6341
  1.4448  -14.1730  -14.0969  -11.4561  -11.4238   -9.8095   -9.7868   -1.8710   -1.3584    1.4645    1.7295   10.5723   10.7538
  1.4620  -14.0559  -13.9811  -11.5428  -11.5103   -9.8883   -9.8658   -1.7491   -1.2490    1.3459    1.6123   10.6045   10.7728
  1.4792  -13.9389  -13.8654  -11.6284  -11.5956   -9.9649   -9.9426   -1.6277   -1.1405    1.2289    1.4966   10.6234   10.7574
  1.4964  -13.8221  -13.7501  -11.7126  -11.6795  -10.0390  -10.0171   -1.5069   -1.0331    1.1136    1.3826   10.6313   10.7356
  1.5136  -13.7058  -13.6353  -11.7956  -11.7622  -10.1104  -10.0889   -1.3868   -0.9269    1.0000    1.2703   10.6305   10.7115
  1.5308  -13.5902  -13.5213  -11.8772  -11.8435  -10.1788  -10.1578   -1.2678   -0.8221    0.8881    1.1598   10.6234   10.6867
  1.5480  -13.4757  -13.4086  -11.9575  -11.9235  -10.2438  -10.2235   -1.1498   -0.7189    0.7781    1.0512   10.6121   10.6620
  1.5652  -13.3626  -13.2975  -12.0365  -12.0022  -10.3051  -10.2856   -1.0331   -0.6174    0.6701    0.9444   10.5982   10.6381
  1.5824  -13.2514  -13.1886  -12.1141  -12.0796  -10.3622  -10.3437   -0.9179   -0.5181    0.5640    0.8398   10.5833   10.6155
  1.5996  -13.1428  -13.0824  -12.1903  -12.1555  -10.4145  -10.3974   -0.8047   -0.4211    0.4602    0.7375   10.5684   10.5947
  1.6168  -13.0374  -12.9798  -12.2651  -12.2300  -10.4613  -10.4458   -0.6937   -0.3271    0.3591    0.6380   10.5545   10.5760
  1.6340  -12.9360  -12.8816  -12.3383  -12.3030  -10.5019  -10.4884   -0.5859   -0.2369    0.2611    0.5419   10.5422   10.5597
  1.6512  -12.8398  -12.7891  -12.4097  -12.3742  -10.5353  -10.5242   -0.4827   -0.1522    0.1677    0.4508   10.5323   10.5463
  1.6684  -12.7506  -12.7042  -12.4784  -12.4427  -10.5606  -10.5522   -0.3877   -0.0769    0.0825    0.3687   10.5251   10.5359
  1.6856  -12.6736  -12.6328  -12.5399  -12.5044  -10.5765  -10.5714   -0.3114   -0.0212    0.0159    0.3054   10.5210   10.5289
  1.7028  -12.6490  -12.6131  -12.5565  -12.5206  -10.5824  -10.5803   -0.2814   -0.0063   -0.0049    0.2823   10.5201   10.5257
  1.7028  -12.6490  -12.6131  -12.5565  -12.5206  -10.5824  -10.5803   -0.2814   -0.0063   -0.0049    0.2823   10.5201   10.5257
  1.7256  -12.6639  -12.6222  -12.5551  -12.5220  -10.5703  -10.5628   -0.3250   -0.0464    0.0439    0.3152   10.5217   10.5318
  1.7483  -12.7554  -12.7118  -12.4890  -12.4599  -10.5380  -10.5249   -0.4247   -0.1358    0.1465    0.3971   10.5297   10.5447
  1.7711  -12.8519  -12.8057  -12.4340  -12.4064  -10.4858  -10.4673   -0.5387   -0.2400    0.2615    0.4932   10.5442   10.5644
  1.7938  -12.9507  -12.9017  -12.3912  -12.3629  -10.4145  -10.3911   -0.6568   -0.3485    0.3780    0.5930   10.5649   10.5909
  1.8166  -13.0511  -12.9993  -12.3592  -12.3284  -10.3260  -10.2983   -0.7759   -0.4578    0.4929    0.6933   10.5915   10.6240
  1.8393  -13.1527  -13.0981  -12.3359  -12.3019  -10.2223  -10.1910   -0.8947   -0.5669    0.6046    0.7932   10.6236   10.6633
  1.8621  -13.2551  -13.1980  -12.3192  -12.2817  -10.1057  -10.0716   -1.0129   -0.6750    0.7125    0.8922   10.6603   10.7083
  1.8848  -13.3580  -13.2984  -12.3072  -12.2664   -9.9783   -9.9420   -1.1300   -0.7819    0.8161    0.9903   10.7004   10.7585
  1.9076  -13.4611  -13.3993  -12.2984  -12.2545   -9.8421   -9.8042   -1.2458   -0.8875    0.9151    1.0874   10.7422   10.8128
  1.9303  -13.5641  -13.5001  -12.2916  -12.2449   -9.6988   -9.6599   -1.3603   -0.9915    1.0094    1.1835   10.7834   10.8701
  1.9531  -13.6667  -13.6007  -12.2856  -12.2365   -9.5499   -9.5104   -1.4733   -1.0940    1.0993    1.2784   10.8208   10.9285
  1.9758  -13.7686  -13.7009  -12.2798  -12.2286   -9.3967   -9.3569   -1.5847   -1.1948    1.1849    1.3719   10.8498   10.9844
  1.9986  -13.8698  -13.8004  -12.2735  -12.2205   -9.2402   -9.2004   -1.6944   -1.2940    1.2667    1.4639   10.8642   11.0287
  2.0214  -13.9700  -13.8990  -12.2663  -12.2117   -9.0813   -9.0417   -1.8024   -1.3914    1.3450    1.5542   10.8534   11.0285
  2.0441  -14.0691  -13.9966  -12.2578  -12.2018   -8.9209   -8.8817   -1.9085   -1.4871    1.4202    1.6426   10.7975   10.9404
  2.0669  -14.1669  -14.0930  -12.2477  -12.1906   -8.7597   -8.7210   -2.0128   -1.5809    1.4927    1.7290   10.6742   10.8166
  2.0896  -14.2632  -14.1880  -12.2359  -12.1778   -8.5983   -8.5602   -2.1152   -1.6730    1.5629    1.8134   10.5010   10.6735
  2.1124  -14.3579  -14.2816  -12.2222  -12.1632   -8.4373   -8.4000   -2.2155   -1.7631    1.6309    1.8959   10.3058   10.5054
  2.1351  -14.4510  -14.3735  -12.2065  -12.1467   -8.2773   -8.2409   -2.3138   -1.8514    1.6971    1.9765   10.1026   10.3123
  2.1579  -14.5424  -14.4638  -12.1886  -12.1282   -8.1189   -8.0834   -2.4100   -1.9377    1.7618    2.0553    9.8973   10.1063
  2.1806  -14.6318  -14.5523  -12.1686  -12.1075   -7.9626   -7.9281   -2.5041   -2.0220    1.8251    2.1323    9.6934    9.8972
  2.2034  -14.7194  -14.6389  -12.1462  -12.0848   -7.8090   -7.7755   -2.5960   -2.1043    1.8874    2.2077    9.4928    9.6901
  2.2261  -14.8050  -14.7236  -12.1217  -12.0598   -7.6586   -7.6262   -2.6856   -2.1846    1.9487    2.2817    9.2970    9.4877
  2.2489  -14.8885  -14.8063  -12.0948  -12.0325   -7.5120   -7.4807   -2.7729   -2.2628    2.0093    2.3543    9.1071    9.2917
  2.2716  -14.9699  -14.8869  -12.0656  -12.0031   -7.3698   -7.3396   -2.8580   -2.3389    2.0694    2.4256    8.9242    9.1032
  2.2944  -15.0492  -14.9655  -12.0340  -11.9713   -7.2326   -7.2034   -2.9406   -2.4128    2.1291    2.4959    8.7491    8.9231
  2.3171  -15.1263  -15.0418  -12.0002  -11.9373   -7.1008   -7.0727   -3.0208   -2.4846    2.1886    2.5652    8.5827    8.7523
  2.3399  -15.2011  -15.1159  -11.9639  -11.9010   -6.9752   -6.9481   -3.0986   -2.5541    2.2479    2.6335    8.4258    8.5915
  2.3626  -15.2736  -15.1877  -11.9254  -11.8623   -6.8562   -6.8301   -3.1740   -2.6214    2.3072    2.7011    8.2791    8.4415
  2.3854  -15.3438  -15.2573  -11.8846  -11.8215   -6.7446   -6.7194   -3.2468   -2.6865    2.3666    2.7680    8.1435    8.3028
  2.4082  -15.4117  -15.3245  -11.8414  -11.7783   -6.6408   -6.6166   -3.3170   -2.7492    2.4261    2.8343    8.0195    8.1762
  2.4309  -15.4771  -15.3894  -11.7960  -11.7330   -6.5455   -6.5220   -3.3847   -2.8096    2.4858    2.9000    7.9079    8.0623
  2.4537  -15.5402  -15.4520  -11.7483  -11.6854   -6.4591   -6.4364   -3.4498   -2.8677    2.5458    2.9652    7.8093    7.9616
  2.4764  -15.6008  -15.5121  -11.6984  -11.6356   -6.3822   -6.3602   -3.5122   -2.9233    2.6060    3.0299    7.7242    7.8747
  2.4992  -15.6590  -15.5697  -11.6463  -11.5837   -6.3152   -6.2938   -3.5720   -2.9766    2.6665    3.0941    7.6531    7.8020
  2.5219  -15.7147  -15.6249  -11.5921  -11.5297   -6.2586   -6.2376   -3.6291   -3.0274    2.7273    3.1578    7.5965    7.7439
  2.5447  -15.7678  -15.6776  -11.5357  -11.4736   -6.2125   -6.1920   -3.6835   -3.0757    2.7884    3.2210    7.5548    7.7008
  2.5674  -15.8184  -15.7279  -11.4772  -11.4154   -6.1774   -6.1571   -3.7352   -3.1215    2.8497    3.2836    7.5281    7.6729
  2.5902  -15.8665  -15.7756  -11.4167  -11.3552   -6.1533   -6.1332   -3.7841   -3.1649    2.9111    3.3456    7.5168    7.6603
  2.6129  -15.9120  -15.8207  -11.3542  -11.2929   -6.1404   -6.1203   -3.8302   -3.2057    2.9726    3.4070    7.5208    7.6629
  2.6357  -15.9550  -15.8633  -11.2897  -11.2289   -6.1387   -6.1185   -3.8736   -3.2440    3.0341    3.4675    7.5401    7.6807
  2.6584  -15.9953  -15.9034  -11.2234  -11.1629   -6.1480   -6.1276   -3.9141   -3.2797    3.0955    3.5271    7.5745    7.7133
  2.6812  -16.0331  -15.9408  -11.1552  -11.0952   -6.1682   -6.1475   -3.9518   -3.3128    3.1566    3.5857    7.6236    7.7599
  2.7039  -16.0682  -15.9757  -11.0853  -11.0257   -6.1990   -6.1779   -3.9867   -3.3433    3.2173    3.6431    7.6868    7.8190
  2.7267  -16.1007  -16.0080  -11.0137  -10.9547   -6.2400   -6.2185   -4.0188   -3.3713    3.2774    3.6991    7.7626    7.8877
  2.7495  -16.1306  -16.0376  -10.9406  -10.8821   -6.2909   -6.2688   -4.0480   -3.3966    3.3367    3.7535    7.8473    7.9590
  2.7722  -16.1579  -16.0647  -10.8660  -10.8080   -6.3511   -6.3283   -4.0744   -3.4193    3.3950    3.8060    7.9258    8.0263
  2.7950  -16.1824  -16.0890  -10.7900  -10.7327   -6.4201   -6.3966   -4.0979   -3.4394    3.4521    3.8565    7.9607    8.1135
  2.8177  -16.2043  -16.1108  -10.7128  -10.6562   -6.4972   -6.4729   -4.1185   -3.4568    3.5076    3.9046    7.9586    8.2253
  2.8405  -16.2236  -16.1299  -10.6346  -10.5787   -6.5819   -6.5568   -4.1362   -3.4716    3.5613    3.9501    7.9452    8.3253
  2.8632  -16.2401  -16.1463  -10.5555  -10.5004   -6.6735   -6.6476   -4.1511   -3.4838    3.6128    3.9927    7.9297    8.3548
  2.8860  -16.2540  -16.1601  -10.4758  -10.4215   -6.7711   -6.7444   -4.1631   -3.4934    3.6619    4.0320    7.9151    8.3471
  2.9087  -16.2652  -16.1712  -10.3956  -10.3423   -6.8741   -6.8467   -4.1722   -3.5003    3.7081    4.0677    7.9028    8.3340
  2.9315  -16.2737  -16.1796  -10.3154  -10.2631   -6.9816   -6.9534   -4.1784   -3.5046    3.7510    4.0995    7.8933    8.3217
  2.9542  -16.2795  -16.1854  -10.2355  -10.1843   -7.0927   -7.0639   -4.1818   -3.5063    3.7903    4.1271    7.8869    8.3119
  2.9770  -16.2826  -16.1884  -10.1564  -10.1064   -7.2065   -7.1772   -4.1823   -3.5053    3.8254    4.1501    7.8838    8.3053
  2.9997  -16.2830  -16.1888  -10.0787  -10.0302   -7.3220   -7.2922   -4.1800   -3.5018    3.8559    4.1682    7.8842    8.3020
  3.0225  -16.2807  -16.1866  -10.0033   -9.9563   -7.4378   -7.4078   -4.1749   -3.4957    3.8814    4.1811    7.8881    8.3023
  3.0452  -16.2758  -16.1817   -9.9310   -9.8860   -7.5525   -7.5226   -4.1669   -3.4871    3.9012    4.1887    7.8956    8.3064
  3.0680  -16.2681  -16.1741   -9.8633   -9.8205   -7.6644   -7.6350   -4.1561   -3.4760    3.9151    4.1907    7.9067    8.3142
  3.0907  -16.2577  -16.1638   -9.8019   -9.7616   -7.7714   -7.7428   -4.1426   -3.4623    3.9223    4.1870    7.9214    8.3259
  3.1135  -16.2446  -16.1508   -9.7490   -9.7117   -7.8708   -7.8437   -4.1263   -3.4462    3.9226    4.1775    7.9398    8.3416
  3.1363  -16.2288  -16.1352   -9.7074   -9.6736   -7.9598   -7.9345   -4.1073   -3.4277    3.9155    4.1622    7.9618    8.3614
  3.1590  -16.2103  -16.1168   -9.6806   -9.6502   -8.0348   -8.0117   -4.0855   -3.4068    3.9005    4.1412    7.9875    8.3851
  3.1818  -16.1892  -16.0958   -9.6721   -9.6445   -8.0926   -8.0716   -4.0611   -3.3836    3.8775    4.1146    8.0169    8.4131
  3.2045  -16.1653  -16.0722   -9.6851   -9.6588   -8.1309   -8.1109   -4.0341   -3.3581    3.8463    4.0823    8.0500    8.4451
  3.2273  -16.1388  -16.0459   -9.7211   -9.6939   -8.1485   -8.1279   -4.0045   -3.3303    3.8070    4.0446    8.0867    8.4813
  3.2500  -16.1096  -16.0169   -9.7795   -9.7495   -8.1457   -8.1232   -3.9724   -3.3004    3.7597    4.0014    8.1271    8.5218
  3.2728  -16.0777  -15.9852   -9.8575   -9.8239   -8.1242   -8.0993   -3.9377   -3.2684    3.7047    3.9529    8.1711    8.5663
  3.2955  -16.0432  -15.9510   -9.9518   -9.9144   -8.0867   -8.0595   -3.9007   -3.2345    3.6425    3.8991    8.2188    8.6151
  3.3183  -16.0061  -15.9141  -10.0587  -10.0178   -8.0363   -8.0073   -3.8613   -3.1986    3.5736    3.8402    8.2701    8.6679
  3.3410  -15.9663  -15.8747  -10.1753  -10.1314   -7.9758   -7.9455   -3.8196   -3.1609    3.4986    3.7762    8.3250    8.7248
  3.3638  -15.9239  -15.8326  -10.2992  -10.2527   -7.9078   -7.8766   -3.7757   -3.1215    3.4182    3.7075    8.3835    8.7857
  3.3865  -15.8790  -15.7880  -10.4285  -10.3797   -7.8341   -7.8025   -3.7297   -3.0806    3.3330    3.6342    8.4454    8.8504
  3.4093  -15.8314  -15.7409  -10.5616  -10.5109   -7.7565   -7.7247   -3.6816   -3.0382    3.2436    3.5569    8.5107    8.9186
  3.4320  -15.7813  -15.6912  -10.6974  -10.6449   -7.6762   -7.6445   -3.6317   -2.9946    3.1509    3.4757    8.5792    8.9900
  3.4548  -15.7287  -15.6390  -10.8350  -10.7809   -7.5942   -7.5628   -3.5800   -2.9498    3.0554    3.3913    8.6505    9.0632
  3.4776  -15.6736  -15.5844  -10.9737  -10.9181   -7.5113   -7.4803   -3.5266   -2.9042    2.9578    3.3041    8.7239    9.1330
  3.5003  -15.6161  -15.5274  -11.1128  -11.0560   -7.4283   -7.3978   -3.4717   -2.8578    2.8588    3.2144    8.7972    9.1617
  3.5231  -15.5561  -15.4680  -11.2519  -11.1939   -7.3458   -7.3159   -3.4155   -2.8110    2.7590    3.1230    8.8618    9.0625
  3.5458  -15.4938  -15.4062  -11.3905  -11.3314   -7.2643   -7.2351   -3.3581   -2.7640    2.6592    3.0304    8.8593    8.9642
  3.5686  -15.4292  -15.3423  -11.5284  -11.4683   -7.1844   -7.1558   -3.2998   -2.7170    2.5599    2.9370    8.7362    8.8834
  3.5913  -15.3624  -15.2761  -11.6651  -11.6041   -7.1064   -7.0785   -3.2408   -2.6704    2.4618    2.8435    8.5954    8.7556
  3.6141  -15.2934  -15.2079  -11.8003  -11.7386   -7.0308   -7.0036   -3.1814   -2.6245    2.3657    2.7504    8.4571    8.6203
  3.6368  -15.2225  -15.1378  -11.9339  -11.8715   -6.9580   -6.9314   -3.1218   -2.5797    2.2721    2.6584    8.3243    8.4880
  3.6596  -15.1497  -15.0659  -12.0653  -12.0024   -6.8883   -6.8625   -3.0624   -2.5363    2.1817    2.5680    8.1982    8.3616
  3.6823  -15.0751  -14.9924  -12.1944  -12.1311   -6.8222   -6.7970   -3.0036   -2.4947    2.0952    2.4800    8.0794    8.2422
  3.7051  -14.9992  -14.9176  -12.3207  -12.2572   -6.7599   -6.7354   -2.9457   -2.4553    2.0131    2.3949    7.9685    8.1305
  3.7278  -14.9220  -14.8418  -12.4439  -12.3803   -6.7018   -6.6779   -2.8893   -2.4186    1.9362    2.3135    7.8658    8.0271
  3.7506  -14.8441  -14.7654  -12.5634  -12.5001   -6.6483   -6.6250   -2.8347   -2.3849    1.8649    2.2363    7.7717    7.9324
  3.7733  -14.7659  -14.6892  -12.6785  -12.6158   -6.5995   -6.5767   -2.7827   -2.3546    1.7999    2.1643    7.6865    7.8467
  3.7961  -14.6882  -14.6138  -12.7882  -12.7268   -6.5557   -6.5335   -2.7338   -2.3280    1.7416    2.0981    7.6107    7.7704
  3.8189  -14.6119  -14.5404  -12.8915  -12.8318   -6.5173   -6.4955   -2.6888   -2.3052    1.6905    2.0384    7.5443    7.7036
  3.8416  -14.5386  -14.4706  -12.9867  -12.9296   -6.4844   -6.4630   -2.6485   -2.2865    1.6469    1.9862    7.4878    7.6467
  3.8644  -14.4701  -14.4067  -13.0714  -13.0181   -6.4572   -6.4361   -2.6136   -2.2717    1.6110    1.9421    7.4412    7.5999
  3.8871  -14.4094  -14.3516  -13.1427  -13.0945   -6.4358   -6.4151   -2.5852   -2.2607    1.5831    1.9068    7.4048    7.5633
  3.9099  -14.3604  -14.3088  -13.1969  -13.1549   -6.4205   -6.3999   -2.5640   -2.2532    1.5631    1.8811    7.3787    7.5370
  3.9326  -14.3277  -14.2817  -13.2307  -13.1946   -6.4113   -6.3908   -2.5510   -2.2489    1.5511    1.8655    7.3630    7.5212
  3.9554  -14.3161  -14.2724  -13.2421  -13.2086   -6.4082   -6.3877   -2.5466   -2.2476    1.5472    1.8602    7.3578    7.5160
  3.9554  -14.3161  -14.2724  -13.2421  -13.2086   -6.4082   -6.3877   -2.5466   -2.2476    1.5472    1.8602    7.3578    7.5160
  3.9703  -14.3284  -14.2824  -13.2314  -13.1953   -6.4076   -6.3871   -2.5520   -2.2499    1.5513    1.8658    7.3581    7.5163
  3.9852  -14.3632  -14.3116  -13.1996  -13.1576   -6.4058   -6.3853   -2.5680   -2.2572    1.5636    1.8825    7.3591    7.5171
  4.0001  -14.4159  -14.3580  -13.1487  -13.1004   -6.4028   -6.3823   -2.5941   -2.2696    1.5842    1.9100    7.3607    7.5185
  4.0150  -14.4816  -14.4181  -13.0820  -13.0286   -6.3985   -6.3781   -2.6294   -2.2874    1.6130    1.9476    7.3629    7.5206
  4.0298  -14.5566  -14.4885  -13.0031  -12.9458   -6.3931   -6.3727   -2.6730   -2.3109    1.6501    1.9948    7.3657    7.5231
  4.0447  -14.6380  -14.5662  -12.9151  -12.8550   -6.3865   -6.3661   -2.7240   -2.3402    1.6953    2.0508    7.3692    7.5263
  4.0596  -14.7237  -14.6490  -12.8200  -12.7580   -6.3786   -6.3582   -2.7814   -2.3754    1.7485    2.1150    7.3733    7.5300
  4.0745  -14.8125  -14.7354  -12.7195  -12.6563   -6.3696   -6.3492   -2.8445   -2.4162    1.8094    2.1865    7.3781    7.5342
  4.0894  -14.9032  -14.8242  -12.6148  -12.5509   -6.3594   -6.3390   -2.9125   -2.4625    1.8776    2.2648    7.3834    7.5390
  4.1043  -14.9953  -14.9146  -12.5066  -12.4423   -6.3480   -6.3276   -2.9847   -2.5138    1.9528    2.3492    7.3894    7.5443
  4.1192  -15.0882  -15.0060  -12.3957  -12.3312   -6.3354   -6.3150   -3.0606   -2.5697    2.0344    2.4391    7.3959    7.5501
  4.1341  -15.1815  -15.0980  -12.2824  -12.2180   -6.3216   -6.3012   -3.1396   -2.6299    2.1221    2.5340    7.4031    7.5564
  4.1490  -15.2749  -15.1902  -12.1671  -12.1028   -6.3066   -6.2863   -3.2214   -2.6939    2.2154    2.6334    7.4108    7.5632
  4.1639  -15.3682  -15.2824  -12.0500  -11.9860   -6.2904   -6.2702   -3.3053   -2.7613    2.3139    2.7369    7.4190    7.5704
  4.1788  -15.4612  -15.3744  -11.9314  -11.8677   -6.2731   -6.2528   -3.3912   -2.8317    2.4172    2.8442    7.4278    7.5780
  4.1937  -15.5538  -15.4661  -11.8113  -11.7481   -6.2546   -6.2344   -3.4787   -2.9048    2.5248    2.9549    7.4371    7.5860
  4.2086  -15.6460  -15.5573  -11.6900  -11.6273   -6.2349   -6.2147   -3.5674   -2.9800    2.6364    3.0686    7.4469    7.5943
  4.2235  -15.7375  -15.6480  -11.5675  -11.5053   -6.2141   -6.1940   -3.6571   -3.0573    2.7517    3.1851    7.4571    7.6027
  4.2384  -15.8284  -15.7381  -11.4439  -11.3823   -6.1921   -6.1720   -3.7477   -3.1361    2.8703    3.3041    7.4677    7.6112
  4.2533  -15.9185  -15.8274  -11.3193  -11.2583   -6.1690   -6.1490   -3.8389   -3.2164    2.9919    3.4254    7.4786    7.6196
  4.2682  -16.0079  -15.9161  -11.1937  -11.1334   -6.1448   -6.1248   -3.9304   -3.2977    3.1163    3.5489    7.4896    7.6274
  4.2831  -16.0964  -16.0039  -11.0673  -11.0077   -6.1194   -6.0995   -4.0223   -3.3800    3.2433    3.6742    7.5005    7.6341
  4.2980  -16.1841  -16.0909  -10.9401  -10.8811   -6.0929   -6.0730   -4.1142   -3.4630    3.3725    3.8013    7.5107    7.6385
  4.3129  -16.2709  -16.1771  -10.8121  -10.7538   -6.0653   -6.0455   -4.2061   -3.5464    3.5038    3.9299    7.5191    7.6383
  4.3278  -16.3568  -16.2623  -10.6833  -10.6257   -6.0366   -6.0168   -4.2979   -3.6303    3.6370    4.0600    7.5222    7.6298
  4.3426  -16.4417  -16.3466  -10.5539  -10.4970   -6.0068   -5.9871   -4.3894   -3.7143    3.7720    4.1914    7.5089    7.6127
  4.3575  -16.5257  -16.4300  -10.4238  -10.3676   -5.9759   -5.9563   -4.4806   -3.7984    3.9084    4.3239    7.4601    7.6012
  4.3724  -16.6088  -16.5125  -10.2930  -10.2377   -5.9440   -5.9244   -4.5713   -3.8825    4.0463    4.4574    7.3796    7.5995
  4.3873  -16.6909  -16.5939  -10.1618  -10.1072   -5.9110   -5.8915   -4.6616   -3.9664    4.1853    4.5919    7.2844    7.5962
  4.4022  -16.7719  -16.6743  -10.0299   -9.9761   -5.8770   -5.8576   -4.7512   -4.0500    4.3255    4.7271    7.1834    7.5730
  4.4171  -16.8520  -16.7537   -9.8976   -9.8446   -5.8420   -5.8226   -4.8403   -4.1333    4.4666    4.8631    7.0801    7.5090
  4.4320  -16.9310  -16.8321   -9.7648   -9.7126   -5.8059   -5.7866   -4.9286   -4.2162    4.6085    4.9996    6.9764    7.4179
  4.4469  -17.0089  -16.9095   -9.6315   -9.5801   -5.7688   -5.7496   -5.0162   -4.2986    4.7510    5.1366    6.8729    7.3185
  4.4618  -17.0859  -16.9859   -9.4979   -9.4473   -5.7308   -5.7117   -5.1030   -4.3804    4.8940    5.2739    6.7701    7.2170
  4.4767  -17.1618  -17.0612   -9.3639   -9.3142   -5.6918   -5.6727   -5.1889   -4.4616    5.0373    5.4115    6.6683    7.1157
  4.4916  -17.2366  -17.1354   -9.2296   -9.1806   -5.6518   -5.6329   -5.2739   -4.5420    5.1807    5.5492    6.5677    7.0155
  4.5065  -17.3103  -17.2087   -9.0950   -9.0469   -5.6109   -5.5921   -5.3581   -4.6218    5.3240    5.6869    6.4685    6.9169
  4.5214  -17.3830  -17.2808   -8.9602   -8.9129   -5.5691   -5.5503   -5.4412   -4.7008    5.4667    5.8242    6.3707    6.8207
  4.5363  -17.4546  -17.3519   -8.8252   -8.7787   -5.5265   -5.5234   -5.5076   -4.7789    5.6083    5.9606    6.2747    6.7275
  4.5512  -17.5251  -17.4218   -8.6899   -8.6443   -5.6045   -5.4829   -5.4642   -4.8562    5.7475    6.0930    6.1831    6.6389
  4.5661  -17.5944  -17.4907   -8.5546   -8.5098   -5.6846   -5.4385   -5.4199   -4.9326    5.8814    6.0831    6.2329    6.5590
  4.5810  -17.6627  -17.5585   -8.4192   -8.3752   -5.7636   -5.3932   -5.3748   -5.0080    5.9763    6.0214    6.3499    6.5049
  4.5959  -17.7299  -17.6251   -8.2837   -8.2406   -5.8415   -5.3472   -5.3288   -5.0825    5.8977    6.1018    6.4033    6.5476
  4.6108  -17.7959  -17.6907   -8.1483   -8.1060   -5.9182   -5.3004   -5.2821   -5.1560    5.8095    6.1217    6.4523    6.6651
  4.6257  -17.8608  -17.7551   -8.0129   -7.9714   -5.9939   -5.2528   -5.2347   -5.2283    5.7221    6.0783    6.5525    6.6533
  4.6406  -17.9246  -17.8184   -7.8776   -7.8369   -6.0683   -5.2998   -5.2045   -5.1864    5.6360    6.0104    6.5608    6.6302
  4.6555  -17.9873  -17.8806   -7.7424   -7.7026   -6.1416   -5.3701   -5.1555   -5.1376    5.5514    5.9346    6.4720    6.5520
  4.6703  -18.0488  -17.9417   -7.6075   -7.5685   -6.2136   -5.4393   -5.1058   -5.0880    5.4684    5.8562    6.3850    6.4664
  4.6852  -18.1092  -18.0016   -7.4728   -7.4346   -6.2845   -5.5074   -5.0555   -5.0378    5.3868    5.7774    6.2997    6.3815
  4.7001  -18.1684  -18.0604   -7.3384   -7.3011   -6.3541   -5.5743   -5.0047   -4.9871    5.3068    5.6989    6.2160    6.2982
  4.7150  -18.2265  -18.1181   -7.2044   -7.1679   -6.4224   -5.6401   -4.9532   -4.9358    5.2284    5.6214    6.1341    6.2165
  4.7299  -18.2834  -18.1746   -7.0708   -7.0351   -6.4895   -5.7047   -4.9012   -4.8839    5.1516    5.5449    6.0538    6.1364
  4.7448  -18.3392  -18.2299   -6.9377   -6.9028   -6.5553   -5.7681   -4.8488   -4.8316    5.0763    5.4697    5.9752    6.0579
  4.7597  -18.3938  -18.2841   -6.8052   -6.7711   -6.6198   -5.8303   -4.7958   -4.7788    5.0026    5.3959    5.8983    5.9811
  4.7746  -18.4472  -18.3372   -6.6855   -6.6710   -6.6398   -5.8913   -4.7425   -4.7256    4.9305    5.3234    5.8231    5.9060
  4.7895  -18.4995  -18.3891   -6.7453   -6.5418   -6.5095   -5.9511   -4.6888   -4.6721    4.8600    5.2525    5.7496    5.8326
  4.8044  -18.5506  -18.4399   -6.8058   -6.4113   -6.3799   -6.0096   -4.6348   -4.6182    4.7911    5.1831    5.6778    5.7609
  4.8193  -18.6006  -18.4894   -6.8651   -6.2817   -6.2511   -6.0668   -4.5805   -4.5641    4.7238    5.1152    5.6076    5.6908
  4.8342  -18.6493  -18.5379   -6.9230   -6.1531   -6.1275   -6.1182   -4.5260   -4.5098    4.6581    5.0489    5.5392    5.6224
  4.8491  -18.6969  -18.5851   -6.9797   -6.1778   -6.0251   -5.9959   -4.4713   -4.4553    4.5940    4.9842    5.4724    5.5558
  4.8640  -18.7434  -18.6312   -7.0349   -6.2312   -5.8984   -5.8701   -4.4165   -4.4007    4.5314    4.9210    5.4073    5.4908
  4.8789  -18.7886  -18.6761   -7.0888   -6.2833   -5.7729   -5.7454   -4.3616   -4.3460    4.4705    4.8595    5.3440    5.4274
  4.8938  -18.8327  -18.7198   -7.1413   -6.3341   -5.6486   -5.6219   -4.3067   -4.2914    4.4113    4.7995    5.2823    5.3658
  4.9087  -18.8755  -18.7624   -7.1925   -6.3836   -5.5256   -5.4997   -4.2519   -4.2368    4.3536    4.7412    5.2223    5.3059
  4.9236  -18.9172  -18.8037   -7.2422   -6.4318   -5.4041   -5.3790   -4.1973   -4.1824    4.2975    4.6844    5.1640    5.2476
  4.9385  -18.9577  -18.8439   -7.2906   -6.4787   -5.2841   -5.2598   -4.1428   -4.1281    4.2431    4.6293    5.1074    5.1910
  4.9534  -18.9970  -18.8830   -7.3376   -6.5242   -5.1657   -5.1422   -4.0885   -4.0741    4.1902    4.5758    5.0524    5.1362
  4.9683  -19.0351  -18.9208   -7.3832   -6.5684   -5.0491   -5.0264   -4.0346   -4.0204    4.1390    4.5240    4.9992    5.0830
  4.9832  -19.0721  -18.9574   -7.4274   -6.6113   -4.9343   -4.9124   -3.9811   -3.9671    4.0894    4.4737    4.9476    5.0315
  4.9980  -19.1078  -18.9929   -7.4702   -6.6528   -4.8215   -4.8004   -3.9281   -3.9143    4.0414    4.4251    4.8978    4.9816
  5.0129  -19.1423  -19.0272   -7.5116   -6.6929   -4.7107   -4.6904   -3.8757   -3.8621    3.9951    4.3781    4.8496    4.9335
  5.0278  -19.1756  -19.0602   -7.5515   -6.7317   -4.6022   -4.5826   -3.8239   -3.8105    3.9503    4.3328    4.8031    4.8871
  5.0427  -19.2078  -19.0921   -7.5901   -6.7691   -4.4960   -4.4772   -3.7727   -3.7597    3.9072    4.2891    4.7583    4.8423
  5.0576  -19.2387  -19.1228   -7.6272   -6.8051   -4.3922   -4.3741   -3.7224   -3.7097    3.8657    4.2471    4.7153    4.7993
  5.0725  -19.2684  -19.1523   -7.6629   -6.8397   -4.2911   -4.2736   -3.6730   -3.6605    3.8259    4.2066    4.6738    4.7579
  5.0874  -19.2969  -19.1806   -7.6971   -6.8730   -4.1926   -4.1758   -3.6245   -3.6124    3.7876    4.1679    4.6341    4.7182
  5.1023  -19.3242  -19.2078   -7.7300   -6.9048   -4.0969   -4.0809   -3.5772   -3.5653    3.7510    4.1307    4.5961    4.6802
  5.1172  -19.3503  -19.2337   -7.7614   -6.9353   -4.0043   -3.9890   -3.5310   -3.5194    3.7160    4.0953    4.5598    4.6439
  5.1321  -19.3753  -19.2584   -7.7913   -6.9644   -3.9148   -3.9002   -3.4860   -3.4748    3.6827    4.0614    4.5251    4.6093
  5.1470  -19.3990  -19.2819   -7.8198   -6.9921   -3.8286   -3.8146   -3.4424   -3.4315    3.6509    4.0292    4.4922    4.5763
  5.1619  -19.4214  -19.3042   -7.8468   -7.0183   -3.7457   -3.7325   -3.4002   -3.3896    3.6208    3.9987    4.4609    4.5451
  5.1768  -19.4427  -19.3254   -7.8724   -7.0432   -3.6665   -3.6539   -3.3595   -3.3492    3.5923    3.9698    4.4313    4.5155
  5.1917  -19.4628  -19.3453   -7.8966   -7.0667   -3.5910   -3.5790   -3.3203   -3.3104    3.5655    3.9425    4.4034    4.4877
  5.2066  -19.4816  -19.3640   -7.9193   -7.0888   -3.5193   -3.5079   -3.2829   -3.2733    3.5403    3.9169    4.3772    4.4615
  5.2215  -19.4993  -19.3815   -7.9405   -7.1094   -3.4517   -3.4409   -3.2471   -3.2379    3.5167    3.8930    4.3527    4.4370
  5.2364  -19.5157  -19.3978   -7.9603   -7.1286   -3.3883   -3.3781   -3.2131   -3.2042    3.4947    3.8707    4.3299    4.4142
  5.2513  -19.5309  -19.4129   -7.9786   -7.1464   -3.3293   -3.3197   -3.1809   -3.1724    3.4744    3.8500    4.3088    4.3931
  5.2662  -19.5449  -19.4268   -7.9955   -7.1628   -3.2750   -3.2660   -3.1504   -3.1423    3.4556    3.8310    4.2893    4.3737
  5.2811  -19.5577  -19.4395   -8.0109   -7.1778   -3.2256   -3.2171   -3.1217   -3.1139    3.4386    3.8137    4.2716    4.3560
  5.2960  -19.5693  -19.4510   -8.0249   -7.1914   -3.1814   -3.1735   -3.0945   -3.0870    3.4231    3.7980    4.2555    4.3399
  5.3109  -19.5796  -19.4612   -8.0373   -7.2035   -3.1428   -3.1353   -3.0687   -3.0615    3.4093    3.7840    4.2412    4.3256
  5.3257  -19.5887  -19.4703   -8.0483   -7.2142   -3.1100   -3.1030   -3.0442   -3.0373    3.3971    3.7716    4.2285    4.3129
  5.3406  -19.5967  -19.4782   -8.0579   -7.2235   -3.0832   -3.0764   -3.0213   -3.0145    3.3865    3.7608    4.2175    4.3019
  5.3555  -19.6033  -19.4848   -8.0659   -7.2313   -3.0619   -3.0552   -3.0003   -2.9935    3.3776    3.7517    4.2082    4.2926
  5.3704  -19.6088  -19.4903   -8.0726   -7.2378   -3.0454   -3.0388   -2.9821   -2.9753    3.3702    3.7443    4.2006    4.2850
  5.3853  -19.6131  -19.4945   -8.0777   -7.2428   -3.0332   -3.0265   -2.9673   -2.9605    3.3645    3.7385    4.1947    4.2791
  5.4002  -19.6161  -19.4975   -8.0814   -7.2463   -3.0247   -3.0181   -2.9563   -2.9496    3.3605    3.7344    4.1905    4.2749
  5.4151  -19.6180  -19.4993   -8.0836   -7.2485   -3.0196   -3.0131   -2.9497   -2.9430    3.3580    3.7319    4.1879    4.2724
  5.4300  -19.6186  -19.4999   -8.0843   -7.2492   -3.0180   -3.0114   -2.9474   -2.9408    3.3572    3.7311    4.1871    4.2715
