 #Energy    XX(cm^-1)       YY(cm^-1)      ZZ(cm^-1)       XY(cm^-1)       YZ(cm^-1)       XZ(cm^-1)
  0.0000  0.00000000E+00  0.00000000E+00  0.00000000E+00  0.00000000E+00  0.00000000E+00  0.00000000E+00
  0.0298  0.11312521E+03  0.11312521E+03  0.11312521E+03  0.00000000E+00  0.00000000E+00  0.00000000E+00
  0.0597  0.42276072E+03  0.42276072E+03  0.42276072E+03  0.00000000E+00  0.00000000E+00  0.00000000E+00
  0.0895  0.84670513E+03  0.84670513E+03  0.84670513E+03  0.00000000E+00  0.00000000E+00  0.00000000E+00
  0.1194  0.12809501E+04  0.12809501E+04  0.12809501E+04  0.00000000E+00  0.00000000E+00  0.00000000E+00
  0.1492  0.16230494E+04  0.16230494E+04  0.16230494E+04  0.00000000E+00  0.00000000E+00  0.00000000E+00
  0.1791  0.18037489E+04  0.18037489E+04  0.18037489E+04  0.00000000E+00  0.00000000E+00  0.00000000E+00
  0.2089  0.17891623E+04  0.17891623E+04  0.17891623E+04  0.00000000E+00  0.00000000E+00  0.00000000E+00
  0.2387  0.15859633E+04  0.15859633E+04  0.15859633E+04  0.00000000E+00  0.00000000E+00  0.00000000E+00
  0.2686  0.12262919E+04  0.12262919E+04  0.12262919E+04  0.00000000E+00  0.00000000E+00  0.00000000E+00
  0.2984  0.75281484E+03  0.75281484E+03  0.75281484E+03  0.00000000E+00  0.00000000E+00  0.00000000E+00
  0.3283  0.20648647E+03  0.20648647E+03  0.20648647E+03  0.00000000E+00  0.00000000E+00  0.00000000E+00
  0.3581  0.38645447E+03  0.38645447E+03  0.38645447E+03  0.00000000E+00  0.00000000E+00  0.00000000E+00
  0.3879  0.10151082E+04  0.10151082E+04  0.10151082E+04  0.00000000E+00  0.00000000E+00  0.00000000E+00
  0.4178  0.16852218E+04  0.16852218E+04  0.16852218E+04  0.00000000E+00  0.00000000E+00  0.00000000E+00
  0.4476  0.24109012E+04  0.24109012E+04  0.24109012E+04  0.00000000E+00  0.00000000E+00  0.00000000E+00
  0.4775  0.32096191E+04  0.32096191E+04  0.32096191E+04  0.00000000E+00  0.00000000E+00  0.00000000E+00
  0.5073  0.40950647E+04  0.40950647E+04  0.40950647E+04  0.00000000E+00  0.00000000E+00  0.00000000E+00
  0.5372  0.50805177E+04  0.50805177E+04  0.50805177E+04  0.00000000E+00  0.00000000E+00  0.00000000E+00
  0.5670  0.61801387E+04  0.61801387E+04  0.61801387E+04  0.00000000E+00  0.00000000E+00  0.00000000E+00
  0.5968  0.74211874E+04  0.74211874E+04  0.74211874E+04  0.00000000E+00  0.00000000E+00  0.00000000E+00
  0.6267  0.88573705E+04  0.88573705E+04  0.88573705E+04  0.00000000E+00  0.00000000E+00  0.00000000E+00
  0.6565  0.10564585E+05  0.10564585E+05  0.10564585E+05  0.00000000E+00  0.00000000E+00  0.00000000E+00
  0.6864  0.12650412E+05  0.12650412E+05  0.12650412E+05  0.00000000E+00  0.00000000E+00  0.00000000E+00
  0.7162  0.15220726E+05  0.15220726E+05  0.15220726E+05  0.00000000E+00  0.00000000E+00  0.00000000E+00
  0.7460  0.18363341E+05  0.18363341E+05  0.18363341E+05  0.00000000E+00  0.00000000E+00  0.00000000E+00
  0.7759  0.22105966E+05  0.22105966E+05  0.22105966E+05  0.00000000E+00  0.00000000E+00  0.00000000E+00
  0.8057  0.26370740E+05  0.26370740E+05  0.26370740E+05  0.00000000E+00  0.00000000E+00  0.00000000E+00
  0.8356  0.30976161E+05  0.30976161E+05  0.30976161E+05  0.00000000E+00  0.00000000E+00  0.00000000E+00
  0.8654  0.35604329E+05  0.35604329E+05  0.35604329E+05  0.00000000E+00  0.00000000E+00  0.00000000E+00
  0.8953  0.39863606E+05  0.39863606E+05  0.39863606E+05  0.00000000E+00  0.00000000E+00  0.00000000E+00
  0.9251  0.43299491E+05  0.43299491E+05  0.43299491E+05  0.00000000E+00  0.00000000E+00  0.00000000E+00
  0.9549  0.45499549E+05  0.45499549E+05  0.45499549E+05  0.00000000E+00  0.00000000E+00  0.00000000E+00
  0.9848  0.46162967E+05  0.46162967E+05  0.46162967E+05  0.00000000E+00  0.00000000E+00  0.00000000E+00
  1.0146  0.45163845E+05  0.45163845E+05  0.45163845E+05  0.00000000E+00  0.00000000E+00  0.00000000E+00
  1.0445  0.42629825E+05  0.42629825E+05  0.42629825E+05  0.00000000E+00  0.00000000E+00  0.00000000E+00
  1.0743  0.38896414E+05  0.38896414E+05  0.38896414E+05  0.00000000E+00  0.00000000E+00  0.00000000E+00
  1.1041  0.34482199E+05  0.34482199E+05  0.34482199E+05  0.00000000E+00  0.00000000E+00  0.00000000E+00
  1.1340  0.29951617E+05  0.29951617E+05  0.29951617E+05  0.00000000E+00  0.00000000E+00  0.00000000E+00
  1.1638  0.25798607E+05  0.25798607E+05  0.25798607E+05  0.00000000E+00  0.00000000E+00  0.00000000E+00
  1.1937  0.22377023E+05  0.22377023E+05  0.22377023E+05  0.00000000E+00  0.00000000E+00  0.00000000E+00
  1.2235  0.19862007E+05  0.19862007E+05  0.19862007E+05  0.00000000E+00  0.00000000E+00  0.00000000E+00
  1.2534  0.18287413E+05  0.18287413E+05  0.18287413E+05  0.00000000E+00  0.00000000E+00  0.00000000E+00
  1.2832  0.17588417E+05  0.17588417E+05  0.17588417E+05  0.00000000E+00  0.00000000E+00  0.00000000E+00
  1.3130  0.17673650E+05  0.17673650E+05  0.17673650E+05  0.00000000E+00  0.00000000E+00  0.00000000E+00
  1.3429  0.18480778E+05  0.18480778E+05  0.18480778E+05  0.00000000E+00  0.00000000E+00  0.00000000E+00
  1.3727  0.20008734E+05  0.20008734E+05  0.20008734E+05  0.00000000E+00  0.00000000E+00  0.00000000E+00
  1.4026  0.22355816E+05  0.22355816E+05  0.22355816E+05  0.00000000E+00  0.00000000E+00  0.00000000E+00
  1.4324  0.25713136E+05  0.25713136E+05  0.25713136E+05  0.00000000E+00  0.00000000E+00  0.00000000E+00
  1.4622  0.30347801E+05  0.30347801E+05  0.30347801E+05  0.00000000E+00  0.00000000E+00  0.00000000E+00
  1.4921  0.36567561E+05  0.36567561E+05  0.36567561E+05  0.00000000E+00  0.00000000E+00  0.00000000E+00
  1.5219  0.44639853E+05  0.44639853E+05  0.44639853E+05  0.00000000E+00  0.00000000E+00  0.00000000E+00
  1.5518  0.54751990E+05  0.54751990E+05  0.54751990E+05  0.00000000E+00  0.00000000E+00  0.00000000E+00
  1.5816  0.66914073E+05  0.66914073E+05  0.66914073E+05  0.00000000E+00  0.00000000E+00  0.00000000E+00
  1.6115  0.80944845E+05  0.80944845E+05  0.80944845E+05  0.00000000E+00  0.00000000E+00  0.00000000E+00
  1.6413  0.96425158E+05  0.96425158E+05  0.96425158E+05  0.00000000E+00  0.00000000E+00  0.00000000E+00
  1.6711  0.11276254E+06  0.11276254E+06  0.11276254E+06  0.00000000E+00  0.00000000E+00  0.00000000E+00
  1.7010  0.12924407E+06  0.12924407E+06  0.12924407E+06  0.00000000E+00  0.00000000E+00  0.00000000E+00
  1.7308  0.14512481E+06  0.14512481E+06  0.14512481E+06  0.00000000E+00  0.00000000E+00  0.00000000E+00
  1.7607  0.15979920E+06  0.15979920E+06  0.15979920E+06  0.00000000E+00  0.00000000E+00  0.00000000E+00
  1.7905  0.17286604E+06  0.17286604E+06  0.17286604E+06  0.00000000E+00  0.00000000E+00  0.00000000E+00
  1.8204  0.18427587E+06  0.18427587E+06  0.18427587E+06  0.00000000E+00  0.00000000E+00  0.00000000E+00
  1.8502  0.19426412E+06  0.19426412E+06  0.19426412E+06  0.00000000E+00  0.00000000E+00  0.00000000E+00
  1.8800  0.20334659E+06  0.20334659E+06  0.20334659E+06  0.00000000E+00  0.00000000E+00  0.00000000E+00
  1.9099  0.21213955E+06  0.21213955E+06  0.21213955E+06  0.00000000E+00  0.00000000E+00  0.00000000E+00
  1.9397  0.22116038E+06  0.22116038E+06  0.22116038E+06  0.00000000E+00  0.00000000E+00  0.00000000E+00
  1.9696  0.23075889E+06  0.23075889E+06  0.23075889E+06  0.00000000E+00  0.00000000E+00  0.00000000E+00
  1.9994  0.24098763E+06  0.24098763E+06  0.24098763E+06  0.00000000E+00  0.00000000E+00  0.00000000E+00
  2.0292  0.25172273E+06  0.25172273E+06  0.25172273E+06  0.00000000E+00  0.00000000E+00  0.00000000E+00
  2.0591  0.26274604E+06  0.26274604E+06  0.26274604E+06  0.00000000E+00  0.00000000E+00  0.00000000E+00
  2.0889  0.27385773E+06  0.27385773E+06  0.27385773E+06  0.00000000E+00  0.00000000E+00  0.00000000E+00
  2.1188  0.28507385E+06  0.28507385E+06  0.28507385E+06  0.00000000E+00  0.00000000E+00  0.00000000E+00
  2.1486  0.29659339E+06  0.29659339E+06  0.29659339E+06  0.00000000E+00  0.00000000E+00  0.00000000E+00
  2.1785  0.30885723E+06  0.30885723E+06  0.30885723E+06  0.00000000E+00  0.00000000E+00  0.00000000E+00
  2.2083  0.32234505E+06  0.32234505E+06  0.32234505E+06  0.00000000E+00  0.00000000E+00  0.00000000E+00
  2.2381  0.33749548E+06  0.33749548E+06  0.33749548E+06  0.00000000E+00  0.00000000E+00  0.00000000E+00
  2.2680  0.35451440E+06  0.35451440E+06  0.35451440E+06  0.00000000E+00  0.00000000E+00  0.00000000E+00
  2.2978  0.37320333E+06  0.37320333E+06  0.37320333E+06  0.00000000E+00  0.00000000E+00  0.00000000E+00
  2.3277  0.39306005E+06  0.39306005E+06  0.39306005E+06  0.00000000E+00  0.00000000E+00  0.00000000E+00
  2.3575  0.41318534E+06  0.41318534E+06  0.41318534E+06  0.00000000E+00  0.00000000E+00  0.00000000E+00
  2.3873  0.43254766E+06  0.43254766E+06  0.43254766E+06  0.00000000E+00  0.00000000E+00  0.00000000E+00
  2.4172  0.45011344E+06  0.45011344E+06  0.45011344E+06  0.00000000E+00  0.00000000E+00  0.00000000E+00
  2.4470  0.46497059E+06  0.46497059E+06  0.46497059E+06  0.00000000E+00  0.00000000E+00  0.00000000E+00
  2.4769  0.47664206E+06  0.47664206E+06  0.47664206E+06  0.00000000E+00  0.00000000E+00  0.00000000E+00
  2.5067  0.48501447E+06  0.48501447E+06  0.48501447E+06  0.00000000E+00  0.00000000E+00  0.00000000E+00
  2.5366  0.49051361E+06  0.49051361E+06  0.49051361E+06  0.00000000E+00  0.00000000E+00  0.00000000E+00
  2.5664  0.49382195E+06  0.49382195E+06  0.49382195E+06  0.00000000E+00  0.00000000E+00  0.00000000E+00
  2.5962  0.49582700E+06  0.49582700E+06  0.49582700E+06  0.00000000E+00  0.00000000E+00  0.00000000E+00
  2.6261  0.49731313E+06  0.49731313E+06  0.49731313E+06  0.00000000E+00  0.00000000E+00  0.00000000E+00
  2.6559  0.49871656E+06  0.49871656E+06  0.49871656E+06  0.00000000E+00  0.00000000E+00  0.00000000E+00
  2.6858  0.50016177E+06  0.50016177E+06  0.50016177E+06  0.00000000E+00  0.00000000E+00  0.00000000E+00
  2.7156  0.50133901E+06  0.50133901E+06  0.50133901E+06  0.00000000E+00  0.00000000E+00  0.00000000E+00
  2.7454  0.50177152E+06  0.50177152E+06  0.50177152E+06  0.00000000E+00  0.00000000E+00  0.00000000E+00
  2.7753  0.50092896E+06  0.50092896E+06  0.50092896E+06  0.00000000E+00  0.00000000E+00  0.00000000E+00
  2.8051  0.49833199E+06  0.49833199E+06  0.49833199E+06  0.00000000E+00  0.00000000E+00  0.00000000E+00
  2.8350  0.49381353E+06  0.49381353E+06  0.49381353E+06  0.00000000E+00  0.00000000E+00  0.00000000E+00
  2.8648  0.48742535E+06  0.48742535E+06  0.48742535E+06  0.00000000E+00  0.00000000E+00  0.00000000E+00
  2.8947  0.47952821E+06  0.47952821E+06  0.47952821E+06  0.00000000E+00  0.00000000E+00  0.00000000E+00
  2.9245  0.47059633E+06  0.47059633E+06  0.47059633E+06  0.00000000E+00  0.00000000E+00  0.00000000E+00
  2.9543  0.46124084E+06  0.46124084E+06  0.46124084E+06  0.00000000E+00  0.00000000E+00  0.00000000E+00
  2.9842  0.45205857E+06  0.45205857E+06  0.45205857E+06  0.00000000E+00  0.00000000E+00  0.00000000E+00
  3.0140  0.44360724E+06  0.44360724E+06  0.44360724E+06  0.00000000E+00  0.00000000E+00  0.00000000E+00
  3.0439  0.43648755E+06  0.43648755E+06  0.43648755E+06  0.00000000E+00  0.00000000E+00  0.00000000E+00
  3.0737  0.43126705E+06  0.43126705E+06  0.43126705E+06  0.00000000E+00  0.00000000E+00  0.00000000E+00
  3.1036  0.42857258E+06  0.42857258E+06  0.42857258E+06  0.00000000E+00  0.00000000E+00  0.00000000E+00
  3.1334  0.42889761E+06  0.42889761E+06  0.42889761E+06  0.00000000E+00  0.00000000E+00  0.00000000E+00
  3.1632  0.43260841E+06  0.43260841E+06  0.43260841E+06  0.00000000E+00  0.00000000E+00  0.00000000E+00
  3.1931  0.43981025E+06  0.43981025E+06  0.43981025E+06  0.00000000E+00  0.00000000E+00  0.00000000E+00
  3.2229  0.45027857E+06  0.45027857E+06  0.45027857E+06  0.00000000E+00  0.00000000E+00  0.00000000E+00
  3.2528  0.46359593E+06  0.46359593E+06  0.46359593E+06  0.00000000E+00  0.00000000E+00  0.00000000E+00
  3.2826  0.47915462E+06  0.47915462E+06  0.47915462E+06  0.00000000E+00  0.00000000E+00  0.00000000E+00
  3.3124  0.49638446E+06  0.49638446E+06  0.49638446E+06  0.00000000E+00  0.00000000E+00  0.00000000E+00
  3.3423  0.51484350E+06  0.51484350E+06  0.51484350E+06  0.00000000E+00  0.00000000E+00  0.00000000E+00
  3.3721  0.53423320E+06  0.53423320E+06  0.53423320E+06  0.00000000E+00  0.00000000E+00  0.00000000E+00
  3.4020  0.55449865E+06  0.55449865E+06  0.55449865E+06  0.00000000E+00  0.00000000E+00  0.00000000E+00
  3.4318  0.57565047E+06  0.57565047E+06  0.57565047E+06  0.00000000E+00  0.00000000E+00  0.00000000E+00
  3.4617  0.59777658E+06  0.59777658E+06  0.59777658E+06  0.00000000E+00  0.00000000E+00  0.00000000E+00
  3.4915  0.62082383E+06  0.62082383E+06  0.62082383E+06  0.00000000E+00  0.00000000E+00  0.00000000E+00
  3.5213  0.64466148E+06  0.64466148E+06  0.64466148E+06  0.00000000E+00  0.00000000E+00  0.00000000E+00
  3.5512  0.66903714E+06  0.66903714E+06  0.66903714E+06  0.00000000E+00  0.00000000E+00  0.00000000E+00
  3.5810  0.69359465E+06  0.69359465E+06  0.69359465E+06  0.00000000E+00  0.00000000E+00  0.00000000E+00
  3.6109  0.71808985E+06  0.71808985E+06  0.71808985E+06  0.00000000E+00  0.00000000E+00  0.00000000E+00
  3.6407  0.74233209E+06  0.74233209E+06  0.74233209E+06  0.00000000E+00  0.00000000E+00  0.00000000E+00
  3.6705  0.76637091E+06  0.76637091E+06  0.76637091E+06  0.00000000E+00  0.00000000E+00  0.00000000E+00
  3.7004  0.79047316E+06  0.79047316E+06  0.79047316E+06  0.00000000E+00  0.00000000E+00  0.00000000E+00
  3.7302  0.81504615E+06  0.81504615E+06  0.81504615E+06  0.00000000E+00  0.00000000E+00  0.00000000E+00
  3.7601  0.84075804E+06  0.84075804E+06  0.84075804E+06  0.00000000E+00  0.00000000E+00  0.00000000E+00
  3.7899  0.86834175E+06  0.86834175E+06  0.86834175E+06  0.00000000E+00  0.00000000E+00  0.00000000E+00
  3.8198  0.89874524E+06  0.89874524E+06  0.89874524E+06  0.00000000E+00  0.00000000E+00  0.00000000E+00
  3.8496  0.93287892E+06  0.93287892E+06  0.93287892E+06  0.00000000E+00  0.00000000E+00  0.00000000E+00
  3.8794  0.97166195E+06  0.97166195E+06  0.97166195E+06  0.00000000E+00  0.00000000E+00  0.00000000E+00
  3.9093  0.10157577E+07  0.10157577E+07  0.10157577E+07  0.00000000E+00  0.00000000E+00  0.00000000E+00
  3.9391  0.10653030E+07  0.10653030E+07  0.10653030E+07  0.00000000E+00  0.00000000E+00  0.00000000E+00
  3.9690  0.11199141E+07  0.11199141E+07  0.11199141E+07  0.00000000E+00  0.00000000E+00  0.00000000E+00
  3.9988  0.11783986E+07  0.11783986E+07  0.11783986E+07  0.00000000E+00  0.00000000E+00  0.00000000E+00
  4.0286  0.12390528E+07  0.12390528E+07  0.12390528E+07  0.00000000E+00  0.00000000E+00  0.00000000E+00
  4.0585  0.12998111E+07  0.12998111E+07  0.12998111E+07  0.00000000E+00  0.00000000E+00  0.00000000E+00
  4.0883  0.13585355E+07  0.13585355E+07  0.13585355E+07  0.00000000E+00  0.00000000E+00  0.00000000E+00
  4.1182  0.14136194E+07  0.14136194E+07  0.14136194E+07  0.00000000E+00  0.00000000E+00  0.00000000E+00
  4.1480  0.14640740E+07  0.14640740E+07  0.14640740E+07  0.00000000E+00  0.00000000E+00  0.00000000E+00
  4.1779  0.15099745E+07  0.15099745E+07  0.15099745E+07  0.00000000E+00  0.00000000E+00  0.00000000E+00
  4.2077  0.15521101E+07  0.15521101E+07  0.15521101E+07  0.00000000E+00  0.00000000E+00  0.00000000E+00
  4.2375  0.15918806E+07  0.15918806E+07  0.15918806E+07  0.00000000E+00  0.00000000E+00  0.00000000E+00
  4.2674  0.16306612E+07  0.16306612E+07  0.16306612E+07  0.00000000E+00  0.00000000E+00  0.00000000E+00
  4.2972  0.16691091E+07  0.16691091E+07  0.16691091E+07  0.00000000E+00  0.00000000E+00  0.00000000E+00
  4.3271  0.17070464E+07  0.17070464E+07  0.17070464E+07  0.00000000E+00  0.00000000E+00  0.00000000E+00
  4.3569  0.17430583E+07  0.17430583E+07  0.17430583E+07  0.00000000E+00  0.00000000E+00  0.00000000E+00
  4.3867  0.17750058E+07  0.17750058E+07  0.17750058E+07  0.00000000E+00  0.00000000E+00  0.00000000E+00
  4.4166  0.18003647E+07  0.18003647E+07  0.18003647E+07  0.00000000E+00  0.00000000E+00  0.00000000E+00
  4.4464  0.18166517E+07  0.18166517E+07  0.18166517E+07  0.00000000E+00  0.00000000E+00  0.00000000E+00
  4.4763  0.18221729E+07  0.18221729E+07  0.18221729E+07  0.00000000E+00  0.00000000E+00  0.00000000E+00
  4.5061  0.18160274E+07  0.18160274E+07  0.18160274E+07  0.00000000E+00  0.00000000E+00  0.00000000E+00
  4.5360  0.17985759E+07  0.17985759E+07  0.17985759E+07  0.00000000E+00  0.00000000E+00  0.00000000E+00
  4.5658  0.17710376E+07  0.17710376E+07  0.17710376E+07  0.00000000E+00  0.00000000E+00  0.00000000E+00
  4.5956  0.17355398E+07  0.17355398E+07  0.17355398E+07  0.00000000E+00  0.00000000E+00  0.00000000E+00
  4.6255  0.16946154E+07  0.16946154E+07  0.16946154E+07  0.00000000E+00  0.00000000E+00  0.00000000E+00
  4.6553  0.16507121E+07  0.16507121E+07  0.16507121E+07  0.00000000E+00  0.00000000E+00  0.00000000E+00
  4.6852  0.16060907E+07  0.16060907E+07  0.16060907E+07  0.00000000E+00  0.00000000E+00  0.00000000E+00
  4.7150  0.15623727E+07  0.15623727E+07  0.15623727E+07  0.00000000E+00  0.00000000E+00  0.00000000E+00
  4.7449  0.15208087E+07  0.15208087E+07  0.15208087E+07  0.00000000E+00  0.00000000E+00  0.00000000E+00
  4.7747  0.14822535E+07  0.14822535E+07  0.14822535E+07  0.00000000E+00  0.00000000E+00  0.00000000E+00
  4.8045  0.14476566E+07  0.14476566E+07  0.14476566E+07  0.00000000E+00  0.00000000E+00  0.00000000E+00
  4.8344  0.14181450E+07  0.14181450E+07  0.14181450E+07  0.00000000E+00  0.00000000E+00  0.00000000E+00
  4.8642  0.13949893E+07  0.13949893E+07  0.13949893E+07  0.00000000E+00  0.00000000E+00  0.00000000E+00
  4.8941  0.13795735E+07  0.13795735E+07  0.13795735E+07  0.00000000E+00  0.00000000E+00  0.00000000E+00
  4.9239  0.13728199E+07  0.13728199E+07  0.13728199E+07  0.00000000E+00  0.00000000E+00  0.00000000E+00
  4.9537  0.13750263E+07  0.13750263E+07  0.13750263E+07  0.00000000E+00  0.00000000E+00  0.00000000E+00
  4.9836  0.13856564E+07  0.13856564E+07  0.13856564E+07  0.00000000E+00  0.00000000E+00  0.00000000E+00
  5.0134  0.14032882E+07  0.14032882E+07  0.14032882E+07  0.00000000E+00  0.00000000E+00  0.00000000E+00
  5.0433  0.14260394E+07  0.14260394E+07  0.14260394E+07  0.00000000E+00  0.00000000E+00  0.00000000E+00
  5.0731  0.14516601E+07  0.14516601E+07  0.14516601E+07  0.00000000E+00  0.00000000E+00  0.00000000E+00
  5.1030  0.14780162E+07  0.14780162E+07  0.14780162E+07  0.00000000E+00  0.00000000E+00  0.00000000E+00
  5.1328  0.15031011E+07  0.15031011E+07  0.15031011E+07  0.00000000E+00  0.00000000E+00  0.00000000E+00
  5.1626  0.15254034E+07  0.15254034E+07  0.15254034E+07  0.00000000E+00  0.00000000E+00  0.00000000E+00
  5.1925  0.15438982E+07  0.15438982E+07  0.15438982E+07  0.00000000E+00  0.00000000E+00  0.00000000E+00
  5.2223  0.15580236E+07  0.15580236E+07  0.15580236E+07  0.00000000E+00  0.00000000E+00  0.00000000E+00
  5.2522  0.15678685E+07  0.15678685E+07  0.15678685E+07  0.00000000E+00  0.00000000E+00  0.00000000E+00
  5.2820  0.15738847E+07  0.15738847E+07  0.15738847E+07  0.00000000E+00  0.00000000E+00  0.00000000E+00
  5.3118  0.15770286E+07  0.15770286E+07  0.15770286E+07  0.00000000E+00  0.00000000E+00  0.00000000E+00
  5.3417  0.15785155E+07  0.15785155E+07  0.15785155E+07  0.00000000E+00  0.00000000E+00  0.00000000E+00
  5.3715  0.15796009E+07  0.15796009E+07  0.15796009E+07  0.00000000E+00  0.00000000E+00  0.00000000E+00
  5.4014  0.15816149E+07  0.15816149E+07  0.15816149E+07  0.00000000E+00  0.00000000E+00  0.00000000E+00
  5.4312  0.15855695E+07  0.15855695E+07  0.15855695E+07  0.00000000E+00  0.00000000E+00  0.00000000E+00
  5.4611  0.15922266E+07  0.15922266E+07  0.15922266E+07  0.00000000E+00  0.00000000E+00  0.00000000E+00
  5.4909  0.16017932E+07  0.16017932E+07  0.16017932E+07  0.00000000E+00  0.00000000E+00  0.00000000E+00
  5.5207  0.16140389E+07  0.16140389E+07  0.16140389E+07  0.00000000E+00  0.00000000E+00  0.00000000E+00
  5.5506  0.16282509E+07  0.16282509E+07  0.16282509E+07  0.00000000E+00  0.00000000E+00  0.00000000E+00
  5.5804  0.16432268E+07  0.16432268E+07  0.16432268E+07  0.00000000E+00  0.00000000E+00  0.00000000E+00
  5.6103  0.16575577E+07  0.16575577E+07  0.16575577E+07  0.00000000E+00  0.00000000E+00  0.00000000E+00
  5.6401  0.16696028E+07  0.16696028E+07  0.16696028E+07  0.00000000E+00  0.00000000E+00  0.00000000E+00
  5.6699  0.16779176E+07  0.16779176E+07  0.16779176E+07  0.00000000E+00  0.00000000E+00  0.00000000E+00
  5.6998  0.16813411E+07  0.16813411E+07  0.16813411E+07  0.00000000E+00  0.00000000E+00  0.00000000E+00
  5.7296  0.16791917E+07  0.16791917E+07  0.16791917E+07  0.00000000E+00  0.00000000E+00  0.00000000E+00
  5.7595  0.16715981E+07  0.16715981E+07  0.16715981E+07  0.00000000E+00  0.00000000E+00  0.00000000E+00
  5.7893  0.16593948E+07  0.16593948E+07  0.16593948E+07  0.00000000E+00  0.00000000E+00  0.00000000E+00
  5.8192  0.16443782E+07  0.16443782E+07  0.16443782E+07  0.00000000E+00  0.00000000E+00  0.00000000E+00
  5.8490  0.16288471E+07  0.16288471E+07  0.16288471E+07  0.00000000E+00  0.00000000E+00  0.00000000E+00
  5.8788  0.16155418E+07  0.16155418E+07  0.16155418E+07  0.00000000E+00  0.00000000E+00  0.00000000E+00
  5.9087  0.16070120E+07  0.16070120E+07  0.16070120E+07  0.00000000E+00  0.00000000E+00  0.00000000E+00
  5.9385  0.16051081E+07  0.16051081E+07  0.16051081E+07  0.00000000E+00  0.00000000E+00  0.00000000E+00
  5.9684  0.16107279E+07  0.16107279E+07  0.16107279E+07  0.00000000E+00  0.00000000E+00  0.00000000E+00
  5.9982  0.16236244E+07  0.16236244E+07  0.16236244E+07  0.00000000E+00  0.00000000E+00  0.00000000E+00
  6.0281  0.16426443E+07  0.16426443E+07  0.16426443E+07  0.00000000E+00  0.00000000E+00  0.00000000E+00
  6.0579  0.16659384E+07  0.16659384E+07  0.16659384E+07  0.00000000E+00  0.00000000E+00  0.00000000E+00
  6.0877  0.16914225E+07  0.16914225E+07  0.16914225E+07  0.00000000E+00  0.00000000E+00  0.00000000E+00
  6.1176  0.17170064E+07  0.17170064E+07  0.17170064E+07  0.00000000E+00  0.00000000E+00  0.00000000E+00
  6.1474  0.17406948E+07  0.17406948E+07  0.17406948E+07  0.00000000E+00  0.00000000E+00  0.00000000E+00
  6.1773  0.17609746E+07  0.17609746E+07  0.17609746E+07  0.00000000E+00  0.00000000E+00  0.00000000E+00
  6.2071  0.17766101E+07  0.17766101E+07  0.17766101E+07  0.00000000E+00  0.00000000E+00  0.00000000E+00
  6.2369  0.17869326E+07  0.17869326E+07  0.17869326E+07  0.00000000E+00  0.00000000E+00  0.00000000E+00
  6.2668  0.17917221E+07  0.17917221E+07  0.17917221E+07  0.00000000E+00  0.00000000E+00  0.00000000E+00
  6.2966  0.17911157E+07  0.17911157E+07  0.17911157E+07  0.00000000E+00  0.00000000E+00  0.00000000E+00
  6.3265  0.17857284E+07  0.17857284E+07  0.17857284E+07  0.00000000E+00  0.00000000E+00  0.00000000E+00
  6.3563  0.17763383E+07  0.17763383E+07  0.17763383E+07  0.00000000E+00  0.00000000E+00  0.00000000E+00
  6.3862  0.17639930E+07  0.17639930E+07  0.17639930E+07  0.00000000E+00  0.00000000E+00  0.00000000E+00
  6.4160  0.17497006E+07  0.17497006E+07  0.17497006E+07  0.00000000E+00  0.00000000E+00  0.00000000E+00
  6.4458  0.17345026E+07  0.17345026E+07  0.17345026E+07  0.00000000E+00  0.00000000E+00  0.00000000E+00
  6.4757  0.17193687E+07  0.17193687E+07  0.17193687E+07  0.00000000E+00  0.00000000E+00  0.00000000E+00
  6.5055  0.17050981E+07  0.17050981E+07  0.17050981E+07  0.00000000E+00  0.00000000E+00  0.00000000E+00
  6.5354  0.16925037E+07  0.16925037E+07  0.16925037E+07  0.00000000E+00  0.00000000E+00  0.00000000E+00
  6.5652  0.16822256E+07  0.16822256E+07  0.16822256E+07  0.00000000E+00  0.00000000E+00  0.00000000E+00
  6.5950  0.16748101E+07  0.16748101E+07  0.16748101E+07  0.00000000E+00  0.00000000E+00  0.00000000E+00
  6.6249  0.16706945E+07  0.16706945E+07  0.16706945E+07  0.00000000E+00  0.00000000E+00  0.00000000E+00
  6.6547  0.16699541E+07  0.16699541E+07  0.16699541E+07  0.00000000E+00  0.00000000E+00  0.00000000E+00
  6.6846  0.16724857E+07  0.16724857E+07  0.16724857E+07  0.00000000E+00  0.00000000E+00  0.00000000E+00
  6.7144  0.16777099E+07  0.16777099E+07  0.16777099E+07  0.00000000E+00  0.00000000E+00  0.00000000E+00
  6.7443  0.16847827E+07  0.16847827E+07  0.16847827E+07  0.00000000E+00  0.00000000E+00  0.00000000E+00
  6.7741  0.16925167E+07  0.16925167E+07  0.16925167E+07  0.00000000E+00  0.00000000E+00  0.00000000E+00
  6.8039  0.16996337E+07  0.16996337E+07  0.16996337E+07  0.00000000E+00  0.00000000E+00  0.00000000E+00
  6.8338  0.17048531E+07  0.17048531E+07  0.17048531E+07  0.00000000E+00  0.00000000E+00  0.00000000E+00
  6.8636  0.17069617E+07  0.17069617E+07  0.17069617E+07  0.00000000E+00  0.00000000E+00  0.00000000E+00
  6.8935  0.17051918E+07  0.17051918E+07  0.17051918E+07  0.00000000E+00  0.00000000E+00  0.00000000E+00
  6.9233  0.16991035E+07  0.16991035E+07  0.16991035E+07  0.00000000E+00  0.00000000E+00  0.00000000E+00
  6.9531  0.16888121E+07  0.16888121E+07  0.16888121E+07  0.00000000E+00  0.00000000E+00  0.00000000E+00
  6.9830  0.16749746E+07  0.16749746E+07  0.16749746E+07  0.00000000E+00  0.00000000E+00  0.00000000E+00
  7.0128  0.16586153E+07  0.16586153E+07  0.16586153E+07  0.00000000E+00  0.00000000E+00  0.00000000E+00
  7.0427  0.16411906E+07  0.16411906E+07  0.16411906E+07  0.00000000E+00  0.00000000E+00  0.00000000E+00
  7.0725  0.16241980E+07  0.16241980E+07  0.16241980E+07  0.00000000E+00  0.00000000E+00  0.00000000E+00
  7.1024  0.16092364E+07  0.16092364E+07  0.16092364E+07  0.00000000E+00  0.00000000E+00  0.00000000E+00
  7.1322  0.15975190E+07  0.15975190E+07  0.15975190E+07  0.00000000E+00  0.00000000E+00  0.00000000E+00
  7.1620  0.15899966E+07  0.15899966E+07  0.15899966E+07  0.00000000E+00  0.00000000E+00  0.00000000E+00
  7.1919  0.15871113E+07  0.15871113E+07  0.15871113E+07  0.00000000E+00  0.00000000E+00  0.00000000E+00
  7.2217  0.15887065E+07  0.15887065E+07  0.15887065E+07  0.00000000E+00  0.00000000E+00  0.00000000E+00
  7.2516  0.15942471E+07  0.15942471E+07  0.15942471E+07  0.00000000E+00  0.00000000E+00  0.00000000E+00
  7.2814  0.16026612E+07  0.16026612E+07  0.16026612E+07  0.00000000E+00  0.00000000E+00  0.00000000E+00
  7.3112  0.16127295E+07  0.16127295E+07  0.16127295E+07  0.00000000E+00  0.00000000E+00  0.00000000E+00
  7.3411  0.16230724E+07  0.16230724E+07  0.16230724E+07  0.00000000E+00  0.00000000E+00  0.00000000E+00
  7.3709  0.16323765E+07  0.16323765E+07  0.16323765E+07  0.00000000E+00  0.00000000E+00  0.00000000E+00
  7.4008  0.16397149E+07  0.16397149E+07  0.16397149E+07  0.00000000E+00  0.00000000E+00  0.00000000E+00
  7.4306  0.16444880E+07  0.16444880E+07  0.16444880E+07  0.00000000E+00  0.00000000E+00  0.00000000E+00
  7.4605  0.16467209E+07  0.16467209E+07  0.16467209E+07  0.00000000E+00  0.00000000E+00  0.00000000E+00
  7.4903  0.16468341E+07  0.16468341E+07  0.16468341E+07  0.00000000E+00  0.00000000E+00  0.00000000E+00
  7.5201  0.16455628E+07  0.16455628E+07  0.16455628E+07  0.00000000E+00  0.00000000E+00  0.00000000E+00
  7.5500  0.16438209E+07  0.16438209E+07  0.16438209E+07  0.00000000E+00  0.00000000E+00  0.00000000E+00
  7.5798  0.16422725E+07  0.16422725E+07  0.16422725E+07  0.00000000E+00  0.00000000E+00  0.00000000E+00
  7.6097  0.16413022E+07  0.16413022E+07  0.16413022E+07  0.00000000E+00  0.00000000E+00  0.00000000E+00
  7.6395  0.16408254E+07  0.16408254E+07  0.16408254E+07  0.00000000E+00  0.00000000E+00  0.00000000E+00
  7.6694  0.16404297E+07  0.16404297E+07  0.16404297E+07  0.00000000E+00  0.00000000E+00  0.00000000E+00
  7.6992  0.16395360E+07  0.16395360E+07  0.16395360E+07  0.00000000E+00  0.00000000E+00  0.00000000E+00
  7.7290  0.16375292E+07  0.16375292E+07  0.16375292E+07  0.00000000E+00  0.00000000E+00  0.00000000E+00
  7.7589  0.16340292E+07  0.16340292E+07  0.16340292E+07  0.00000000E+00  0.00000000E+00  0.00000000E+00
  7.7887  0.16288566E+07  0.16288566E+07  0.16288566E+07  0.00000000E+00  0.00000000E+00  0.00000000E+00
  7.8186  0.16221168E+07  0.16221168E+07  0.16221168E+07  0.00000000E+00  0.00000000E+00  0.00000000E+00
  7.8484  0.16140648E+07  0.16140648E+07  0.16140648E+07  0.00000000E+00  0.00000000E+00  0.00000000E+00
  7.8782  0.16050813E+07  0.16050813E+07  0.16050813E+07  0.00000000E+00  0.00000000E+00  0.00000000E+00
  7.9081  0.15956121E+07  0.15956121E+07  0.15956121E+07  0.00000000E+00  0.00000000E+00  0.00000000E+00
  7.9379  0.15860472E+07  0.15860472E+07  0.15860472E+07  0.00000000E+00  0.00000000E+00  0.00000000E+00
  7.9678  0.15768194E+07  0.15768194E+07  0.15768194E+07  0.00000000E+00  0.00000000E+00  0.00000000E+00
  7.9976  0.15683871E+07  0.15683871E+07  0.15683871E+07  0.00000000E+00  0.00000000E+00  0.00000000E+00
  8.0275  0.15612469E+07  0.15612469E+07  0.15612469E+07  0.00000000E+00  0.00000000E+00  0.00000000E+00
  8.0573  0.15558319E+07  0.15558319E+07  0.15558319E+07  0.00000000E+00  0.00000000E+00  0.00000000E+00
  8.0871  0.15525851E+07  0.15525851E+07  0.15525851E+07  0.00000000E+00  0.00000000E+00  0.00000000E+00
  8.1170  0.15517896E+07  0.15517896E+07  0.15517896E+07  0.00000000E+00  0.00000000E+00  0.00000000E+00
  8.1468  0.15534633E+07  0.15534633E+07  0.15534633E+07  0.00000000E+00  0.00000000E+00  0.00000000E+00
  8.1767  0.15573944E+07  0.15573944E+07  0.15573944E+07  0.00000000E+00  0.00000000E+00  0.00000000E+00
  8.2065  0.15630959E+07  0.15630959E+07  0.15630959E+07  0.00000000E+00  0.00000000E+00  0.00000000E+00
  8.2363  0.15699528E+07  0.15699528E+07  0.15699528E+07  0.00000000E+00  0.00000000E+00  0.00000000E+00
  8.2662  0.15773063E+07  0.15773063E+07  0.15773063E+07  0.00000000E+00  0.00000000E+00  0.00000000E+00
  8.2960  0.15844576E+07  0.15844576E+07  0.15844576E+07  0.00000000E+00  0.00000000E+00  0.00000000E+00
  8.3259  0.15909316E+07  0.15909316E+07  0.15909316E+07  0.00000000E+00  0.00000000E+00  0.00000000E+00
  8.3557  0.15963235E+07  0.15963235E+07  0.15963235E+07  0.00000000E+00  0.00000000E+00  0.00000000E+00
  8.3856  0.16005269E+07  0.16005269E+07  0.16005269E+07  0.00000000E+00  0.00000000E+00  0.00000000E+00
  8.4154  0.16035361E+07  0.16035361E+07  0.16035361E+07  0.00000000E+00  0.00000000E+00  0.00000000E+00
  8.4452  0.16054585E+07  0.16054585E+07  0.16054585E+07  0.00000000E+00  0.00000000E+00  0.00000000E+00
  8.4751  0.16065409E+07  0.16065409E+07  0.16065409E+07  0.00000000E+00  0.00000000E+00  0.00000000E+00
  8.5049  0.16068780E+07  0.16068780E+07  0.16068780E+07  0.00000000E+00  0.00000000E+00  0.00000000E+00
  8.5348  0.16066000E+07  0.16066000E+07  0.16066000E+07  0.00000000E+00  0.00000000E+00  0.00000000E+00
  8.5646  0.16056898E+07  0.16056898E+07  0.16056898E+07  0.00000000E+00  0.00000000E+00  0.00000000E+00
  8.5944  0.16041519E+07  0.16041519E+07  0.16041519E+07  0.00000000E+00  0.00000000E+00  0.00000000E+00
  8.6243  0.16019218E+07  0.16019218E+07  0.16019218E+07  0.00000000E+00  0.00000000E+00  0.00000000E+00
  8.6541  0.15990121E+07  0.15990121E+07  0.15990121E+07  0.00000000E+00  0.00000000E+00  0.00000000E+00
  8.6840  0.15956450E+07  0.15956450E+07  0.15956450E+07  0.00000000E+00  0.00000000E+00  0.00000000E+00
  8.7138  0.15921067E+07  0.15921067E+07  0.15921067E+07  0.00000000E+00  0.00000000E+00  0.00000000E+00
  8.7437  0.15889075E+07  0.15889075E+07  0.15889075E+07  0.00000000E+00  0.00000000E+00  0.00000000E+00
  8.7735  0.15865478E+07  0.15865478E+07  0.15865478E+07  0.00000000E+00  0.00000000E+00  0.00000000E+00
  8.8033  0.15854167E+07  0.15854167E+07  0.15854167E+07  0.00000000E+00  0.00000000E+00  0.00000000E+00
  8.8332  0.15857283E+07  0.15857283E+07  0.15857283E+07  0.00000000E+00  0.00000000E+00  0.00000000E+00
  8.8630  0.15872524E+07  0.15872524E+07  0.15872524E+07  0.00000000E+00  0.00000000E+00  0.00000000E+00
  8.8929  0.15895539E+07  0.15895539E+07  0.15895539E+07  0.00000000E+00  0.00000000E+00  0.00000000E+00
  8.9227  0.15917728E+07  0.15917728E+07  0.15917728E+07  0.00000000E+00  0.00000000E+00  0.00000000E+00
  8.9525  0.15931081E+07  0.15931081E+07  0.15931081E+07  0.00000000E+00  0.00000000E+00  0.00000000E+00
