    0.0000    0.0000    0.0000    0.0000    0.0000    0.0000    0.0000
    0.0298   -0.2783   -0.2783   -0.2783    0.0000   -0.0000   -0.0000
    0.0597   -0.5219   -0.5219   -0.5219    0.0000    0.0000   -0.0000
    0.0895   -0.7027   -0.7027   -0.7027   -0.0000    0.0000   -0.0000
    0.1194   -0.8042   -0.8042   -0.8042   -0.0000    0.0000   -0.0000
    0.1492   -0.8231   -0.8231   -0.8231   -0.0000    0.0000   -0.0000
    0.1791   -0.7686   -0.7686   -0.7686   -0.0000    0.0000   -0.0000
    0.2089   -0.6584   -0.6584   -0.6584   -0.0000    0.0000   -0.0000
    0.2387   -0.5137   -0.5137   -0.5137   -0.0000    0.0000   -0.0000
    0.2686   -0.3545   -0.3545   -0.3545   -0.0000    0.0000   -0.0000
    0.2984   -0.1965   -0.1965   -0.1965   -0.0000    0.0000   -0.0000
    0.3283   -0.0491   -0.0491   -0.0491   -0.0000    0.0000   -0.0000
    0.3581    0.0844    0.0844    0.0844   -0.0000    0.0000   -0.0000
    0.3879    0.2050    0.2050    0.2050   -0.0000    0.0000   -0.0000
    0.4178    0.3165    0.3165    0.3165    0.0000    0.0000   -0.0000
    0.4476    0.4234    0.4234    0.4234    0.0000    0.0000   -0.0000
    0.4775    0.5294    0.5294    0.5294    0.0000    0.0000   -0.0000
    0.5073    0.6371    0.6371    0.6371    0.0000    0.0000   -0.0000
    0.5372    0.7481    0.7481    0.7481    0.0000   -0.0000   -0.0000
    0.5670    0.8643    0.8643    0.8643    0.0000   -0.0000   -0.0000
    0.5968    0.9887    0.9887    0.9887    0.0000   -0.0000   -0.0000
    0.6267    1.1271    1.1271    1.1271    0.0000   -0.0000   -0.0000
    0.6565    1.2875    1.2875    1.2875    0.0000   -0.0000   -0.0000
    0.6864    1.4795    1.4795    1.4795   -0.0000   -0.0000   -0.0000
    0.7162    1.7114    1.7114    1.7114   -0.0000   -0.0000   -0.0000
    0.7460    1.9871    1.9871    1.9871   -0.0000   -0.0000   -0.0000
    0.7759    2.3025    2.3025    2.3025   -0.0000   -0.0000   -0.0000
    0.8057    2.6430    2.6430    2.6430   -0.0000   -0.0000   -0.0000
    0.8356    2.9838    2.9838    2.9838   -0.0000   -0.0000   -0.0000
    0.8654    3.2918    3.2918    3.2918   -0.0000   -0.0000    0.0000
    0.8953    3.5318    3.5318    3.5318   -0.0000   -0.0000    0.0000
    0.9251    3.6724    3.6724    3.6724   -0.0000   -0.0000    0.0000
    0.9549    3.6930    3.6930    3.6930   -0.0000   -0.0000    0.0000
    0.9848    3.5883    3.5883    3.5883   -0.0000   -0.0000    0.0000
    1.0146    3.3699    3.3699    3.3699   -0.0000   -0.0000    0.0000
    1.0445    3.0639    3.0639    3.0639   -0.0000   -0.0000    0.0000
    1.0743    2.7054    2.7054    2.7054   -0.0000   -0.0000    0.0000
    1.1041    2.3327    2.3327    2.3327    0.0000   -0.0000    0.0000
    1.1340    1.9801    1.9801    1.9801    0.0000   -0.0000    0.0000
    1.1638    1.6738    1.6738    1.6738    0.0000   -0.0000    0.0000
    1.1937    1.4292    1.4292    1.4292    0.0000   -0.0000    0.0000
    1.2235    1.2517    1.2517    1.2517    0.0000   -0.0000    0.0000
    1.2534    1.1387    1.1387    1.1387    0.0000   -0.0000    0.0000
    1.2832    1.0832    1.0832    1.0832    0.0000   -0.0000    0.0000
    1.3130    1.0773    1.0773    1.0773    0.0000    0.0000    0.0000
    1.3429    1.1156    1.1156    1.1156    0.0000    0.0000    0.0000
    1.3727    1.1971    1.1971    1.1971    0.0000    0.0000    0.0000
    1.4026    1.3266    1.3266    1.3266    0.0000    0.0000    0.0000
    1.4324    1.5147    1.5147    1.5147    0.0000    0.0000    0.0000
    1.4622    1.7759    1.7759    1.7759    0.0000    0.0000    0.0000
    1.4921    2.1264    2.1264    2.1264    0.0000    0.0000    0.0000
    1.5219    2.5794    2.5794    2.5794    0.0000    0.0000    0.0000
    1.5518    3.1413    3.1413    3.1413    0.0000    0.0000    0.0000
    1.5816    3.8069    3.8069    3.8069    0.0000    0.0000    0.0000
    1.6115    4.5571    4.5571    4.5571    0.0000    0.0000    0.0000
    1.6413    5.3589    5.3589    5.3589    0.0000   -0.0000    0.0000
    1.6711    6.1693    6.1693    6.1693    0.0000   -0.0000    0.0000
    1.7010    6.9415    6.9415    6.9415    0.0000   -0.0000    0.0000
    1.7308    7.6339    7.6339    7.6339    0.0000   -0.0000    0.0000
    1.7607    8.2180    8.2180    8.2180    0.0000   -0.0000    0.0000
    1.7905    8.6843    8.6843    8.6843    0.0000   -0.0000    0.0000
    1.8204    9.0433    9.0433    9.0433    0.0000    0.0000    0.0000
    1.8502    9.3214    9.3214    9.3214    0.0000    0.0000    0.0000
    1.8800    9.5532    9.5532    9.5532    0.0000    0.0000    0.0000
    1.9099    9.7721    9.7721    9.7721    0.0000    0.0000    0.0000
    1.9397   10.0025   10.0025   10.0025    0.0000    0.0000    0.0000
    1.9696   10.2552   10.2552   10.2552    0.0000    0.0000    0.0000
    1.9994   10.5283   10.5283   10.5283    0.0000    0.0000   -0.0000
    2.0292   10.8118   10.8118   10.8118    0.0000    0.0000   -0.0000
    2.0591   11.0942   11.0942   11.0942   -0.0000    0.0000   -0.0000
    2.0889   11.3695   11.3695   11.3695   -0.0000    0.0000   -0.0000
    2.1188   11.6406   11.6406   11.6406   -0.0000    0.0000   -0.0000
    2.1486   11.9198   11.9198   11.9198   -0.0000    0.0000   -0.0000
    2.1785   12.2245   12.2245   12.2245   -0.0000    0.0000   -0.0000
    2.2083   12.5714   12.5714   12.5714   -0.0000    0.0000   -0.0000
    2.2381   12.9689   12.9689   12.9689   -0.0000    0.0000   -0.0000
    2.2680   13.4119   13.4119   13.4119   -0.0000    0.0000   -0.0000
    2.2978   13.8792   13.8792   13.8792   -0.0000    0.0000   -0.0000
    2.3277   14.3363   14.3363   14.3363   -0.0000    0.0000    0.0000
    2.3575   14.7406   14.7406   14.7406   -0.0000    0.0000    0.0000
    2.3873   15.0509   15.0509   15.0509   -0.0000   -0.0000    0.0000
    2.4172   15.2364   15.2364   15.2364   -0.0000   -0.0000    0.0000
    2.4470   15.2833   15.2833   15.2833   -0.0000   -0.0000    0.0000
    2.4769   15.1981   15.1981   15.1981   -0.0000   -0.0000    0.0000
    2.5067   15.0049   15.0049   15.0049   -0.0000   -0.0000    0.0000
    2.5366   14.7394   14.7394   14.7394   -0.0000   -0.0000    0.0000
    2.5664   14.4394   14.4394   14.4394   -0.0000    0.0000    0.0000
    2.5962   14.1368   14.1368   14.1368    0.0000    0.0000    0.0000
    2.6261   13.8511   13.8511   13.8511    0.0000    0.0000    0.0000
    2.6559   13.5878   13.5878   13.5878    0.0000    0.0000    0.0000
    2.6858   13.3400   13.3400   13.3400    0.0000    0.0000    0.0000
    2.7156   13.0936   13.0936   13.0936    0.0000    0.0000    0.0000
    2.7454   12.8333   12.8333   12.8333    0.0000    0.0000    0.0000
    2.7753   12.5480   12.5480   12.5480    0.0000    0.0000    0.0000
    2.8051   12.2337   12.2337   12.2337    0.0000    0.0000    0.0000
    2.8350   11.8948   11.8948   11.8948    0.0000    0.0000    0.0000
    2.8648   11.5423   11.5423   11.5423    0.0000    0.0000    0.0000
    2.8947   11.1903   11.1903   11.1903    0.0000    0.0000    0.0000
    2.9245   10.8536   10.8536   10.8536    0.0000    0.0000    0.0000
    2.9543   10.5456   10.5456   10.5456    0.0000    0.0000    0.0000
    2.9842   10.2769   10.2769   10.2769    0.0000    0.0000    0.0000
    3.0140   10.0570   10.0570   10.0570    0.0000    0.0000    0.0000
    3.0439    9.8946    9.8946    9.8946    0.0000    0.0000    0.0000
    3.0737    9.7987    9.7987    9.7987    0.0000    0.0000    0.0000
    3.1036    9.7781    9.7781    9.7781    0.0000    0.0000    0.0000
    3.1334    9.8394    9.8394    9.8394    0.0000    0.0000    0.0000
    3.1632    9.9851    9.9851    9.9851    0.0000    0.0000    0.0000
    3.1931   10.2117   10.2117   10.2117    0.0000    0.0000    0.0000
    3.2229   10.5094   10.5094   10.5094   -0.0000    0.0000   -0.0000
    3.2528   10.8636   10.8636   10.8636    0.0000    0.0000   -0.0000
    3.2826   11.2579   11.2579   11.2579    0.0000    0.0000   -0.0000
    3.3124   11.6775   11.6775   11.6775    0.0000    0.0000   -0.0000
    3.3423   12.1121   12.1121   12.1121    0.0000    0.0000   -0.0000
    3.3721   12.5567   12.5567   12.5567    0.0000    0.0000   -0.0000
    3.4020   13.0106   13.0106   13.0106    0.0000    0.0000   -0.0000
    3.4318   13.4752   13.4752   13.4752    0.0000    0.0000   -0.0000
    3.4617   13.9509   13.9509   13.9509    0.0000    0.0000   -0.0000
    3.4915   14.4354   14.4354   14.4354    0.0000    0.0000    0.0000
    3.5213   14.9230   14.9230   14.9230    0.0000   -0.0000    0.0000
    3.5512   15.4060   15.4060   15.4060    0.0000   -0.0000    0.0000
    3.5810   15.8772   15.8772   15.8772    0.0000   -0.0000    0.0000
    3.6109   16.3325   16.3325   16.3325    0.0000   -0.0000    0.0000
    3.6407   16.7726   16.7726   16.7726    0.0000    0.0000    0.0000
    3.6705   17.2037   17.2037   17.2037    0.0000    0.0000    0.0000
    3.7004   17.6370   17.6370   17.6370    0.0000    0.0000    0.0000
    3.7302   18.0877   18.0877   18.0877    0.0000    0.0000    0.0000
    3.7601   18.5732   18.5732   18.5732    0.0000    0.0000    0.0000
    3.7899   19.1123   19.1123   19.1123    0.0000    0.0000    0.0000
    3.8198   19.7233   19.7233   19.7233    0.0000    0.0000    0.0000
    3.8496   20.4216   20.4216   20.4216   -0.0000    0.0000    0.0000
    3.8794   21.2157   21.2157   21.2157   -0.0000    0.0000    0.0000
    3.9093   22.1017   22.1017   22.1017   -0.0000    0.0000    0.0000
    3.9391   23.0591   23.0591   23.0591   -0.0000    0.0000    0.0000
    3.9690   24.0485   24.0485   24.0485   -0.0000   -0.0000    0.0000
    3.9988   25.0136   25.0136   25.0136   -0.0000   -0.0000    0.0000
    4.0286   25.8894   25.8894   25.8894   -0.0000   -0.0000    0.0000
    4.0585   26.6140   26.6140   26.6140   -0.0000   -0.0000    0.0000
    4.0883   27.1424   27.1424   27.1424   -0.0000   -0.0000    0.0000
    4.1182   27.4563   27.4563   27.4563    0.0000   -0.0000    0.0000
    4.1480   27.5673   27.5673   27.5673    0.0000   -0.0000    0.0000
    4.1779   27.5110   27.5110   27.5110    0.0000    0.0000    0.0000
    4.2077   27.3336   27.3336   27.3336    0.0000    0.0000    0.0000
    4.2375   27.0747   27.0747   27.0747    0.0000    0.0000    0.0000
    4.2674   26.7532   26.7532   26.7532    0.0000    0.0000    0.0000
    4.2972   26.3597   26.3597   26.3597    0.0000    0.0000    0.0000
    4.3271   25.8606   25.8606   25.8606    0.0000    0.0000    0.0000
    4.3569   25.2097   25.2097   25.2097    0.0000    0.0000    0.0000
    4.3867   24.3661   24.3661   24.3661    0.0000    0.0000    0.0000
    4.4166   23.3101   23.3101   23.3101    0.0000    0.0000    0.0000
    4.4464   22.0541   22.0541   22.0541    0.0000    0.0000    0.0000
    4.4763   20.6429   20.6429   20.6429    0.0000   -0.0000    0.0000
    4.5061   19.1462   19.1462   19.1462    0.0000   -0.0000    0.0000
    4.5360   17.6448   17.6448   17.6448    0.0000   -0.0000    0.0000
    4.5658   16.2153   16.2153   16.2153    0.0000   -0.0000    0.0000
    4.5956   14.9179   14.9179   14.9179    0.0000   -0.0000    0.0000
    4.6255   13.7894   13.7894   13.7894    0.0000   -0.0000    0.0000
    4.6553   12.8434   12.8434   12.8434    0.0000   -0.0000    0.0000
    4.6852   12.0750   12.0750   12.0750    0.0000   -0.0000    0.0000
    4.7150   11.4687   11.4687   11.4687    0.0000    0.0000    0.0000
    4.7449   11.0057   11.0057   11.0057    0.0000    0.0000    0.0000
    4.7747   10.6699   10.6699   10.6699    0.0000    0.0000    0.0000
    4.8045   10.4502   10.4502   10.4502   -0.0000    0.0000    0.0000
    4.8344   10.3394   10.3394   10.3394   -0.0000    0.0000    0.0000
    4.8642   10.3315   10.3315   10.3315    0.0000    0.0000    0.0000
    4.8941   10.4180   10.4180   10.4180    0.0000    0.0000    0.0000
    4.9239   10.5851   10.5851   10.5851    0.0000    0.0000    0.0000
    4.9537   10.8119   10.8119   10.8119    0.0000    0.0000    0.0000
    4.9836   11.0720   11.0720   11.0720    0.0000    0.0000   -0.0000
    5.0134   11.3352   11.3352   11.3352    0.0000    0.0000   -0.0000
    5.0433   11.5713   11.5713   11.5713    0.0000    0.0000   -0.0000
    5.0731   11.7543   11.7543   11.7543    0.0000    0.0000   -0.0000
    5.1030   11.8653   11.8653   11.8653    0.0000    0.0000   -0.0000
    5.1328   11.8944   11.8944   11.8944    0.0000    0.0000   -0.0000
    5.1626   11.8418   11.8418   11.8418   -0.0000    0.0000    0.0000
    5.1925   11.7166   11.7166   11.7166   -0.0000    0.0000    0.0000
    5.2223   11.5350   11.5350   11.5350   -0.0000    0.0000    0.0000
    5.2522   11.3175   11.3175   11.3175   -0.0000    0.0000    0.0000
    5.2820   11.0856   11.0856   11.0856   -0.0000    0.0000    0.0000
    5.3118   10.8594   10.8594   10.8594   -0.0000    0.0000    0.0000
    5.3417   10.6550   10.6550   10.6550   -0.0000    0.0000   -0.0000
    5.3715   10.4831   10.4831   10.4831   -0.0000    0.0000   -0.0000
    5.4014   10.3481   10.3481   10.3481   -0.0000    0.0000   -0.0000
    5.4312   10.2483   10.2483   10.2483   -0.0000    0.0000   -0.0000
    5.4611   10.1762   10.1762   10.1762   -0.0000    0.0000   -0.0000
    5.4909   10.1194   10.1194   10.1194   -0.0000    0.0000   -0.0000
    5.5207   10.0623   10.0623   10.0623   -0.0000    0.0000    0.0000
    5.5506    9.9881    9.9881    9.9881   -0.0000    0.0000    0.0000
    5.5804    9.8810    9.8810    9.8810   -0.0000    0.0000    0.0000
    5.6103    9.7285    9.7285    9.7285   -0.0000    0.0000    0.0000
    5.6401    9.5243    9.5243    9.5243   -0.0000    0.0000    0.0000
    5.6699    9.2700    9.2700    9.2700   -0.0000    0.0000    0.0000
    5.6998    8.9756    8.9756    8.9756   -0.0000    0.0000   -0.0000
    5.7296    8.6593    8.6593    8.6593   -0.0000    0.0000   -0.0000
    5.7595    8.3446    8.3446    8.3446   -0.0000    0.0000   -0.0000
    5.7893    8.0572    8.0572    8.0572   -0.0000    0.0000   -0.0000
    5.8192    7.8208    7.8208    7.8208    0.0000    0.0000   -0.0000
    5.8490    7.6525    7.6525    7.6525    0.0000    0.0000   -0.0000
    5.8788    7.5606    7.5606    7.5606    0.0000    0.0000   -0.0000
    5.9087    7.5429    7.5429    7.5429    0.0000    0.0000   -0.0000
    5.9385    7.5875    7.5875    7.5875    0.0000    0.0000   -0.0000
    5.9684    7.6745    7.6745    7.6745    0.0000    0.0000   -0.0000
    5.9982    7.7797    7.7797    7.7797    0.0000    0.0000   -0.0000
    6.0281    7.8777    7.8777    7.8777   -0.0000    0.0000   -0.0000
    6.0579    7.9451    7.9451    7.9451   -0.0000    0.0000   -0.0000
    6.0877    7.9635    7.9635    7.9635   -0.0000    0.0000   -0.0000
    6.1176    7.9204    7.9204    7.9204   -0.0000    0.0000   -0.0000
    6.1474    7.8108    7.8108    7.8108   -0.0000    0.0000   -0.0000
    6.1773    7.6365    7.6365    7.6365   -0.0000    0.0000   -0.0000
    6.2071    7.4059    7.4059    7.4059   -0.0000    0.0000   -0.0000
    6.2369    7.1319    7.1319    7.1319   -0.0000    0.0000   -0.0000
    6.2668    6.8303    6.8303    6.8303   -0.0000    0.0000   -0.0000
    6.2966    6.5179    6.5179    6.5179   -0.0000    0.0000   -0.0000
    6.3265    6.2103    6.2103    6.2103   -0.0000    0.0000   -0.0000
    6.3563    5.9203    5.9203    5.9203   -0.0000    0.0000   -0.0000
    6.3862    5.6574    5.6574    5.6574   -0.0000    0.0000    0.0000
    6.4160    5.4275    5.4275    5.4275   -0.0000    0.0000    0.0000
    6.4458    5.2334    5.2334    5.2334   -0.0000    0.0000    0.0000
    6.4757    5.0751    5.0751    5.0751   -0.0000    0.0000    0.0000
    6.5055    4.9513    4.9513    4.9513   -0.0000    0.0000    0.0000
    6.5354    4.8591    4.8591    4.8591   -0.0000    0.0000    0.0000
    6.5652    4.7947    4.7947    4.7947   -0.0000    0.0000    0.0000
    6.5950    4.7532    4.7532    4.7532   -0.0000    0.0000    0.0000
    6.6249    4.7283    4.7283    4.7283   -0.0000    0.0000   -0.0000
    6.6547    4.7127    4.7127    4.7127   -0.0000    0.0000   -0.0000
    6.6846    4.6980    4.6980    4.6980   -0.0000    0.0000   -0.0000
    6.7144    4.6752    4.6752    4.6752    0.0000    0.0000   -0.0000
    6.7443    4.6358    4.6358    4.6358    0.0000   -0.0000   -0.0000
    6.7741    4.5732    4.5732    4.5732    0.0000   -0.0000   -0.0000
    6.8039    4.4831    4.4831    4.4831    0.0000   -0.0000    0.0000
    6.8338    4.3651    4.3651    4.3651    0.0000   -0.0000    0.0000
    6.8636    4.2228    4.2228    4.2228    0.0000   -0.0000    0.0000
    6.8935    4.0635    4.0635    4.0635    0.0000   -0.0000    0.0000
    6.9233    3.8971    3.8971    3.8971    0.0000   -0.0000    0.0000
    6.9531    3.7351    3.7351    3.7351    0.0000   -0.0000    0.0000
    6.9830    3.5886    3.5886    3.5886    0.0000   -0.0000   -0.0000
    7.0128    3.4668    3.4668    3.4668    0.0000   -0.0000   -0.0000
    7.0427    3.3757    3.3757    3.3757    0.0000   -0.0000   -0.0000
    7.0725    3.3179    3.3179    3.3179    0.0000   -0.0000   -0.0000
    7.1024    3.2924    3.2924    3.2924    0.0000   -0.0000   -0.0000
    7.1322    3.2948    3.2948    3.2948    0.0000   -0.0000    0.0000
    7.1620    3.3188    3.3188    3.3188    0.0000   -0.0000    0.0000
    7.1919    3.3561    3.3561    3.3561    0.0000   -0.0000    0.0000
    7.2217    3.3979    3.3979    3.3979    0.0000   -0.0000    0.0000
    7.2516    3.4353    3.4353    3.4353    0.0000   -0.0000    0.0000
    7.2814    3.4605    3.4605    3.4605    0.0000   -0.0000    0.0000
    7.3112    3.4672    3.4672    3.4672    0.0000   -0.0000    0.0000
    7.3411    3.4520    3.4520    3.4520    0.0000   -0.0000   -0.0000
    7.3709    3.4146    3.4146    3.4146    0.0000   -0.0000   -0.0000
    7.4008    3.3579    3.3579    3.3579    0.0000    0.0000   -0.0000
    7.4306    3.2878    3.2878    3.2878    0.0000    0.0000   -0.0000
    7.4605    3.2110    3.2110    3.2110   -0.0000    0.0000   -0.0000
    7.4903    3.1345    3.1345    3.1345   -0.0000    0.0000   -0.0000
    7.5201    3.0629    3.0629    3.0629   -0.0000    0.0000   -0.0000
    7.5500    2.9986    2.9986    2.9986   -0.0000    0.0000   -0.0000
    7.5798    2.9407    2.9407    2.9407   -0.0000    0.0000   -0.0000
    7.6097    2.8863    2.8863    2.8863   -0.0000    0.0000   -0.0000
    7.6395    2.8318    2.8318    2.8318   -0.0000    0.0000   -0.0000
    7.6694    2.7736    2.7736    2.7736   -0.0000    0.0000   -0.0000
    7.6992    2.7103    2.7103    2.7103   -0.0000    0.0000   -0.0000
    7.7290    2.6419    2.6419    2.6419   -0.0000    0.0000   -0.0000
    7.7589    2.5705    2.5705    2.5705   -0.0000    0.0000   -0.0000
    7.7887    2.4991    2.4991    2.4991   -0.0000    0.0000   -0.0000
    7.8186    2.4308    2.4308    2.4308    0.0000    0.0000   -0.0000
    7.8484    2.3684    2.3684    2.3684    0.0000    0.0000    0.0000
    7.8782    2.3139    2.3139    2.3139    0.0000    0.0000    0.0000
    7.9081    2.2687    2.2687    2.2687    0.0000    0.0000    0.0000
    7.9379    2.2334    2.2334    2.2334    0.0000   -0.0000    0.0000
    7.9678    2.2084    2.2084    2.2084    0.0000   -0.0000    0.0000
    7.9976    2.1938    2.1938    2.1938    0.0000   -0.0000    0.0000
    8.0275    2.1892    2.1892    2.1892    0.0000   -0.0000    0.0000
    8.0573    2.1935    2.1935    2.1935    0.0000   -0.0000    0.0000
    8.0871    2.2050    2.2050    2.2050    0.0000   -0.0000    0.0000
    8.1170    2.2211    2.2211    2.2211    0.0000   -0.0000    0.0000
    8.1468    2.2387    2.2387    2.2387    0.0000    0.0000    0.0000
    8.1767    2.2543    2.2543    2.2543    0.0000    0.0000    0.0000
    8.2065    2.2647    2.2647    2.2647    0.0000    0.0000    0.0000
    8.2363    2.2674    2.2674    2.2674    0.0000    0.0000    0.0000
    8.2662    2.2608    2.2608    2.2608    0.0000    0.0000    0.0000
    8.2960    2.2445    2.2445    2.2445    0.0000    0.0000   -0.0000
    8.3259    2.2195    2.2195    2.2195    0.0000    0.0000   -0.0000
    8.3557    2.1870    2.1870    2.1870    0.0000    0.0000   -0.0000
    8.3856    2.1493    2.1493    2.1493    0.0000    0.0000   -0.0000
    8.4154    2.1081    2.1081    2.1081    0.0000    0.0000   -0.0000
    8.4452    2.0651    2.0651    2.0651    0.0000    0.0000   -0.0000
    8.4751    2.0216    2.0216    2.0216    0.0000    0.0000   -0.0000
    8.5049    1.9780    1.9780    1.9780   -0.0000    0.0000    0.0000
    8.5348    1.9347    1.9347    1.9347   -0.0000    0.0000   -0.0000
    8.5646    1.8916    1.8916    1.8916   -0.0000    0.0000   -0.0000
    8.5944    1.8491    1.8491    1.8491   -0.0000    0.0000   -0.0000
    8.6243    1.8076    1.8076    1.8076   -0.0000    0.0000   -0.0000
    8.6541    1.7683    1.7683    1.7683   -0.0000    0.0000   -0.0000
    8.6840    1.7324    1.7324    1.7324    0.0000    0.0000   -0.0000
    8.7138    1.7010    1.7010    1.7010    0.0000    0.0000   -0.0000
    8.7437    1.6748    1.6748    1.6748    0.0000   -0.0000   -0.0000
    8.7735    1.6533    1.6533    1.6533    0.0000   -0.0000   -0.0000
    8.8033    1.6349    1.6349    1.6349    0.0000   -0.0000   -0.0000
    8.8332    1.6173    1.6173    1.6173    0.0000   -0.0000   -0.0000
    8.8630    1.5972    1.5972    1.5972    0.0000   -0.0000   -0.0000
    8.8929    1.5719    1.5719    1.5719    0.0000   -0.0000   -0.0000
    8.9227    1.5393    1.5393    1.5393    0.0000   -0.0000   -0.0000
    8.9525    1.4992    1.4992    1.4992    0.0000   -0.0000   -0.0000
    8.9824    1.4526    1.4526    1.4526    0.0000   -0.0000   -0.0000
    9.0122    1.4022    1.4022    1.4022    0.0000   -0.0000   -0.0000
    9.0421    1.3517    1.3517    1.3517    0.0000   -0.0000   -0.0000
    9.0719    1.3046    1.3046    1.3046    0.0000   -0.0000   -0.0000
    9.1018    1.2639    1.2639    1.2639    0.0000    0.0000   -0.0000
    9.1316    1.2312    1.2312    1.2312    0.0000    0.0000   -0.0000
    9.1614    1.2067    1.2067    1.2067    0.0000    0.0000   -0.0000
    9.1913    1.1893    1.1893    1.1893    0.0000    0.0000   -0.0000
    9.2211    1.1771    1.1771    1.1771    0.0000    0.0000   -0.0000
    9.2510    1.1677    1.1677    1.1677    0.0000    0.0000   -0.0000
    9.2808    1.1591    1.1591    1.1591    0.0000    0.0000    0.0000
    9.3107    1.1499    1.1499    1.1499    0.0000    0.0000    0.0000
    9.3405    1.1392    1.1392    1.1392    0.0000    0.0000    0.0000
    9.3703    1.1273    1.1273    1.1273   -0.0000    0.0000    0.0000
    9.4002    1.1147    1.1147    1.1147   -0.0000    0.0000    0.0000
    9.4300    1.1022    1.1022    1.1022   -0.0000    0.0000    0.0000
    9.4599    1.0906    1.0906    1.0906   -0.0000    0.0000    0.0000
    9.4897    1.0802    1.0802    1.0802   -0.0000    0.0000    0.0000
    9.5195    1.0709    1.0709    1.0709   -0.0000    0.0000    0.0000
    9.5494    1.0622    1.0622    1.0622   -0.0000    0.0000    0.0000
    9.5792    1.0529    1.0529    1.0529   -0.0000    0.0000    0.0000
    9.6091    1.0421    1.0421    1.0421   -0.0000    0.0000    0.0000
    9.6389    1.0288    1.0288    1.0288   -0.0000    0.0000    0.0000
    9.6688    1.0124    1.0124    1.0124   -0.0000    0.0000    0.0000
    9.6986    0.9929    0.9929    0.9929   -0.0000    0.0000    0.0000
    9.7284    0.9706    0.9706    0.9706   -0.0000    0.0000    0.0000
    9.7583    0.9464    0.9464    0.9464   -0.0000    0.0000    0.0000
    9.7881    0.9215    0.9215    0.9215   -0.0000    0.0000    0.0000
    9.8180    0.8969    0.8969    0.8969   -0.0000    0.0000   -0.0000
    9.8478    0.8734    0.8734    0.8734   -0.0000    0.0000   -0.0000
    9.8776    0.8516    0.8516    0.8516   -0.0000    0.0000   -0.0000
    9.9075    0.8316    0.8316    0.8316   -0.0000    0.0000   -0.0000
    9.9373    0.8130    0.8130    0.8130   -0.0000    0.0000   -0.0000
    9.9672    0.7954    0.7954    0.7954   -0.0000    0.0000   -0.0000
    9.9970    0.7781    0.7781    0.7781   -0.0000    0.0000   -0.0000
   10.0269    0.7604    0.7604    0.7604   -0.0000    0.0000   -0.0000
   10.0567    0.7417    0.7417    0.7417   -0.0000    0.0000   -0.0000
   10.0865    0.7217    0.7217    0.7217   -0.0000    0.0000   -0.0000
   10.1164    0.7002    0.7002    0.7002   -0.0000    0.0000   -0.0000
   10.1462    0.6774    0.6774    0.6774   -0.0000    0.0000   -0.0000
   10.1761    0.6538    0.6538    0.6538   -0.0000    0.0000   -0.0000
   10.2059    0.6301    0.6301    0.6301   -0.0000    0.0000   -0.0000
   10.2357    0.6074    0.6074    0.6074   -0.0000    0.0000   -0.0000
   10.2656    0.5866    0.5866    0.5866   -0.0000    0.0000   -0.0000
   10.2954    0.5686    0.5686    0.5686   -0.0000    0.0000   -0.0000
   10.3253    0.5540    0.5540    0.5540   -0.0000    0.0000   -0.0000
   10.3551    0.5432    0.5432    0.5432   -0.0000    0.0000   -0.0000
   10.3850    0.5359    0.5359    0.5359    0.0000    0.0000   -0.0000
   10.4148    0.5318    0.5318    0.5318    0.0000    0.0000   -0.0000
   10.4446    0.5300    0.5300    0.5300    0.0000    0.0000    0.0000
   10.4745    0.5299    0.5299    0.5299    0.0000    0.0000    0.0000
   10.5043    0.5305    0.5305    0.5305    0.0000    0.0000    0.0000
   10.5342    0.5314    0.5314    0.5314   -0.0000    0.0000    0.0000
   10.5640    0.5320    0.5320    0.5320   -0.0000    0.0000    0.0000
   10.5939    0.5320    0.5320    0.5320   -0.0000    0.0000    0.0000
   10.6237    0.5314    0.5314    0.5314   -0.0000    0.0000    0.0000
   10.6535    0.5300    0.5300    0.5300   -0.0000    0.0000    0.0000
   10.6834    0.5280    0.5280    0.5280   -0.0000    0.0000    0.0000
   10.7132    0.5255    0.5255    0.5255   -0.0000    0.0000    0.0000
   10.7431    0.5227    0.5227    0.5227    0.0000    0.0000    0.0000
   10.7729    0.5199    0.5199    0.5199    0.0000    0.0000    0.0000
   10.8027    0.5173    0.5173    0.5173    0.0000    0.0000    0.0000
   10.8326    0.5150    0.5150    0.5150    0.0000   -0.0000    0.0000
   10.8624    0.5129    0.5129    0.5129    0.0000   -0.0000    0.0000
   10.8923    0.5108    0.5108    0.5108    0.0000   -0.0000    0.0000
   10.9221    0.5083    0.5083    0.5083   -0.0000    0.0000   -0.0000
   10.9520    0.5051    0.5051    0.5051   -0.0000    0.0000   -0.0000
   10.9818    0.5006    0.5006    0.5006   -0.0000    0.0000   -0.0000
   11.0116    0.4946    0.4946    0.4946   -0.0000    0.0000   -0.0000
   11.0415    0.4869    0.4869    0.4869   -0.0000    0.0000   -0.0000
   11.0713    0.4773    0.4773    0.4773   -0.0000    0.0000   -0.0000
   11.1012    0.4659    0.4659    0.4659   -0.0000    0.0000   -0.0000
   11.1310    0.4529    0.4529    0.4529   -0.0000    0.0000   -0.0000
   11.1608    0.4385    0.4385    0.4385   -0.0000    0.0000   -0.0000
   11.1907    0.4232    0.4232    0.4232   -0.0000    0.0000   -0.0000
   11.2205    0.4074    0.4074    0.4074   -0.0000    0.0000   -0.0000
   11.2504    0.3916    0.3916    0.3916   -0.0000    0.0000   -0.0000
   11.2802    0.3764    0.3764    0.3764   -0.0000    0.0000   -0.0000
   11.3101    0.3623    0.3623    0.3623   -0.0000    0.0000   -0.0000
   11.3399    0.3497    0.3497    0.3497   -0.0000    0.0000   -0.0000
   11.3697    0.3389    0.3389    0.3389   -0.0000    0.0000   -0.0000
   11.3996    0.3301    0.3301    0.3301   -0.0000    0.0000   -0.0000
   11.4294    0.3232    0.3232    0.3232   -0.0000    0.0000   -0.0000
   11.4593    0.3182    0.3182    0.3182   -0.0000    0.0000   -0.0000
   11.4891    0.3148    0.3148    0.3148   -0.0000    0.0000   -0.0000
   11.5189    0.3129    0.3129    0.3129   -0.0000    0.0000    0.0000
   11.5488    0.3124    0.3124    0.3124   -0.0000    0.0000    0.0000
   11.5786    0.3128    0.3128    0.3128   -0.0000    0.0000    0.0000
   11.6085    0.3138    0.3138    0.3138   -0.0000   -0.0000    0.0000
   11.6383    0.3150    0.3150    0.3150   -0.0000   -0.0000    0.0000
   11.6682    0.3157    0.3157    0.3157   -0.0000   -0.0000    0.0000
   11.6980    0.3154    0.3154    0.3154   -0.0000   -0.0000    0.0000
   11.7278    0.3136    0.3136    0.3136    0.0000   -0.0000   -0.0000
   11.7577    0.3100    0.3100    0.3100    0.0000   -0.0000   -0.0000
   11.7875    0.3045    0.3045    0.3045    0.0000   -0.0000   -0.0000
   11.8174    0.2974    0.2974    0.2974   -0.0000   -0.0000   -0.0000
   11.8472    0.2889    0.2889    0.2889   -0.0000   -0.0000   -0.0000
   11.8770    0.2797    0.2797    0.2797   -0.0000   -0.0000   -0.0000
   11.9069    0.2702    0.2702    0.2702   -0.0000   -0.0000   -0.0000
   11.9367    0.2610    0.2610    0.2610   -0.0000   -0.0000   -0.0000
   11.9666    0.2524    0.2524    0.2524   -0.0000   -0.0000   -0.0000
   11.9964    0.2447    0.2447    0.2447   -0.0000   -0.0000   -0.0000
   12.0263    0.2378    0.2378    0.2378   -0.0000    0.0000   -0.0000
   12.0561    0.2316    0.2316    0.2316   -0.0000    0.0000   -0.0000
   12.0859    0.2260    0.2260    0.2260   -0.0000    0.0000   -0.0000
   12.1158    0.2208    0.2208    0.2208   -0.0000    0.0000    0.0000
   12.1456    0.2158    0.2158    0.2158   -0.0000    0.0000    0.0000
   12.1755    0.2110    0.2110    0.2110   -0.0000    0.0000    0.0000
   12.2053    0.2067    0.2067    0.2067   -0.0000    0.0000    0.0000
   12.2352    0.2029    0.2029    0.2029   -0.0000    0.0000    0.0000
   12.2650    0.2000    0.2000    0.2000   -0.0000    0.0000    0.0000
   12.2948    0.1980    0.1980    0.1980   -0.0000    0.0000    0.0000
   12.3247    0.1970    0.1970    0.1970   -0.0000    0.0000    0.0000
   12.3545    0.1969    0.1969    0.1969   -0.0000    0.0000    0.0000
   12.3844    0.1972    0.1972    0.1972   -0.0000    0.0000    0.0000
   12.4142    0.1978    0.1978    0.1978   -0.0000    0.0000   -0.0000
   12.4440    0.1980    0.1980    0.1980   -0.0000    0.0000   -0.0000
   12.4739    0.1977    0.1977    0.1977   -0.0000    0.0000   -0.0000
   12.5037    0.1966    0.1966    0.1966   -0.0000    0.0000   -0.0000
   12.5336    0.1947    0.1947    0.1947   -0.0000    0.0000   -0.0000
   12.5634    0.1920    0.1920    0.1920   -0.0000    0.0000   -0.0000
   12.5933    0.1887    0.1887    0.1887   -0.0000    0.0000   -0.0000
   12.6231    0.1852    0.1852    0.1852   -0.0000    0.0000   -0.0000
   12.6529    0.1816    0.1816    0.1816   -0.0000    0.0000   -0.0000
   12.6828    0.1781    0.1781    0.1781   -0.0000    0.0000   -0.0000
   12.7126    0.1749    0.1749    0.1749   -0.0000    0.0000   -0.0000
   12.7425    0.1718    0.1718    0.1718   -0.0000    0.0000    0.0000
   12.7723    0.1690    0.1690    0.1690   -0.0000    0.0000    0.0000
   12.8021    0.1664    0.1664    0.1664   -0.0000    0.0000    0.0000
   12.8320    0.1640    0.1640    0.1640   -0.0000    0.0000    0.0000
   12.8618    0.1619    0.1619    0.1619   -0.0000    0.0000    0.0000
   12.8917    0.1603    0.1603    0.1603   -0.0000    0.0000    0.0000
   12.9215    0.1593    0.1593    0.1593   -0.0000    0.0000    0.0000
   12.9514    0.1591    0.1591    0.1591    0.0000    0.0000    0.0000
   12.9812    0.1601    0.1601    0.1601    0.0000    0.0000    0.0000
   13.0110    0.1621    0.1621    0.1621    0.0000    0.0000    0.0000
   13.0409    0.1653    0.1653    0.1653    0.0000    0.0000    0.0000
   13.0707    0.1694    0.1694    0.1694    0.0000    0.0000    0.0000
   13.1006    0.1742    0.1742    0.1742    0.0000    0.0000    0.0000
   13.1304    0.1792    0.1792    0.1792    0.0000    0.0000    0.0000
   13.1602    0.1841    0.1841    0.1841    0.0000   -0.0000   -0.0000
   13.1901    0.1885    0.1885    0.1885   -0.0000   -0.0000   -0.0000
   13.2199    0.1919    0.1919    0.1919   -0.0000   -0.0000   -0.0000
   13.2498    0.1940    0.1940    0.1940   -0.0000   -0.0000   -0.0000
   13.2796    0.1946    0.1946    0.1946   -0.0000   -0.0000   -0.0000
   13.3095    0.1936    0.1936    0.1936   -0.0000   -0.0000   -0.0000
   13.3393    0.1910    0.1910    0.1910    0.0000   -0.0000   -0.0000
   13.3691    0.1870    0.1870    0.1870    0.0000   -0.0000   -0.0000
   13.3990    0.1816    0.1816    0.1816    0.0000   -0.0000   -0.0000
   13.4288    0.1754    0.1754    0.1754    0.0000   -0.0000    0.0000
   13.4587    0.1688    0.1688    0.1688    0.0000   -0.0000    0.0000
   13.4885    0.1621    0.1621    0.1621    0.0000   -0.0000    0.0000
   13.5184    0.1561    0.1561    0.1561    0.0000   -0.0000    0.0000
   13.5482    0.1510    0.1510    0.1510    0.0000   -0.0000    0.0000
   13.5780    0.1474    0.1474    0.1474    0.0000   -0.0000    0.0000
   13.6079    0.1455    0.1455    0.1455    0.0000   -0.0000    0.0000
   13.6377    0.1453    0.1453    0.1453    0.0000   -0.0000   -0.0000
   13.6676    0.1466    0.1466    0.1466    0.0000   -0.0000   -0.0000
   13.6974    0.1493    0.1493    0.1493    0.0000    0.0000   -0.0000
   13.7272    0.1527    0.1527    0.1527    0.0000    0.0000   -0.0000
   13.7571    0.1564    0.1564    0.1564    0.0000    0.0000   -0.0000
   13.7869    0.1596    0.1596    0.1596    0.0000    0.0000   -0.0000
   13.8168    0.1620    0.1620    0.1620    0.0000    0.0000   -0.0000
   13.8466    0.1631    0.1631    0.1631    0.0000    0.0000   -0.0000
   13.8765    0.1626    0.1626    0.1626    0.0000    0.0000    0.0000
   13.9063    0.1605    0.1605    0.1605    0.0000    0.0000    0.0000
   13.9361    0.1571    0.1571    0.1571    0.0000    0.0000    0.0000
   13.9660    0.1526    0.1526    0.1526    0.0000    0.0000    0.0000
   13.9958    0.1475    0.1475    0.1475    0.0000    0.0000    0.0000
   14.0257    0.1423    0.1423    0.1423    0.0000    0.0000    0.0000
   14.0555    0.1375    0.1375    0.1375    0.0000    0.0000    0.0000
   14.0853    0.1332    0.1332    0.1332    0.0000    0.0000    0.0000
   14.1152    0.1298    0.1298    0.1298    0.0000    0.0000    0.0000
   14.1450    0.1272    0.1272    0.1272    0.0000    0.0000    0.0000
   14.1749    0.1254    0.1254    0.1254    0.0000    0.0000    0.0000
   14.2047    0.1241    0.1241    0.1241    0.0000    0.0000    0.0000
   14.2346    0.1231    0.1231    0.1231    0.0000    0.0000    0.0000
   14.2644    0.1221    0.1221    0.1221    0.0000    0.0000    0.0000
   14.2942    0.1209    0.1209    0.1209    0.0000    0.0000    0.0000
   14.3241    0.1192    0.1192    0.1192    0.0000    0.0000    0.0000
   14.3539    0.1171    0.1171    0.1171    0.0000    0.0000    0.0000
   14.3838    0.1144    0.1144    0.1144    0.0000    0.0000    0.0000
   14.4136    0.1113    0.1113    0.1113    0.0000    0.0000    0.0000
   14.4434    0.1079    0.1079    0.1079    0.0000    0.0000    0.0000
   14.4733    0.1042    0.1042    0.1042    0.0000    0.0000    0.0000
   14.5031    0.1004    0.1004    0.1004    0.0000    0.0000    0.0000
   14.5330    0.0967    0.0967    0.0967    0.0000   -0.0000    0.0000
   14.5628    0.0931    0.0931    0.0931    0.0000   -0.0000    0.0000
   14.5927    0.0896    0.0896    0.0896    0.0000   -0.0000    0.0000
   14.6225    0.0864    0.0864    0.0864    0.0000    0.0000    0.0000
   14.6523    0.0833    0.0833    0.0833    0.0000    0.0000    0.0000
   14.6822    0.0805    0.0805    0.0805    0.0000    0.0000    0.0000
   14.7120    0.0779    0.0779    0.0779    0.0000    0.0000    0.0000
   14.7419    0.0755    0.0755    0.0755    0.0000    0.0000    0.0000
   14.7717    0.0732    0.0732    0.0732    0.0000    0.0000    0.0000
   14.8015    0.0712    0.0712    0.0712    0.0000    0.0000    0.0000
   14.8314    0.0694    0.0694    0.0694    0.0000    0.0000    0.0000
   14.8612    0.0678    0.0678    0.0678    0.0000    0.0000    0.0000
   14.8911    0.0666    0.0666    0.0666    0.0000    0.0000    0.0000
   14.9209    0.0656    0.0656    0.0656    0.0000    0.0000    0.0000
   14.9508    0.0649    0.0649    0.0649    0.0000    0.0000    0.0000
   14.9806    0.0645    0.0645    0.0645    0.0000    0.0000    0.0000
   15.0104    0.0643    0.0643    0.0643    0.0000    0.0000    0.0000
   15.0403    0.0645    0.0645    0.0645    0.0000    0.0000    0.0000
   15.0701    0.0648    0.0648    0.0648    0.0000    0.0000    0.0000
   15.1000    0.0654    0.0654    0.0654    0.0000    0.0000    0.0000
   15.1298    0.0662    0.0662    0.0662    0.0000    0.0000    0.0000
   15.1597    0.0672    0.0672    0.0672    0.0000    0.0000    0.0000
   15.1895    0.0683    0.0683    0.0683    0.0000    0.0000    0.0000
   15.2193    0.0695    0.0695    0.0695    0.0000    0.0000    0.0000
   15.2492    0.0706    0.0706    0.0706    0.0000    0.0000    0.0000
   15.2790    0.0717    0.0717    0.0717    0.0000    0.0000   -0.0000
   15.3089    0.0724    0.0724    0.0724    0.0000    0.0000   -0.0000
   15.3387    0.0728    0.0728    0.0728    0.0000    0.0000   -0.0000
   15.3685    0.0726    0.0726    0.0726    0.0000    0.0000   -0.0000
   15.3984    0.0718    0.0718    0.0718    0.0000    0.0000   -0.0000
   15.4282    0.0705    0.0705    0.0705    0.0000    0.0000   -0.0000
   15.4581    0.0689    0.0689    0.0689    0.0000    0.0000   -0.0000
   15.4879    0.0670    0.0670    0.0670   -0.0000    0.0000   -0.0000
   15.5178    0.0652    0.0652    0.0652   -0.0000    0.0000   -0.0000
   15.5476    0.0636    0.0636    0.0636   -0.0000    0.0000   -0.0000
   15.5774    0.0625    0.0625    0.0625   -0.0000    0.0000   -0.0000
   15.6073    0.0620    0.0620    0.0620   -0.0000    0.0000   -0.0000
   15.6371    0.0620    0.0620    0.0620   -0.0000    0.0000   -0.0000
   15.6670    0.0626    0.0626    0.0626   -0.0000    0.0000   -0.0000
   15.6968    0.0635    0.0635    0.0635   -0.0000    0.0000   -0.0000
   15.7266    0.0647    0.0647    0.0647   -0.0000    0.0000   -0.0000
   15.7565    0.0658    0.0658    0.0658   -0.0000    0.0000   -0.0000
   15.7863    0.0668    0.0668    0.0668   -0.0000    0.0000   -0.0000
   15.8162    0.0674    0.0674    0.0674   -0.0000    0.0000   -0.0000
   15.8460    0.0677    0.0677    0.0677   -0.0000    0.0000   -0.0000
   15.8759    0.0676    0.0676    0.0676   -0.0000   -0.0000   -0.0000
   15.9057    0.0673    0.0673    0.0673   -0.0000   -0.0000   -0.0000
   15.9355    0.0668    0.0668    0.0668    0.0000   -0.0000   -0.0000
   15.9654    0.0664    0.0664    0.0664    0.0000   -0.0000    0.0000
   15.9952    0.0661    0.0661    0.0661    0.0000   -0.0000    0.0000
   16.0251    0.0662    0.0662    0.0662    0.0000   -0.0000    0.0000
   16.0549    0.0666    0.0666    0.0666    0.0000   -0.0000    0.0000
   16.0847    0.0674    0.0674    0.0674    0.0000   -0.0000    0.0000
   16.1146    0.0686    0.0686    0.0686    0.0000   -0.0000    0.0000
   16.1444    0.0703    0.0703    0.0703    0.0000   -0.0000    0.0000
   16.1743    0.0722    0.0722    0.0722    0.0000    0.0000    0.0000
   16.2041    0.0745    0.0745    0.0745    0.0000    0.0000    0.0000
   16.2340    0.0771    0.0771    0.0771    0.0000    0.0000    0.0000
   16.2638    0.0800    0.0800    0.0800    0.0000    0.0000    0.0000
   16.2936    0.0831    0.0831    0.0831    0.0000    0.0000    0.0000
   16.3235    0.0865    0.0865    0.0865    0.0000    0.0000    0.0000
   16.3533    0.0900    0.0900    0.0900    0.0000    0.0000    0.0000
   16.3832    0.0936    0.0936    0.0936    0.0000    0.0000    0.0000
   16.4130    0.0971    0.0971    0.0971    0.0000    0.0000    0.0000
   16.4428    0.1004    0.1004    0.1004    0.0000    0.0000    0.0000
   16.4727    0.1033    0.1033    0.1033    0.0000    0.0000    0.0000
   16.5025    0.1057    0.1057    0.1057    0.0000    0.0000    0.0000
   16.5324    0.1075    0.1075    0.1075    0.0000    0.0000    0.0000
   16.5622    0.1089    0.1089    0.1089    0.0000    0.0000    0.0000
   16.5921    0.1098    0.1098    0.1098    0.0000    0.0000    0.0000
   16.6219    0.1105    0.1105    0.1105    0.0000    0.0000    0.0000
   16.6517    0.1110    0.1110    0.1110    0.0000    0.0000    0.0000
   16.6816    0.1117    0.1117    0.1117    0.0000    0.0000    0.0000
   16.7114    0.1126    0.1126    0.1126    0.0000    0.0000    0.0000
   16.7413    0.1138    0.1138    0.1138    0.0000    0.0000    0.0000
   16.7711    0.1154    0.1154    0.1154    0.0000    0.0000    0.0000
   16.8010    0.1174    0.1174    0.1174    0.0000    0.0000   -0.0000
   16.8308    0.1197    0.1197    0.1197    0.0000    0.0000   -0.0000
   16.8606    0.1222    0.1222    0.1222    0.0000    0.0000   -0.0000
   16.8905    0.1248    0.1248    0.1248    0.0000    0.0000   -0.0000
   16.9203    0.1273    0.1273    0.1273    0.0000    0.0000   -0.0000
   16.9502    0.1297    0.1297    0.1297    0.0000    0.0000   -0.0000
   16.9800    0.1317    0.1317    0.1317   -0.0000    0.0000   -0.0000
   17.0098    0.1335    0.1335    0.1335   -0.0000    0.0000   -0.0000
   17.0397    0.1349    0.1349    0.1349   -0.0000   -0.0000   -0.0000
   17.0695    0.1360    0.1360    0.1360    0.0000   -0.0000   -0.0000
   17.0994    0.1367    0.1367    0.1367    0.0000   -0.0000   -0.0000
   17.1292    0.1372    0.1372    0.1372    0.0000   -0.0000   -0.0000
   17.1591    0.1374    0.1374    0.1374    0.0000   -0.0000   -0.0000
   17.1889    0.1374    0.1374    0.1374    0.0000   -0.0000   -0.0000
   17.2187    0.1371    0.1371    0.1371    0.0000   -0.0000   -0.0000
   17.2486    0.1366    0.1366    0.1366    0.0000   -0.0000   -0.0000
   17.2784    0.1357    0.1357    0.1357   -0.0000   -0.0000   -0.0000
   17.3083    0.1345    0.1345    0.1345   -0.0000   -0.0000   -0.0000
   17.3381    0.1328    0.1328    0.1328   -0.0000   -0.0000   -0.0000
   17.3679    0.1308    0.1308    0.1308   -0.0000   -0.0000   -0.0000
   17.3978    0.1283    0.1283    0.1283   -0.0000   -0.0000   -0.0000
   17.4276    0.1256    0.1256    0.1256   -0.0000   -0.0000   -0.0000
   17.4575    0.1227    0.1227    0.1227   -0.0000   -0.0000   -0.0000
   17.4873    0.1196    0.1196    0.1196   -0.0000   -0.0000   -0.0000
   17.5172    0.1166    0.1166    0.1166   -0.0000   -0.0000   -0.0000
   17.5470    0.1136    0.1136    0.1136   -0.0000   -0.0000   -0.0000
   17.5768    0.1108    0.1108    0.1108   -0.0000   -0.0000   -0.0000
   17.6067    0.1082    0.1082    0.1082   -0.0000   -0.0000   -0.0000
   17.6365    0.1057    0.1057    0.1057   -0.0000   -0.0000   -0.0000
   17.6664    0.1035    0.1035    0.1035   -0.0000   -0.0000   -0.0000
   17.6962    0.1016    0.1016    0.1016   -0.0000   -0.0000   -0.0000
   17.7260    0.1000    0.1000    0.1000   -0.0000   -0.0000   -0.0000
   17.7559    0.0989    0.0989    0.0989   -0.0000   -0.0000   -0.0000
   17.7857    0.0981    0.0981    0.0981   -0.0000   -0.0000   -0.0000
   17.8156    0.0977    0.0977    0.0977   -0.0000    0.0000   -0.0000
   17.8454    0.0977    0.0977    0.0977   -0.0000    0.0000   -0.0000
   17.8753    0.0981    0.0981    0.0981   -0.0000    0.0000   -0.0000
   17.9051    0.0987    0.0987    0.0987   -0.0000    0.0000   -0.0000
   17.9349    0.0994    0.0994    0.0994   -0.0000   -0.0000   -0.0000
   17.9648    0.1001    0.1001    0.1001   -0.0000   -0.0000   -0.0000
   17.9946    0.1007    0.1007    0.1007   -0.0000   -0.0000   -0.0000
   18.0245    0.1011    0.1011    0.1011   -0.0000   -0.0000   -0.0000
   18.0543    0.1012    0.1012    0.1012   -0.0000   -0.0000   -0.0000
   18.0842    0.1011    0.1011    0.1011   -0.0000   -0.0000   -0.0000
   18.1140    0.1008    0.1008    0.1008   -0.0000   -0.0000   -0.0000
   18.1438    0.1002    0.1002    0.1002   -0.0000   -0.0000   -0.0000
   18.1737    0.0996    0.0996    0.0996   -0.0000   -0.0000   -0.0000
   18.2035    0.0989    0.0989    0.0989   -0.0000   -0.0000   -0.0000
   18.2334    0.0982    0.0982    0.0982   -0.0000   -0.0000   -0.0000
   18.2632    0.0975    0.0975    0.0975   -0.0000   -0.0000   -0.0000
   18.2930    0.0968    0.0968    0.0968   -0.0000   -0.0000   -0.0000
   18.3229    0.0961    0.0961    0.0961   -0.0000   -0.0000   -0.0000
   18.3527    0.0953    0.0953    0.0953   -0.0000   -0.0000   -0.0000
   18.3826    0.0944    0.0944    0.0944   -0.0000   -0.0000   -0.0000
   18.4124    0.0935    0.0935    0.0935   -0.0000   -0.0000   -0.0000
   18.4423    0.0927    0.0927    0.0927   -0.0000    0.0000   -0.0000
   18.4721    0.0922    0.0922    0.0922   -0.0000    0.0000   -0.0000
   18.5019    0.0921    0.0921    0.0921   -0.0000    0.0000   -0.0000
   18.5318    0.0926    0.0926    0.0926   -0.0000    0.0000   -0.0000
   18.5616    0.0937    0.0937    0.0937   -0.0000    0.0000   -0.0000
   18.5915    0.0957    0.0957    0.0957   -0.0000    0.0000   -0.0000
   18.6213    0.0983    0.0983    0.0983   -0.0000    0.0000   -0.0000
   18.6511    0.1016    0.1016    0.1016   -0.0000    0.0000   -0.0000
   18.6810    0.1054    0.1054    0.1054   -0.0000    0.0000   -0.0000
   18.7108    0.1095    0.1095    0.1095   -0.0000    0.0000   -0.0000
   18.7407    0.1138    0.1138    0.1138   -0.0000    0.0000   -0.0000
   18.7705    0.1180    0.1180    0.1180   -0.0000    0.0000   -0.0000
   18.8004    0.1220    0.1220    0.1220   -0.0000    0.0000   -0.0000
   18.8302    0.1258    0.1258    0.1258   -0.0000    0.0000   -0.0000
   18.8600    0.1293    0.1293    0.1293   -0.0000    0.0000   -0.0000
   18.8899    0.1324    0.1324    0.1324   -0.0000    0.0000   -0.0000
   18.9197    0.1351    0.1351    0.1351   -0.0000    0.0000   -0.0000
   18.9496    0.1375    0.1375    0.1375   -0.0000    0.0000   -0.0000
   18.9794    0.1396    0.1396    0.1396   -0.0000    0.0000   -0.0000
   19.0092    0.1415    0.1415    0.1415   -0.0000    0.0000   -0.0000
   19.0391    0.1431    0.1431    0.1431   -0.0000    0.0000   -0.0000
   19.0689    0.1446    0.1446    0.1446   -0.0000    0.0000   -0.0000
   19.0988    0.1460    0.1460    0.1460   -0.0000    0.0000   -0.0000
   19.1286    0.1473    0.1473    0.1473   -0.0000    0.0000   -0.0000
   19.1585    0.1485    0.1485    0.1485   -0.0000    0.0000    0.0000
   19.1883    0.1497    0.1497    0.1497   -0.0000    0.0000    0.0000
   19.2181    0.1509    0.1509    0.1509   -0.0000    0.0000   -0.0000
   19.2480    0.1519    0.1519    0.1519   -0.0000    0.0000   -0.0000
   19.2778    0.1527    0.1527    0.1527   -0.0000    0.0000   -0.0000
   19.3077    0.1532    0.1532    0.1532   -0.0000    0.0000   -0.0000
   19.3375    0.1533    0.1533    0.1533   -0.0000    0.0000   -0.0000
   19.3673    0.1527    0.1527    0.1527   -0.0000    0.0000   -0.0000
   19.3972    0.1513    0.1513    0.1513   -0.0000    0.0000   -0.0000
   19.4270    0.1492    0.1492    0.1492   -0.0000    0.0000   -0.0000
   19.4569    0.1463    0.1463    0.1463   -0.0000    0.0000   -0.0000
   19.4867    0.1426    0.1426    0.1426   -0.0000    0.0000   -0.0000
   19.5166    0.1385    0.1385    0.1385   -0.0000    0.0000   -0.0000
   19.5464    0.1341    0.1341    0.1341   -0.0000    0.0000    0.0000
   19.5762    0.1296    0.1296    0.1296   -0.0000    0.0000    0.0000
   19.6061    0.1254    0.1254    0.1254   -0.0000    0.0000    0.0000
   19.6359    0.1217    0.1217    0.1217    0.0000    0.0000    0.0000
   19.6658    0.1185    0.1185    0.1185    0.0000    0.0000    0.0000
   19.6956    0.1158    0.1158    0.1158    0.0000    0.0000    0.0000
   19.7255    0.1138    0.1138    0.1138    0.0000   -0.0000    0.0000
   19.7553    0.1124    0.1124    0.1124    0.0000   -0.0000    0.0000
   19.7851    0.1115    0.1115    0.1115    0.0000   -0.0000    0.0000
   19.8150    0.1111    0.1111    0.1111    0.0000   -0.0000    0.0000
   19.8448    0.1113    0.1113    0.1113    0.0000   -0.0000    0.0000
   19.8747    0.1121    0.1121    0.1121    0.0000   -0.0000    0.0000
   19.9045    0.1135    0.1135    0.1135    0.0000   -0.0000    0.0000
   19.9343    0.1156    0.1156    0.1156    0.0000   -0.0000    0.0000
   19.9642    0.1183    0.1183    0.1183    0.0000   -0.0000    0.0000
   19.9940    0.1215    0.1215    0.1215    0.0000   -0.0000    0.0000
   20.0239    0.1252    0.1252    0.1252    0.0000   -0.0000    0.0000
   20.0537    0.1291    0.1291    0.1291    0.0000   -0.0000    0.0000
   20.0836    0.1331    0.1331    0.1331    0.0000   -0.0000    0.0000
   20.1134    0.1370    0.1370    0.1370    0.0000   -0.0000    0.0000
   20.1432    0.1406    0.1406    0.1406    0.0000   -0.0000   -0.0000
   20.1731    0.1437    0.1437    0.1437   -0.0000   -0.0000   -0.0000
   20.2029    0.1463    0.1463    0.1463   -0.0000   -0.0000   -0.0000
   20.2328    0.1481    0.1481    0.1481   -0.0000   -0.0000   -0.0000
   20.2626    0.1491    0.1491    0.1491   -0.0000   -0.0000   -0.0000
   20.2924    0.1493    0.1493    0.1493   -0.0000   -0.0000   -0.0000
   20.3223    0.1486    0.1486    0.1486   -0.0000   -0.0000   -0.0000
   20.3521    0.1471    0.1471    0.1471   -0.0000   -0.0000   -0.0000
   20.3820    0.1451    0.1451    0.1451   -0.0000   -0.0000   -0.0000
   20.4118    0.1427    0.1427    0.1427   -0.0000   -0.0000   -0.0000
   20.4417    0.1400    0.1400    0.1400   -0.0000   -0.0000   -0.0000
   20.4715    0.1374    0.1374    0.1374   -0.0000   -0.0000   -0.0000
   20.5013    0.1349    0.1349    0.1349   -0.0000   -0.0000   -0.0000
   20.5312    0.1327    0.1327    0.1327   -0.0000   -0.0000    0.0000
   20.5610    0.1307    0.1307    0.1307   -0.0000   -0.0000    0.0000
   20.5909    0.1290    0.1290    0.1290   -0.0000   -0.0000    0.0000
   20.6207    0.1273    0.1273    0.1273    0.0000   -0.0000    0.0000
   20.6505    0.1256    0.1256    0.1256    0.0000   -0.0000    0.0000
   20.6804    0.1238    0.1238    0.1238    0.0000   -0.0000    0.0000
   20.7102    0.1218    0.1218    0.1218    0.0000   -0.0000    0.0000
   20.7401    0.1195    0.1195    0.1195    0.0000   -0.0000    0.0000
   20.7699    0.1171    0.1171    0.1171   -0.0000   -0.0000    0.0000
   20.7998    0.1145    0.1145    0.1145   -0.0000   -0.0000    0.0000
   20.8296    0.1119    0.1119    0.1119   -0.0000   -0.0000    0.0000
   20.8594    0.1095    0.1095    0.1095   -0.0000   -0.0000    0.0000
   20.8893    0.1073    0.1073    0.1073   -0.0000   -0.0000    0.0000
   20.9191    0.1054    0.1054    0.1054   -0.0000   -0.0000    0.0000
   20.9490    0.1038    0.1038    0.1038   -0.0000   -0.0000    0.0000
   20.9788    0.1024    0.1024    0.1024   -0.0000   -0.0000    0.0000
   21.0087    0.1013    0.1013    0.1013   -0.0000   -0.0000    0.0000
   21.0385    0.1002    0.1002    0.1002   -0.0000   -0.0000   -0.0000
   21.0683    0.0990    0.0990    0.0990   -0.0000   -0.0000   -0.0000
   21.0982    0.0977    0.0977    0.0977   -0.0000   -0.0000   -0.0000
   21.1280    0.0962    0.0962    0.0962   -0.0000   -0.0000   -0.0000
   21.1579    0.0944    0.0944    0.0944   -0.0000   -0.0000   -0.0000
   21.1877    0.0925    0.0925    0.0925   -0.0000   -0.0000    0.0000
   21.2175    0.0904    0.0904    0.0904   -0.0000   -0.0000    0.0000
   21.2474    0.0884    0.0884    0.0884   -0.0000   -0.0000    0.0000
   21.2772    0.0865    0.0865    0.0865   -0.0000   -0.0000    0.0000
   21.3071    0.0848    0.0848    0.0848   -0.0000   -0.0000    0.0000
   21.3369    0.0834    0.0834    0.0834   -0.0000   -0.0000    0.0000
   21.3668    0.0824    0.0824    0.0824   -0.0000   -0.0000    0.0000
   21.3966    0.0817    0.0817    0.0817   -0.0000   -0.0000    0.0000
   21.4264    0.0813    0.0813    0.0813   -0.0000   -0.0000    0.0000
   21.4563    0.0812    0.0812    0.0812   -0.0000   -0.0000    0.0000
   21.4861    0.0814    0.0814    0.0814   -0.0000   -0.0000    0.0000
   21.5160    0.0818    0.0818    0.0818   -0.0000   -0.0000    0.0000
   21.5458    0.0823    0.0823    0.0823   -0.0000   -0.0000    0.0000
   21.5756    0.0827    0.0827    0.0827   -0.0000   -0.0000    0.0000
   21.6055    0.0831    0.0831    0.0831   -0.0000   -0.0000    0.0000
   21.6353    0.0833    0.0833    0.0833    0.0000   -0.0000    0.0000
   21.6652    0.0831    0.0831    0.0831    0.0000   -0.0000    0.0000
   21.6950    0.0826    0.0826    0.0826    0.0000   -0.0000    0.0000
   21.7249    0.0817    0.0817    0.0817    0.0000   -0.0000    0.0000
   21.7547    0.0804    0.0804    0.0804    0.0000   -0.0000    0.0000
   21.7845    0.0788    0.0788    0.0788    0.0000   -0.0000    0.0000
   21.8144    0.0770    0.0770    0.0770    0.0000   -0.0000    0.0000
   21.8442    0.0752    0.0752    0.0752    0.0000   -0.0000    0.0000
   21.8741    0.0735    0.0735    0.0735    0.0000   -0.0000    0.0000
   21.9039    0.0722    0.0722    0.0722    0.0000   -0.0000    0.0000
   21.9337    0.0715    0.0715    0.0715    0.0000   -0.0000    0.0000
   21.9636    0.0715    0.0715    0.0715    0.0000   -0.0000    0.0000
   21.9934    0.0723    0.0723    0.0723    0.0000   -0.0000    0.0000
   22.0233    0.0739    0.0739    0.0739    0.0000   -0.0000    0.0000
   22.0531    0.0763    0.0763    0.0763    0.0000   -0.0000    0.0000
   22.0830    0.0793    0.0793    0.0793    0.0000   -0.0000    0.0000
   22.1128    0.0828    0.0828    0.0828    0.0000   -0.0000    0.0000
   22.1426    0.0864    0.0864    0.0864    0.0000   -0.0000    0.0000
   22.1725    0.0898    0.0898    0.0898    0.0000   -0.0000    0.0000
   22.2023    0.0930    0.0930    0.0930    0.0000   -0.0000    0.0000
   22.2322    0.0956    0.0956    0.0956    0.0000   -0.0000    0.0000
   22.2620    0.0975    0.0975    0.0975    0.0000   -0.0000   -0.0000
   22.2918    0.0986    0.0986    0.0986    0.0000   -0.0000   -0.0000
   22.3217    0.0990    0.0990    0.0990    0.0000    0.0000   -0.0000
   22.3515    0.0986    0.0986    0.0986    0.0000    0.0000   -0.0000
   22.3814    0.0976    0.0976    0.0976    0.0000    0.0000   -0.0000
   22.4112    0.0961    0.0961    0.0961    0.0000    0.0000   -0.0000
   22.4411    0.0941    0.0941    0.0941    0.0000    0.0000   -0.0000
   22.4709    0.0918    0.0918    0.0918    0.0000    0.0000   -0.0000
   22.5007    0.0893    0.0893    0.0893   -0.0000    0.0000   -0.0000
   22.5306    0.0865    0.0865    0.0865   -0.0000    0.0000   -0.0000
   22.5604    0.0835    0.0835    0.0835   -0.0000    0.0000   -0.0000
   22.5903    0.0804    0.0804    0.0804   -0.0000    0.0000   -0.0000
   22.6201    0.0771    0.0771    0.0771   -0.0000    0.0000   -0.0000
   22.6500    0.0737    0.0737    0.0737   -0.0000    0.0000   -0.0000
   22.6798    0.0702    0.0702    0.0702   -0.0000    0.0000   -0.0000
   22.7096    0.0666    0.0666    0.0666   -0.0000    0.0000   -0.0000
   22.7395    0.0630    0.0630    0.0630   -0.0000    0.0000   -0.0000
   22.7693    0.0595    0.0595    0.0595   -0.0000    0.0000   -0.0000
   22.7992    0.0561    0.0561    0.0561   -0.0000    0.0000   -0.0000
   22.8290    0.0529    0.0529    0.0529   -0.0000    0.0000   -0.0000
   22.8588    0.0500    0.0500    0.0500   -0.0000    0.0000   -0.0000
   22.8887    0.0475    0.0475    0.0475   -0.0000    0.0000   -0.0000
   22.9185    0.0455    0.0455    0.0455   -0.0000    0.0000   -0.0000
   22.9484    0.0439    0.0439    0.0439   -0.0000    0.0000   -0.0000
   22.9782    0.0427    0.0427    0.0427   -0.0000    0.0000   -0.0000
   23.0081    0.0420    0.0420    0.0420   -0.0000    0.0000   -0.0000
   23.0379    0.0416    0.0416    0.0416   -0.0000    0.0000    0.0000
   23.0677    0.0415    0.0415    0.0415   -0.0000    0.0000    0.0000
   23.0976    0.0416    0.0416    0.0416   -0.0000    0.0000   -0.0000
   23.1274    0.0418    0.0418    0.0418   -0.0000    0.0000   -0.0000
   23.1573    0.0420    0.0420    0.0420   -0.0000    0.0000   -0.0000
   23.1871    0.0422    0.0422    0.0422   -0.0000    0.0000   -0.0000
   23.2169    0.0422    0.0422    0.0422   -0.0000    0.0000   -0.0000
   23.2468    0.0420    0.0420    0.0420   -0.0000    0.0000   -0.0000
   23.2766    0.0415    0.0415    0.0415   -0.0000    0.0000   -0.0000
   23.3065    0.0407    0.0407    0.0407   -0.0000    0.0000   -0.0000
   23.3363    0.0396    0.0396    0.0396   -0.0000    0.0000    0.0000
   23.3662    0.0382    0.0382    0.0382    0.0000    0.0000    0.0000
   23.3960    0.0366    0.0366    0.0366    0.0000    0.0000    0.0000
   23.4258    0.0347    0.0347    0.0347    0.0000    0.0000    0.0000
   23.4557    0.0328    0.0328    0.0328    0.0000    0.0000    0.0000
   23.4855    0.0309    0.0309    0.0309    0.0000    0.0000    0.0000
   23.5154    0.0291    0.0291    0.0291    0.0000    0.0000    0.0000
   23.5452    0.0274    0.0274    0.0274   -0.0000    0.0000    0.0000
   23.5750    0.0260    0.0260    0.0260   -0.0000    0.0000    0.0000
   23.6049    0.0249    0.0249    0.0249   -0.0000    0.0000    0.0000
   23.6347    0.0240    0.0240    0.0240   -0.0000    0.0000    0.0000
   23.6646    0.0234    0.0234    0.0234   -0.0000    0.0000    0.0000
   23.6944    0.0230    0.0230    0.0230    0.0000    0.0000    0.0000
   23.7243    0.0227    0.0227    0.0227    0.0000    0.0000    0.0000
   23.7541    0.0226    0.0226    0.0226    0.0000    0.0000    0.0000
   23.7839    0.0225    0.0225    0.0225    0.0000    0.0000    0.0000
   23.8138    0.0225    0.0225    0.0225    0.0000    0.0000    0.0000
   23.8436    0.0224    0.0224    0.0224   -0.0000    0.0000    0.0000
   23.8735    0.0222    0.0222    0.0222   -0.0000    0.0000    0.0000
   23.9033    0.0220    0.0220    0.0220    0.0000    0.0000    0.0000
   23.9331    0.0217    0.0217    0.0217    0.0000    0.0000    0.0000
   23.9630    0.0213    0.0213    0.0213    0.0000    0.0000    0.0000
   23.9928    0.0209    0.0209    0.0209    0.0000    0.0000    0.0000
   24.0227    0.0204    0.0204    0.0204    0.0000    0.0000    0.0000
   24.0525    0.0199    0.0199    0.0199    0.0000    0.0000    0.0000
   24.0824    0.0194    0.0194    0.0194    0.0000    0.0000    0.0000
   24.1122    0.0189    0.0189    0.0189    0.0000    0.0000    0.0000
   24.1420    0.0184    0.0184    0.0184    0.0000    0.0000    0.0000
   24.1719    0.0178    0.0178    0.0178    0.0000    0.0000    0.0000
   24.2017    0.0173    0.0173    0.0173    0.0000    0.0000    0.0000
   24.2316    0.0167    0.0167    0.0167    0.0000    0.0000    0.0000
   24.2614    0.0161    0.0161    0.0161    0.0000    0.0000    0.0000
   24.2913    0.0154    0.0154    0.0154    0.0000    0.0000    0.0000
   24.3211    0.0147    0.0147    0.0147    0.0000    0.0000    0.0000
   24.3509    0.0141    0.0141    0.0141    0.0000    0.0000    0.0000
   24.3808    0.0134    0.0134    0.0134    0.0000    0.0000    0.0000
   24.4106    0.0129    0.0129    0.0129    0.0000    0.0000    0.0000
   24.4405    0.0123    0.0123    0.0123    0.0000    0.0000    0.0000
   24.4703    0.0118    0.0118    0.0118    0.0000    0.0000    0.0000
   24.5001    0.0114    0.0114    0.0114    0.0000   -0.0000    0.0000
   24.5300    0.0111    0.0111    0.0111   -0.0000   -0.0000    0.0000
   24.5598    0.0108    0.0108    0.0108   -0.0000   -0.0000    0.0000
   24.5897    0.0105    0.0105    0.0105   -0.0000   -0.0000   -0.0000
   24.6195    0.0103    0.0103    0.0103   -0.0000   -0.0000   -0.0000
   24.6494    0.0100    0.0100    0.0100   -0.0000    0.0000   -0.0000
   24.6792    0.0098    0.0098    0.0098   -0.0000    0.0000   -0.0000
   24.7090    0.0095    0.0095    0.0095   -0.0000    0.0000   -0.0000
   24.7389    0.0092    0.0092    0.0092   -0.0000    0.0000   -0.0000
   24.7687    0.0089    0.0089    0.0089   -0.0000    0.0000   -0.0000
   24.7986    0.0085    0.0085    0.0085   -0.0000    0.0000   -0.0000
   24.8284    0.0081    0.0081    0.0081   -0.0000    0.0000   -0.0000
   24.8582    0.0077    0.0077    0.0077   -0.0000    0.0000   -0.0000
   24.8881    0.0072    0.0072    0.0072   -0.0000    0.0000   -0.0000
   24.9179    0.0068    0.0068    0.0068   -0.0000    0.0000    0.0000
   24.9478    0.0064    0.0064    0.0064   -0.0000    0.0000    0.0000
   24.9776    0.0061    0.0061    0.0061   -0.0000    0.0000    0.0000
   25.0075    0.0058    0.0058    0.0058   -0.0000    0.0000    0.0000
   25.0373    0.0055    0.0055    0.0055    0.0000    0.0000    0.0000
   25.0671    0.0053    0.0053    0.0053    0.0000    0.0000    0.0000
   25.0970    0.0051    0.0051    0.0051    0.0000    0.0000    0.0000
   25.1268    0.0050    0.0050    0.0050    0.0000    0.0000    0.0000
   25.1567    0.0048    0.0048    0.0048    0.0000    0.0000    0.0000
   25.1865    0.0047    0.0047    0.0047    0.0000    0.0000    0.0000
   25.2163    0.0046    0.0046    0.0046    0.0000    0.0000    0.0000
   25.2462    0.0046    0.0046    0.0046    0.0000    0.0000    0.0000
   25.2760    0.0045    0.0045    0.0045    0.0000    0.0000    0.0000
   25.3059    0.0045    0.0045    0.0045    0.0000    0.0000    0.0000
   25.3357    0.0044    0.0044    0.0044    0.0000    0.0000    0.0000
   25.3656    0.0043    0.0043    0.0043    0.0000    0.0000    0.0000
   25.3954    0.0043    0.0043    0.0043    0.0000    0.0000    0.0000
   25.4252    0.0043    0.0043    0.0043    0.0000    0.0000    0.0000
   25.4551    0.0042    0.0042    0.0042    0.0000    0.0000    0.0000
   25.4849    0.0042    0.0042    0.0042    0.0000    0.0000    0.0000
   25.5148    0.0041    0.0041    0.0041    0.0000    0.0000    0.0000
   25.5446    0.0041    0.0041    0.0041    0.0000    0.0000    0.0000
   25.5745    0.0040    0.0040    0.0040    0.0000    0.0000    0.0000
   25.6043    0.0040    0.0040    0.0040    0.0000    0.0000    0.0000
   25.6341    0.0040    0.0040    0.0040    0.0000    0.0000    0.0000
   25.6640    0.0039    0.0039    0.0039    0.0000    0.0000    0.0000
   25.6938    0.0039    0.0039    0.0039    0.0000    0.0000    0.0000
   25.7237    0.0039    0.0039    0.0039    0.0000    0.0000    0.0000
   25.7535    0.0038    0.0038    0.0038    0.0000    0.0000    0.0000
   25.7833    0.0038    0.0038    0.0038    0.0000    0.0000    0.0000
   25.8132    0.0038    0.0038    0.0038    0.0000    0.0000    0.0000
   25.8430    0.0038    0.0038    0.0038    0.0000    0.0000    0.0000
   25.8729    0.0037    0.0037    0.0037    0.0000    0.0000    0.0000
   25.9027    0.0037    0.0037    0.0037    0.0000    0.0000    0.0000
   25.9326    0.0037    0.0037    0.0037    0.0000    0.0000    0.0000
   25.9624    0.0036    0.0036    0.0036    0.0000    0.0000    0.0000
   25.9922    0.0036    0.0036    0.0036    0.0000    0.0000    0.0000
   26.0221    0.0036    0.0036    0.0036    0.0000    0.0000    0.0000
   26.0519    0.0036    0.0036    0.0036    0.0000    0.0000    0.0000
   26.0818    0.0036    0.0036    0.0036    0.0000    0.0000    0.0000
   26.1116    0.0035    0.0035    0.0035    0.0000    0.0000    0.0000
   26.1414    0.0035    0.0035    0.0035    0.0000    0.0000    0.0000
   26.1713    0.0035    0.0035    0.0035    0.0000    0.0000    0.0000
   26.2011    0.0035    0.0035    0.0035    0.0000    0.0000    0.0000
   26.2310    0.0034    0.0034    0.0034    0.0000    0.0000    0.0000
   26.2608    0.0034    0.0034    0.0034    0.0000    0.0000    0.0000
   26.2907    0.0034    0.0034    0.0034    0.0000    0.0000    0.0000
   26.3205    0.0034    0.0034    0.0034    0.0000    0.0000    0.0000
   26.3503    0.0034    0.0034    0.0034    0.0000    0.0000    0.0000
   26.3802    0.0033    0.0033    0.0033    0.0000    0.0000    0.0000
   26.4100    0.0033    0.0033    0.0033    0.0000    0.0000    0.0000
   26.4399    0.0033    0.0033    0.0033    0.0000    0.0000    0.0000
   26.4697    0.0033    0.0033    0.0033    0.0000    0.0000    0.0000
   26.4995    0.0033    0.0033    0.0033    0.0000    0.0000    0.0000
   26.5294    0.0032    0.0032    0.0032    0.0000    0.0000    0.0000
   26.5592    0.0032    0.0032    0.0032    0.0000    0.0000    0.0000
   26.5891    0.0032    0.0032    0.0032    0.0000    0.0000    0.0000
   26.6189    0.0032    0.0032    0.0032    0.0000    0.0000    0.0000
   26.6488    0.0032    0.0032    0.0032    0.0000    0.0000    0.0000
   26.6786    0.0031    0.0031    0.0031    0.0000    0.0000    0.0000
   26.7084    0.0031    0.0031    0.0031    0.0000    0.0000    0.0000
   26.7383    0.0031    0.0031    0.0031    0.0000    0.0000    0.0000
   26.7681    0.0031    0.0031    0.0031    0.0000    0.0000    0.0000
   26.7980    0.0031    0.0031    0.0031    0.0000    0.0000    0.0000
   26.8278    0.0031    0.0031    0.0031    0.0000    0.0000    0.0000
   26.8576    0.0031    0.0031    0.0031    0.0000    0.0000    0.0000
   26.8875    0.0030    0.0030    0.0030    0.0000    0.0000    0.0000
   26.9173    0.0030    0.0030    0.0030    0.0000    0.0000    0.0000
   26.9472    0.0030    0.0030    0.0030    0.0000    0.0000    0.0000
   26.9770    0.0030    0.0030    0.0030    0.0000    0.0000    0.0000
   27.0069    0.0030    0.0030    0.0030    0.0000    0.0000    0.0000
   27.0367    0.0030    0.0030    0.0030    0.0000    0.0000    0.0000
   27.0665    0.0029    0.0029    0.0029    0.0000    0.0000    0.0000
   27.0964    0.0029    0.0029    0.0029    0.0000    0.0000    0.0000
   27.1262    0.0029    0.0029    0.0029    0.0000    0.0000    0.0000
   27.1561    0.0029    0.0029    0.0029    0.0000    0.0000    0.0000
   27.1859    0.0029    0.0029    0.0029    0.0000    0.0000    0.0000
   27.2158    0.0029    0.0029    0.0029    0.0000    0.0000    0.0000
   27.2456    0.0029    0.0029    0.0029    0.0000    0.0000    0.0000
   27.2754    0.0028    0.0028    0.0028    0.0000    0.0000    0.0000
   27.3053    0.0028    0.0028    0.0028    0.0000    0.0000    0.0000
   27.3351    0.0028    0.0028    0.0028    0.0000    0.0000    0.0000
   27.3650    0.0028    0.0028    0.0028    0.0000    0.0000    0.0000
   27.3948    0.0028    0.0028    0.0028    0.0000    0.0000    0.0000
   27.4246    0.0028    0.0028    0.0028    0.0000    0.0000    0.0000
   27.4545    0.0028    0.0028    0.0028    0.0000    0.0000    0.0000
   27.4843    0.0028    0.0028    0.0028    0.0000    0.0000    0.0000
   27.5142    0.0027    0.0027    0.0027    0.0000    0.0000    0.0000
   27.5440    0.0027    0.0027    0.0027    0.0000    0.0000    0.0000
   27.5739    0.0027    0.0027    0.0027    0.0000    0.0000    0.0000
   27.6037    0.0027    0.0027    0.0027    0.0000    0.0000    0.0000
   27.6335    0.0027    0.0027    0.0027    0.0000    0.0000    0.0000
   27.6634    0.0027    0.0027    0.0027    0.0000    0.0000    0.0000
   27.6932    0.0027    0.0027    0.0027    0.0000    0.0000    0.0000
   27.7231    0.0027    0.0027    0.0027    0.0000    0.0000    0.0000
   27.7529    0.0026    0.0026    0.0026    0.0000    0.0000    0.0000
   27.7827    0.0026    0.0026    0.0026    0.0000    0.0000    0.0000
   27.8126    0.0026    0.0026    0.0026    0.0000    0.0000    0.0000
   27.8424    0.0026    0.0026    0.0026    0.0000    0.0000    0.0000
   27.8723    0.0026    0.0026    0.0026    0.0000    0.0000    0.0000
   27.9021    0.0026    0.0026    0.0026    0.0000    0.0000    0.0000
   27.9320    0.0026    0.0026    0.0026    0.0000    0.0000    0.0000
   27.9618    0.0026    0.0026    0.0026    0.0000    0.0000    0.0000
   27.9916    0.0025    0.0025    0.0025    0.0000    0.0000    0.0000
   28.0215    0.0025    0.0025    0.0025    0.0000    0.0000    0.0000
   28.0513    0.0025    0.0025    0.0025    0.0000    0.0000    0.0000
   28.0812    0.0025    0.0025    0.0025    0.0000    0.0000    0.0000
   28.1110    0.0025    0.0025    0.0025    0.0000    0.0000    0.0000
   28.1408    0.0025    0.0025    0.0025    0.0000    0.0000    0.0000
   28.1707    0.0025    0.0025    0.0025    0.0000    0.0000    0.0000
   28.2005    0.0025    0.0025    0.0025    0.0000    0.0000    0.0000
   28.2304    0.0025    0.0025    0.0025    0.0000    0.0000    0.0000
   28.2602    0.0025    0.0025    0.0025    0.0000    0.0000    0.0000
   28.2901    0.0024    0.0024    0.0024    0.0000    0.0000    0.0000
   28.3199    0.0024    0.0024    0.0024    0.0000    0.0000    0.0000
   28.3497    0.0024    0.0024    0.0024    0.0000    0.0000    0.0000
   28.3796    0.0024    0.0024    0.0024    0.0000    0.0000    0.0000
   28.4094    0.0024    0.0024    0.0024    0.0000    0.0000    0.0000
   28.4393    0.0024    0.0024    0.0024    0.0000    0.0000    0.0000
   28.4691    0.0024    0.0024    0.0024    0.0000    0.0000    0.0000
   28.4990    0.0024    0.0024    0.0024    0.0000    0.0000    0.0000
   28.5288    0.0024    0.0024    0.0024    0.0000    0.0000    0.0000
   28.5586    0.0024    0.0024    0.0024    0.0000    0.0000    0.0000
   28.5885    0.0023    0.0023    0.0023    0.0000    0.0000    0.0000
   28.6183    0.0023    0.0023    0.0023    0.0000    0.0000    0.0000
   28.6482    0.0023    0.0023    0.0023    0.0000    0.0000    0.0000
   28.6780    0.0023    0.0023    0.0023    0.0000    0.0000    0.0000
   28.7078    0.0023    0.0023    0.0023    0.0000    0.0000    0.0000
   28.7377    0.0023    0.0023    0.0023    0.0000    0.0000    0.0000
   28.7675    0.0023    0.0023    0.0023    0.0000    0.0000    0.0000
   28.7974    0.0023    0.0023    0.0023    0.0000    0.0000    0.0000
   28.8272    0.0023    0.0023    0.0023    0.0000    0.0000    0.0000
   28.8571    0.0023    0.0023    0.0023    0.0000    0.0000    0.0000
   28.8869    0.0023    0.0023    0.0023    0.0000    0.0000    0.0000
   28.9167    0.0022    0.0022    0.0022    0.0000    0.0000    0.0000
   28.9466    0.0022    0.0022    0.0022    0.0000    0.0000    0.0000
   28.9764    0.0022    0.0022    0.0022    0.0000    0.0000    0.0000
   29.0063    0.0022    0.0022    0.0022    0.0000    0.0000    0.0000
   29.0361    0.0022    0.0022    0.0022    0.0000    0.0000    0.0000
   29.0659    0.0022    0.0022    0.0022    0.0000    0.0000    0.0000
   29.0958    0.0022    0.0022    0.0022    0.0000    0.0000    0.0000
   29.1256    0.0022    0.0022    0.0022    0.0000    0.0000    0.0000
   29.1555    0.0022    0.0022    0.0022    0.0000    0.0000    0.0000
   29.1853    0.0022    0.0022    0.0022    0.0000    0.0000    0.0000
   29.2152    0.0022    0.0022    0.0022    0.0000    0.0000    0.0000
   29.2450    0.0022    0.0022    0.0022    0.0000    0.0000    0.0000
   29.2748    0.0021    0.0021    0.0021    0.0000    0.0000    0.0000
   29.3047    0.0021    0.0021    0.0021    0.0000    0.0000    0.0000
   29.3345    0.0021    0.0021    0.0021    0.0000    0.0000    0.0000
   29.3644    0.0021    0.0021    0.0021    0.0000    0.0000    0.0000
   29.3942    0.0021    0.0021    0.0021    0.0000    0.0000    0.0000
   29.4240    0.0021    0.0021    0.0021    0.0000    0.0000    0.0000
   29.4539    0.0021    0.0021    0.0021    0.0000    0.0000    0.0000
   29.4837    0.0021    0.0021    0.0021    0.0000    0.0000    0.0000
   29.5136    0.0021    0.0021    0.0021    0.0000    0.0000    0.0000
   29.5434    0.0021    0.0021    0.0021    0.0000    0.0000    0.0000
   29.5733    0.0021    0.0021    0.0021    0.0000    0.0000    0.0000
   29.6031    0.0021    0.0021    0.0021    0.0000    0.0000    0.0000
   29.6329    0.0020    0.0020    0.0020    0.0000    0.0000    0.0000
   29.6628    0.0020    0.0020    0.0020    0.0000    0.0000    0.0000
   29.6926    0.0020    0.0020    0.0020    0.0000    0.0000    0.0000
   29.7225    0.0020    0.0020    0.0020    0.0000    0.0000    0.0000
   29.7523    0.0020    0.0020    0.0020    0.0000    0.0000    0.0000
   29.7821    0.0020    0.0020    0.0020    0.0000    0.0000    0.0000
   29.8120    0.0020    0.0020    0.0020    0.0000    0.0000    0.0000
