 #Energy       XX              YY             ZZ              XY              YZ              XZ       
 #Energy       XX              YY             ZZ              XY              YZ              XZ       
  0.0000  0.37082610E+01  0.37082610E+01  0.37082610E+01  0.00000000E+00  0.00000000E+00  0.00000000E+00
  0.0298  0.37152124E+01  0.37152124E+01  0.37152124E+01  0.00000000E+00  0.00000000E+00  0.00000000E+00
  0.0597  0.37349139E+01  0.37349139E+01  0.37349139E+01  0.00000000E+00  0.00000000E+00  0.00000000E+00
  0.0895  0.37642147E+01  0.37642147E+01  0.37642147E+01  0.00000000E+00  0.00000000E+00  0.00000000E+00
  0.1194  0.37988293E+01  0.37988293E+01  0.37988293E+01  0.00000000E+00  0.00000000E+00  0.00000000E+00
  0.1492  0.38344517E+01  0.38344517E+01  0.38344517E+01  0.00000000E+00  0.00000000E+00  0.00000000E+00
  0.1791  0.38675281E+01  0.38675281E+01  0.38675281E+01  0.00000000E+00  0.00000000E+00  0.00000000E+00
  0.2089  0.38957593E+01  0.38957593E+01  0.38957593E+01  0.00000000E+00  0.00000000E+00  0.00000000E+00
  0.2387  0.39181625E+01  0.39181625E+01  0.39181625E+01  0.00000000E+00  0.00000000E+00  0.00000000E+00
  0.2686  0.39349751E+01  0.39349751E+01  0.39349751E+01  0.00000000E+00  0.00000000E+00  0.00000000E+00
  0.2984  0.39471787E+01  0.39471787E+01  0.39471787E+01  0.00000000E+00  0.00000000E+00  0.00000000E+00
  0.3283  0.39561646E+01  0.39561646E+01  0.39561646E+01  0.00000000E+00  0.00000000E+00  0.00000000E+00
  0.3581  0.39633462E+01  0.39633462E+01  0.39633462E+01  0.00000000E+00  0.00000000E+00  0.00000000E+00
  0.3879  0.39698573E+01  0.39698573E+01  0.39698573E+01  0.00000000E+00  0.00000000E+00  0.00000000E+00
  0.4178  0.39764788E+01  0.39764788E+01  0.39764788E+01  0.00000000E+00  0.00000000E+00  0.00000000E+00
  0.4476  0.39835944E+01  0.39835944E+01  0.39835944E+01  0.00000000E+00  0.00000000E+00  0.00000000E+00
  0.4775  0.39913279E+01  0.39913279E+01  0.39913279E+01  0.00000000E+00  0.00000000E+00  0.00000000E+00
  0.5073  0.39996804E+01  0.39996804E+01  0.39996804E+01  0.00000000E+00  0.00000000E+00  0.00000000E+00
  0.5372  0.40086789E+01  0.40086789E+01  0.40086789E+01  0.00000000E+00  0.00000000E+00  0.00000000E+00
  0.5670  0.40184904E+01  0.40184904E+01  0.40184904E+01  0.00000000E+00  0.00000000E+00  0.00000000E+00
  0.5968  0.40293365E+01  0.40293365E+01  0.40293365E+01  0.00000000E+00  0.00000000E+00  0.00000000E+00
  0.6267  0.40413914E+01  0.40413914E+01  0.40413914E+01  0.00000000E+00  0.00000000E+00  0.00000000E+00
  0.6565  0.40545541E+01  0.40545541E+01  0.40545541E+01  0.00000000E+00  0.00000000E+00  0.00000000E+00
  0.6864  0.40681894E+01  0.40681894E+01  0.40681894E+01  0.00000000E+00  0.00000000E+00  0.00000000E+00
  0.7162  0.40809761E+01  0.40809761E+01  0.40809761E+01  0.00000000E+00  0.00000000E+00  0.00000000E+00
  0.7460  0.40909149E+01  0.40909149E+01  0.40909149E+01  0.00000000E+00  0.00000000E+00  0.00000000E+00
  0.7759  0.40955240E+01  0.40955240E+01  0.40955240E+01  0.00000000E+00  0.00000000E+00  0.00000000E+00
  0.8057  0.40922466E+01  0.40922466E+01  0.40922466E+01  0.00000000E+00  0.00000000E+00  0.00000000E+00
  0.8356  0.40790040E+01  0.40790040E+01  0.40790040E+01  0.00000000E+00  0.00000000E+00  0.00000000E+00
  0.8654  0.40547222E+01  0.40547222E+01  0.40547222E+01  0.00000000E+00  0.00000000E+00  0.00000000E+00
  0.8953  0.40197745E+01  0.40197745E+01  0.40197745E+01  0.00000000E+00  0.00000000E+00  0.00000000E+00
  0.9251  0.39762113E+01  0.39762113E+01  0.39762113E+01  0.00000000E+00  0.00000000E+00  0.00000000E+00
  0.9549  0.39277487E+01  0.39277487E+01  0.39277487E+01  0.00000000E+00  0.00000000E+00  0.00000000E+00
  0.9848  0.38793294E+01  0.38793294E+01  0.38793294E+01  0.00000000E+00  0.00000000E+00  0.00000000E+00
  1.0146  0.38364942E+01  0.38364942E+01  0.38364942E+01  0.00000000E+00  0.00000000E+00  0.00000000E+00
  1.0445  0.38043728E+01  0.38043728E+01  0.38043728E+01  0.00000000E+00  0.00000000E+00  0.00000000E+00
  1.0743  0.37867016E+01  0.37867016E+01  0.37867016E+01  0.00000000E+00  0.00000000E+00  0.00000000E+00
  1.1041  0.37851748E+01  0.37851748E+01  0.37851748E+01  0.00000000E+00  0.00000000E+00  0.00000000E+00
  1.1340  0.37992116E+01  0.37992116E+01  0.37992116E+01  0.00000000E+00  0.00000000E+00  0.00000000E+00
  1.1638  0.38264782E+01  0.38264782E+01  0.38264782E+01  0.00000000E+00  0.00000000E+00  0.00000000E+00
  1.1937  0.38636651E+01  0.38636651E+01  0.38636651E+01  0.00000000E+00  0.00000000E+00  0.00000000E+00
  1.2235  0.39074613E+01  0.39074613E+01  0.39074613E+01  0.00000000E+00  0.00000000E+00  0.00000000E+00
  1.2534  0.39551261E+01  0.39551261E+01  0.39551261E+01  0.00000000E+00  0.00000000E+00  0.00000000E+00
  1.2832  0.40048831E+01  0.40048831E+01  0.40048831E+01  0.00000000E+00  0.00000000E+00  0.00000000E+00
  1.3130  0.40559139E+01  0.40559139E+01  0.40559139E+01  0.00000000E+00  0.00000000E+00  0.00000000E+00
  1.3429  0.41081426E+01  0.41081426E+01  0.41081426E+01  0.00000000E+00  0.00000000E+00  0.00000000E+00
  1.3727  0.41619806E+01  0.41619806E+01  0.41619806E+01  0.00000000E+00  0.00000000E+00  0.00000000E+00
  1.4026  0.42179059E+01  0.42179059E+01  0.42179059E+01  0.00000000E+00  0.00000000E+00  0.00000000E+00
  1.4324  0.42761161E+01  0.42761161E+01  0.42761161E+01  0.00000000E+00  0.00000000E+00  0.00000000E+00
  1.4622  0.43362233E+01  0.43362233E+01  0.43362233E+01  0.00000000E+00  0.00000000E+00  0.00000000E+00
  1.4921  0.43970407E+01  0.43970407E+01  0.43970407E+01  0.00000000E+00  0.00000000E+00  0.00000000E+00
  1.5219  0.44565177E+01  0.44565177E+01  0.44565177E+01  0.00000000E+00  0.00000000E+00  0.00000000E+00
  1.5518  0.45118935E+01  0.45118935E+01  0.45118935E+01  0.00000000E+00  0.00000000E+00  0.00000000E+00
  1.5816  0.45599937E+01  0.45599937E+01  0.45599937E+01  0.00000000E+00  0.00000000E+00  0.00000000E+00
  1.6115  0.45977278E+01  0.45977278E+01  0.45977278E+01  0.00000000E+00  0.00000000E+00  0.00000000E+00
  1.6413  0.46226057E+01  0.46226057E+01  0.46226057E+01  0.00000000E+00  0.00000000E+00  0.00000000E+00
  1.6711  0.46332644E+01  0.46332644E+01  0.46332644E+01  0.00000000E+00  0.00000000E+00  0.00000000E+00
  1.7010  0.46297825E+01  0.46297825E+01  0.46297825E+01  0.00000000E+00  0.00000000E+00  0.00000000E+00
  1.7308  0.46138691E+01  0.46138691E+01  0.46138691E+01  0.00000000E+00  0.00000000E+00  0.00000000E+00
  1.7607  0.45887086E+01  0.45887086E+01  0.45887086E+01  0.00000000E+00  0.00000000E+00  0.00000000E+00
  1.7905  0.45584063E+01  0.45584063E+01  0.45584063E+01  0.00000000E+00  0.00000000E+00  0.00000000E+00
  1.8204  0.45272958E+01  0.45272958E+01  0.45272958E+01  0.00000000E+00  0.00000000E+00  0.00000000E+00
  1.8502  0.44990500E+01  0.44990500E+01  0.44990500E+01  0.00000000E+00  0.00000000E+00  0.00000000E+00
  1.8800  0.44759314E+01  0.44759314E+01  0.44759314E+01  0.00000000E+00  0.00000000E+00  0.00000000E+00
  1.9099  0.44585174E+01  0.44585174E+01  0.44585174E+01  0.00000000E+00  0.00000000E+00  0.00000000E+00
  1.9397  0.44457945E+01  0.44457945E+01  0.44457945E+01  0.00000000E+00  0.00000000E+00  0.00000000E+00
  1.9696  0.44358547E+01  0.44358547E+01  0.44358547E+01  0.00000000E+00  0.00000000E+00  0.00000000E+00
  1.9994  0.44266663E+01  0.44266663E+01  0.44266663E+01  0.00000000E+00  0.00000000E+00  0.00000000E+00
  2.0292  0.44168639E+01  0.44168639E+01  0.44168639E+01  0.00000000E+00  0.00000000E+00  0.00000000E+00
  2.0591  0.44060644E+01  0.44060644E+01  0.44060644E+01  0.00000000E+00  0.00000000E+00  0.00000000E+00
  2.0889  0.43948859E+01  0.43948859E+01  0.43948859E+01  0.00000000E+00  0.00000000E+00  0.00000000E+00
  2.1188  0.43845147E+01  0.43845147E+01  0.43845147E+01  0.00000000E+00  0.00000000E+00  0.00000000E+00
  2.1486  0.43759933E+01  0.43759933E+01  0.43759933E+01  0.00000000E+00  0.00000000E+00  0.00000000E+00
  2.1785  0.43696282E+01  0.43696282E+01  0.43696282E+01  0.00000000E+00  0.00000000E+00  0.00000000E+00
  2.2083  0.43644980E+01  0.43644980E+01  0.43644980E+01  0.00000000E+00  0.00000000E+00  0.00000000E+00
  2.2381  0.43584117E+01  0.43584117E+01  0.43584117E+01  0.00000000E+00  0.00000000E+00  0.00000000E+00
  2.2680  0.43482356E+01  0.43482356E+01  0.43482356E+01  0.00000000E+00  0.00000000E+00  0.00000000E+00
  2.2978  0.43305667E+01  0.43305667E+01  0.43305667E+01  0.00000000E+00  0.00000000E+00  0.00000000E+00
  2.3277  0.43024791E+01  0.43024791E+01  0.43024791E+01  0.00000000E+00  0.00000000E+00  0.00000000E+00
  2.3575  0.42622169E+01  0.42622169E+01  0.42622169E+01  0.00000000E+00  0.00000000E+00  0.00000000E+00
  2.3873  0.42096800E+01  0.42096800E+01  0.42096800E+01  0.00000000E+00  0.00000000E+00  0.00000000E+00
  2.4172  0.41465467E+01  0.41465467E+01  0.41465467E+01  0.00000000E+00  0.00000000E+00  0.00000000E+00
  2.4470  0.40760473E+01  0.40760473E+01  0.40760473E+01  0.00000000E+00  0.00000000E+00  0.00000000E+00
  2.4769  0.40023862E+01  0.40023862E+01  0.40023862E+01  0.00000000E+00  0.00000000E+00  0.00000000E+00
  2.5067  0.39300163E+01  0.39300163E+01  0.39300163E+01  0.00000000E+00  0.00000000E+00  0.00000000E+00
  2.5366  0.38627297E+01  0.38627297E+01  0.38627297E+01  0.00000000E+00  0.00000000E+00  0.00000000E+00
  2.5664  0.38029156E+01  0.38029156E+01  0.38029156E+01  0.00000000E+00  0.00000000E+00  0.00000000E+00
  2.5962  0.37512212E+01  0.37512212E+01  0.37512212E+01  0.00000000E+00  0.00000000E+00  0.00000000E+00
  2.6261  0.37066295E+01  0.37066295E+01  0.37066295E+01  0.00000000E+00  0.00000000E+00  0.00000000E+00
  2.6559  0.36670823E+01  0.36670823E+01  0.36670823E+01  0.00000000E+00  0.00000000E+00  0.00000000E+00
  2.6858  0.36302171E+01  0.36302171E+01  0.36302171E+01  0.00000000E+00  0.00000000E+00  0.00000000E+00
  2.7156  0.35942391E+01  0.35942391E+01  0.35942391E+01  0.00000000E+00  0.00000000E+00  0.00000000E+00
  2.7454  0.35583737E+01  0.35583737E+01  0.35583737E+01  0.00000000E+00  0.00000000E+00  0.00000000E+00
  2.7753  0.35230750E+01  0.35230750E+01  0.35230750E+01  0.00000000E+00  0.00000000E+00  0.00000000E+00
  2.8051  0.34898037E+01  0.34898037E+01  0.34898037E+01  0.00000000E+00  0.00000000E+00  0.00000000E+00
  2.8350  0.34606749E+01  0.34606749E+01  0.34606749E+01  0.00000000E+00  0.00000000E+00  0.00000000E+00
  2.8648  0.34378913E+01  0.34378913E+01  0.34378913E+01  0.00000000E+00  0.00000000E+00  0.00000000E+00
  2.8947  0.34232981E+01  0.34232981E+01  0.34232981E+01  0.00000000E+00  0.00000000E+00  0.00000000E+00
  2.9245  0.34181451E+01  0.34181451E+01  0.34181451E+01  0.00000000E+00  0.00000000E+00  0.00000000E+00
  2.9543  0.34230380E+01  0.34230380E+01  0.34230380E+01  0.00000000E+00  0.00000000E+00  0.00000000E+00
  2.9842  0.34380243E+01  0.34380243E+01  0.34380243E+01  0.00000000E+00  0.00000000E+00  0.00000000E+00
  3.0140  0.34627941E+01  0.34627941E+01  0.34627941E+01  0.00000000E+00  0.00000000E+00  0.00000000E+00
  3.0439  0.34967964E+01  0.34967964E+01  0.34967964E+01  0.00000000E+00  0.00000000E+00  0.00000000E+00
  3.0737  0.35391360E+01  0.35391360E+01  0.35391360E+01  0.00000000E+00  0.00000000E+00  0.00000000E+00
  3.1036  0.35884708E+01  0.35884708E+01  0.35884708E+01  0.00000000E+00  0.00000000E+00  0.00000000E+00
  3.1334  0.36428762E+01  0.36428762E+01  0.36428762E+01  0.00000000E+00  0.00000000E+00  0.00000000E+00
  3.1632  0.36999657E+01  0.36999657E+01  0.36999657E+01  0.00000000E+00  0.00000000E+00  0.00000000E+00
  3.1931  0.37571524E+01  0.37571524E+01  0.37571524E+01  0.00000000E+00  0.00000000E+00  0.00000000E+00
  3.2229  0.38120366E+01  0.38120366E+01  0.38120366E+01  0.00000000E+00  0.00000000E+00  0.00000000E+00
  3.2528  0.38628256E+01  0.38628256E+01  0.38628256E+01  0.00000000E+00  0.00000000E+00  0.00000000E+00
  3.2826  0.39085283E+01  0.39085283E+01  0.39085283E+01  0.00000000E+00  0.00000000E+00  0.00000000E+00
  3.3124  0.39490085E+01  0.39490085E+01  0.39490085E+01  0.00000000E+00  0.00000000E+00  0.00000000E+00
  3.3423  0.39847697E+01  0.39847697E+01  0.39847697E+01  0.00000000E+00  0.00000000E+00  0.00000000E+00
  3.3721  0.40166009E+01  0.40166009E+01  0.40166009E+01  0.00000000E+00  0.00000000E+00  0.00000000E+00
  3.4020  0.40452440E+01  0.40452440E+01  0.40452440E+01  0.00000000E+00  0.00000000E+00  0.00000000E+00
  3.4318  0.40711013E+01  0.40711013E+01  0.40711013E+01  0.00000000E+00  0.00000000E+00  0.00000000E+00
  3.4617  0.40941744E+01  0.40941744E+01  0.40941744E+01  0.00000000E+00  0.00000000E+00  0.00000000E+00
  3.4915  0.41142064E+01  0.41142064E+01  0.41142064E+01  0.00000000E+00  0.00000000E+00  0.00000000E+00
  3.5213  0.41308653E+01  0.41308653E+01  0.41308653E+01  0.00000000E+00  0.00000000E+00  0.00000000E+00
  3.5512  0.41440824E+01  0.41440824E+01  0.41440824E+01  0.00000000E+00  0.00000000E+00  0.00000000E+00
  3.5810  0.41541874E+01  0.41541874E+01  0.41541874E+01  0.00000000E+00  0.00000000E+00  0.00000000E+00
  3.6109  0.41620081E+01  0.41620081E+01  0.41620081E+01  0.00000000E+00  0.00000000E+00  0.00000000E+00
  3.6407  0.41686999E+01  0.41686999E+01  0.41686999E+01  0.00000000E+00  0.00000000E+00  0.00000000E+00
  3.6705  0.41756267E+01  0.41756267E+01  0.41756267E+01  0.00000000E+00  0.00000000E+00  0.00000000E+00
  3.7004  0.41840787E+01  0.41840787E+01  0.41840787E+01  0.00000000E+00  0.00000000E+00  0.00000000E+00
  3.7302  0.41951438E+01  0.41951438E+01  0.41951438E+01  0.00000000E+00  0.00000000E+00  0.00000000E+00
  3.7601  0.42094823E+01  0.42094823E+01  0.42094823E+01  0.00000000E+00  0.00000000E+00  0.00000000E+00
  3.7899  0.42273052E+01  0.42273052E+01  0.42273052E+01  0.00000000E+00  0.00000000E+00  0.00000000E+00
  3.8198  0.42481240E+01  0.42481240E+01  0.42481240E+01  0.00000000E+00  0.00000000E+00  0.00000000E+00
  3.8496  0.42706470E+01  0.42706470E+01  0.42706470E+01  0.00000000E+00  0.00000000E+00  0.00000000E+00
  3.8794  0.42925990E+01  0.42925990E+01  0.42925990E+01  0.00000000E+00  0.00000000E+00  0.00000000E+00
  3.9093  0.43107033E+01  0.43107033E+01  0.43107033E+01  0.00000000E+00  0.00000000E+00  0.00000000E+00
  3.9391  0.43209555E+01  0.43209555E+01  0.43209555E+01  0.00000000E+00  0.00000000E+00  0.00000000E+00
  3.9690  0.43191467E+01  0.43191467E+01  0.43191467E+01  0.00000000E+00  0.00000000E+00  0.00000000E+00
  3.9988  0.43015725E+01  0.43015725E+01  0.43015725E+01  0.00000000E+00  0.00000000E+00  0.00000000E+00
  4.0286  0.42657942E+01  0.42657942E+01  0.42657942E+01  0.00000000E+00  0.00000000E+00  0.00000000E+00
  4.0585  0.42112309E+01  0.42112309E+01  0.42112309E+01  0.00000000E+00  0.00000000E+00  0.00000000E+00
  4.0883  0.41393637E+01  0.41393637E+01  0.41393637E+01  0.00000000E+00  0.00000000E+00  0.00000000E+00
  4.1182  0.40535032E+01  0.40535032E+01  0.40535032E+01  0.00000000E+00  0.00000000E+00  0.00000000E+00
  4.1480  0.39580707E+01  0.39580707E+01  0.39580707E+01  0.00000000E+00  0.00000000E+00  0.00000000E+00
  4.1779  0.38575218E+01  0.38575218E+01  0.38575218E+01  0.00000000E+00  0.00000000E+00  0.00000000E+00
  4.2077  0.37551964E+01  0.37551964E+01  0.37551964E+01  0.00000000E+00  0.00000000E+00  0.00000000E+00
  4.2375  0.36523843E+01  0.36523843E+01  0.36523843E+01  0.00000000E+00  0.00000000E+00  0.00000000E+00
  4.2674  0.35480434E+01  0.35480434E+01  0.35480434E+01  0.00000000E+00  0.00000000E+00  0.00000000E+00
  4.2972  0.34391799E+01  0.34391799E+01  0.34391799E+01  0.00000000E+00  0.00000000E+00  0.00000000E+00
  4.3271  0.33220318E+01  0.33220318E+01  0.33220318E+01  0.00000000E+00  0.00000000E+00  0.00000000E+00
  4.3569  0.31933530E+01  0.31933530E+01  0.31933530E+01  0.00000000E+00  0.00000000E+00  0.00000000E+00
  4.3867  0.30516714E+01  0.30516714E+01  0.30516714E+01  0.00000000E+00  0.00000000E+00  0.00000000E+00
  4.4166  0.28979128E+01  0.28979128E+01  0.28979128E+01  0.00000000E+00  0.00000000E+00  0.00000000E+00
  4.4464  0.27355194E+01  0.27355194E+01  0.27355194E+01  0.00000000E+00  0.00000000E+00  0.00000000E+00
  4.4763  0.25698862E+01  0.25698862E+01  0.25698862E+01  0.00000000E+00  0.00000000E+00  0.00000000E+00
  4.5061  0.24075460E+01  0.24075460E+01  0.24075460E+01  0.00000000E+00  0.00000000E+00  0.00000000E+00
  4.5360  0.22551456E+01  0.22551456E+01  0.22551456E+01  0.00000000E+00  0.00000000E+00  0.00000000E+00
  4.5658  0.21184962E+01  0.21184962E+01  0.21184962E+01  0.00000000E+00  0.00000000E+00  0.00000000E+00
  4.5956  0.20018379E+01  0.20018379E+01  0.20018379E+01  0.00000000E+00  0.00000000E+00  0.00000000E+00
  4.6255  0.19074207E+01  0.19074207E+01  0.19074207E+01  0.00000000E+00  0.00000000E+00  0.00000000E+00
  4.6553  0.18355657E+01  0.18355657E+01  0.18355657E+01  0.00000000E+00  0.00000000E+00  0.00000000E+00
  4.6852  0.17850846E+01  0.17850846E+01  0.17850846E+01  0.00000000E+00  0.00000000E+00  0.00000000E+00
  4.7150  0.17539808E+01  0.17539808E+01  0.17539808E+01  0.00000000E+00  0.00000000E+00  0.00000000E+00
  4.7449  0.17401382E+01  0.17401382E+01  0.17401382E+01  0.00000000E+00  0.00000000E+00  0.00000000E+00
  4.7747  0.17417970E+01  0.17417970E+01  0.17417970E+01  0.00000000E+00  0.00000000E+00  0.00000000E+00
  4.8045  0.17576032E+01  0.17576032E+01  0.17576032E+01  0.00000000E+00  0.00000000E+00  0.00000000E+00
  4.8344  0.17862033E+01  0.17862033E+01  0.17862033E+01  0.00000000E+00  0.00000000E+00  0.00000000E+00
  4.8642  0.18256500E+01  0.18256500E+01  0.18256500E+01  0.00000000E+00  0.00000000E+00  0.00000000E+00
  4.8941  0.18729490E+01  0.18729490E+01  0.18729490E+01  0.00000000E+00  0.00000000E+00  0.00000000E+00
  4.9239  0.19239962E+01  0.19239962E+01  0.19239962E+01  0.00000000E+00  0.00000000E+00  0.00000000E+00
  4.9537  0.19739416E+01  0.19739416E+01  0.19739416E+01  0.00000000E+00  0.00000000E+00  0.00000000E+00
  4.9836  0.20180284E+01  0.20180284E+01  0.20180284E+01  0.00000000E+00  0.00000000E+00  0.00000000E+00
  5.0134  0.20522405E+01  0.20522405E+01  0.20522405E+01  0.00000000E+00  0.00000000E+00  0.00000000E+00
  5.0433  0.20738580E+01  0.20738580E+01  0.20738580E+01  0.00000000E+00  0.00000000E+00  0.00000000E+00
  5.0731  0.20817034E+01  0.20817034E+01  0.20817034E+01  0.00000000E+00  0.00000000E+00  0.00000000E+00
  5.1030  0.20760542E+01  0.20760542E+01  0.20760542E+01  0.00000000E+00  0.00000000E+00  0.00000000E+00
  5.1328  0.20583644E+01  0.20583644E+01  0.20583644E+01  0.00000000E+00  0.00000000E+00  0.00000000E+00
  5.1626  0.20310241E+01  0.20310241E+01  0.20310241E+01  0.00000000E+00  0.00000000E+00  0.00000000E+00
  5.1925  0.19969769E+01  0.19969769E+01  0.19969769E+01  0.00000000E+00  0.00000000E+00  0.00000000E+00
  5.2223  0.19593814E+01  0.19593814E+01  0.19593814E+01  0.00000000E+00  0.00000000E+00  0.00000000E+00
  5.2522  0.19213023E+01  0.19213023E+01  0.19213023E+01  0.00000000E+00  0.00000000E+00  0.00000000E+00
  5.2820  0.18853773E+01  0.18853773E+01  0.18853773E+01  0.00000000E+00  0.00000000E+00  0.00000000E+00
  5.3118  0.18536236E+01  0.18536236E+01  0.18536236E+01  0.00000000E+00  0.00000000E+00  0.00000000E+00
  5.3417  0.18272488E+01  0.18272488E+01  0.18272488E+01  0.00000000E+00  0.00000000E+00  0.00000000E+00
  5.3715  0.18065563E+01  0.18065563E+01  0.18065563E+01  0.00000000E+00  0.00000000E+00  0.00000000E+00
  5.4014  0.17909348E+01  0.17909348E+01  0.17909348E+01  0.00000000E+00  0.00000000E+00  0.00000000E+00
  5.4312  0.17789999E+01  0.17789999E+01  0.17789999E+01  0.00000000E+00  0.00000000E+00  0.00000000E+00
  5.4611  0.17687826E+01  0.17687826E+01  0.17687826E+01  0.00000000E+00  0.00000000E+00  0.00000000E+00
  5.4909  0.17579456E+01  0.17579456E+01  0.17579456E+01  0.00000000E+00  0.00000000E+00  0.00000000E+00
  5.5207  0.17441788E+01  0.17441788E+01  0.17441788E+01  0.00000000E+00  0.00000000E+00  0.00000000E+00
  5.5506  0.17255004E+01  0.17255004E+01  0.17255004E+01  0.00000000E+00  0.00000000E+00  0.00000000E+00
  5.5804  0.17005222E+01  0.17005222E+01  0.17005222E+01  0.00000000E+00  0.00000000E+00  0.00000000E+00
  5.6103  0.16686947E+01  0.16686947E+01  0.16686947E+01  0.00000000E+00  0.00000000E+00  0.00000000E+00
  5.6401  0.16304981E+01  0.16304981E+01  0.16304981E+01  0.00000000E+00  0.00000000E+00  0.00000000E+00
  5.6699  0.15874428E+01  0.15874428E+01  0.15874428E+01  0.00000000E+00  0.00000000E+00  0.00000000E+00
  5.6998  0.15419876E+01  0.15419876E+01  0.15419876E+01  0.00000000E+00  0.00000000E+00  0.00000000E+00
  5.7296  0.14973399E+01  0.14973399E+01  0.14973399E+01  0.00000000E+00  0.00000000E+00  0.00000000E+00
  5.7595  0.14570418E+01  0.14570418E+01  0.14570418E+01  0.00000000E+00  0.00000000E+00  0.00000000E+00
  5.7893  0.14245381E+01  0.14245381E+01  0.14245381E+01  0.00000000E+00  0.00000000E+00  0.00000000E+00
  5.8192  0.14025758E+01  0.14025758E+01  0.14025758E+01  0.00000000E+00  0.00000000E+00  0.00000000E+00
  5.8490  0.13925738E+01  0.13925738E+01  0.13925738E+01  0.00000000E+00  0.00000000E+00  0.00000000E+00
  5.8788  0.13942490E+01  0.13942490E+01  0.13942490E+01  0.00000000E+00  0.00000000E+00  0.00000000E+00
  5.9087  0.14054803E+01  0.14054803E+01  0.14054803E+01  0.00000000E+00  0.00000000E+00  0.00000000E+00
  5.9385  0.14226064E+01  0.14226064E+01  0.14226064E+01  0.00000000E+00  0.00000000E+00  0.00000000E+00
  5.9684  0.14411176E+01  0.14411176E+01  0.14411176E+01  0.00000000E+00  0.00000000E+00  0.00000000E+00
  5.9982  0.14565044E+01  0.14565044E+01  0.14565044E+01  0.00000000E+00  0.00000000E+00  0.00000000E+00
  6.0281  0.14650416E+01  0.14650416E+01  0.14650416E+01  0.00000000E+00  0.00000000E+00  0.00000000E+00
  6.0579  0.14641182E+01  0.14641182E+01  0.14641182E+01  0.00000000E+00  0.00000000E+00  0.00000000E+00
  6.0877  0.14525086E+01  0.14525086E+01  0.14525086E+01  0.00000000E+00  0.00000000E+00  0.00000000E+00
  6.1176  0.14301114E+01  0.14301114E+01  0.14301114E+01  0.00000000E+00  0.00000000E+00  0.00000000E+00
  6.1474  0.13979059E+01  0.13979059E+01  0.13979059E+01  0.00000000E+00  0.00000000E+00  0.00000000E+00
  6.1773  0.13575428E+01  0.13575428E+01  0.13575428E+01  0.00000000E+00  0.00000000E+00  0.00000000E+00
  6.2071  0.13112577E+01  0.13112577E+01  0.13112577E+01  0.00000000E+00  0.00000000E+00  0.00000000E+00
  6.2369  0.12614773E+01  0.12614773E+01  0.12614773E+01  0.00000000E+00  0.00000000E+00  0.00000000E+00
  6.2668  0.12106777E+01  0.12106777E+01  0.12106777E+01  0.00000000E+00  0.00000000E+00  0.00000000E+00
  6.2966  0.11611912E+01  0.11611912E+01  0.11611912E+01  0.00000000E+00  0.00000000E+00  0.00000000E+00
  6.3265  0.11149985E+01  0.11149985E+01  0.11149985E+01  0.00000000E+00  0.00000000E+00  0.00000000E+00
  6.3563  0.10735839E+01  0.10735839E+01  0.10735839E+01  0.00000000E+00  0.00000000E+00  0.00000000E+00
  6.3862  0.10379493E+01  0.10379493E+01  0.10379493E+01  0.00000000E+00  0.00000000E+00  0.00000000E+00
  6.4160  0.10085885E+01  0.10085885E+01  0.10085885E+01  0.00000000E+00  0.00000000E+00  0.00000000E+00
  6.4458  0.98559701E+00  0.98559701E+00  0.98559701E+00  0.00000000E+00  0.00000000E+00  0.00000000E+00
  6.4757  0.96867012E+00  0.96867012E+00  0.96867012E+00  0.00000000E+00  0.00000000E+00  0.00000000E+00
  6.5055  0.95733543E+00  0.95733543E+00  0.95733543E+00  0.00000000E+00  0.00000000E+00  0.00000000E+00
  6.5354  0.95084991E+00  0.95084991E+00  0.95084991E+00  0.00000000E+00  0.00000000E+00  0.00000000E+00
  6.5652  0.94828471E+00  0.94828471E+00  0.94828471E+00  0.00000000E+00  0.00000000E+00  0.00000000E+00
  6.5950  0.94852524E+00  0.94852524E+00  0.94852524E+00  0.00000000E+00  0.00000000E+00  0.00000000E+00
  6.6249  0.95016908E+00  0.95016908E+00  0.95016908E+00  0.00000000E+00  0.00000000E+00  0.00000000E+00
  6.6547  0.95171590E+00  0.95171590E+00  0.95171590E+00  0.00000000E+00  0.00000000E+00  0.00000000E+00
  6.6846  0.95156751E+00  0.95156751E+00  0.95156751E+00  0.00000000E+00  0.00000000E+00  0.00000000E+00
  6.7144  0.94820911E+00  0.94820911E+00  0.94820911E+00  0.00000000E+00  0.00000000E+00  0.00000000E+00
  6.7443  0.94044039E+00  0.94044039E+00  0.94044039E+00  0.00000000E+00  0.00000000E+00  0.00000000E+00
  6.7741  0.92758222E+00  0.92758222E+00  0.92758222E+00  0.00000000E+00  0.00000000E+00  0.00000000E+00
  6.8039  0.90948306E+00  0.90948306E+00  0.90948306E+00  0.00000000E+00  0.00000000E+00  0.00000000E+00
  6.8338  0.88671301E+00  0.88671301E+00  0.88671301E+00  0.00000000E+00  0.00000000E+00  0.00000000E+00
  6.8636  0.86048301E+00  0.86048301E+00  0.86048301E+00  0.00000000E+00  0.00000000E+00  0.00000000E+00
  6.8935  0.83249261E+00  0.83249261E+00  0.83249261E+00  0.00000000E+00  0.00000000E+00  0.00000000E+00
  6.9233  0.80472678E+00  0.80472678E+00  0.80472678E+00  0.00000000E+00  0.00000000E+00  0.00000000E+00
  6.9531  0.77931489E+00  0.77931489E+00  0.77931489E+00  0.00000000E+00  0.00000000E+00  0.00000000E+00
  6.9830  0.75818023E+00  0.75818023E+00  0.75818023E+00  0.00000000E+00  0.00000000E+00  0.00000000E+00
  7.0128  0.74282782E+00  0.74282782E+00  0.74282782E+00  0.00000000E+00  0.00000000E+00  0.00000000E+00
  7.0427  0.73410400E+00  0.73410400E+00  0.73410400E+00  0.00000000E+00  0.00000000E+00  0.00000000E+00
  7.0725  0.73216818E+00  0.73216818E+00  0.73216818E+00  0.00000000E+00  0.00000000E+00  0.00000000E+00
  7.1024  0.73639605E+00  0.73639605E+00  0.73639605E+00  0.00000000E+00  0.00000000E+00  0.00000000E+00
  7.1322  0.74545277E+00  0.74545277E+00  0.74545277E+00  0.00000000E+00  0.00000000E+00  0.00000000E+00
  7.1620  0.75758748E+00  0.75758748E+00  0.75758748E+00  0.00000000E+00  0.00000000E+00  0.00000000E+00
  7.1919  0.77069888E+00  0.77069888E+00  0.77069888E+00  0.00000000E+00  0.00000000E+00  0.00000000E+00
  7.2217  0.78274437E+00  0.78274437E+00  0.78274437E+00  0.00000000E+00  0.00000000E+00  0.00000000E+00
  7.2516  0.79187467E+00  0.79187467E+00  0.79187467E+00  0.00000000E+00  0.00000000E+00  0.00000000E+00
  7.2814  0.79675648E+00  0.79675648E+00  0.79675648E+00  0.00000000E+00  0.00000000E+00  0.00000000E+00
  7.3112  0.79656206E+00  0.79656206E+00  0.79656206E+00  0.00000000E+00  0.00000000E+00  0.00000000E+00
  7.3411  0.79123889E+00  0.79123889E+00  0.79123889E+00  0.00000000E+00  0.00000000E+00  0.00000000E+00
  7.3709  0.78136438E+00  0.78136438E+00  0.78136438E+00  0.00000000E+00  0.00000000E+00  0.00000000E+00
  7.4008  0.76805384E+00  0.76805384E+00  0.76805384E+00  0.00000000E+00  0.00000000E+00  0.00000000E+00
  7.4306  0.75285641E+00  0.75285641E+00  0.75285641E+00  0.00000000E+00  0.00000000E+00  0.00000000E+00
  7.4605  0.73722801E+00  0.73722801E+00  0.73722801E+00  0.00000000E+00  0.00000000E+00  0.00000000E+00
  7.4903  0.72248897E+00  0.72248897E+00  0.72248897E+00  0.00000000E+00  0.00000000E+00  0.00000000E+00
  7.5201  0.70934179E+00  0.70934179E+00  0.70934179E+00  0.00000000E+00  0.00000000E+00  0.00000000E+00
  7.5500  0.69795043E+00  0.69795043E+00  0.69795043E+00  0.00000000E+00  0.00000000E+00  0.00000000E+00
  7.5798  0.68782324E+00  0.68782324E+00  0.68782324E+00  0.00000000E+00  0.00000000E+00  0.00000000E+00
  7.6097  0.67816293E+00  0.67816293E+00  0.67816293E+00  0.00000000E+00  0.00000000E+00  0.00000000E+00
  7.6395  0.66815734E+00  0.66815734E+00  0.66815734E+00  0.00000000E+00  0.00000000E+00  0.00000000E+00
  7.6694  0.65714496E+00  0.65714496E+00  0.65714496E+00  0.00000000E+00  0.00000000E+00  0.00000000E+00
  7.6992  0.64499390E+00  0.64499390E+00  0.64499390E+00  0.00000000E+00  0.00000000E+00  0.00000000E+00
  7.7290  0.63192307E+00  0.63192307E+00  0.63192307E+00  0.00000000E+00  0.00000000E+00  0.00000000E+00
  7.7589  0.61854532E+00  0.61854532E+00  0.61854532E+00  0.00000000E+00  0.00000000E+00  0.00000000E+00
  7.7887  0.60559092E+00  0.60559092E+00  0.60559092E+00  0.00000000E+00  0.00000000E+00  0.00000000E+00
  7.8186  0.59375829E+00  0.59375829E+00  0.59375829E+00  0.00000000E+00  0.00000000E+00  0.00000000E+00
  7.8484  0.58361818E+00  0.58361818E+00  0.58361818E+00  0.00000000E+00  0.00000000E+00  0.00000000E+00
  7.8782  0.57555673E+00  0.57555673E+00  0.57555673E+00  0.00000000E+00  0.00000000E+00  0.00000000E+00
  7.9081  0.56981713E+00  0.56981713E+00  0.56981713E+00  0.00000000E+00  0.00000000E+00  0.00000000E+00
  7.9379  0.56646048E+00  0.56646048E+00  0.56646048E+00  0.00000000E+00  0.00000000E+00  0.00000000E+00
  7.9678  0.56551977E+00  0.56551977E+00  0.56551977E+00  0.00000000E+00  0.00000000E+00  0.00000000E+00
  7.9976  0.56691379E+00  0.56691379E+00  0.56691379E+00  0.00000000E+00  0.00000000E+00  0.00000000E+00
  8.0275  0.57043708E+00  0.57043708E+00  0.57043708E+00  0.00000000E+00  0.00000000E+00  0.00000000E+00
  8.0573  0.57567596E+00  0.57567596E+00  0.57567596E+00  0.00000000E+00  0.00000000E+00  0.00000000E+00
  8.0871  0.58204904E+00  0.58204904E+00  0.58204904E+00  0.00000000E+00  0.00000000E+00  0.00000000E+00
  8.1170  0.58876829E+00  0.58876829E+00  0.58876829E+00  0.00000000E+00  0.00000000E+00  0.00000000E+00
  8.1468  0.59497066E+00  0.59497066E+00  0.59497066E+00  0.00000000E+00  0.00000000E+00  0.00000000E+00
  8.1767  0.59979763E+00  0.59979763E+00  0.59979763E+00  0.00000000E+00  0.00000000E+00  0.00000000E+00
  8.2065  0.60255491E+00  0.60255491E+00  0.60255491E+00  0.00000000E+00  0.00000000E+00  0.00000000E+00
  8.2363  0.60281949E+00  0.60281949E+00  0.60281949E+00  0.00000000E+00  0.00000000E+00  0.00000000E+00
  8.2662  0.60043444E+00  0.60043444E+00  0.60043444E+00  0.00000000E+00  0.00000000E+00  0.00000000E+00
  8.2960  0.59555424E+00  0.59555424E+00  0.59555424E+00  0.00000000E+00  0.00000000E+00  0.00000000E+00
  8.3259  0.58863818E+00  0.58863818E+00  0.58863818E+00  0.00000000E+00  0.00000000E+00  0.00000000E+00
  8.3557  0.58012862E+00  0.58012862E+00  0.58012862E+00  0.00000000E+00  0.00000000E+00  0.00000000E+00
  8.3856  0.57066573E+00  0.57066573E+00  0.57066573E+00  0.00000000E+00  0.00000000E+00  0.00000000E+00
  8.4154  0.56066161E+00  0.56066161E+00  0.56066161E+00  0.00000000E+00  0.00000000E+00  0.00000000E+00
  8.4452  0.55051041E+00  0.55051041E+00  0.55051041E+00  0.00000000E+00  0.00000000E+00  0.00000000E+00
  8.4751  0.54045789E+00  0.54045789E+00  0.54045789E+00  0.00000000E+00  0.00000000E+00  0.00000000E+00
  8.5049  0.53054984E+00  0.53054984E+00  0.53054984E+00  0.00000000E+00  0.00000000E+00  0.00000000E+00
  8.5348  0.52085017E+00  0.52085017E+00  0.52085017E+00  0.00000000E+00  0.00000000E+00  0.00000000E+00
  8.5646  0.51131475E+00  0.51131475E+00  0.51131475E+00  0.00000000E+00  0.00000000E+00  0.00000000E+00
  8.5944  0.50204662E+00  0.50204662E+00  0.50204662E+00  0.00000000E+00  0.00000000E+00  0.00000000E+00
  8.6243  0.49317205E+00  0.49317205E+00  0.49317205E+00  0.00000000E+00  0.00000000E+00  0.00000000E+00
  8.6541  0.48499771E+00  0.48499771E+00  0.48499771E+00  0.00000000E+00  0.00000000E+00  0.00000000E+00
  8.6840  0.47779906E+00  0.47779906E+00  0.47779906E+00  0.00000000E+00  0.00000000E+00  0.00000000E+00
  8.7138  0.47179498E+00  0.47179498E+00  0.47179498E+00  0.00000000E+00  0.00000000E+00  0.00000000E+00
  8.7437  0.46706053E+00  0.46706053E+00  0.46706053E+00  0.00000000E+00  0.00000000E+00  0.00000000E+00
  8.7735  0.46332419E+00  0.46332419E+00  0.46332419E+00  0.00000000E+00  0.00000000E+00  0.00000000E+00
  8.8033  0.46005194E+00  0.46005194E+00  0.46005194E+00  0.00000000E+00  0.00000000E+00  0.00000000E+00
  8.8332  0.45655536E+00  0.45655536E+00  0.45655536E+00  0.00000000E+00  0.00000000E+00  0.00000000E+00
  8.8630  0.45196795E+00  0.45196795E+00  0.45196795E+00  0.00000000E+00  0.00000000E+00  0.00000000E+00
  8.8929  0.44566308E+00  0.44566308E+00  0.44566308E+00  0.00000000E+00  0.00000000E+00  0.00000000E+00
  8.9227  0.43727240E+00  0.43727240E+00  0.43727240E+00  0.00000000E+00  0.00000000E+00  0.00000000E+00
  8.9525  0.42694530E+00  0.42694530E+00  0.42694530E+00  0.00000000E+00  0.00000000E+00  0.00000000E+00
