    0.000000    9.256600    9.256600    9.256600
    0.039500    9.257700    9.257700    9.257700
    0.079000    9.261300    9.261300    9.261300
    0.118400    9.267200    9.267200    9.267200
    0.157900    9.275500    9.275500    9.275500
    0.197400    9.286200    9.286200    9.286200
    0.236900    9.299300    9.299300    9.299300
    0.276400    9.315000    9.315000    9.315000
    0.315900    9.333200    9.333200    9.333200
    0.355300    9.354000    9.354000    9.354000
    0.394800    9.377600    9.377600    9.377600
    0.434300    9.403800    9.403800    9.403800
    0.473800    9.433000    9.433000    9.433000
    0.513300    9.465200    9.465200    9.465200
    0.552800    9.500400    9.500400    9.500400
    0.592200    9.538900    9.538900    9.538900
    0.631700    9.580800    9.580800    9.580800
    0.671200    9.626200    9.626200    9.626200
    0.710700    9.675300    9.675300    9.675300
    0.750200    9.728400    9.728400    9.728400
    0.789700    9.785900    9.785900    9.785900
    0.829100    9.848200    9.848200    9.848200
    0.868600    9.916200    9.916200    9.916200
    0.908100    9.990700    9.990700    9.990700
    0.947600   10.072900   10.072900   10.072900
    0.987100   10.164300   10.164300   10.164300
    1.026500   10.266200   10.266200   10.266200
    1.066000   10.380700   10.380700   10.380700
    1.105500   10.509300   10.509300   10.509300
    1.145000   10.653700   10.653700   10.653700
    1.184500   10.814000   10.814000   10.814000
    1.224000   10.987700   10.987700   10.987700
    1.263400   11.168400   11.168400   11.168400
    1.302900   11.344900   11.344900   11.344900
    1.342400   11.502800   11.502800   11.502800
    1.381900   11.628300   11.628300   11.628300
    1.421400   11.713400   11.713400   11.713400
    1.460900   11.760600   11.760600   11.760600
    1.500300   11.784900   11.784900   11.784900
    1.539800   11.811000   11.811000   11.811000
    1.579300   11.865500   11.865500   11.865500
    1.618800   11.968200   11.968200   11.968200
    1.658300   12.125200   12.125200   12.125200
    1.697700   12.326900   12.326900   12.326900
    1.737200   12.552000   12.552000   12.552000
    1.776700   12.774300   12.774300   12.774300
    1.816200   12.970200   12.970200   12.970200
    1.855700   13.123800   13.123800   13.123800
    1.895200   13.228400   13.228400   13.228400
    1.934600   13.284400   13.284400   13.284400
    1.974100   13.294800   13.294800   13.294800
    2.013600   13.260600   13.260600   13.260600
    2.053100   13.176100   13.176100   13.176100
    2.092600   13.027000   13.027000   13.027000
    2.132100   12.793800   12.793800   12.793800
    2.171500   12.459100   12.459100   12.459100
    2.211000   12.017400   12.017400   12.017400
    2.250500   11.484100   11.484100   11.484100
    2.290000   10.897700   10.897700   10.897700
    2.329500   10.314600   10.314600   10.314600
    2.369000    9.795700    9.795700    9.795700
    2.408400    9.390600    9.390600    9.390600
    2.447900    9.123600    9.123600    9.123600
    2.487400    8.987700    8.987700    8.987700
    2.526900    8.946500    8.946500    8.946500
    2.566400    8.944100    8.944100    8.944100
    2.605800    8.919700    8.919700    8.919700
    2.645300    8.822600    8.822600    8.822600
    2.684800    8.624600    8.624600    8.624600
    2.724300    8.325600    8.325600    8.325600
    2.763800    7.953000    7.953000    7.953000
    2.803300    7.553100    7.553100    7.553100
    2.842700    7.177500    7.177500    7.177500
    2.882200    6.868100    6.868100    6.868100
    2.921700    6.646300    6.646300    6.646300
    2.961200    6.508400    6.508400    6.508400
    3.000700    6.431000    6.431000    6.431000
    3.040200    6.381600    6.381600    6.381600
    3.079600    6.331200    6.331200    6.331200
    3.119100    6.262700    6.262700    6.262700
    3.158600    6.173000    6.173000    6.173000
    3.198100    6.068100    6.068100    6.068100
    3.237600    5.955600    5.955600    5.955600
    3.277000    5.838200    5.838200    5.838200
    3.316500    5.712100    5.712100    5.712100
    3.356000    5.569400    5.569400    5.569400
    3.395500    5.403700    5.403700    5.403700
    3.435000    5.213400    5.213400    5.213400
    3.474500    5.002000    5.002000    5.002000
    3.513900    4.775500    4.775500    4.775500
    3.553400    4.539700    4.539700    4.539700
    3.592900    4.300300    4.300300    4.300300
    3.632400    4.064700    4.064700    4.064700
    3.671900    3.844500    3.844500    3.844500
    3.711400    3.655300    3.655300    3.655300
    3.750800    3.512300    3.512300    3.512300
    3.790300    3.425400    3.425400    3.425400
    3.829800    3.393000    3.393000    3.393000
    3.869300    3.401200    3.401200    3.401200
    3.908800    3.425800    3.425800    3.425800
    3.948300    3.438100    3.438100    3.438100
    3.987700    3.413400    3.413400    3.413400
    4.027200    3.338300    3.338300    3.338300
    4.066700    3.215200    3.215200    3.215200
    4.106200    3.062200    3.062200    3.062200
    4.145700    2.906900    2.906900    2.906900
    4.185100    2.777400    2.777400    2.777400
    4.224600    2.693300    2.693300    2.693300
    4.264100    2.660400    2.660400    2.660400
    4.303600    2.671000    2.671000    2.671000
    4.343100    2.708100    2.708100    2.708100
    4.382600    2.752400    2.752400    2.752400
    4.422000    2.788200    2.788200    2.788200
    4.461500    2.807200    2.807200    2.807200
    4.501000    2.810300    2.810300    2.810300
    4.540500    2.804600    2.804600    2.804600
    4.580000    2.800800    2.800800    2.800800
    4.619500    2.808400    2.808400    2.808400
    4.658900    2.832100    2.832100    2.832100
    4.698400    2.870600    2.870600    2.870600
    4.737900    2.917000    2.917000    2.917000
    4.777400    2.961600    2.961600    2.961600
    4.816900    2.995300    2.995300    2.995300
    4.856300    3.012600    3.012600    3.012600
    4.895800    3.012800    3.012800    3.012800
    4.935300    2.998900    2.998900    2.998900
    4.974800    2.976300    2.976300    2.976300
    5.014300    2.949700    2.949700    2.949700
    5.053800    2.923000    2.923000    2.923000
    5.093200    2.898200    2.898200    2.898200
    5.132700    2.876000    2.876000    2.876000
    5.172200    2.856300    2.856300    2.856300
    5.211700    2.838500    2.838500    2.838500
    5.251200    2.821600    2.821600    2.821600
    5.290700    2.804300    2.804300    2.804300
    5.330100    2.785400    2.785400    2.785400
    5.369600    2.764000    2.764000    2.764000
    5.409100    2.739400    2.739400    2.739400
    5.448600    2.711700    2.711700    2.711700
    5.488100    2.682200    2.682200    2.682200
    5.527600    2.654100    2.654100    2.654100
    5.567000    2.632300    2.632300    2.632300
    5.606500    2.622300    2.622300    2.622300
    5.646000    2.628900    2.628900    2.628900
    5.685500    2.654400    2.654400    2.654400
    5.725000    2.697400    2.697400    2.697400
    5.764400    2.753300    2.753300    2.753300
    5.803900    2.815300    2.815300    2.815300
    5.843400    2.876300    2.876300    2.876300
    5.882900    2.930600    2.930600    2.930600
    5.922400    2.974900    2.974900    2.974900
    5.961900    3.008100    3.008100    3.008100
    6.001300    3.032000    3.032000    3.032000
    6.040800    3.050300    3.050300    3.050300
    6.080300    3.068000    3.068000    3.068000
    6.119800    3.090100    3.090100    3.090100
    6.159300    3.120600    3.120600    3.120600
    6.198800    3.160500    3.160500    3.160500
    6.238200    3.207900    3.207900    3.207900
    6.277700    3.256900    3.256900    3.256900
    6.317200    3.298800    3.298800    3.298800
    6.356700    3.322300    3.322300    3.322300
    6.396200    3.315200    3.315200    3.315200
    6.435600    3.266600    3.266600    3.266600
    6.475100    3.170300    3.170300    3.170300
    6.514600    3.027700    3.027700    3.027700
    6.554100    2.849500    2.849500    2.849500
    6.593600    2.653700    2.653700    2.653700
    6.633100    2.461700    2.461700    2.461700
    6.672500    2.292900    2.292900    2.292900
    6.712000    2.159400    2.159400    2.159400
    6.751500    2.064300    2.064300    2.064300
    6.791000    2.001900    2.001900    2.001900
    6.830500    1.960600    1.960600    1.960600
    6.870000    1.927400    1.927400    1.927400
    6.909400    1.891100    1.891100    1.891100
    6.948900    1.845600    1.845600    1.845600
    6.988400    1.790000    1.790000    1.790000
    7.027900    1.728200    1.728200    1.728200
    7.067400    1.666600    1.666600    1.666600
    7.106900    1.611800    1.611800    1.611800
    7.146300    1.569000    1.569000    1.569000
    7.185800    1.540400    1.540400    1.540400
    7.225300    1.525700    1.525700    1.525700
    7.264800    1.521600    1.521600    1.521600
    7.304300    1.522600    1.522600    1.522600
    7.343700    1.522100    1.522100    1.522100
    7.383200    1.513000    1.513000    1.513000
    7.422700    1.489600    1.489600    1.489600
    7.462200    1.448200    1.448200    1.448200
    7.501700    1.388000    1.388000    1.388000
    7.541200    1.311100    1.311100    1.311100
    7.580600    1.222300    1.222300    1.222300
    7.620100    1.128300    1.128300    1.128300
    7.659600    1.036200    1.036200    1.036200
    7.699100    0.952300    0.952300    0.952300
    7.738600    0.880900    0.880900    0.880900
    7.778100    0.823500    0.823500    0.823500
    7.817500    0.779200    0.779200    0.779200
    7.857000    0.745300    0.745300    0.745300
    7.896500    0.718800    0.718800    0.718800
    7.936000    0.697600    0.697600    0.697600
    7.975500    0.680400    0.680400    0.680400
    8.014900    0.666400    0.666400    0.666400
    8.054400    0.654400    0.654400    0.654400
    8.093900    0.642400    0.642400    0.642400
    8.133400    0.627800    0.627800    0.627800
    8.172900    0.609000    0.609000    0.609000
    8.212400    0.586200    0.586200    0.586200
    8.251800    0.562500    0.562500    0.562500
    8.291300    0.542700    0.542700    0.542700
    8.330800    0.532000    0.532000    0.532000
    8.370300    0.533700    0.533700    0.533700
    8.409800    0.547700    0.547700    0.547700
    8.449300    0.569600    0.569600    0.569600
    8.488700    0.591800    0.591800    0.591800
    8.528200    0.605400    0.605400    0.605400
    8.567700    0.602300    0.602300    0.602300
    8.607200    0.577800    0.577800    0.577800
    8.646700    0.531900    0.531900    0.531900
    8.686200    0.469600    0.469600    0.469600
    8.725600    0.399400    0.399400    0.399400
    8.765100    0.331400    0.331400    0.331400
    8.804600    0.274500    0.274500    0.274500
    8.844100    0.234400    0.234400    0.234400
    8.883600    0.212400    0.212400    0.212400
    8.923000    0.205500    0.205500    0.205500
    8.962500    0.208100    0.208100    0.208100
    9.002000    0.213200    0.213200    0.213200
    9.041500    0.214600    0.214600    0.214600
    9.081000    0.208100    0.208100    0.208100
    9.120500    0.192500    0.192500    0.192500
    9.159900    0.169900    0.169900    0.169900
    9.199400    0.145000    0.145000    0.145000
    9.238900    0.124000    0.124000    0.124000
    9.278400    0.112400    0.112400    0.112400
    9.317900    0.113800    0.113800    0.113800
    9.357400    0.127400    0.127400    0.127400
    9.396800    0.149200    0.149200    0.149200
    9.436300    0.172100    0.172100    0.172100
    9.475800    0.188600    0.188600    0.188600
    9.515300    0.193600    0.193600    0.193600
    9.554800    0.185700    0.185700    0.185700
    9.594200    0.168200    0.168200    0.168200
    9.633700    0.147900    0.147900    0.147900
    9.673200    0.132800    0.132800    0.132800
    9.712700    0.129900    0.129900    0.129900
    9.752200    0.142700    0.142700    0.142700
    9.791700    0.170400    0.170400    0.170400
    9.831100    0.208500    0.208500    0.208500
    9.870600    0.250000    0.250000    0.250000
    9.910100    0.287600    0.287600    0.287600
    9.949600    0.315300    0.315300    0.315300
    9.989100    0.330000    0.330000    0.330000
   10.028600    0.331900    0.331900    0.331900
   10.068000    0.324200    0.324200    0.324200
   10.107500    0.313000    0.313000    0.313000
   10.147000    0.305600    0.305600    0.305600
   10.186500    0.308700    0.308700    0.308700
   10.226000    0.326500    0.326500    0.326500
   10.265500    0.359900    0.359900    0.359900
   10.304900    0.405600    0.405600    0.405600
   10.344400    0.457300    0.457300    0.457300
   10.383900    0.507300    0.507300    0.507300
   10.423400    0.549100    0.549100    0.549100
   10.462900    0.578400    0.578400    0.578400
   10.502300    0.594300    0.594300    0.594300
   10.541800    0.598400    0.598400    0.598400
   10.581300    0.593500    0.593500    0.593500
   10.620800    0.582800    0.582800    0.582800
   10.660300    0.568600    0.568600    0.568600
   10.699800    0.552800    0.552800    0.552800
   10.739200    0.537200    0.537200    0.537200
   10.778700    0.523700    0.523700    0.523700
   10.818200    0.514300    0.514300    0.514300
   10.857700    0.510300    0.510300    0.510300
   10.897200    0.512600    0.512600    0.512600
   10.936700    0.520700    0.520700    0.520700
   10.976100    0.533600    0.533600    0.533600
   11.015600    0.549900    0.549900    0.549900
   11.055100    0.568100    0.568100    0.568100
   11.094600    0.587400    0.587400    0.587400
   11.134100    0.607500    0.607500    0.607500
   11.173500    0.629600    0.629600    0.629600
   11.213000    0.655400    0.655400    0.655400
   11.252500    0.686300    0.686300    0.686300
   11.292000    0.723000    0.723000    0.723000
   11.331500    0.763600    0.763600    0.763600
   11.371000    0.804400    0.804400    0.804400
   11.410400    0.840600    0.840600    0.840600
   11.449900    0.867200    0.867200    0.867200
   11.489400    0.881200    0.881200    0.881200
   11.528900    0.882000    0.882000    0.882000
   11.568400    0.870700    0.870700    0.870700
   11.607900    0.849600    0.849600    0.849600
   11.647300    0.820800    0.820800    0.820800
   11.686800    0.785700    0.785700    0.785700
   11.726300    0.745200    0.745200    0.745200
   11.765800    0.700300    0.700300    0.700300
   11.805300    0.652700    0.652700    0.652700
   11.844800    0.605000    0.605000    0.605000
