    0.0000    9.2566    9.2566    9.2566   -0.0000   -0.0000   -0.0000
    0.0395    9.2577    9.2577    9.2577   -0.0000   -0.0000   -0.0000
    0.0790    9.2613    9.2613    9.2613   -0.0000   -0.0000   -0.0000
    0.1184    9.2672    9.2672    9.2672   -0.0000   -0.0000   -0.0000
    0.1579    9.2755    9.2755    9.2755   -0.0000   -0.0000   -0.0000
    0.1974    9.2862    9.2862    9.2862   -0.0000   -0.0000   -0.0000
    0.2369    9.2993    9.2993    9.2993   -0.0000   -0.0000   -0.0000
    0.2764    9.3150    9.3150    9.3150   -0.0000   -0.0000   -0.0000
    0.3159    9.3332    9.3332    9.3332   -0.0000   -0.0000   -0.0000
    0.3553    9.3540    9.3540    9.3540   -0.0000   -0.0000   -0.0000
    0.3948    9.3776    9.3776    9.3776   -0.0000   -0.0000   -0.0000
    0.4343    9.4038    9.4038    9.4038   -0.0000   -0.0000   -0.0000
    0.4738    9.4330    9.4330    9.4330   -0.0000   -0.0000   -0.0000
    0.5133    9.4652    9.4652    9.4652   -0.0000   -0.0000   -0.0000
    0.5528    9.5004    9.5004    9.5004   -0.0000   -0.0000   -0.0000
    0.5922    9.5389    9.5389    9.5389   -0.0000   -0.0000   -0.0000
    0.6317    9.5808    9.5808    9.5808   -0.0000   -0.0000   -0.0000
    0.6712    9.6262    9.6262    9.6262   -0.0000   -0.0000   -0.0000
    0.7107    9.6753    9.6753    9.6753   -0.0000   -0.0000   -0.0000
    0.7502    9.7284    9.7284    9.7284   -0.0000   -0.0000   -0.0000
    0.7897    9.7859    9.7859    9.7859   -0.0000   -0.0000   -0.0000
    0.8291    9.8482    9.8482    9.8482   -0.0000   -0.0000   -0.0000
    0.8686    9.9162    9.9162    9.9162   -0.0000   -0.0000   -0.0000
    0.9081    9.9907    9.9907    9.9907   -0.0000   -0.0000   -0.0000
    0.9476   10.0729   10.0729   10.0729   -0.0000   -0.0000   -0.0000
    0.9871   10.1643   10.1643   10.1643   -0.0000   -0.0000   -0.0000
    1.0265   10.2662   10.2662   10.2662   -0.0000   -0.0000   -0.0000
    1.0660   10.3807   10.3807   10.3807   -0.0000   -0.0000   -0.0000
    1.1055   10.5093   10.5093   10.5093   -0.0000   -0.0000   -0.0000
    1.1450   10.6537   10.6537   10.6537   -0.0000   -0.0000   -0.0000
    1.1845   10.8140   10.8140   10.8140   -0.0000   -0.0000   -0.0000
    1.2240   10.9877   10.9877   10.9877   -0.0000   -0.0000   -0.0000
    1.2634   11.1684   11.1684   11.1684   -0.0000   -0.0000   -0.0000
    1.3029   11.3449   11.3449   11.3449   -0.0000   -0.0000   -0.0000
    1.3424   11.5028   11.5028   11.5028   -0.0000   -0.0000   -0.0000
    1.3819   11.6283   11.6283   11.6283   -0.0000   -0.0000   -0.0000
    1.4214   11.7134   11.7134   11.7134   -0.0000   -0.0000   -0.0000
    1.4609   11.7606   11.7606   11.7606   -0.0000   -0.0000   -0.0000
    1.5003   11.7849   11.7849   11.7849   -0.0000   -0.0000   -0.0000
    1.5398   11.8110   11.8110   11.8110   -0.0000   -0.0000   -0.0000
    1.5793   11.8655   11.8655   11.8655   -0.0000   -0.0000   -0.0000
    1.6188   11.9682   11.9682   11.9682   -0.0000   -0.0000   -0.0000
    1.6583   12.1252   12.1252   12.1252   -0.0000   -0.0000   -0.0000
    1.6977   12.3269   12.3269   12.3269   -0.0000   -0.0000   -0.0000
    1.7372   12.5520   12.5520   12.5520   -0.0000   -0.0000   -0.0000
    1.7767   12.7743   12.7743   12.7743   -0.0000   -0.0000   -0.0000
    1.8162   12.9702   12.9702   12.9702   -0.0000   -0.0000   -0.0000
    1.8557   13.1238   13.1238   13.1238   -0.0000   -0.0000   -0.0000
    1.8952   13.2284   13.2284   13.2284   -0.0000   -0.0000   -0.0000
    1.9346   13.2844   13.2844   13.2844   -0.0000   -0.0000   -0.0000
    1.9741   13.2948   13.2948   13.2948   -0.0000   -0.0000   -0.0000
    2.0136   13.2606   13.2606   13.2606   -0.0000   -0.0000   -0.0000
    2.0531   13.1761   13.1761   13.1761   -0.0000   -0.0000   -0.0000
    2.0926   13.0270   13.0270   13.0270   -0.0000   -0.0000   -0.0000
    2.1321   12.7938   12.7938   12.7938   -0.0000   -0.0000   -0.0000
    2.1715   12.4591   12.4591   12.4591   -0.0000   -0.0000   -0.0000
    2.2110   12.0174   12.0174   12.0174   -0.0000   -0.0000   -0.0000
    2.2505   11.4841   11.4841   11.4841   -0.0000   -0.0000   -0.0000
    2.2900   10.8977   10.8977   10.8977   -0.0000   -0.0000   -0.0000
    2.3295   10.3146   10.3146   10.3146   -0.0000   -0.0000   -0.0000
    2.3690    9.7957    9.7957    9.7957   -0.0000   -0.0000   -0.0000
    2.4084    9.3906    9.3906    9.3906   -0.0000   -0.0000   -0.0000
    2.4479    9.1236    9.1236    9.1236   -0.0000   -0.0000   -0.0000
    2.4874    8.9877    8.9877    8.9877   -0.0000   -0.0000   -0.0000
    2.5269    8.9465    8.9465    8.9465   -0.0000   -0.0000   -0.0000
    2.5664    8.9441    8.9441    8.9441   -0.0000   -0.0000   -0.0000
    2.6058    8.9197    8.9197    8.9197   -0.0000   -0.0000   -0.0000
    2.6453    8.8226    8.8226    8.8226   -0.0000   -0.0000   -0.0000
    2.6848    8.6246    8.6246    8.6246   -0.0000   -0.0000   -0.0000
    2.7243    8.3256    8.3256    8.3256   -0.0000   -0.0000   -0.0000
    2.7638    7.9530    7.9530    7.9530   -0.0000   -0.0000   -0.0000
    2.8033    7.5531    7.5531    7.5531   -0.0000   -0.0000   -0.0000
    2.8427    7.1775    7.1775    7.1775   -0.0000   -0.0000   -0.0000
    2.8822    6.8681    6.8681    6.8681   -0.0000   -0.0000   -0.0000
    2.9217    6.6463    6.6463    6.6463   -0.0000   -0.0000   -0.0000
    2.9612    6.5084    6.5084    6.5084   -0.0000   -0.0000   -0.0000
    3.0007    6.4310    6.4310    6.4310   -0.0000   -0.0000   -0.0000
    3.0402    6.3816    6.3816    6.3816   -0.0000   -0.0000   -0.0000
    3.0796    6.3312    6.3312    6.3312   -0.0000   -0.0000   -0.0000
    3.1191    6.2627    6.2627    6.2627   -0.0000   -0.0000   -0.0000
    3.1586    6.1730    6.1730    6.1730   -0.0000   -0.0000   -0.0000
    3.1981    6.0681    6.0681    6.0681   -0.0000   -0.0000   -0.0000
    3.2376    5.9556    5.9556    5.9556   -0.0000   -0.0000   -0.0000
    3.2770    5.8382    5.8382    5.8382   -0.0000   -0.0000   -0.0000
    3.3165    5.7121    5.7121    5.7121    0.0000    0.0000    0.0000
    3.3560    5.5694    5.5694    5.5694    0.0000    0.0000    0.0000
    3.3955    5.4037    5.4037    5.4037    0.0000    0.0000    0.0000
    3.4350    5.2134    5.2134    5.2134    0.0000    0.0000    0.0000
    3.4745    5.0020    5.0020    5.0020    0.0000    0.0000    0.0000
    3.5139    4.7755    4.7755    4.7755    0.0000    0.0000    0.0000
    3.5534    4.5397    4.5397    4.5397    0.0000    0.0000    0.0000
    3.5929    4.3003    4.3003    4.3003    0.0000    0.0000    0.0000
    3.6324    4.0647    4.0647    4.0647    0.0000    0.0000    0.0000
    3.6719    3.8445    3.8445    3.8445    0.0000    0.0000    0.0000
    3.7114    3.6553    3.6553    3.6553    0.0000    0.0000    0.0000
    3.7508    3.5123    3.5123    3.5123    0.0000    0.0000    0.0000
    3.7903    3.4254    3.4254    3.4254   -0.0000   -0.0000   -0.0000
    3.8298    3.3930    3.3930    3.3930   -0.0000   -0.0000   -0.0000
    3.8693    3.4012    3.4012    3.4012   -0.0000   -0.0000   -0.0000
    3.9088    3.4258    3.4258    3.4258   -0.0000   -0.0000   -0.0000
    3.9483    3.4381    3.4381    3.4381   -0.0000   -0.0000   -0.0000
    3.9877    3.4134    3.4134    3.4134    0.0000    0.0000    0.0000
    4.0272    3.3383    3.3383    3.3383    0.0000    0.0000    0.0000
    4.0667    3.2152    3.2152    3.2152    0.0000    0.0000    0.0000
    4.1062    3.0622    3.0622    3.0622    0.0000    0.0000    0.0000
    4.1457    2.9069    2.9069    2.9069    0.0000    0.0000    0.0000
    4.1851    2.7774    2.7774    2.7774    0.0000    0.0000    0.0000
    4.2246    2.6933    2.6933    2.6933    0.0000    0.0000    0.0000
    4.2641    2.6604    2.6604    2.6604    0.0000    0.0000    0.0000
    4.3036    2.6710    2.6710    2.6710    0.0000    0.0000    0.0000
    4.3431    2.7081    2.7081    2.7081   -0.0000   -0.0000   -0.0000
    4.3826    2.7524    2.7524    2.7524   -0.0000   -0.0000   -0.0000
    4.4220    2.7882    2.7882    2.7882   -0.0000   -0.0000   -0.0000
    4.4615    2.8072    2.8072    2.8072   -0.0000   -0.0000   -0.0000
    4.5010    2.8103    2.8103    2.8103   -0.0000   -0.0000   -0.0000
    4.5405    2.8046    2.8046    2.8046   -0.0000   -0.0000   -0.0000
    4.5800    2.8008    2.8008    2.8008   -0.0000   -0.0000   -0.0000
    4.6195    2.8084    2.8084    2.8084   -0.0000   -0.0000   -0.0000
    4.6589    2.8321    2.8321    2.8321   -0.0000   -0.0000   -0.0000
    4.6984    2.8706    2.8706    2.8706   -0.0000   -0.0000   -0.0000
    4.7379    2.9170    2.9170    2.9170   -0.0000   -0.0000   -0.0000
    4.7774    2.9616    2.9616    2.9616   -0.0000   -0.0000   -0.0000
    4.8169    2.9953    2.9953    2.9953   -0.0000   -0.0000   -0.0000
    4.8563    3.0126    3.0126    3.0126   -0.0000   -0.0000   -0.0000
    4.8958    3.0128    3.0128    3.0128    0.0000    0.0000    0.0000
    4.9353    2.9989    2.9989    2.9989    0.0000    0.0000    0.0000
    4.9748    2.9763    2.9763    2.9763    0.0000    0.0000    0.0000
    5.0143    2.9497    2.9497    2.9497    0.0000    0.0000    0.0000
    5.0538    2.9230    2.9230    2.9230    0.0000    0.0000    0.0000
    5.0932    2.8982    2.8982    2.8982    0.0000    0.0000    0.0000
    5.1327    2.8760    2.8760    2.8760    0.0000    0.0000    0.0000
    5.1722    2.8563    2.8563    2.8563    0.0000    0.0000    0.0000
    5.2117    2.8385    2.8385    2.8385    0.0000    0.0000    0.0000
    5.2512    2.8216    2.8216    2.8216    0.0000    0.0000    0.0000
    5.2907    2.8043    2.8043    2.8043   -0.0000   -0.0000   -0.0000
    5.3301    2.7854    2.7854    2.7854   -0.0000   -0.0000   -0.0000
    5.3696    2.7640    2.7640    2.7640   -0.0000   -0.0000   -0.0000
    5.4091    2.7394    2.7394    2.7394   -0.0000   -0.0000   -0.0000
    5.4486    2.7117    2.7117    2.7117   -0.0000   -0.0000   -0.0000
    5.4881    2.6822    2.6822    2.6822   -0.0000   -0.0000   -0.0000
    5.5276    2.6541    2.6541    2.6541   -0.0000   -0.0000   -0.0000
    5.5670    2.6323    2.6323    2.6323   -0.0000   -0.0000   -0.0000
    5.6065    2.6223    2.6223    2.6223   -0.0000   -0.0000   -0.0000
    5.6460    2.6289    2.6289    2.6289   -0.0000   -0.0000   -0.0000
    5.6855    2.6544    2.6544    2.6544   -0.0000   -0.0000   -0.0000
    5.7250    2.6974    2.6974    2.6974   -0.0000   -0.0000   -0.0000
    5.7644    2.7533    2.7533    2.7533    0.0000    0.0000    0.0000
    5.8039    2.8153    2.8153    2.8153    0.0000    0.0000    0.0000
    5.8434    2.8763    2.8763    2.8763    0.0000    0.0000    0.0000
    5.8829    2.9306    2.9306    2.9306    0.0000    0.0000    0.0000
    5.9224    2.9749    2.9749    2.9749    0.0000    0.0000    0.0000
    5.9619    3.0081    3.0081    3.0081    0.0000    0.0000    0.0000
    6.0013    3.0320    3.0320    3.0320    0.0000    0.0000    0.0000
    6.0408    3.0503    3.0503    3.0503    0.0000    0.0000    0.0000
    6.0803    3.0680    3.0680    3.0680    0.0000    0.0000    0.0000
    6.1198    3.0901    3.0901    3.0901    0.0000    0.0000    0.0000
    6.1593    3.1206    3.1206    3.1206    0.0000    0.0000    0.0000
    6.1988    3.1605    3.1605    3.1605    0.0000    0.0000    0.0000
    6.2382    3.2079    3.2079    3.2079    0.0000    0.0000    0.0000
    6.2777    3.2569    3.2569    3.2569    0.0000    0.0000    0.0000
    6.3172    3.2988    3.2988    3.2988    0.0000    0.0000    0.0000
    6.3567    3.3223    3.3223    3.3223    0.0000    0.0000    0.0000
    6.3962    3.3152    3.3152    3.3152    0.0000    0.0000    0.0000
    6.4356    3.2666    3.2666    3.2666    0.0000    0.0000    0.0000
    6.4751    3.1703    3.1703    3.1703    0.0000    0.0000    0.0000
    6.5146    3.0277    3.0277    3.0277    0.0000    0.0000    0.0000
    6.5541    2.8495    2.8495    2.8495    0.0000    0.0000    0.0000
    6.5936    2.6537    2.6537    2.6537    0.0000    0.0000    0.0000
    6.6331    2.4617    2.4617    2.4617    0.0000    0.0000    0.0000
    6.6725    2.2929    2.2929    2.2929    0.0000    0.0000    0.0000
    6.7120    2.1594    2.1594    2.1594    0.0000    0.0000    0.0000
    6.7515    2.0643    2.0643    2.0643    0.0000    0.0000    0.0000
    6.7910    2.0019    2.0019    2.0019    0.0000    0.0000    0.0000
    6.8305    1.9606    1.9606    1.9606    0.0000    0.0000    0.0000
    6.8700    1.9274    1.9274    1.9274    0.0000    0.0000    0.0000
    6.9094    1.8911    1.8911    1.8911    0.0000    0.0000    0.0000
    6.9489    1.8456    1.8456    1.8456    0.0000    0.0000    0.0000
    6.9884    1.7900    1.7900    1.7900    0.0000    0.0000    0.0000
    7.0279    1.7282    1.7282    1.7282    0.0000    0.0000    0.0000
    7.0674    1.6666    1.6666    1.6666    0.0000    0.0000    0.0000
    7.1069    1.6118    1.6118    1.6118    0.0000    0.0000    0.0000
    7.1463    1.5690    1.5690    1.5690    0.0000    0.0000    0.0000
    7.1858    1.5404    1.5404    1.5404    0.0000    0.0000    0.0000
    7.2253    1.5257    1.5257    1.5257    0.0000    0.0000    0.0000
    7.2648    1.5216    1.5216    1.5216    0.0000    0.0000    0.0000
    7.3043    1.5226    1.5226    1.5226    0.0000    0.0000    0.0000
    7.3437    1.5221    1.5221    1.5221    0.0000    0.0000    0.0000
    7.3832    1.5130    1.5130    1.5130    0.0000    0.0000    0.0000
    7.4227    1.4896    1.4896    1.4896    0.0000    0.0000    0.0000
    7.4622    1.4482    1.4482    1.4482    0.0000    0.0000    0.0000
    7.5017    1.3880    1.3880    1.3880    0.0000    0.0000    0.0000
    7.5412    1.3111    1.3111    1.3111    0.0000    0.0000    0.0000
    7.5806    1.2223    1.2223    1.2223    0.0000    0.0000    0.0000
    7.6201    1.1283    1.1283    1.1283    0.0000    0.0000    0.0000
    7.6596    1.0362    1.0362    1.0362    0.0000    0.0000    0.0000
    7.6991    0.9523    0.9523    0.9523    0.0000    0.0000    0.0000
    7.7386    0.8809    0.8809    0.8809    0.0000    0.0000    0.0000
    7.7781    0.8235    0.8235    0.8235    0.0000    0.0000    0.0000
    7.8175    0.7792    0.7792    0.7792    0.0000    0.0000    0.0000
    7.8570    0.7453    0.7453    0.7453    0.0000    0.0000    0.0000
    7.8965    0.7188    0.7188    0.7188    0.0000    0.0000    0.0000
    7.9360    0.6976    0.6976    0.6976    0.0000    0.0000    0.0000
    7.9755    0.6804    0.6804    0.6804    0.0000    0.0000    0.0000
    8.0149    0.6664    0.6664    0.6664    0.0000    0.0000    0.0000
    8.0544    0.6544    0.6544    0.6544    0.0000    0.0000    0.0000
    8.0939    0.6424    0.6424    0.6424    0.0000    0.0000    0.0000
    8.1334    0.6278    0.6278    0.6278    0.0000    0.0000    0.0000
    8.1729    0.6090    0.6090    0.6090    0.0000    0.0000    0.0000
    8.2124    0.5862    0.5862    0.5862    0.0000    0.0000    0.0000
    8.2518    0.5625    0.5625    0.5625    0.0000    0.0000    0.0000
    8.2913    0.5427    0.5427    0.5427    0.0000    0.0000    0.0000
    8.3308    0.5320    0.5320    0.5320    0.0000    0.0000    0.0000
    8.3703    0.5337    0.5337    0.5337    0.0000    0.0000    0.0000
    8.4098    0.5477    0.5477    0.5477    0.0000    0.0000    0.0000
    8.4493    0.5696    0.5696    0.5696    0.0000    0.0000    0.0000
    8.4887    0.5918    0.5918    0.5918    0.0000    0.0000    0.0000
    8.5282    0.6054    0.6054    0.6054    0.0000    0.0000    0.0000
    8.5677    0.6023    0.6023    0.6023    0.0000    0.0000    0.0000
    8.6072    0.5778    0.5778    0.5778    0.0000    0.0000    0.0000
    8.6467    0.5319    0.5319    0.5319    0.0000    0.0000    0.0000
    8.6862    0.4696    0.4696    0.4696    0.0000    0.0000    0.0000
    8.7256    0.3994    0.3994    0.3994    0.0000    0.0000    0.0000
    8.7651    0.3314    0.3314    0.3314    0.0000    0.0000    0.0000
    8.8046    0.2745    0.2745    0.2745    0.0000    0.0000    0.0000
    8.8441    0.2344    0.2344    0.2344    0.0000    0.0000    0.0000
    8.8836    0.2124    0.2124    0.2124    0.0000    0.0000    0.0000
    8.9230    0.2055    0.2055    0.2055    0.0000    0.0000    0.0000
    8.9625    0.2081    0.2081    0.2081    0.0000    0.0000    0.0000
    9.0020    0.2132    0.2132    0.2132    0.0000    0.0000    0.0000
    9.0415    0.2146    0.2146    0.2146    0.0000    0.0000    0.0000
    9.0810    0.2081    0.2081    0.2081    0.0000    0.0000    0.0000
    9.1205    0.1925    0.1925    0.1925    0.0000    0.0000    0.0000
    9.1599    0.1699    0.1699    0.1699    0.0000    0.0000    0.0000
    9.1994    0.1450    0.1450    0.1450    0.0000    0.0000    0.0000
    9.2389    0.1240    0.1240    0.1240    0.0000    0.0000    0.0000
    9.2784    0.1124    0.1124    0.1124    0.0000    0.0000    0.0000
    9.3179    0.1138    0.1138    0.1138    0.0000    0.0000    0.0000
    9.3574    0.1274    0.1274    0.1274    0.0000    0.0000    0.0000
    9.3968    0.1492    0.1492    0.1492    0.0000    0.0000    0.0000
    9.4363    0.1721    0.1721    0.1721    0.0000    0.0000    0.0000
    9.4758    0.1886    0.1886    0.1886    0.0000    0.0000    0.0000
    9.5153    0.1936    0.1936    0.1936    0.0000    0.0000    0.0000
    9.5548    0.1857    0.1857    0.1857    0.0000    0.0000    0.0000
    9.5942    0.1682    0.1682    0.1682    0.0000    0.0000    0.0000
    9.6337    0.1479    0.1479    0.1479    0.0000    0.0000    0.0000
    9.6732    0.1328    0.1328    0.1328    0.0000    0.0000    0.0000
    9.7127    0.1299    0.1299    0.1299    0.0000    0.0000    0.0000
    9.7522    0.1427    0.1427    0.1427    0.0000    0.0000    0.0000
    9.7917    0.1704    0.1704    0.1704    0.0000    0.0000    0.0000
    9.8311    0.2085    0.2085    0.2085    0.0000    0.0000    0.0000
    9.8706    0.2500    0.2500    0.2500    0.0000    0.0000    0.0000
    9.9101    0.2876    0.2876    0.2876    0.0000    0.0000    0.0000
    9.9496    0.3153    0.3153    0.3153    0.0000    0.0000    0.0000
    9.9891    0.3300    0.3300    0.3300    0.0000    0.0000    0.0000
   10.0286    0.3319    0.3319    0.3319    0.0000    0.0000    0.0000
   10.0680    0.3242    0.3242    0.3242    0.0000    0.0000    0.0000
   10.1075    0.3130    0.3130    0.3130    0.0000    0.0000    0.0000
   10.1470    0.3056    0.3056    0.3056    0.0000    0.0000    0.0000
   10.1865    0.3087    0.3087    0.3087    0.0000    0.0000    0.0000
   10.2260    0.3265    0.3265    0.3265    0.0000    0.0000    0.0000
   10.2655    0.3599    0.3599    0.3599    0.0000    0.0000    0.0000
   10.3049    0.4056    0.4056    0.4056    0.0000    0.0000    0.0000
   10.3444    0.4573    0.4573    0.4573    0.0000    0.0000    0.0000
   10.3839    0.5073    0.5073    0.5073    0.0000    0.0000    0.0000
   10.4234    0.5491    0.5491    0.5491    0.0000    0.0000    0.0000
   10.4629    0.5784    0.5784    0.5784    0.0000    0.0000    0.0000
   10.5023    0.5943    0.5943    0.5943    0.0000    0.0000    0.0000
   10.5418    0.5984    0.5984    0.5984    0.0000    0.0000    0.0000
   10.5813    0.5935    0.5935    0.5935    0.0000    0.0000    0.0000
   10.6208    0.5828    0.5828    0.5828    0.0000    0.0000    0.0000
   10.6603    0.5686    0.5686    0.5686    0.0000    0.0000    0.0000
   10.6998    0.5528    0.5528    0.5528    0.0000    0.0000    0.0000
   10.7392    0.5372    0.5372    0.5372    0.0000    0.0000    0.0000
   10.7787    0.5237    0.5237    0.5237    0.0000    0.0000    0.0000
   10.8182    0.5143    0.5143    0.5143    0.0000    0.0000    0.0000
   10.8577    0.5103    0.5103    0.5103    0.0000    0.0000    0.0000
   10.8972    0.5126    0.5126    0.5126    0.0000    0.0000    0.0000
   10.9367    0.5207    0.5207    0.5207    0.0000    0.0000    0.0000
   10.9761    0.5336    0.5336    0.5336    0.0000    0.0000    0.0000
   11.0156    0.5499    0.5499    0.5499    0.0000    0.0000    0.0000
   11.0551    0.5681    0.5681    0.5681    0.0000    0.0000    0.0000
   11.0946    0.5874    0.5874    0.5874    0.0000    0.0000    0.0000
   11.1341    0.6075    0.6075    0.6075    0.0000    0.0000    0.0000
   11.1735    0.6296    0.6296    0.6296    0.0000    0.0000    0.0000
   11.2130    0.6554    0.6554    0.6554    0.0000    0.0000    0.0000
   11.2525    0.6863    0.6863    0.6863    0.0000    0.0000    0.0000
   11.2920    0.7230    0.7230    0.7230    0.0000    0.0000    0.0000
   11.3315    0.7636    0.7636    0.7636    0.0000    0.0000    0.0000
   11.3710    0.8044    0.8044    0.8044    0.0000    0.0000    0.0000
   11.4104    0.8406    0.8406    0.8406    0.0000    0.0000    0.0000
   11.4499    0.8672    0.8672    0.8672    0.0000    0.0000    0.0000
   11.4894    0.8812    0.8812    0.8812    0.0000    0.0000    0.0000
   11.5289    0.8820    0.8820    0.8820    0.0000    0.0000    0.0000
   11.5684    0.8707    0.8707    0.8707    0.0000    0.0000    0.0000
   11.6079    0.8496    0.8496    0.8496    0.0000    0.0000    0.0000
   11.6473    0.8208    0.8208    0.8208    0.0000    0.0000    0.0000
   11.6868    0.7857    0.7857    0.7857    0.0000    0.0000    0.0000
   11.7263    0.7452    0.7452    0.7452    0.0000    0.0000    0.0000
   11.7658    0.7003    0.7003    0.7003    0.0000    0.0000    0.0000
   11.8053    0.6527    0.6527    0.6527    0.0000    0.0000    0.0000
   11.8448    0.6050    0.6050    0.6050    0.0000    0.0000    0.0000
   11.8842    0.5605    0.5605    0.5605    0.0000    0.0000    0.0000
   11.9237    0.5226    0.5226    0.5226    0.0000    0.0000    0.0000
   11.9632    0.4941    0.4941    0.4941    0.0000    0.0000    0.0000
   12.0027    0.4770    0.4770    0.4770    0.0000    0.0000    0.0000
   12.0422    0.4715    0.4715    0.4715    0.0000    0.0000    0.0000
   12.0816    0.4766    0.4766    0.4766    0.0000    0.0000    0.0000
   12.1211    0.4902    0.4902    0.4902    0.0000    0.0000    0.0000
   12.1606    0.5097    0.5097    0.5097    0.0000    0.0000    0.0000
   12.2001    0.5321    0.5321    0.5321    0.0000    0.0000    0.0000
   12.2396    0.5544    0.5544    0.5544    0.0000    0.0000    0.0000
   12.2791    0.5736    0.5736    0.5736    0.0000    0.0000    0.0000
   12.3185    0.5869    0.5869    0.5869    0.0000    0.0000    0.0000
   12.3580    0.5922    0.5922    0.5922    0.0000    0.0000    0.0000
   12.3975    0.5888    0.5888    0.5888    0.0000    0.0000    0.0000
   12.4370    0.5779    0.5779    0.5779    0.0000    0.0000    0.0000
   12.4765    0.5626    0.5626    0.5626    0.0000    0.0000    0.0000
   12.5160    0.5468    0.5468    0.5468    0.0000    0.0000    0.0000
   12.5554    0.5346    0.5346    0.5346    0.0000    0.0000    0.0000
   12.5949    0.5290    0.5290    0.5290    0.0000    0.0000    0.0000
   12.6344    0.5313    0.5313    0.5313    0.0000    0.0000    0.0000
   12.6739    0.5413    0.5413    0.5413    0.0000    0.0000    0.0000
   12.7134    0.5577    0.5577    0.5577    0.0000    0.0000    0.0000
   12.7528    0.5782    0.5782    0.5782    0.0000    0.0000    0.0000
   12.7923    0.5999    0.5999    0.5999    0.0000    0.0000    0.0000
   12.8318    0.6198    0.6198    0.6198    0.0000    0.0000    0.0000
   12.8713    0.6350    0.6350    0.6350    0.0000    0.0000    0.0000
   12.9108    0.6434    0.6434    0.6434    0.0000    0.0000    0.0000
   12.9503    0.6437    0.6437    0.6437    0.0000    0.0000    0.0000
   12.9897    0.6352    0.6352    0.6352    0.0000    0.0000    0.0000
   13.0292    0.6176    0.6176    0.6176    0.0000    0.0000    0.0000
   13.0687    0.5904    0.5904    0.5904    0.0000    0.0000    0.0000
   13.1082    0.5533    0.5533    0.5533    0.0000    0.0000    0.0000
   13.1477    0.5072    0.5072    0.5072    0.0000    0.0000    0.0000
   13.1872    0.4547    0.4547    0.4547    0.0000    0.0000    0.0000
   13.2266    0.4009    0.4009    0.4009    0.0000    0.0000    0.0000
   13.2661    0.3524    0.3524    0.3524    0.0000    0.0000    0.0000
   13.3056    0.3159    0.3159    0.3159    0.0000    0.0000    0.0000
   13.3451    0.2961    0.2961    0.2961    0.0000    0.0000    0.0000
   13.3846    0.2940    0.2940    0.2940    0.0000    0.0000    0.0000
   13.4241    0.3066    0.3066    0.3066    0.0000    0.0000    0.0000
   13.4635    0.3283    0.3283    0.3283    0.0000    0.0000    0.0000
   13.5030    0.3524    0.3524    0.3524    0.0000    0.0000    0.0000
   13.5425    0.3739    0.3739    0.3739    0.0000    0.0000    0.0000
   13.5820    0.3901    0.3901    0.3901    0.0000    0.0000    0.0000
   13.6215    0.4011    0.4011    0.4011    0.0000    0.0000    0.0000
   13.6609    0.4082    0.4082    0.4082    0.0000    0.0000    0.0000
   13.7004    0.4126    0.4126    0.4126    0.0000    0.0000    0.0000
   13.7399    0.4145    0.4145    0.4145    0.0000    0.0000    0.0000
   13.7794    0.4125    0.4125    0.4125    0.0000    0.0000    0.0000
   13.8189    0.4048    0.4048    0.4048    0.0000    0.0000    0.0000
   13.8584    0.3896    0.3896    0.3896    0.0000    0.0000    0.0000
   13.8978    0.3666    0.3666    0.3666    0.0000    0.0000    0.0000
   13.9373    0.3371    0.3371    0.3371    0.0000    0.0000    0.0000
   13.9768    0.3034    0.3034    0.3034    0.0000    0.0000    0.0000
   14.0163    0.2687    0.2687    0.2687    0.0000    0.0000    0.0000
   14.0558    0.2364    0.2364    0.2364    0.0000    0.0000    0.0000
   14.0953    0.2094    0.2094    0.2094    0.0000    0.0000    0.0000
   14.1347    0.1904    0.1904    0.1904    0.0000    0.0000    0.0000
   14.1742    0.1815    0.1815    0.1815    0.0000    0.0000    0.0000
   14.2137    0.1840    0.1840    0.1840    0.0000    0.0000    0.0000
   14.2532    0.1992    0.1992    0.1992    0.0000    0.0000    0.0000
   14.2927    0.2274    0.2274    0.2274    0.0000    0.0000    0.0000
   14.3321    0.2680    0.2680    0.2680    0.0000    0.0000    0.0000
   14.3716    0.3187    0.3187    0.3187    0.0000    0.0000    0.0000
   14.4111    0.3751    0.3751    0.3751    0.0000    0.0000    0.0000
   14.4506    0.4305    0.4305    0.4305    0.0000    0.0000    0.0000
   14.4901    0.4774    0.4774    0.4774    0.0000    0.0000    0.0000
   14.5296    0.5084    0.5084    0.5084    0.0000    0.0000    0.0000
   14.5690    0.5182    0.5182    0.5182    0.0000    0.0000    0.0000
   14.6085    0.5051    0.5051    0.5051    0.0000    0.0000    0.0000
   14.6480    0.4711    0.4711    0.4711    0.0000    0.0000    0.0000
   14.6875    0.4217    0.4217    0.4217    0.0000    0.0000    0.0000
   14.7270    0.3643    0.3643    0.3643    0.0000    0.0000    0.0000
   14.7665    0.3069    0.3069    0.3069    0.0000    0.0000    0.0000
   14.8059    0.2562    0.2562    0.2562    0.0000    0.0000    0.0000
   14.8454    0.2168    0.2168    0.2168    0.0000    0.0000    0.0000
   14.8849    0.1914    0.1914    0.1914    0.0000    0.0000    0.0000
   14.9244    0.1805    0.1805    0.1805    0.0000    0.0000    0.0000
   14.9639    0.1836    0.1836    0.1836    0.0000    0.0000    0.0000
   15.0034    0.1991    0.1991    0.1991    0.0000    0.0000    0.0000
   15.0428    0.2247    0.2247    0.2247    0.0000    0.0000    0.0000
   15.0823    0.2578    0.2578    0.2578    0.0000    0.0000    0.0000
   15.1218    0.2955    0.2955    0.2955    0.0000    0.0000    0.0000
   15.1613    0.3350    0.3350    0.3350    0.0000    0.0000    0.0000
   15.2008    0.3738    0.3738    0.3738    0.0000    0.0000    0.0000
   15.2402    0.4096    0.4096    0.4096    0.0000    0.0000    0.0000
   15.2797    0.4408    0.4408    0.4408    0.0000    0.0000    0.0000
   15.3192    0.4655    0.4655    0.4655    0.0000    0.0000    0.0000
   15.3587    0.4825    0.4825    0.4825    0.0000    0.0000    0.0000
   15.3982    0.4911    0.4911    0.4911    0.0000    0.0000    0.0000
   15.4377    0.4919    0.4919    0.4919    0.0000    0.0000    0.0000
   15.4771    0.4868    0.4868    0.4868    0.0000    0.0000    0.0000
   15.5166    0.4783    0.4783    0.4783    0.0000    0.0000    0.0000
   15.5561    0.4695    0.4695    0.4695    0.0000    0.0000    0.0000
   15.5956    0.4626    0.4626    0.4626    0.0000    0.0000    0.0000
   15.6351    0.4586    0.4586    0.4586    0.0000    0.0000    0.0000
   15.6746    0.4573    0.4573    0.4573    0.0000    0.0000    0.0000
   15.7140    0.4575    0.4575    0.4575    0.0000    0.0000    0.0000
   15.7535    0.4575    0.4575    0.4575    0.0000    0.0000    0.0000
   15.7930    0.4557    0.4557    0.4557    0.0000    0.0000    0.0000
   15.8325    0.4507    0.4507    0.4507    0.0000    0.0000    0.0000
   15.8720    0.4423    0.4423    0.4423    0.0000    0.0000    0.0000
   15.9115    0.4313    0.4313    0.4313    0.0000    0.0000    0.0000
   15.9509    0.4191    0.4191    0.4191    0.0000    0.0000    0.0000
   15.9904    0.4074    0.4074    0.4074    0.0000    0.0000    0.0000
   16.0299    0.3972    0.3972    0.3972    0.0000    0.0000    0.0000
   16.0694    0.3887    0.3887    0.3887    0.0000    0.0000    0.0000
   16.1089    0.3812    0.3812    0.3812    0.0000    0.0000    0.0000
   16.1483    0.3738    0.3738    0.3738    0.0000    0.0000    0.0000
   16.1878    0.3669    0.3669    0.3669    0.0000    0.0000    0.0000
   16.2273    0.3619    0.3619    0.3619    0.0000    0.0000    0.0000
   16.2668    0.3616    0.3616    0.3616    0.0000    0.0000    0.0000
   16.3063    0.3684    0.3684    0.3684    0.0000    0.0000    0.0000
   16.3458    0.3837    0.3837    0.3837    0.0000    0.0000    0.0000
   16.3852    0.4072    0.4072    0.4072    0.0000    0.0000    0.0000
   16.4247    0.4367    0.4367    0.4367    0.0000    0.0000    0.0000
   16.4642    0.4693    0.4693    0.4693    0.0000    0.0000    0.0000
   16.5037    0.5019    0.5019    0.5019    0.0000    0.0000    0.0000
   16.5432    0.5322    0.5322    0.5322    0.0000    0.0000    0.0000
   16.5827    0.5584    0.5584    0.5584    0.0000    0.0000    0.0000
   16.6221    0.5792    0.5792    0.5792    0.0000    0.0000    0.0000
   16.6616    0.5934    0.5934    0.5934    0.0000    0.0000    0.0000
   16.7011    0.5994    0.5994    0.5994    0.0000    0.0000    0.0000
   16.7406    0.5960    0.5960    0.5960    0.0000    0.0000    0.0000
   16.7801    0.5819    0.5819    0.5819    0.0000    0.0000    0.0000
   16.8195    0.5571    0.5571    0.5571    0.0000    0.0000    0.0000
   16.8590    0.5228    0.5228    0.5228    0.0000    0.0000    0.0000
   16.8985    0.4827    0.4827    0.4827    0.0000    0.0000    0.0000
   16.9380    0.4421    0.4421    0.4421    0.0000    0.0000    0.0000
   16.9775    0.4074    0.4074    0.4074    0.0000    0.0000    0.0000
   17.0170    0.3848    0.3848    0.3848    0.0000    0.0000    0.0000
   17.0564    0.3779    0.3779    0.3779    0.0000    0.0000    0.0000
   17.0959    0.3875    0.3875    0.3875    0.0000    0.0000    0.0000
   17.1354    0.4108    0.4108    0.4108    0.0000    0.0000    0.0000
   17.1749    0.4428    0.4428    0.4428    0.0000    0.0000    0.0000
   17.2144    0.4777    0.4777    0.4777    0.0000    0.0000    0.0000
   17.2539    0.5104    0.5104    0.5104    0.0000    0.0000    0.0000
   17.2933    0.5377    0.5377    0.5377    0.0000    0.0000    0.0000
   17.3328    0.5584    0.5584    0.5584    0.0000    0.0000    0.0000
   17.3723    0.5732    0.5732    0.5732    0.0000    0.0000    0.0000
   17.4118    0.5844    0.5844    0.5844    0.0000    0.0000    0.0000
   17.4513    0.5946    0.5946    0.5946    0.0000    0.0000    0.0000
   17.4908    0.6064    0.6064    0.6064    0.0000    0.0000    0.0000
   17.5302    0.6212    0.6212    0.6212    0.0000    0.0000    0.0000
   17.5697    0.6391    0.6391    0.6391    0.0000    0.0000    0.0000
   17.6092    0.6580    0.6580    0.6580    0.0000    0.0000    0.0000
   17.6487    0.6750    0.6750    0.6750    0.0000    0.0000    0.0000
   17.6882    0.6871    0.6871    0.6871    0.0000    0.0000    0.0000
   17.7276    0.6921    0.6921    0.6921    0.0000    0.0000    0.0000
   17.7671    0.6897    0.6897    0.6897    0.0000    0.0000    0.0000
   17.8066    0.6815    0.6815    0.6815    0.0000    0.0000    0.0000
   17.8461    0.6705    0.6705    0.6705    0.0000    0.0000    0.0000
   17.8856    0.6603    0.6603    0.6603    0.0000    0.0000    0.0000
   17.9251    0.6536    0.6536    0.6536    0.0000    0.0000    0.0000
   17.9645    0.6522    0.6522    0.6522    0.0000    0.0000    0.0000
   18.0040    0.6565    0.6565    0.6565    0.0000    0.0000    0.0000
   18.0435    0.6659    0.6659    0.6659    0.0000    0.0000    0.0000
   18.0830    0.6792    0.6792    0.6792    0.0000    0.0000    0.0000
   18.1225    0.6951    0.6951    0.6951    0.0000    0.0000    0.0000
   18.1620    0.7126    0.7126    0.7126    0.0000    0.0000    0.0000
   18.2014    0.7307    0.7307    0.7307    0.0000    0.0000    0.0000
   18.2409    0.7490    0.7490    0.7490    0.0000    0.0000    0.0000
   18.2804    0.7676    0.7676    0.7676    0.0000    0.0000    0.0000
   18.3199    0.7869    0.7869    0.7869    0.0000    0.0000    0.0000
   18.3594    0.8076    0.8076    0.8076    0.0000    0.0000    0.0000
   18.3988    0.8302    0.8302    0.8302    0.0000    0.0000    0.0000
   18.4383    0.8553    0.8553    0.8553    0.0000    0.0000    0.0000
   18.4778    0.8830    0.8830    0.8830    0.0000    0.0000    0.0000
   18.5173    0.9130    0.9130    0.9130    0.0000    0.0000    0.0000
   18.5568    0.9451    0.9451    0.9451    0.0000    0.0000    0.0000
   18.5963    0.9794    0.9794    0.9794    0.0000    0.0000    0.0000
   18.6357    1.0158    1.0158    1.0158    0.0000    0.0000    0.0000
   18.6752    1.0541    1.0541    1.0541    0.0000    0.0000    0.0000
   18.7147    1.0932    1.0932    1.0932    0.0000    0.0000    0.0000
   18.7542    1.1308    1.1308    1.1308    0.0000    0.0000    0.0000
   18.7937    1.1626    1.1626    1.1626    0.0000    0.0000    0.0000
   18.8332    1.1832    1.1832    1.1832    0.0000    0.0000    0.0000
   18.8726    1.1863    1.1863    1.1863    0.0000    0.0000    0.0000
   18.9121    1.1670    1.1670    1.1670    0.0000    0.0000    0.0000
   18.9516    1.1231    1.1231    1.1231    0.0000    0.0000    0.0000
   18.9911    1.0564    1.0564    1.0564    0.0000    0.0000    0.0000
   19.0306    0.9729    0.9729    0.9729    0.0000    0.0000    0.0000
   19.0701    0.8822    0.8822    0.8822    0.0000    0.0000    0.0000
   19.1095    0.7950    0.7950    0.7950    0.0000    0.0000    0.0000
   19.1490    0.7210    0.7210    0.7210    0.0000    0.0000    0.0000
   19.1885    0.6664    0.6664    0.6664    0.0000    0.0000    0.0000
   19.2280    0.6329    0.6329    0.6329    0.0000    0.0000    0.0000
   19.2675    0.6182    0.6182    0.6182    0.0000    0.0000    0.0000
   19.3069    0.6169    0.6169    0.6169    0.0000    0.0000    0.0000
   19.3464    0.6224    0.6224    0.6224    0.0000    0.0000    0.0000
   19.3859    0.6289    0.6289    0.6289    0.0000    0.0000    0.0000
   19.4254    0.6326    0.6326    0.6326    0.0000    0.0000    0.0000
   19.4649    0.6320    0.6320    0.6320    0.0000    0.0000    0.0000
   19.5044    0.6276    0.6276    0.6276    0.0000    0.0000    0.0000
   19.5438    0.6208    0.6208    0.6208    0.0000    0.0000    0.0000
   19.5833    0.6130    0.6130    0.6130    0.0000    0.0000    0.0000
   19.6228    0.6050    0.6050    0.6050    0.0000    0.0000    0.0000
   19.6623    0.5962    0.5962    0.5962   -0.0000   -0.0000   -0.0000
   19.7018    0.5857    0.5857    0.5857   -0.0000   -0.0000   -0.0000
   19.7413    0.5723    0.5723    0.5723   -0.0000   -0.0000   -0.0000
   19.7807    0.5553    0.5553    0.5553   -0.0000   -0.0000   -0.0000
   19.8202    0.5354    0.5354    0.5354   -0.0000   -0.0000   -0.0000
   19.8597    0.5143    0.5143    0.5143   -0.0000   -0.0000   -0.0000
   19.8992    0.4943    0.4943    0.4943   -0.0000   -0.0000   -0.0000
   19.9387    0.4770    0.4770    0.4770   -0.0000   -0.0000   -0.0000
   19.9781    0.4620    0.4620    0.4620   -0.0000   -0.0000   -0.0000
   20.0176    0.4467    0.4467    0.4467    0.0000    0.0000    0.0000
   20.0571    0.4271    0.4271    0.4271    0.0000    0.0000    0.0000
   20.0966    0.3985    0.3985    0.3985    0.0000    0.0000    0.0000
   20.1361    0.3581    0.3581    0.3581    0.0000    0.0000    0.0000
   20.1756    0.3052    0.3052    0.3052    0.0000    0.0000    0.0000
   20.2150    0.2420    0.2420    0.2420    0.0000    0.0000    0.0000
   20.2545    0.1726    0.1726    0.1726    0.0000    0.0000    0.0000
   20.2940    0.1023    0.1023    0.1023    0.0000    0.0000    0.0000
   20.3335    0.0360    0.0360    0.0360    0.0000    0.0000    0.0000
   20.3730   -0.0225   -0.0225   -0.0225   -0.0000   -0.0000   -0.0000
   20.4125   -0.0707   -0.0707   -0.0707   -0.0000   -0.0000   -0.0000
   20.4519   -0.1081   -0.1081   -0.1081   -0.0000   -0.0000   -0.0000
   20.4914   -0.1351   -0.1351   -0.1351   -0.0000   -0.0000   -0.0000
   20.5309   -0.1531   -0.1531   -0.1531   -0.0000   -0.0000   -0.0000
   20.5704   -0.1638   -0.1638   -0.1638   -0.0000   -0.0000   -0.0000
   20.6099   -0.1694   -0.1694   -0.1694   -0.0000   -0.0000   -0.0000
   20.6494   -0.1722   -0.1722   -0.1722   -0.0000   -0.0000   -0.0000
   20.6888   -0.1745   -0.1745   -0.1745   -0.0000   -0.0000   -0.0000
   20.7283   -0.1790   -0.1790   -0.1790   -0.0000   -0.0000   -0.0000
   20.7678   -0.1878   -0.1878   -0.1878   -0.0000   -0.0000   -0.0000
   20.8073   -0.2022   -0.2022   -0.2022   -0.0000   -0.0000   -0.0000
   20.8468   -0.2223   -0.2223   -0.2223   -0.0000   -0.0000   -0.0000
   20.8862   -0.2476   -0.2476   -0.2476   -0.0000   -0.0000   -0.0000
   20.9257   -0.2768   -0.2768   -0.2768   -0.0000   -0.0000   -0.0000
   20.9652   -0.3086   -0.3086   -0.3086   -0.0000   -0.0000   -0.0000
   21.0047   -0.3427   -0.3427   -0.3427   -0.0000   -0.0000   -0.0000
   21.0442   -0.3787   -0.3787   -0.3787   -0.0000   -0.0000   -0.0000
   21.0837   -0.4160   -0.4160   -0.4160   -0.0000   -0.0000   -0.0000
   21.1231   -0.4534   -0.4534   -0.4534   -0.0000   -0.0000   -0.0000
   21.1626   -0.4886   -0.4886   -0.4886   -0.0000   -0.0000   -0.0000
   21.2021   -0.5186   -0.5186   -0.5186   -0.0000   -0.0000   -0.0000
   21.2416   -0.5416   -0.5416   -0.5416   -0.0000   -0.0000   -0.0000
   21.2811   -0.5575   -0.5575   -0.5575   -0.0000   -0.0000   -0.0000
   21.3206   -0.5684   -0.5684   -0.5684   -0.0000   -0.0000   -0.0000
   21.3600   -0.5785   -0.5785   -0.5785   -0.0000   -0.0000   -0.0000
   21.3995   -0.5925   -0.5925   -0.5925   -0.0000   -0.0000   -0.0000
   21.4390   -0.6139   -0.6139   -0.6139   -0.0000   -0.0000   -0.0000
   21.4785   -0.6442   -0.6442   -0.6442    0.0000    0.0000    0.0000
   21.5180   -0.6823   -0.6823   -0.6823    0.0000    0.0000    0.0000
   21.5574   -0.7253   -0.7253   -0.7253    0.0000    0.0000    0.0000
   21.5969   -0.7696   -0.7696   -0.7696    0.0000    0.0000    0.0000
   21.6364   -0.8115   -0.8115   -0.8115    0.0000    0.0000    0.0000
   21.6759   -0.8482   -0.8482   -0.8482    0.0000    0.0000    0.0000
   21.7154   -0.8779   -0.8779   -0.8779    0.0000    0.0000    0.0000
   21.7549   -0.9001   -0.9001   -0.9001   -0.0000   -0.0000   -0.0000
   21.7943   -0.9156   -0.9156   -0.9156   -0.0000   -0.0000   -0.0000
   21.8338   -0.9261   -0.9261   -0.9261   -0.0000   -0.0000   -0.0000
   21.8733   -0.9340   -0.9340   -0.9340   -0.0000   -0.0000   -0.0000
   21.9128   -0.9417   -0.9417   -0.9417   -0.0000   -0.0000   -0.0000
   21.9523   -0.9508   -0.9508   -0.9508   -0.0000   -0.0000   -0.0000
   21.9918   -0.9619   -0.9619   -0.9619   -0.0000   -0.0000   -0.0000
   22.0312   -0.9742   -0.9742   -0.9742   -0.0000   -0.0000   -0.0000
   22.0707   -0.9857   -0.9857   -0.9857   -0.0000   -0.0000   -0.0000
   22.1102   -0.9945   -0.9945   -0.9945   -0.0000   -0.0000   -0.0000
   22.1497   -0.9988   -0.9988   -0.9988   -0.0000   -0.0000   -0.0000
   22.1892   -0.9978   -0.9978   -0.9978   -0.0000   -0.0000   -0.0000
   22.2287   -0.9920   -0.9920   -0.9920   -0.0000   -0.0000   -0.0000
   22.2681   -0.9828   -0.9828   -0.9828   -0.0000   -0.0000   -0.0000
   22.3076   -0.9719   -0.9719   -0.9719   -0.0000   -0.0000   -0.0000
   22.3471   -0.9608   -0.9608   -0.9608   -0.0000   -0.0000   -0.0000
   22.3866   -0.9507   -0.9507   -0.9507   -0.0000   -0.0000   -0.0000
   22.4261   -0.9418   -0.9418   -0.9418   -0.0000   -0.0000   -0.0000
   22.4655   -0.9340   -0.9340   -0.9340   -0.0000   -0.0000   -0.0000
   22.5050   -0.9264   -0.9264   -0.9264   -0.0000   -0.0000   -0.0000
   22.5445   -0.9181   -0.9181   -0.9181   -0.0000   -0.0000   -0.0000
   22.5840   -0.9081   -0.9081   -0.9081   -0.0000   -0.0000   -0.0000
   22.6235   -0.8959   -0.8959   -0.8959   -0.0000   -0.0000   -0.0000
   22.6630   -0.8813   -0.8813   -0.8813   -0.0000   -0.0000   -0.0000
   22.7024   -0.8647   -0.8647   -0.8647   -0.0000   -0.0000   -0.0000
   22.7419   -0.8468   -0.8468   -0.8468   -0.0000   -0.0000   -0.0000
   22.7814   -0.8289   -0.8289   -0.8289   -0.0000   -0.0000   -0.0000
   22.8209   -0.8123   -0.8123   -0.8123   -0.0000   -0.0000   -0.0000
   22.8604   -0.7984   -0.7984   -0.7984   -0.0000   -0.0000   -0.0000
   22.8999   -0.7885   -0.7885   -0.7885   -0.0000   -0.0000   -0.0000
   22.9393   -0.7835   -0.7835   -0.7835   -0.0000   -0.0000   -0.0000
   22.9788   -0.7837   -0.7837   -0.7837   -0.0000   -0.0000   -0.0000
   23.0183   -0.7886   -0.7886   -0.7886   -0.0000   -0.0000   -0.0000
   23.0578   -0.7970   -0.7970   -0.7970   -0.0000   -0.0000   -0.0000
   23.0973   -0.8070   -0.8070   -0.8070   -0.0000   -0.0000   -0.0000
   23.1367   -0.8166   -0.8166   -0.8166   -0.0000   -0.0000   -0.0000
   23.1762   -0.8241   -0.8241   -0.8241   -0.0000   -0.0000   -0.0000
   23.2157   -0.8281   -0.8281   -0.8281   -0.0000   -0.0000   -0.0000
   23.2552   -0.8284   -0.8284   -0.8284   -0.0000   -0.0000   -0.0000
   23.2947   -0.8255   -0.8255   -0.8255   -0.0000   -0.0000   -0.0000
   23.3342   -0.8205   -0.8205   -0.8205   -0.0000   -0.0000   -0.0000
   23.3736   -0.8151   -0.8151   -0.8151   -0.0000   -0.0000   -0.0000
   23.4131   -0.8110   -0.8110   -0.8110   -0.0000   -0.0000   -0.0000
   23.4526   -0.8093   -0.8093   -0.8093   -0.0000   -0.0000   -0.0000
   23.4921   -0.8104   -0.8104   -0.8104   -0.0000   -0.0000   -0.0000
   23.5316   -0.8137   -0.8137   -0.8137    0.0000    0.0000    0.0000
   23.5711   -0.8182   -0.8182   -0.8182    0.0000    0.0000    0.0000
   23.6105   -0.8228   -0.8228   -0.8228    0.0000    0.0000    0.0000
   23.6500   -0.8267   -0.8267   -0.8267    0.0000    0.0000    0.0000
   23.6895   -0.8300   -0.8300   -0.8300    0.0000    0.0000    0.0000
   23.7290   -0.8331   -0.8331   -0.8331    0.0000    0.0000    0.0000
   23.7685   -0.8366   -0.8366   -0.8366    0.0000    0.0000    0.0000
   23.8080   -0.8409   -0.8409   -0.8409    0.0000    0.0000    0.0000
   23.8474   -0.8459   -0.8459   -0.8459    0.0000    0.0000    0.0000
   23.8869   -0.8508   -0.8508   -0.8508    0.0000    0.0000    0.0000
   23.9264   -0.8539   -0.8539   -0.8539    0.0000    0.0000    0.0000
   23.9659   -0.8539   -0.8539   -0.8539    0.0000    0.0000    0.0000
   24.0054   -0.8492   -0.8492   -0.8492    0.0000    0.0000    0.0000
   24.0448   -0.8395   -0.8395   -0.8395    0.0000    0.0000    0.0000
   24.0843   -0.8252   -0.8252   -0.8252    0.0000    0.0000    0.0000
   24.1238   -0.8078   -0.8078   -0.8078    0.0000    0.0000    0.0000
   24.1633   -0.7893   -0.7893   -0.7893    0.0000    0.0000    0.0000
   24.2028   -0.7715   -0.7715   -0.7715    0.0000    0.0000    0.0000
   24.2423   -0.7558   -0.7558   -0.7558    0.0000    0.0000    0.0000
   24.2817   -0.7428   -0.7428   -0.7428    0.0000    0.0000    0.0000
   24.3212   -0.7321   -0.7321   -0.7321   -0.0000   -0.0000   -0.0000
   24.3607   -0.7230   -0.7230   -0.7230   -0.0000   -0.0000   -0.0000
   24.4002   -0.7148   -0.7148   -0.7148   -0.0000   -0.0000   -0.0000
   24.4397   -0.7069   -0.7069   -0.7069   -0.0000   -0.0000   -0.0000
   24.4792   -0.6989   -0.6989   -0.6989   -0.0000   -0.0000   -0.0000
   24.5186   -0.6908   -0.6908   -0.6908   -0.0000   -0.0000   -0.0000
   24.5581   -0.6828   -0.6828   -0.6828   -0.0000   -0.0000   -0.0000
   24.5976   -0.6748   -0.6748   -0.6748   -0.0000   -0.0000   -0.0000
   24.6371   -0.6670   -0.6670   -0.6670   -0.0000   -0.0000   -0.0000
   24.6766   -0.6593   -0.6593   -0.6593   -0.0000   -0.0000   -0.0000
   24.7160   -0.6515   -0.6515   -0.6515   -0.0000   -0.0000   -0.0000
   24.7555   -0.6436   -0.6436   -0.6436   -0.0000   -0.0000   -0.0000
   24.7950   -0.6355   -0.6355   -0.6355   -0.0000   -0.0000   -0.0000
   24.8345   -0.6275   -0.6275   -0.6275   -0.0000   -0.0000   -0.0000
   24.8740   -0.6196   -0.6196   -0.6196   -0.0000   -0.0000   -0.0000
   24.9135   -0.6120   -0.6120   -0.6120   -0.0000   -0.0000   -0.0000
   24.9529   -0.6047   -0.6047   -0.6047   -0.0000   -0.0000   -0.0000
   24.9924   -0.5978   -0.5978   -0.5978   -0.0000   -0.0000   -0.0000
   25.0319   -0.5909   -0.5909   -0.5909   -0.0000   -0.0000   -0.0000
   25.0714   -0.5835   -0.5835   -0.5835   -0.0000   -0.0000   -0.0000
   25.1109   -0.5756   -0.5756   -0.5756   -0.0000   -0.0000   -0.0000
   25.1504   -0.5671   -0.5671   -0.5671   -0.0000   -0.0000   -0.0000
   25.1898   -0.5589   -0.5589   -0.5589    0.0000    0.0000    0.0000
   25.2293   -0.5519   -0.5519   -0.5519    0.0000    0.0000    0.0000
   25.2688   -0.5470   -0.5470   -0.5470    0.0000    0.0000    0.0000
   25.3083   -0.5449   -0.5449   -0.5449    0.0000    0.0000    0.0000
   25.3478   -0.5452   -0.5452   -0.5452   -0.0000   -0.0000   -0.0000
   25.3873   -0.5473   -0.5473   -0.5473   -0.0000   -0.0000   -0.0000
   25.4267   -0.5498   -0.5498   -0.5498   -0.0000   -0.0000   -0.0000
   25.4662   -0.5516   -0.5516   -0.5516   -0.0000   -0.0000   -0.0000
   25.5057   -0.5515   -0.5515   -0.5515   -0.0000   -0.0000   -0.0000
   25.5452   -0.5492   -0.5492   -0.5492   -0.0000   -0.0000   -0.0000
   25.5847   -0.5445   -0.5445   -0.5445   -0.0000   -0.0000   -0.0000
   25.6241   -0.5378   -0.5378   -0.5378   -0.0000   -0.0000   -0.0000
   25.6636   -0.5297   -0.5297   -0.5297   -0.0000   -0.0000   -0.0000
   25.7031   -0.5209   -0.5209   -0.5209   -0.0000   -0.0000   -0.0000
   25.7426   -0.5119   -0.5119   -0.5119   -0.0000   -0.0000   -0.0000
   25.7821   -0.5031   -0.5031   -0.5031   -0.0000   -0.0000   -0.0000
   25.8216   -0.4947   -0.4947   -0.4947   -0.0000   -0.0000   -0.0000
   25.8610   -0.4868   -0.4868   -0.4868   -0.0000   -0.0000   -0.0000
   25.9005   -0.4792   -0.4792   -0.4792   -0.0000   -0.0000   -0.0000
   25.9400   -0.4718   -0.4718   -0.4718   -0.0000   -0.0000   -0.0000
   25.9795   -0.4647   -0.4647   -0.4647   -0.0000   -0.0000   -0.0000
   26.0190   -0.4579   -0.4579   -0.4579   -0.0000   -0.0000   -0.0000
   26.0585   -0.4518   -0.4518   -0.4518   -0.0000   -0.0000   -0.0000
   26.0979   -0.4464   -0.4464   -0.4464    0.0000    0.0000    0.0000
   26.1374   -0.4415   -0.4415   -0.4415    0.0000    0.0000    0.0000
   26.1769   -0.4368   -0.4368   -0.4368    0.0000    0.0000    0.0000
   26.2164   -0.4318   -0.4318   -0.4318    0.0000    0.0000    0.0000
   26.2559   -0.4260   -0.4260   -0.4260    0.0000    0.0000    0.0000
   26.2953   -0.4191   -0.4191   -0.4191    0.0000    0.0000    0.0000
   26.3348   -0.4110   -0.4110   -0.4110    0.0000    0.0000    0.0000
   26.3743   -0.4020   -0.4020   -0.4020    0.0000    0.0000    0.0000
   26.4138   -0.3924   -0.3924   -0.3924    0.0000    0.0000    0.0000
   26.4533   -0.3824   -0.3824   -0.3824    0.0000    0.0000    0.0000
   26.4928   -0.3721   -0.3721   -0.3721    0.0000    0.0000    0.0000
   26.5322   -0.3617   -0.3617   -0.3617   -0.0000   -0.0000   -0.0000
   26.5717   -0.3510   -0.3510   -0.3510   -0.0000   -0.0000   -0.0000
   26.6112   -0.3396   -0.3396   -0.3396   -0.0000   -0.0000   -0.0000
   26.6507   -0.3275   -0.3275   -0.3275   -0.0000   -0.0000   -0.0000
   26.6902   -0.3146   -0.3146   -0.3146   -0.0000   -0.0000   -0.0000
   26.7297   -0.3014   -0.3014   -0.3014   -0.0000   -0.0000   -0.0000
   26.7691   -0.2882   -0.2882   -0.2882   -0.0000   -0.0000   -0.0000
   26.8086   -0.2756   -0.2756   -0.2756   -0.0000   -0.0000   -0.0000
   26.8481   -0.2640   -0.2640   -0.2640   -0.0000   -0.0000   -0.0000
   26.8876   -0.2536   -0.2536   -0.2536   -0.0000   -0.0000   -0.0000
   26.9271   -0.2444   -0.2444   -0.2444   -0.0000   -0.0000   -0.0000
   26.9666   -0.2360   -0.2360   -0.2360   -0.0000   -0.0000   -0.0000
   27.0060   -0.2282   -0.2282   -0.2282    0.0000    0.0000    0.0000
   27.0455   -0.2205   -0.2205   -0.2205    0.0000    0.0000    0.0000
   27.0850   -0.2126   -0.2126   -0.2126    0.0000    0.0000    0.0000
   27.1245   -0.2042   -0.2042   -0.2042    0.0000    0.0000    0.0000
   27.1640   -0.1955   -0.1955   -0.1955    0.0000    0.0000    0.0000
   27.2034   -0.1866   -0.1866   -0.1866    0.0000    0.0000    0.0000
   27.2429   -0.1776   -0.1776   -0.1776    0.0000    0.0000    0.0000
   27.2824   -0.1687   -0.1687   -0.1687    0.0000    0.0000    0.0000
   27.3219   -0.1600   -0.1600   -0.1600    0.0000    0.0000    0.0000
   27.3614   -0.1513   -0.1513   -0.1513    0.0000    0.0000    0.0000
   27.4009   -0.1428   -0.1428   -0.1428    0.0000    0.0000    0.0000
   27.4403   -0.1343   -0.1343   -0.1343    0.0000    0.0000    0.0000
   27.4798   -0.1261   -0.1261   -0.1261    0.0000    0.0000    0.0000
   27.5193   -0.1181   -0.1181   -0.1181    0.0000    0.0000    0.0000
   27.5588   -0.1106   -0.1106   -0.1106    0.0000    0.0000    0.0000
   27.5983   -0.1036   -0.1036   -0.1036    0.0000    0.0000    0.0000
   27.6378   -0.0971   -0.0971   -0.0971    0.0000    0.0000    0.0000
   27.6772   -0.0908   -0.0908   -0.0908    0.0000    0.0000    0.0000
   27.7167   -0.0846   -0.0846   -0.0846    0.0000    0.0000    0.0000
   27.7562   -0.0784   -0.0784   -0.0784    0.0000    0.0000    0.0000
   27.7957   -0.0720   -0.0720   -0.0720    0.0000    0.0000    0.0000
   27.8352   -0.0655   -0.0655   -0.0655    0.0000    0.0000    0.0000
   27.8746   -0.0587   -0.0587   -0.0587    0.0000    0.0000    0.0000
   27.9141   -0.0519   -0.0519   -0.0519    0.0000    0.0000    0.0000
   27.9536   -0.0452   -0.0452   -0.0452    0.0000    0.0000    0.0000
   27.9931   -0.0387   -0.0387   -0.0387    0.0000    0.0000    0.0000
   28.0326   -0.0324   -0.0324   -0.0324    0.0000    0.0000    0.0000
   28.0721   -0.0264   -0.0264   -0.0264    0.0000    0.0000    0.0000
   28.1115   -0.0208   -0.0208   -0.0208    0.0000    0.0000    0.0000
   28.1510   -0.0153   -0.0153   -0.0153    0.0000    0.0000    0.0000
   28.1905   -0.0099   -0.0099   -0.0099    0.0000    0.0000    0.0000
   28.2300   -0.0044   -0.0044   -0.0044    0.0000    0.0000    0.0000
   28.2695    0.0012    0.0012    0.0012    0.0000    0.0000    0.0000
   28.3090    0.0071    0.0071    0.0071    0.0000    0.0000    0.0000
   28.3484    0.0131    0.0131    0.0131   -0.0000   -0.0000   -0.0000
   28.3879    0.0193    0.0193    0.0193   -0.0000   -0.0000   -0.0000
   28.4274    0.0255    0.0255    0.0255   -0.0000   -0.0000   -0.0000
   28.4669    0.0315    0.0315    0.0315   -0.0000   -0.0000   -0.0000
   28.5064    0.0375    0.0375    0.0375   -0.0000   -0.0000   -0.0000
   28.5459    0.0432    0.0432    0.0432   -0.0000   -0.0000   -0.0000
   28.5853    0.0486    0.0486    0.0486   -0.0000   -0.0000   -0.0000
   28.6248    0.0539    0.0539    0.0539   -0.0000   -0.0000   -0.0000
   28.6643    0.0591    0.0591    0.0591   -0.0000   -0.0000   -0.0000
   28.7038    0.0643    0.0643    0.0643   -0.0000   -0.0000   -0.0000
   28.7433    0.0695    0.0695    0.0695   -0.0000   -0.0000   -0.0000
   28.7827    0.0747    0.0747    0.0747   -0.0000   -0.0000   -0.0000
   28.8222    0.0800    0.0800    0.0800   -0.0000   -0.0000   -0.0000
   28.8617    0.0853    0.0853    0.0853   -0.0000   -0.0000   -0.0000
   28.9012    0.0906    0.0906    0.0906   -0.0000   -0.0000   -0.0000
   28.9407    0.0959    0.0959    0.0959   -0.0000   -0.0000   -0.0000
   28.9802    0.1010    0.1010    0.1010   -0.0000   -0.0000   -0.0000
   29.0196    0.1060    0.1060    0.1060   -0.0000   -0.0000   -0.0000
   29.0591    0.1108    0.1108    0.1108   -0.0000   -0.0000   -0.0000
   29.0986    0.1154    0.1154    0.1154   -0.0000   -0.0000   -0.0000
   29.1381    0.1199    0.1199    0.1199   -0.0000   -0.0000   -0.0000
   29.1776    0.1244    0.1244    0.1244   -0.0000   -0.0000   -0.0000
   29.2171    0.1287    0.1287    0.1287   -0.0000   -0.0000   -0.0000
   29.2565    0.1331    0.1331    0.1331   -0.0000   -0.0000   -0.0000
   29.2960    0.1376    0.1376    0.1376   -0.0000   -0.0000   -0.0000
   29.3355    0.1420    0.1420    0.1420   -0.0000   -0.0000   -0.0000
   29.3750    0.1464    0.1464    0.1464   -0.0000   -0.0000   -0.0000
   29.4145    0.1507    0.1507    0.1507   -0.0000   -0.0000   -0.0000
   29.4540    0.1550    0.1550    0.1550   -0.0000   -0.0000   -0.0000
   29.4934    0.1592    0.1592    0.1592   -0.0000   -0.0000   -0.0000
   29.5329    0.1633    0.1633    0.1633   -0.0000   -0.0000   -0.0000
   29.5724    0.1674    0.1674    0.1674   -0.0000   -0.0000   -0.0000
   29.6119    0.1714    0.1714    0.1714   -0.0000   -0.0000   -0.0000
   29.6514    0.1755    0.1755    0.1755   -0.0000   -0.0000   -0.0000
   29.6908    0.1795    0.1795    0.1795   -0.0000   -0.0000   -0.0000
   29.7303    0.1835    0.1835    0.1835   -0.0000   -0.0000   -0.0000
   29.7698    0.1875    0.1875    0.1875   -0.0000   -0.0000   -0.0000
   29.8093    0.1914    0.1914    0.1914   -0.0000   -0.0000   -0.0000
   29.8488    0.1953    0.1953    0.1953   -0.0000   -0.0000   -0.0000
   29.8883    0.1992    0.1992    0.1992   -0.0000   -0.0000   -0.0000
   29.9277    0.2030    0.2030    0.2030   -0.0000   -0.0000   -0.0000
   29.9672    0.2068    0.2068    0.2068   -0.0000   -0.0000   -0.0000
   30.0067    0.2105    0.2105    0.2105   -0.0000   -0.0000   -0.0000
   30.0462    0.2142    0.2142    0.2142   -0.0000   -0.0000   -0.0000
   30.0857    0.2179    0.2179    0.2179   -0.0000   -0.0000   -0.0000
   30.1252    0.2215    0.2215    0.2215   -0.0000   -0.0000   -0.0000
   30.1646    0.2251    0.2251    0.2251   -0.0000   -0.0000   -0.0000
   30.2041    0.2286    0.2286    0.2286   -0.0000   -0.0000   -0.0000
   30.2436    0.2321    0.2321    0.2321   -0.0000   -0.0000   -0.0000
   30.2831    0.2356    0.2356    0.2356   -0.0000   -0.0000   -0.0000
   30.3226    0.2391    0.2391    0.2391   -0.0000   -0.0000   -0.0000
   30.3620    0.2425    0.2425    0.2425   -0.0000   -0.0000   -0.0000
   30.4015    0.2459    0.2459    0.2459   -0.0000   -0.0000   -0.0000
   30.4410    0.2492    0.2492    0.2492   -0.0000   -0.0000   -0.0000
   30.4805    0.2525    0.2525    0.2525   -0.0000   -0.0000   -0.0000
   30.5200    0.2558    0.2558    0.2558   -0.0000   -0.0000   -0.0000
   30.5595    0.2590    0.2590    0.2590   -0.0000   -0.0000   -0.0000
   30.5989    0.2622    0.2622    0.2622   -0.0000   -0.0000   -0.0000
   30.6384    0.2654    0.2654    0.2654   -0.0000   -0.0000   -0.0000
   30.6779    0.2686    0.2686    0.2686   -0.0000   -0.0000   -0.0000
   30.7174    0.2717    0.2717    0.2717   -0.0000   -0.0000   -0.0000
   30.7569    0.2748    0.2748    0.2748   -0.0000   -0.0000   -0.0000
   30.7964    0.2779    0.2779    0.2779   -0.0000   -0.0000   -0.0000
   30.8358    0.2809    0.2809    0.2809    0.0000    0.0000    0.0000
   30.8753    0.2840    0.2840    0.2840    0.0000    0.0000    0.0000
   30.9148    0.2869    0.2869    0.2869    0.0000    0.0000    0.0000
   30.9543    0.2899    0.2899    0.2899    0.0000    0.0000    0.0000
   30.9938    0.2929    0.2929    0.2929    0.0000    0.0000    0.0000
   31.0333    0.2958    0.2958    0.2958    0.0000    0.0000    0.0000
   31.0727    0.2987    0.2987    0.2987    0.0000    0.0000    0.0000
   31.1122    0.3015    0.3015    0.3015    0.0000    0.0000    0.0000
   31.1517    0.3044    0.3044    0.3044    0.0000    0.0000    0.0000
   31.1912    0.3072    0.3072    0.3072    0.0000    0.0000    0.0000
   31.2307    0.3100    0.3100    0.3100    0.0000    0.0000    0.0000
   31.2701    0.3128    0.3128    0.3128    0.0000    0.0000    0.0000
   31.3096    0.3156    0.3156    0.3156    0.0000    0.0000    0.0000
   31.3491    0.3183    0.3183    0.3183    0.0000    0.0000    0.0000
   31.3886    0.3210    0.3210    0.3210    0.0000    0.0000    0.0000
   31.4281    0.3237    0.3237    0.3237    0.0000    0.0000    0.0000
   31.4676    0.3264    0.3264    0.3264    0.0000    0.0000    0.0000
   31.5070    0.3290    0.3290    0.3290    0.0000    0.0000    0.0000
   31.5465    0.3317    0.3317    0.3317    0.0000    0.0000    0.0000
   31.5860    0.3343    0.3343    0.3343    0.0000    0.0000    0.0000
   31.6255    0.3369    0.3369    0.3369    0.0000    0.0000    0.0000
   31.6650    0.3394    0.3394    0.3394    0.0000    0.0000    0.0000
   31.7045    0.3420    0.3420    0.3420    0.0000    0.0000    0.0000
   31.7439    0.3445    0.3445    0.3445    0.0000    0.0000    0.0000
   31.7834    0.3470    0.3470    0.3470    0.0000    0.0000    0.0000
   31.8229    0.3495    0.3495    0.3495    0.0000    0.0000    0.0000
   31.8624    0.3520    0.3520    0.3520    0.0000    0.0000    0.0000
   31.9019    0.3545    0.3545    0.3545    0.0000    0.0000    0.0000
   31.9413    0.3569    0.3569    0.3569    0.0000    0.0000    0.0000
   31.9808    0.3593    0.3593    0.3593    0.0000    0.0000    0.0000
   32.0203    0.3618    0.3618    0.3618    0.0000    0.0000    0.0000
   32.0598    0.3641    0.3641    0.3641    0.0000    0.0000    0.0000
   32.0993    0.3665    0.3665    0.3665    0.0000    0.0000    0.0000
   32.1388    0.3689    0.3689    0.3689    0.0000    0.0000    0.0000
   32.1782    0.3712    0.3712    0.3712    0.0000    0.0000    0.0000
   32.2177    0.3735    0.3735    0.3735    0.0000    0.0000    0.0000
   32.2572    0.3759    0.3759    0.3759    0.0000    0.0000    0.0000
   32.2967    0.3781    0.3781    0.3781    0.0000    0.0000    0.0000
   32.3362    0.3804    0.3804    0.3804    0.0000    0.0000    0.0000
   32.3757    0.3827    0.3827    0.3827    0.0000    0.0000    0.0000
   32.4151    0.3849    0.3849    0.3849    0.0000    0.0000    0.0000
   32.4546    0.3872    0.3872    0.3872    0.0000    0.0000    0.0000
   32.4941    0.3894    0.3894    0.3894    0.0000    0.0000    0.0000
   32.5336    0.3916    0.3916    0.3916    0.0000    0.0000    0.0000
   32.5731    0.3938    0.3938    0.3938    0.0000    0.0000    0.0000
   32.6126    0.3959    0.3959    0.3959    0.0000    0.0000    0.0000
   32.6520    0.3981    0.3981    0.3981    0.0000    0.0000    0.0000
   32.6915    0.4002    0.4002    0.4002    0.0000    0.0000    0.0000
   32.7310    0.4024    0.4024    0.4024    0.0000    0.0000    0.0000
   32.7705    0.4045    0.4045    0.4045    0.0000    0.0000    0.0000
   32.8100    0.4066    0.4066    0.4066    0.0000    0.0000    0.0000
   32.8494    0.4087    0.4087    0.4087    0.0000    0.0000    0.0000
   32.8889    0.4108    0.4108    0.4108    0.0000    0.0000    0.0000
   32.9284    0.4128    0.4128    0.4128    0.0000    0.0000    0.0000
   32.9679    0.4149    0.4149    0.4149    0.0000    0.0000    0.0000
   33.0074    0.4169    0.4169    0.4169    0.0000    0.0000    0.0000
   33.0469    0.4189    0.4189    0.4189    0.0000    0.0000    0.0000
   33.0863    0.4209    0.4209    0.4209    0.0000    0.0000    0.0000
   33.1258    0.4229    0.4229    0.4229    0.0000    0.0000    0.0000
   33.1653    0.4249    0.4249    0.4249    0.0000    0.0000    0.0000
   33.2048    0.4269    0.4269    0.4269    0.0000    0.0000    0.0000
   33.2443    0.4289    0.4289    0.4289    0.0000    0.0000    0.0000
   33.2838    0.4308    0.4308    0.4308    0.0000    0.0000    0.0000
   33.3232    0.4327    0.4327    0.4327    0.0000    0.0000    0.0000
   33.3627    0.4347    0.4347    0.4347    0.0000    0.0000    0.0000
   33.4022    0.4366    0.4366    0.4366    0.0000    0.0000    0.0000
   33.4417    0.4385    0.4385    0.4385    0.0000    0.0000    0.0000
   33.4812    0.4404    0.4404    0.4404    0.0000    0.0000    0.0000
   33.5206    0.4423    0.4423    0.4423    0.0000    0.0000    0.0000
   33.5601    0.4441    0.4441    0.4441    0.0000    0.0000    0.0000
   33.5996    0.4460    0.4460    0.4460    0.0000    0.0000    0.0000
   33.6391    0.4478    0.4478    0.4478    0.0000    0.0000    0.0000
   33.6786    0.4497    0.4497    0.4497    0.0000    0.0000    0.0000
   33.7181    0.4515    0.4515    0.4515    0.0000    0.0000    0.0000
   33.7575    0.4533    0.4533    0.4533    0.0000    0.0000    0.0000
   33.7970    0.4551    0.4551    0.4551    0.0000    0.0000    0.0000
   33.8365    0.4569    0.4569    0.4569    0.0000    0.0000    0.0000
   33.8760    0.4587    0.4587    0.4587    0.0000    0.0000    0.0000
   33.9155    0.4604    0.4604    0.4604    0.0000    0.0000    0.0000
   33.9550    0.4622    0.4622    0.4622    0.0000    0.0000    0.0000
   33.9944    0.4639    0.4639    0.4639    0.0000    0.0000    0.0000
   34.0339    0.4657    0.4657    0.4657    0.0000    0.0000    0.0000
   34.0734    0.4674    0.4674    0.4674    0.0000    0.0000    0.0000
   34.1129    0.4691    0.4691    0.4691    0.0000    0.0000    0.0000
   34.1524    0.4708    0.4708    0.4708    0.0000    0.0000    0.0000
   34.1919    0.4725    0.4725    0.4725    0.0000    0.0000    0.0000
   34.2313    0.4742    0.4742    0.4742    0.0000    0.0000    0.0000
   34.2708    0.4759    0.4759    0.4759    0.0000    0.0000    0.0000
   34.3103    0.4776    0.4776    0.4776    0.0000    0.0000    0.0000
   34.3498    0.4793    0.4793    0.4793    0.0000    0.0000    0.0000
   34.3893    0.4809    0.4809    0.4809    0.0000    0.0000    0.0000
   34.4287    0.4825    0.4825    0.4825    0.0000    0.0000    0.0000
   34.4682    0.4842    0.4842    0.4842    0.0000    0.0000    0.0000
   34.5077    0.4858    0.4858    0.4858    0.0000    0.0000    0.0000
   34.5472    0.4874    0.4874    0.4874    0.0000    0.0000    0.0000
   34.5867    0.4890    0.4890    0.4890    0.0000    0.0000    0.0000
   34.6262    0.4906    0.4906    0.4906    0.0000    0.0000    0.0000
   34.6656    0.4922    0.4922    0.4922    0.0000    0.0000    0.0000
   34.7051    0.4938    0.4938    0.4938    0.0000    0.0000    0.0000
   34.7446    0.4954    0.4954    0.4954    0.0000    0.0000    0.0000
   34.7841    0.4969    0.4969    0.4969    0.0000    0.0000    0.0000
   34.8236    0.4985    0.4985    0.4985    0.0000    0.0000    0.0000
   34.8631    0.5000    0.5000    0.5000    0.0000    0.0000    0.0000
   34.9025    0.5016    0.5016    0.5016    0.0000    0.0000    0.0000
   34.9420    0.5031    0.5031    0.5031    0.0000    0.0000    0.0000
   34.9815    0.5046    0.5046    0.5046    0.0000    0.0000    0.0000
   35.0210    0.5062    0.5062    0.5062    0.0000    0.0000    0.0000
   35.0605    0.5077    0.5077    0.5077    0.0000    0.0000    0.0000
   35.0999    0.5092    0.5092    0.5092    0.0000    0.0000    0.0000
   35.1394    0.5107    0.5107    0.5107    0.0000    0.0000    0.0000
   35.1789    0.5121    0.5121    0.5121    0.0000    0.0000    0.0000
   35.2184    0.5136    0.5136    0.5136    0.0000    0.0000    0.0000
   35.2579    0.5151    0.5151    0.5151    0.0000    0.0000    0.0000
   35.2974    0.5165    0.5165    0.5165    0.0000    0.0000    0.0000
   35.3368    0.5180    0.5180    0.5180    0.0000    0.0000    0.0000
   35.3763    0.5194    0.5194    0.5194    0.0000    0.0000    0.0000
   35.4158    0.5209    0.5209    0.5209    0.0000    0.0000    0.0000
   35.4553    0.5223    0.5223    0.5223    0.0000    0.0000    0.0000
   35.4948    0.5237    0.5237    0.5237    0.0000    0.0000    0.0000
   35.5343    0.5251    0.5251    0.5251    0.0000    0.0000    0.0000
   35.5737    0.5265    0.5265    0.5265    0.0000    0.0000    0.0000
   35.6132    0.5280    0.5280    0.5280    0.0000    0.0000    0.0000
   35.6527    0.5293    0.5293    0.5293    0.0000    0.0000    0.0000
   35.6922    0.5307    0.5307    0.5307    0.0000    0.0000    0.0000
   35.7317    0.5321    0.5321    0.5321    0.0000    0.0000    0.0000
   35.7712    0.5335    0.5335    0.5335    0.0000    0.0000    0.0000
   35.8106    0.5349    0.5349    0.5349    0.0000    0.0000    0.0000
   35.8501    0.5362    0.5362    0.5362    0.0000    0.0000    0.0000
   35.8896    0.5376    0.5376    0.5376    0.0000    0.0000    0.0000
   35.9291    0.5389    0.5389    0.5389    0.0000    0.0000    0.0000
   35.9686    0.5402    0.5402    0.5402    0.0000    0.0000    0.0000
   36.0080    0.5416    0.5416    0.5416    0.0000    0.0000    0.0000
   36.0475    0.5429    0.5429    0.5429    0.0000    0.0000    0.0000
   36.0870    0.5442    0.5442    0.5442    0.0000    0.0000    0.0000
   36.1265    0.5455    0.5455    0.5455    0.0000    0.0000    0.0000
   36.1660    0.5468    0.5468    0.5468    0.0000    0.0000    0.0000
   36.2055    0.5481    0.5481    0.5481    0.0000    0.0000    0.0000
   36.2449    0.5494    0.5494    0.5494    0.0000    0.0000    0.0000
   36.2844    0.5507    0.5507    0.5507    0.0000    0.0000    0.0000
   36.3239    0.5520    0.5520    0.5520    0.0000    0.0000    0.0000
   36.3634    0.5533    0.5533    0.5533    0.0000    0.0000    0.0000
   36.4029    0.5545    0.5545    0.5545    0.0000    0.0000    0.0000
   36.4424    0.5558    0.5558    0.5558    0.0000    0.0000    0.0000
   36.4818    0.5571    0.5571    0.5571    0.0000    0.0000    0.0000
   36.5213    0.5583    0.5583    0.5583    0.0000    0.0000    0.0000
   36.5608    0.5596    0.5596    0.5596    0.0000    0.0000    0.0000
   36.6003    0.5608    0.5608    0.5608    0.0000    0.0000    0.0000
   36.6398    0.5620    0.5620    0.5620    0.0000    0.0000    0.0000
   36.6792    0.5633    0.5633    0.5633    0.0000    0.0000    0.0000
   36.7187    0.5645    0.5645    0.5645    0.0000    0.0000    0.0000
   36.7582    0.5657    0.5657    0.5657    0.0000    0.0000    0.0000
   36.7977    0.5669    0.5669    0.5669    0.0000    0.0000    0.0000
   36.8372    0.5681    0.5681    0.5681    0.0000    0.0000    0.0000
   36.8767    0.5693    0.5693    0.5693    0.0000    0.0000    0.0000
   36.9161    0.5705    0.5705    0.5705    0.0000    0.0000    0.0000
   36.9556    0.5717    0.5717    0.5717    0.0000    0.0000    0.0000
   36.9951    0.5729    0.5729    0.5729    0.0000    0.0000    0.0000
   37.0346    0.5740    0.5740    0.5740    0.0000    0.0000    0.0000
   37.0741    0.5752    0.5752    0.5752    0.0000    0.0000    0.0000
   37.1136    0.5764    0.5764    0.5764    0.0000    0.0000    0.0000
   37.1530    0.5775    0.5775    0.5775    0.0000    0.0000    0.0000
   37.1925    0.5787    0.5787    0.5787    0.0000    0.0000    0.0000
   37.2320    0.5798    0.5798    0.5798    0.0000    0.0000    0.0000
   37.2715    0.5810    0.5810    0.5810    0.0000    0.0000    0.0000
   37.3110    0.5821    0.5821    0.5821    0.0000    0.0000    0.0000
   37.3505    0.5833    0.5833    0.5833    0.0000    0.0000    0.0000
   37.3899    0.5844    0.5844    0.5844    0.0000    0.0000    0.0000
   37.4294    0.5855    0.5855    0.5855    0.0000    0.0000    0.0000
   37.4689    0.5866    0.5866    0.5866    0.0000    0.0000    0.0000
   37.5084    0.5877    0.5877    0.5877    0.0000    0.0000    0.0000
   37.5479    0.5888    0.5888    0.5888    0.0000    0.0000    0.0000
   37.5873    0.5899    0.5899    0.5899    0.0000    0.0000    0.0000
   37.6268    0.5910    0.5910    0.5910    0.0000    0.0000    0.0000
   37.6663    0.5921    0.5921    0.5921    0.0000    0.0000    0.0000
   37.7058    0.5932    0.5932    0.5932    0.0000    0.0000    0.0000
   37.7453    0.5943    0.5943    0.5943    0.0000    0.0000    0.0000
   37.7848    0.5954    0.5954    0.5954    0.0000    0.0000    0.0000
   37.8242    0.5965    0.5965    0.5965    0.0000    0.0000    0.0000
   37.8637    0.5975    0.5975    0.5975    0.0000    0.0000    0.0000
   37.9032    0.5986    0.5986    0.5986    0.0000    0.0000    0.0000
   37.9427    0.5997    0.5997    0.5997    0.0000    0.0000    0.0000
   37.9822    0.6007    0.6007    0.6007    0.0000    0.0000    0.0000
   38.0217    0.6018    0.6018    0.6018    0.0000    0.0000    0.0000
   38.0611    0.6028    0.6028    0.6028    0.0000    0.0000    0.0000
   38.1006    0.6038    0.6038    0.6038    0.0000    0.0000    0.0000
   38.1401    0.6049    0.6049    0.6049    0.0000    0.0000    0.0000
   38.1796    0.6059    0.6059    0.6059    0.0000    0.0000    0.0000
   38.2191    0.6069    0.6069    0.6069    0.0000    0.0000    0.0000
   38.2585    0.6080    0.6080    0.6080    0.0000    0.0000    0.0000
   38.2980    0.6090    0.6090    0.6090    0.0000    0.0000    0.0000
   38.3375    0.6100    0.6100    0.6100    0.0000    0.0000    0.0000
   38.3770    0.6110    0.6110    0.6110    0.0000    0.0000    0.0000
   38.4165    0.6120    0.6120    0.6120    0.0000    0.0000    0.0000
   38.4560    0.6130    0.6130    0.6130    0.0000    0.0000    0.0000
   38.4954    0.6140    0.6140    0.6140    0.0000    0.0000    0.0000
   38.5349    0.6150    0.6150    0.6150    0.0000    0.0000    0.0000
   38.5744    0.6160    0.6160    0.6160    0.0000    0.0000    0.0000
   38.6139    0.6170    0.6170    0.6170    0.0000    0.0000    0.0000
   38.6534    0.6180    0.6180    0.6180    0.0000    0.0000    0.0000
   38.6929    0.6189    0.6189    0.6189    0.0000    0.0000    0.0000
   38.7323    0.6199    0.6199    0.6199    0.0000    0.0000    0.0000
   38.7718    0.6209    0.6209    0.6209    0.0000    0.0000    0.0000
   38.8113    0.6218    0.6218    0.6218    0.0000    0.0000    0.0000
   38.8508    0.6228    0.6228    0.6228    0.0000    0.0000    0.0000
   38.8903    0.6237    0.6237    0.6237    0.0000    0.0000    0.0000
   38.9298    0.6247    0.6247    0.6247    0.0000    0.0000    0.0000
   38.9692    0.6256    0.6256    0.6256    0.0000    0.0000    0.0000
   39.0087    0.6266    0.6266    0.6266    0.0000    0.0000    0.0000
   39.0482    0.6275    0.6275    0.6275    0.0000    0.0000    0.0000
   39.0877    0.6285    0.6285    0.6285    0.0000    0.0000    0.0000
   39.1272    0.6294    0.6294    0.6294    0.0000    0.0000    0.0000
   39.1666    0.6303    0.6303    0.6303    0.0000    0.0000    0.0000
   39.2061    0.6312    0.6312    0.6312    0.0000    0.0000    0.0000
   39.2456    0.6322    0.6322    0.6322    0.0000    0.0000    0.0000
   39.2851    0.6331    0.6331    0.6331    0.0000    0.0000    0.0000
   39.3246    0.6340    0.6340    0.6340    0.0000    0.0000    0.0000
   39.3641    0.6349    0.6349    0.6349    0.0000    0.0000    0.0000
   39.4035    0.6358    0.6358    0.6358    0.0000    0.0000    0.0000
   39.4430    0.6367    0.6367    0.6367    0.0000    0.0000    0.0000
