  #energy          xx             yy              zz              xy              yz              zx
  0.00000000E+00  0.30424661E+01  0.30424661E+01  0.30424661E+01  0.00000000E+00  0.00000000E+00  0.00000000E+00
  0.39500000E-01  0.30426470E+01  0.30426470E+01  0.30426470E+01  0.00000000E+00  0.00000000E+00  0.00000000E+00
  0.79000000E-01  0.30432390E+01  0.30432390E+01  0.30432390E+01  0.00000000E+00  0.00000000E+00  0.00000000E+00
  0.11840000E+00  0.30442091E+01  0.30442091E+01  0.30442091E+01  0.00000000E+00  0.00000000E+00  0.00000000E+00
  0.15790000E+00  0.30455731E+01  0.30455731E+01  0.30455731E+01  0.00000000E+00  0.00000000E+00  0.00000000E+00
  0.19740000E+00  0.30473308E+01  0.30473308E+01  0.30473308E+01  0.00000000E+00  0.00000000E+00  0.00000000E+00
  0.23690000E+00  0.30494813E+01  0.30494813E+01  0.30494813E+01  0.00000000E+00  0.00000000E+00  0.00000000E+00
  0.27640000E+00  0.30520567E+01  0.30520567E+01  0.30520567E+01  0.00000000E+00  0.00000000E+00  0.00000000E+00
  0.31590000E+00  0.30550395E+01  0.30550395E+01  0.30550395E+01  0.00000000E+00  0.00000000E+00  0.00000000E+00
  0.35530000E+00  0.30584450E+01  0.30584450E+01  0.30584450E+01  0.00000000E+00  0.00000000E+00  0.00000000E+00
  0.39480000E+00  0.30623043E+01  0.30623043E+01  0.30623043E+01  0.00000000E+00  0.00000000E+00  0.00000000E+00
  0.43430000E+00  0.30665833E+01  0.30665833E+01  0.30665833E+01  0.00000000E+00  0.00000000E+00  0.00000000E+00
  0.47380000E+00  0.30713455E+01  0.30713455E+01  0.30713455E+01  0.00000000E+00  0.00000000E+00  0.00000000E+00
  0.51330000E+00  0.30765884E+01  0.30765884E+01  0.30765884E+01  0.00000000E+00  0.00000000E+00  0.00000000E+00
  0.55280000E+00  0.30823099E+01  0.30823099E+01  0.30823099E+01  0.00000000E+00  0.00000000E+00  0.00000000E+00
  0.59220000E+00  0.30885561E+01  0.30885561E+01  0.30885561E+01  0.00000000E+00  0.00000000E+00  0.00000000E+00
  0.63170000E+00  0.30953397E+01  0.30953397E+01  0.30953397E+01  0.00000000E+00  0.00000000E+00  0.00000000E+00
  0.67120000E+00  0.31026738E+01  0.31026738E+01  0.31026738E+01  0.00000000E+00  0.00000000E+00  0.00000000E+00
  0.71070000E+00  0.31105865E+01  0.31105865E+01  0.31105865E+01  0.00000000E+00  0.00000000E+00  0.00000000E+00
  0.75020000E+00  0.31191215E+01  0.31191215E+01  0.31191215E+01  0.00000000E+00  0.00000000E+00  0.00000000E+00
  0.78970000E+00  0.31283378E+01  0.31283378E+01  0.31283378E+01  0.00000000E+00  0.00000000E+00  0.00000000E+00
  0.82910000E+00  0.31382928E+01  0.31382928E+01  0.31382928E+01  0.00000000E+00  0.00000000E+00  0.00000000E+00
  0.86860000E+00  0.31491227E+01  0.31491227E+01  0.31491227E+01  0.00000000E+00  0.00000000E+00  0.00000000E+00
  0.90810000E+00  0.31609451E+01  0.31609451E+01  0.31609451E+01  0.00000000E+00  0.00000000E+00  0.00000000E+00
  0.94760000E+00  0.31739385E+01  0.31739385E+01  0.31739385E+01  0.00000000E+00  0.00000000E+00  0.00000000E+00
  0.98710000E+00  0.31883251E+01  0.31883251E+01  0.31883251E+01  0.00000000E+00  0.00000000E+00  0.00000000E+00
  0.10265000E+01  0.32042913E+01  0.32042913E+01  0.32042913E+01  0.00000000E+00  0.00000000E+00  0.00000000E+00
  0.10660000E+01  0.32221431E+01  0.32221431E+01  0.32221431E+01  0.00000000E+00  0.00000000E+00  0.00000000E+00
  0.11055000E+01  0.32420881E+01  0.32420881E+01  0.32420881E+01  0.00000000E+00  0.00000000E+00  0.00000000E+00
  0.11450000E+01  0.32643608E+01  0.32643608E+01  0.32643608E+01  0.00000000E+00  0.00000000E+00  0.00000000E+00
  0.11845000E+01  0.32889520E+01  0.32889520E+01  0.32889520E+01  0.00000000E+00  0.00000000E+00  0.00000000E+00
  0.12240000E+01  0.33154720E+01  0.33154720E+01  0.33154720E+01  0.00000000E+00  0.00000000E+00  0.00000000E+00
  0.12634000E+01  0.33429797E+01  0.33429797E+01  0.33429797E+01  0.00000000E+00  0.00000000E+00  0.00000000E+00
  0.13029000E+01  0.33698717E+01  0.33698717E+01  0.33698717E+01  0.00000000E+00  0.00000000E+00  0.00000000E+00
  0.13424000E+01  0.33941292E+01  0.33941292E+01  0.33941292E+01  0.00000000E+00  0.00000000E+00  0.00000000E+00
  0.13819000E+01  0.34138344E+01  0.34138344E+01  0.34138344E+01  0.00000000E+00  0.00000000E+00  0.00000000E+00
  0.14214000E+01  0.34278520E+01  0.34278520E+01  0.34278520E+01  0.00000000E+00  0.00000000E+00  0.00000000E+00
  0.14609000E+01  0.34364520E+01  0.34364520E+01  0.34364520E+01  0.00000000E+00  0.00000000E+00  0.00000000E+00
  0.15003000E+01  0.34416137E+01  0.34416137E+01  0.34416137E+01  0.00000000E+00  0.00000000E+00  0.00000000E+00
  0.15398000E+01  0.34467412E+01  0.34467412E+01  0.34467412E+01  0.00000000E+00  0.00000000E+00  0.00000000E+00
  0.15793000E+01  0.34556474E+01  0.34556474E+01  0.34556474E+01  0.00000000E+00  0.00000000E+00  0.00000000E+00
  0.16188000E+01  0.34713282E+01  0.34713282E+01  0.34713282E+01  0.00000000E+00  0.00000000E+00  0.00000000E+00
  0.16583000E+01  0.34948838E+01  0.34948838E+01  0.34948838E+01  0.00000000E+00  0.00000000E+00  0.00000000E+00
  0.16977000E+01  0.35251642E+01  0.35251642E+01  0.35251642E+01  0.00000000E+00  0.00000000E+00  0.00000000E+00
  0.17372000E+01  0.35593476E+01  0.35593476E+01  0.35593476E+01  0.00000000E+00  0.00000000E+00  0.00000000E+00
  0.17767000E+01  0.35939544E+01  0.35939544E+01  0.35939544E+01  0.00000000E+00  0.00000000E+00  0.00000000E+00
  0.18162000E+01  0.36258999E+01  0.36258999E+01  0.36258999E+01  0.00000000E+00  0.00000000E+00  0.00000000E+00
  0.18557000E+01  0.36531602E+01  0.36531602E+01  0.36531602E+01  0.00000000E+00  0.00000000E+00  0.00000000E+00
  0.18952000E+01  0.36749249E+01  0.36749249E+01  0.36749249E+01  0.00000000E+00  0.00000000E+00  0.00000000E+00
  0.19346000E+01  0.36913240E+01  0.36913240E+01  0.36913240E+01  0.00000000E+00  0.00000000E+00  0.00000000E+00
  0.19741000E+01  0.37028741E+01  0.37028741E+01  0.37028741E+01  0.00000000E+00  0.00000000E+00  0.00000000E+00
  0.20136000E+01  0.37099189E+01  0.37099189E+01  0.37099189E+01  0.00000000E+00  0.00000000E+00  0.00000000E+00
  0.20531000E+01  0.37120103E+01  0.37120103E+01  0.37120103E+01  0.00000000E+00  0.00000000E+00  0.00000000E+00
  0.20926000E+01  0.37075432E+01  0.37075432E+01  0.37075432E+01  0.00000000E+00  0.00000000E+00  0.00000000E+00
  0.21321000E+01  0.36939920E+01  0.36939920E+01  0.36939920E+01  0.00000000E+00  0.00000000E+00  0.00000000E+00
  0.21715000E+01  0.36685391E+01  0.36685391E+01  0.36685391E+01  0.00000000E+00  0.00000000E+00  0.00000000E+00
  0.22110000E+01  0.36291193E+01  0.36291193E+01  0.36291193E+01  0.00000000E+00  0.00000000E+00  0.00000000E+00
  0.22505000E+01  0.35755766E+01  0.35755766E+01  0.35755766E+01  0.00000000E+00  0.00000000E+00  0.00000000E+00
  0.22900000E+01  0.35104053E+01  0.35104053E+01  0.35104053E+01  0.00000000E+00  0.00000000E+00  0.00000000E+00
  0.23295000E+01  0.34389326E+01  0.34389326E+01  0.34389326E+01  0.00000000E+00  0.00000000E+00  0.00000000E+00
  0.23690000E+01  0.33685941E+01  0.33685941E+01  0.33685941E+01  0.00000000E+00  0.00000000E+00  0.00000000E+00
  0.24084000E+01  0.33074335E+01  0.33074335E+01  0.33074335E+01  0.00000000E+00  0.00000000E+00  0.00000000E+00
  0.24479000E+01  0.32619290E+01  0.32619290E+01  0.32619290E+01  0.00000000E+00  0.00000000E+00  0.00000000E+00
  0.24874000E+01  0.32350402E+01  0.32350402E+01  0.32350402E+01  0.00000000E+00  0.00000000E+00  0.00000000E+00
  0.25269000E+01  0.32249965E+01  0.32249965E+01  0.32249965E+01  0.00000000E+00  0.00000000E+00  0.00000000E+00
  0.25664000E+01  0.32257900E+01  0.32257900E+01  0.32257900E+01  0.00000000E+00  0.00000000E+00  0.00000000E+00
  0.26058000E+01  0.32291052E+01  0.32291052E+01  0.32291052E+01  0.00000000E+00  0.00000000E+00  0.00000000E+00
  0.26453000E+01  0.32267394E+01  0.32267394E+01  0.32267394E+01  0.00000000E+00  0.00000000E+00  0.00000000E+00
  0.26848000E+01  0.32126615E+01  0.32126615E+01  0.32126615E+01  0.00000000E+00  0.00000000E+00  0.00000000E+00
  0.27243000E+01  0.31840673E+01  0.31840673E+01  0.31840673E+01  0.00000000E+00  0.00000000E+00  0.00000000E+00
  0.27638000E+01  0.31418138E+01  0.31418138E+01  0.31418138E+01  0.00000000E+00  0.00000000E+00  0.00000000E+00
  0.28033000E+01  0.30899750E+01  0.30899750E+01  0.30899750E+01  0.00000000E+00  0.00000000E+00  0.00000000E+00
  0.28427000E+01  0.30348003E+01  0.30348003E+01  0.30348003E+01  0.00000000E+00  0.00000000E+00  0.00000000E+00
  0.28822000E+01  0.29831345E+01  0.29831345E+01  0.29831345E+01  0.00000000E+00  0.00000000E+00  0.00000000E+00
  0.29217000E+01  0.29405937E+01  0.29405937E+01  0.29405937E+01  0.00000000E+00  0.00000000E+00  0.00000000E+00
  0.29612000E+01  0.29098539E+01  0.29098539E+01  0.29098539E+01  0.00000000E+00  0.00000000E+00  0.00000000E+00
  0.30007000E+01  0.28901486E+01  0.28901486E+01  0.28901486E+01  0.00000000E+00  0.00000000E+00  0.00000000E+00
  0.30402000E+01  0.28779879E+01  0.28779879E+01  0.28779879E+01  0.00000000E+00  0.00000000E+00  0.00000000E+00
  0.30796000E+01  0.28689724E+01  0.28689724E+01  0.28689724E+01  0.00000000E+00  0.00000000E+00  0.00000000E+00
  0.31191000E+01  0.28595569E+01  0.28595569E+01  0.28595569E+01  0.00000000E+00  0.00000000E+00  0.00000000E+00
  0.31586000E+01  0.28481086E+01  0.28481086E+01  0.28481086E+01  0.00000000E+00  0.00000000E+00  0.00000000E+00
  0.31981000E+01  0.28347226E+01  0.28347226E+01  0.28347226E+01  0.00000000E+00  0.00000000E+00  0.00000000E+00
  0.32376000E+01  0.28203422E+01  0.28203422E+01  0.28203422E+01  0.00000000E+00  0.00000000E+00  0.00000000E+00
  0.32770000E+01  0.28056496E+01  0.28056496E+01  0.28056496E+01  0.00000000E+00  0.00000000E+00  0.00000000E+00
  0.33165000E+01  0.27904017E+01  0.27904017E+01  0.27904017E+01  0.00000000E+00  0.00000000E+00  0.00000000E+00
  0.33560000E+01  0.27734569E+01  0.27734569E+01  0.27734569E+01  0.00000000E+00  0.00000000E+00  0.00000000E+00
  0.33955000E+01  0.27534037E+01  0.27534037E+01  0.27534037E+01  0.00000000E+00  0.00000000E+00  0.00000000E+00
  0.34350000E+01  0.27292846E+01  0.27292846E+01  0.27292846E+01  0.00000000E+00  0.00000000E+00  0.00000000E+00
  0.34745000E+01  0.27008202E+01  0.27008202E+01  0.27008202E+01  0.00000000E+00  0.00000000E+00  0.00000000E+00
  0.35139000E+01  0.26683025E+01  0.26683025E+01  0.26683025E+01  0.00000000E+00  0.00000000E+00  0.00000000E+00
  0.35534000E+01  0.26320854E+01  0.26320854E+01  0.26320854E+01  0.00000000E+00  0.00000000E+00  0.00000000E+00
  0.35929000E+01  0.25925147E+01  0.25925147E+01  0.25925147E+01  0.00000000E+00  0.00000000E+00  0.00000000E+00
  0.36324000E+01  0.25500731E+01  0.25500731E+01  0.25500731E+01  0.00000000E+00  0.00000000E+00  0.00000000E+00
  0.36719000E+01  0.25059257E+01  0.25059257E+01  0.25059257E+01  0.00000000E+00  0.00000000E+00  0.00000000E+00
  0.37114000E+01  0.24623677E+01  0.24623677E+01  0.24623677E+01  0.00000000E+00  0.00000000E+00  0.00000000E+00
  0.37508000E+01  0.24225704E+01  0.24225704E+01  0.24225704E+01  0.00000000E+00  0.00000000E+00  0.00000000E+00
  0.37903000E+01  0.23900058E+01  0.23900058E+01  0.23900058E+01  0.00000000E+00  0.00000000E+00  0.00000000E+00
  0.38298000E+01  0.23670759E+01  0.23670759E+01  0.23670759E+01  0.00000000E+00  0.00000000E+00  0.00000000E+00
  0.38693000E+01  0.23541336E+01  0.23541336E+01  0.23541336E+01  0.00000000E+00  0.00000000E+00  0.00000000E+00
  0.39088000E+01  0.23488888E+01  0.23488888E+01  0.23488888E+01  0.00000000E+00  0.00000000E+00  0.00000000E+00
  0.39483000E+01  0.23468487E+01  0.23468487E+01  0.23468487E+01  0.00000000E+00  0.00000000E+00  0.00000000E+00
  0.39877000E+01  0.23426621E+01  0.23426621E+01  0.23426621E+01  0.00000000E+00  0.00000000E+00  0.00000000E+00
  0.40272000E+01  0.23317351E+01  0.23317351E+01  0.23317351E+01  0.00000000E+00  0.00000000E+00  0.00000000E+00
  0.40667000E+01  0.23115867E+01  0.23115867E+01  0.23115867E+01  0.00000000E+00  0.00000000E+00  0.00000000E+00
  0.41062000E+01  0.22825422E+01  0.22825422E+01  0.22825422E+01  0.00000000E+00  0.00000000E+00  0.00000000E+00
  0.41457000E+01  0.22475603E+01  0.22475603E+01  0.22475603E+01  0.00000000E+00  0.00000000E+00  0.00000000E+00
  0.41851000E+01  0.22113495E+01  0.22113495E+01  0.22113495E+01  0.00000000E+00  0.00000000E+00  0.00000000E+00
  0.42246000E+01  0.21788823E+01  0.21788823E+01  0.21788823E+01  0.00000000E+00  0.00000000E+00  0.00000000E+00
  0.42641000E+01  0.21539526E+01  0.21539526E+01  0.21539526E+01  0.00000000E+00  0.00000000E+00  0.00000000E+00
  0.43036000E+01  0.21380716E+01  0.21380716E+01  0.21380716E+01  0.00000000E+00  0.00000000E+00  0.00000000E+00
  0.43431000E+01  0.21301879E+01  0.21301879E+01  0.21301879E+01  0.00000000E+00  0.00000000E+00  0.00000000E+00
  0.43826000E+01  0.21274395E+01  0.21274395E+01  0.21274395E+01  0.00000000E+00  0.00000000E+00  0.00000000E+00
  0.44220000E+01  0.21263640E+01  0.21263640E+01  0.21263640E+01  0.00000000E+00  0.00000000E+00  0.00000000E+00
  0.44615000E+01  0.21241036E+01  0.21241036E+01  0.21241036E+01  0.00000000E+00  0.00000000E+00  0.00000000E+00
  0.45010000E+01  0.21193625E+01  0.21193625E+01  0.21193625E+01  0.00000000E+00  0.00000000E+00  0.00000000E+00
  0.45405000E+01  0.21123166E+01  0.21123166E+01  0.21123166E+01  0.00000000E+00  0.00000000E+00  0.00000000E+00
  0.45800000E+01  0.21045008E+01  0.21045008E+01  0.21045008E+01  0.00000000E+00  0.00000000E+00  0.00000000E+00
  0.46195000E+01  0.20980123E+01  0.20980123E+01  0.20980123E+01  0.00000000E+00  0.00000000E+00  0.00000000E+00
  0.46589000E+01  0.20946277E+01  0.20946277E+01  0.20946277E+01  0.00000000E+00  0.00000000E+00  0.00000000E+00
  0.46984000E+01  0.20952188E+01  0.20952188E+01  0.20952188E+01  0.00000000E+00  0.00000000E+00  0.00000000E+00
  0.47379000E+01  0.20993157E+01  0.20993157E+01  0.20993157E+01  0.00000000E+00  0.00000000E+00  0.00000000E+00
  0.47774000E+01  0.21053847E+01  0.21053847E+01  0.21053847E+01  0.00000000E+00  0.00000000E+00  0.00000000E+00
  0.48169000E+01  0.21113937E+01  0.21113937E+01  0.21113937E+01  0.00000000E+00  0.00000000E+00  0.00000000E+00
  0.48563000E+01  0.21155782E+01  0.21155782E+01  0.21155782E+01  0.00000000E+00  0.00000000E+00  0.00000000E+00
  0.48958000E+01  0.21169581E+01  0.21169581E+01  0.21169581E+01  0.00000000E+00  0.00000000E+00  0.00000000E+00
  0.49353000E+01  0.21154041E+01  0.21154041E+01  0.21154041E+01  0.00000000E+00  0.00000000E+00  0.00000000E+00
  0.49748000E+01  0.21114999E+01  0.21114999E+01  0.21114999E+01  0.00000000E+00  0.00000000E+00  0.00000000E+00
  0.50143000E+01  0.21060315E+01  0.21060315E+01  0.21060315E+01  0.00000000E+00  0.00000000E+00  0.00000000E+00
  0.50538000E+01  0.20998150E+01  0.20998150E+01  0.20998150E+01  0.00000000E+00  0.00000000E+00  0.00000000E+00
  0.50932000E+01  0.20934361E+01  0.20934361E+01  0.20934361E+01  0.00000000E+00  0.00000000E+00  0.00000000E+00
  0.51327000E+01  0.20872240E+01  0.20872240E+01  0.20872240E+01  0.00000000E+00  0.00000000E+00  0.00000000E+00
  0.51722000E+01  0.20813383E+01  0.20813383E+01  0.20813383E+01  0.00000000E+00  0.00000000E+00  0.00000000E+00
  0.52117000E+01  0.20758094E+01  0.20758094E+01  0.20758094E+01  0.00000000E+00  0.00000000E+00  0.00000000E+00
  0.52512000E+01  0.20705439E+01  0.20705439E+01  0.20705439E+01  0.00000000E+00  0.00000000E+00  0.00000000E+00
  0.52907000E+01  0.20653198E+01  0.20653198E+01  0.20653198E+01  0.00000000E+00  0.00000000E+00  0.00000000E+00
  0.53301000E+01  0.20598681E+01  0.20598681E+01  0.20598681E+01  0.00000000E+00  0.00000000E+00  0.00000000E+00
  0.53696000E+01  0.20539186E+01  0.20539186E+01  0.20539186E+01  0.00000000E+00  0.00000000E+00  0.00000000E+00
  0.54091000E+01  0.20471384E+01  0.20471384E+01  0.20471384E+01  0.00000000E+00  0.00000000E+00  0.00000000E+00
  0.54486000E+01  0.20393132E+01  0.20393132E+01  0.20393132E+01  0.00000000E+00  0.00000000E+00  0.00000000E+00
  0.54881000E+01  0.20303452E+01  0.20303452E+01  0.20303452E+01  0.00000000E+00  0.00000000E+00  0.00000000E+00
  0.55276000E+01  0.20205548E+01  0.20205548E+01  0.20205548E+01  0.00000000E+00  0.00000000E+00  0.00000000E+00
  0.55670000E+01  0.20107013E+01  0.20107013E+01  0.20107013E+01  0.00000000E+00  0.00000000E+00  0.00000000E+00
  0.56065000E+01  0.20020059E+01  0.20020059E+01  0.20020059E+01  0.00000000E+00  0.00000000E+00  0.00000000E+00
  0.56460000E+01  0.19959057E+01  0.19959057E+01  0.19959057E+01  0.00000000E+00  0.00000000E+00  0.00000000E+00
  0.56855000E+01  0.19936526E+01  0.19936526E+01  0.19936526E+01  0.00000000E+00  0.00000000E+00  0.00000000E+00
  0.57250000E+01  0.19958505E+01  0.19958505E+01  0.19958505E+01  0.00000000E+00  0.00000000E+00  0.00000000E+00
  0.57644000E+01  0.20022955E+01  0.20022955E+01  0.20022955E+01  0.00000000E+00  0.00000000E+00  0.00000000E+00
  0.58039000E+01  0.20120012E+01  0.20120012E+01  0.20120012E+01  0.00000000E+00  0.00000000E+00  0.00000000E+00
  0.58434000E+01  0.20235151E+01  0.20235151E+01  0.20235151E+01  0.00000000E+00  0.00000000E+00  0.00000000E+00
  0.58829000E+01  0.20353746E+01  0.20353746E+01  0.20353746E+01  0.00000000E+00  0.00000000E+00  0.00000000E+00
  0.59224000E+01  0.20464016E+01  0.20464016E+01  0.20464016E+01  0.00000000E+00  0.00000000E+00  0.00000000E+00
  0.59619000E+01  0.20558421E+01  0.20558421E+01  0.20558421E+01  0.00000000E+00  0.00000000E+00  0.00000000E+00
  0.60013000E+01  0.20635428E+01  0.20635428E+01  0.20635428E+01  0.00000000E+00  0.00000000E+00  0.00000000E+00
  0.60408000E+01  0.20698732E+01  0.20698732E+01  0.20698732E+01  0.00000000E+00  0.00000000E+00  0.00000000E+00
  0.60803000E+01  0.20756807E+01  0.20756807E+01  0.20756807E+01  0.00000000E+00  0.00000000E+00  0.00000000E+00
  0.61198000E+01  0.20820928E+01  0.20820928E+01  0.20820928E+01  0.00000000E+00  0.00000000E+00  0.00000000E+00
  0.61593000E+01  0.20902878E+01  0.20902878E+01  0.20902878E+01  0.00000000E+00  0.00000000E+00  0.00000000E+00
  0.61988000E+01  0.21010960E+01  0.21010960E+01  0.21010960E+01  0.00000000E+00  0.00000000E+00  0.00000000E+00
  0.62382000E+01  0.21148348E+01  0.21148348E+01  0.21148348E+01  0.00000000E+00  0.00000000E+00  0.00000000E+00
  0.62777000E+01  0.21309979E+01  0.21309979E+01  0.21309979E+01  0.00000000E+00  0.00000000E+00  0.00000000E+00
  0.63172000E+01  0.21483418E+01  0.21483418E+01  0.21483418E+01  0.00000000E+00  0.00000000E+00  0.00000000E+00
  0.63567000E+01  0.21649093E+01  0.21649093E+01  0.21649093E+01  0.00000000E+00  0.00000000E+00  0.00000000E+00
  0.63962000E+01  0.21782075E+01  0.21782075E+01  0.21782075E+01  0.00000000E+00  0.00000000E+00  0.00000000E+00
  0.64356000E+01  0.21855745E+01  0.21855745E+01  0.21855745E+01  0.00000000E+00  0.00000000E+00  0.00000000E+00
  0.64751000E+01  0.21846985E+01  0.21846985E+01  0.21846985E+01  0.00000000E+00  0.00000000E+00  0.00000000E+00
  0.65146000E+01  0.21742309E+01  0.21742309E+01  0.21742309E+01  0.00000000E+00  0.00000000E+00  0.00000000E+00
  0.65541000E+01  0.21543060E+01  0.21543060E+01  0.21543060E+01  0.00000000E+00  0.00000000E+00  0.00000000E+00
  0.65936000E+01  0.21266124E+01  0.21266124E+01  0.21266124E+01  0.00000000E+00  0.00000000E+00  0.00000000E+00
  0.66331000E+01  0.20941758E+01  0.20941758E+01  0.20941758E+01  0.00000000E+00  0.00000000E+00  0.00000000E+00
  0.66725000E+01  0.20607666E+01  0.20607666E+01  0.20607666E+01  0.00000000E+00  0.00000000E+00  0.00000000E+00
  0.67120000E+01  0.20298993E+01  0.20298993E+01  0.20298993E+01  0.00000000E+00  0.00000000E+00  0.00000000E+00
  0.67515000E+01  0.20041253E+01  0.20041253E+01  0.20041253E+01  0.00000000E+00  0.00000000E+00  0.00000000E+00
  0.67910000E+01  0.19844810E+01  0.19844810E+01  0.19844810E+01  0.00000000E+00  0.00000000E+00  0.00000000E+00
  0.68305000E+01  0.19702925E+01  0.19702925E+01  0.19702925E+01  0.00000000E+00  0.00000000E+00  0.00000000E+00
  0.68700000E+01  0.19597715E+01  0.19597715E+01  0.19597715E+01  0.00000000E+00  0.00000000E+00  0.00000000E+00
  0.69094000E+01  0.19505949E+01  0.19505949E+01  0.19505949E+01  0.00000000E+00  0.00000000E+00  0.00000000E+00
  0.69489000E+01  0.19407818E+01  0.19407818E+01  0.19407818E+01  0.00000000E+00  0.00000000E+00  0.00000000E+00
  0.69884000E+01  0.19291291E+01  0.19291291E+01  0.19291291E+01  0.00000000E+00  0.00000000E+00  0.00000000E+00
  0.70279000E+01  0.19154307E+01  0.19154307E+01  0.19154307E+01  0.00000000E+00  0.00000000E+00  0.00000000E+00
  0.70674000E+01  0.19003736E+01  0.19003736E+01  0.19003736E+01  0.00000000E+00  0.00000000E+00  0.00000000E+00
  0.71069000E+01  0.18851229E+01  0.18851229E+01  0.18851229E+01  0.00000000E+00  0.00000000E+00  0.00000000E+00
  0.71463000E+01  0.18710816E+01  0.18710816E+01  0.18710816E+01  0.00000000E+00  0.00000000E+00  0.00000000E+00
  0.71858000E+01  0.18593677E+01  0.18593677E+01  0.18593677E+01  0.00000000E+00  0.00000000E+00  0.00000000E+00
  0.72253000E+01  0.18508023E+01  0.18508023E+01  0.18508023E+01  0.00000000E+00  0.00000000E+00  0.00000000E+00
  0.72648000E+01  0.18455534E+01  0.18455534E+01  0.18455534E+01  0.00000000E+00  0.00000000E+00  0.00000000E+00
  0.73043000E+01  0.18432229E+01  0.18432229E+01  0.18432229E+01  0.00000000E+00  0.00000000E+00  0.00000000E+00
  0.73437000E+01  0.18428109E+01  0.18428109E+01  0.18428109E+01  0.00000000E+00  0.00000000E+00  0.00000000E+00
  0.73832000E+01  0.18429102E+01  0.18429102E+01  0.18429102E+01  0.00000000E+00  0.00000000E+00  0.00000000E+00
  0.74227000E+01  0.18419561E+01  0.18419561E+01  0.18419561E+01  0.00000000E+00  0.00000000E+00  0.00000000E+00
  0.74622000E+01  0.18385207E+01  0.18385207E+01  0.18385207E+01  0.00000000E+00  0.00000000E+00  0.00000000E+00
  0.75017000E+01  0.18315454E+01  0.18315454E+01  0.18315454E+01  0.00000000E+00  0.00000000E+00  0.00000000E+00
  0.75412000E+01  0.18204911E+01  0.18204911E+01  0.18204911E+01  0.00000000E+00  0.00000000E+00  0.00000000E+00
  0.75806000E+01  0.18054169E+01  0.18054169E+01  0.18054169E+01  0.00000000E+00  0.00000000E+00  0.00000000E+00
  0.76201000E+01  0.17870051E+01  0.17870051E+01  0.17870051E+01  0.00000000E+00  0.00000000E+00  0.00000000E+00
  0.76596000E+01  0.17663119E+01  0.17663119E+01  0.17663119E+01  0.00000000E+00  0.00000000E+00  0.00000000E+00
  0.76991000E+01  0.17446871E+01  0.17446871E+01  0.17446871E+01  0.00000000E+00  0.00000000E+00  0.00000000E+00
  0.77386000E+01  0.17234663E+01  0.17234663E+01  0.17234663E+01  0.00000000E+00  0.00000000E+00  0.00000000E+00
  0.77781000E+01  0.17036636E+01  0.17036636E+01  0.17036636E+01  0.00000000E+00  0.00000000E+00  0.00000000E+00
  0.78175000E+01  0.16858656E+01  0.16858656E+01  0.16858656E+01  0.00000000E+00  0.00000000E+00  0.00000000E+00
  0.78570000E+01  0.16701506E+01  0.16701506E+01  0.16701506E+01  0.00000000E+00  0.00000000E+00  0.00000000E+00
  0.78965000E+01  0.16562306E+01  0.16562306E+01  0.16562306E+01  0.00000000E+00  0.00000000E+00  0.00000000E+00
  0.79360000E+01  0.16438044E+01  0.16438044E+01  0.16438044E+01  0.00000000E+00  0.00000000E+00  0.00000000E+00
  0.79755000E+01  0.16326119E+01  0.16326119E+01  0.16326119E+01  0.00000000E+00  0.00000000E+00  0.00000000E+00
  0.80149000E+01  0.16225959E+01  0.16225959E+01  0.16225959E+01  0.00000000E+00  0.00000000E+00  0.00000000E+00
  0.80544000E+01  0.16136404E+01  0.16136404E+01  0.16136404E+01  0.00000000E+00  0.00000000E+00  0.00000000E+00
  0.80939000E+01  0.16054531E+01  0.16054531E+01  0.16054531E+01  0.00000000E+00  0.00000000E+00  0.00000000E+00
  0.81334000E+01  0.15973964E+01  0.15973964E+01  0.15973964E+01  0.00000000E+00  0.00000000E+00  0.00000000E+00
  0.81729000E+01  0.15887528E+01  0.15887528E+01  0.15887528E+01  0.00000000E+00  0.00000000E+00  0.00000000E+00
  0.82124000E+01  0.15789434E+01  0.15789434E+01  0.15789434E+01  0.00000000E+00  0.00000000E+00  0.00000000E+00
  0.82518000E+01  0.15680053E+01  0.15680053E+01  0.15680053E+01  0.00000000E+00  0.00000000E+00  0.00000000E+00
  0.82913000E+01  0.15566240E+01  0.15566240E+01  0.15566240E+01  0.00000000E+00  0.00000000E+00  0.00000000E+00
  0.83308000E+01  0.15460979E+01  0.15460979E+01  0.15460979E+01  0.00000000E+00  0.00000000E+00  0.00000000E+00
  0.83703000E+01  0.15379326E+01  0.15379326E+01  0.15379326E+01  0.00000000E+00  0.00000000E+00  0.00000000E+00
  0.84098000E+01  0.15333072E+01  0.15333072E+01  0.15333072E+01  0.00000000E+00  0.00000000E+00  0.00000000E+00
  0.84493000E+01  0.15324966E+01  0.15324966E+01  0.15324966E+01  0.00000000E+00  0.00000000E+00  0.00000000E+00
  0.84887000E+01  0.15347208E+01  0.15347208E+01  0.15347208E+01  0.00000000E+00  0.00000000E+00  0.00000000E+00
  0.85282000E+01  0.15382209E+01  0.15382209E+01  0.15382209E+01  0.00000000E+00  0.00000000E+00  0.00000000E+00
  0.85677000E+01  0.15406001E+01  0.15406001E+01  0.15406001E+01  0.00000000E+00  0.00000000E+00  0.00000000E+00
  0.86072000E+01  0.15396413E+01  0.15396413E+01  0.15396413E+01  0.00000000E+00  0.00000000E+00  0.00000000E+00
  0.86467000E+01  0.15337597E+01  0.15337597E+01  0.15337597E+01  0.00000000E+00  0.00000000E+00  0.00000000E+00
  0.86862000E+01  0.15224570E+01  0.15224570E+01  0.15224570E+01  0.00000000E+00  0.00000000E+00  0.00000000E+00
  0.87256000E+01  0.15063229E+01  0.15063229E+01  0.15063229E+01  0.00000000E+00  0.00000000E+00  0.00000000E+00
  0.87651000E+01  0.14869509E+01  0.14869509E+01  0.14869509E+01  0.00000000E+00  0.00000000E+00  0.00000000E+00
  0.88046000E+01  0.14664868E+01  0.14664868E+01  0.14664868E+01  0.00000000E+00  0.00000000E+00  0.00000000E+00
  0.88441000E+01  0.14471099E+01  0.14471099E+01  0.14471099E+01  0.00000000E+00  0.00000000E+00  0.00000000E+00
  0.88836000E+01  0.14305798E+01  0.14305798E+01  0.14305798E+01  0.00000000E+00  0.00000000E+00  0.00000000E+00
  0.89230000E+01  0.14177340E+01  0.14177340E+01  0.14177340E+01  0.00000000E+00  0.00000000E+00  0.00000000E+00
  0.89625000E+01  0.14084857E+01  0.14084857E+01  0.14084857E+01  0.00000000E+00  0.00000000E+00  0.00000000E+00
  0.90020000E+01  0.14018237E+01  0.14018237E+01  0.14018237E+01  0.00000000E+00  0.00000000E+00  0.00000000E+00
  0.90415000E+01  0.13962727E+01  0.13962727E+01  0.13962727E+01  0.00000000E+00  0.00000000E+00  0.00000000E+00
  0.90810000E+01  0.13902024E+01  0.13902024E+01  0.13902024E+01  0.00000000E+00  0.00000000E+00  0.00000000E+00
  0.91205000E+01  0.13823005E+01  0.13823005E+01  0.13823005E+01  0.00000000E+00  0.00000000E+00  0.00000000E+00
  0.91599000E+01  0.13719725E+01  0.13719725E+01  0.13719725E+01  0.00000000E+00  0.00000000E+00  0.00000000E+00
  0.91994000E+01  0.13593678E+01  0.13593678E+01  0.13593678E+01  0.00000000E+00  0.00000000E+00  0.00000000E+00
  0.92389000E+01  0.13455109E+01  0.13455109E+01  0.13455109E+01  0.00000000E+00  0.00000000E+00  0.00000000E+00
  0.92784000E+01  0.13319795E+01  0.13319795E+01  0.13319795E+01  0.00000000E+00  0.00000000E+00  0.00000000E+00
  0.93179000E+01  0.13205718E+01  0.13205718E+01  0.13205718E+01  0.00000000E+00  0.00000000E+00  0.00000000E+00
  0.93574000E+01  0.13124875E+01  0.13124875E+01  0.13124875E+01  0.00000000E+00  0.00000000E+00  0.00000000E+00
  0.93968000E+01  0.13081479E+01  0.13081479E+01  0.13081479E+01  0.00000000E+00  0.00000000E+00  0.00000000E+00
  0.94363000E+01  0.13066504E+01  0.13066504E+01  0.13066504E+01  0.00000000E+00  0.00000000E+00  0.00000000E+00
  0.94758000E+01  0.13061436E+01  0.13061436E+01  0.13061436E+01  0.00000000E+00  0.00000000E+00  0.00000000E+00
  0.95153000E+01  0.13044815E+01  0.13044815E+01  0.13044815E+01  0.00000000E+00  0.00000000E+00  0.00000000E+00
  0.95548000E+01  0.12998661E+01  0.12998661E+01  0.12998661E+01  0.00000000E+00  0.00000000E+00  0.00000000E+00
  0.95942000E+01  0.12915433E+01  0.12915433E+01  0.12915433E+01  0.00000000E+00  0.00000000E+00  0.00000000E+00
  0.96337000E+01  0.12799800E+01  0.12799800E+01  0.12799800E+01  0.00000000E+00  0.00000000E+00  0.00000000E+00
  0.96732000E+01  0.12667611E+01  0.12667611E+01  0.12667611E+01  0.00000000E+00  0.00000000E+00  0.00000000E+00
  0.97127000E+01  0.12541130E+01  0.12541130E+01  0.12541130E+01  0.00000000E+00  0.00000000E+00  0.00000000E+00
  0.97522000E+01  0.12442566E+01  0.12442566E+01  0.12442566E+01  0.00000000E+00  0.00000000E+00  0.00000000E+00
  0.97917000E+01  0.12387520E+01  0.12387520E+01  0.12387520E+01  0.00000000E+00  0.00000000E+00  0.00000000E+00
  0.98311000E+01  0.12380062E+01  0.12380062E+01  0.12380062E+01  0.00000000E+00  0.00000000E+00  0.00000000E+00
  0.98706000E+01  0.12412210E+01  0.12412210E+01  0.12412210E+01  0.00000000E+00  0.00000000E+00  0.00000000E+00
  0.99101000E+01  0.12466157E+01  0.12466157E+01  0.12466157E+01  0.00000000E+00  0.00000000E+00  0.00000000E+00
  0.99496000E+01  0.12519952E+01  0.12519952E+01  0.12519952E+01  0.00000000E+00  0.00000000E+00  0.00000000E+00
  0.99891000E+01  0.12553609E+01  0.12553609E+01  0.12553609E+01  0.00000000E+00  0.00000000E+00  0.00000000E+00
  0.10028600E+02  0.12553486E+01  0.12553486E+01  0.12553486E+01  0.00000000E+00  0.00000000E+00  0.00000000E+00
  0.10068000E+02  0.12514745E+01  0.12514745E+01  0.12514745E+01  0.00000000E+00  0.00000000E+00  0.00000000E+00
  0.10107500E+02  0.12442978E+01  0.12442978E+01  0.12442978E+01  0.00000000E+00  0.00000000E+00  0.00000000E+00
  0.10147000E+02  0.12353249E+01  0.12353249E+01  0.12353249E+01  0.00000000E+00  0.00000000E+00  0.00000000E+00
  0.10186500E+02  0.12267028E+01  0.12267028E+01  0.12267028E+01  0.00000000E+00  0.00000000E+00  0.00000000E+00
  0.10226000E+02  0.12206685E+01  0.12206685E+01  0.12206685E+01  0.00000000E+00  0.00000000E+00  0.00000000E+00
  0.10265500E+02  0.12191607E+01  0.12191607E+01  0.12191607E+01  0.00000000E+00  0.00000000E+00  0.00000000E+00
  0.10304900E+02  0.12229697E+01  0.12229697E+01  0.12229697E+01  0.00000000E+00  0.00000000E+00  0.00000000E+00
  0.10344400E+02  0.12316065E+01  0.12316065E+01  0.12316065E+01  0.00000000E+00  0.00000000E+00  0.00000000E+00
  0.10383900E+02  0.12433180E+01  0.12433180E+01  0.12433180E+01  0.00000000E+00  0.00000000E+00  0.00000000E+00
  0.10423400E+02  0.12558511E+01  0.12558511E+01  0.12558511E+01  0.00000000E+00  0.00000000E+00  0.00000000E+00
  0.10462900E+02  0.12670303E+01  0.12670303E+01  0.12670303E+01  0.00000000E+00  0.00000000E+00  0.00000000E+00
  0.10502300E+02  0.12754335E+01  0.12754335E+01  0.12754335E+01  0.00000000E+00  0.00000000E+00  0.00000000E+00
  0.10541800E+02  0.12805714E+01  0.12805714E+01  0.12805714E+01  0.00000000E+00  0.00000000E+00  0.00000000E+00
  0.10581300E+02  0.12825424E+01  0.12825424E+01  0.12825424E+01  0.00000000E+00  0.00000000E+00  0.00000000E+00
  0.10620800E+02  0.12818665E+01  0.12818665E+01  0.12818665E+01  0.00000000E+00  0.00000000E+00  0.00000000E+00
  0.10660300E+02  0.12790760E+01  0.12790760E+01  0.12790760E+01  0.00000000E+00  0.00000000E+00  0.00000000E+00
  0.10699800E+02  0.12745738E+01  0.12745738E+01  0.12745738E+01  0.00000000E+00  0.00000000E+00  0.00000000E+00
  0.10739200E+02  0.12687872E+01  0.12687872E+01  0.12687872E+01  0.00000000E+00  0.00000000E+00  0.00000000E+00
  0.10778700E+02  0.12622608E+01  0.12622608E+01  0.12622608E+01  0.00000000E+00  0.00000000E+00  0.00000000E+00
  0.10818200E+02  0.12555886E+01  0.12555886E+01  0.12555886E+01  0.00000000E+00  0.00000000E+00  0.00000000E+00
  0.10857700E+02  0.12494664E+01  0.12494664E+01  0.12494664E+01  0.00000000E+00  0.00000000E+00  0.00000000E+00
  0.10897200E+02  0.12445342E+01  0.12445342E+01  0.12445342E+01  0.00000000E+00  0.00000000E+00  0.00000000E+00
  0.10936700E+02  0.12411112E+01  0.12411112E+01  0.12411112E+01  0.00000000E+00  0.00000000E+00  0.00000000E+00
  0.10976100E+02  0.12393188E+01  0.12393188E+01  0.12393188E+01  0.00000000E+00  0.00000000E+00  0.00000000E+00
  0.11015600E+02  0.12389762E+01  0.12389762E+01  0.12389762E+01  0.00000000E+00  0.00000000E+00  0.00000000E+00
  0.11055100E+02  0.12397669E+01  0.12397669E+01  0.12397669E+01  0.00000000E+00  0.00000000E+00  0.00000000E+00
  0.11094600E+02  0.12413200E+01  0.12413200E+01  0.12413200E+01  0.00000000E+00  0.00000000E+00  0.00000000E+00
  0.11134100E+02  0.12433857E+01  0.12433857E+01  0.12433857E+01  0.00000000E+00  0.00000000E+00  0.00000000E+00
  0.11173500E+02  0.12461111E+01  0.12461111E+01  0.12461111E+01  0.00000000E+00  0.00000000E+00  0.00000000E+00
  0.11213000E+02  0.12499913E+01  0.12499913E+01  0.12499913E+01  0.00000000E+00  0.00000000E+00  0.00000000E+00
  0.11252500E+02  0.12557397E+01  0.12557397E+01  0.12557397E+01  0.00000000E+00  0.00000000E+00  0.00000000E+00
  0.11292000E+02  0.12641292E+01  0.12641292E+01  0.12641292E+01  0.00000000E+00  0.00000000E+00  0.00000000E+00
  0.11331500E+02  0.12753442E+01  0.12753442E+01  0.12753442E+01  0.00000000E+00  0.00000000E+00  0.00000000E+00
  0.11371000E+02  0.12888468E+01  0.12888468E+01  0.12888468E+01  0.00000000E+00  0.00000000E+00  0.00000000E+00
  0.11410400E+02  0.13033659E+01  0.13033659E+01  0.13033659E+01  0.00000000E+00  0.00000000E+00  0.00000000E+00
  0.11449900E+02  0.13171788E+01  0.13171788E+01  0.13171788E+01  0.00000000E+00  0.00000000E+00  0.00000000E+00
  0.11489400E+02  0.13287948E+01  0.13287948E+01  0.13287948E+01  0.00000000E+00  0.00000000E+00  0.00000000E+00
  0.11528900E+02  0.13372799E+01  0.13372799E+01  0.13372799E+01  0.00000000E+00  0.00000000E+00  0.00000000E+00
  0.11568400E+02  0.13423137E+01  0.13423137E+01  0.13423137E+01  0.00000000E+00  0.00000000E+00  0.00000000E+00
  0.11607900E+02  0.13441221E+01  0.13441221E+01  0.13441221E+01  0.00000000E+00  0.00000000E+00  0.00000000E+00
  0.11647300E+02  0.13430593E+01  0.13430593E+01  0.13430593E+01  0.00000000E+00  0.00000000E+00  0.00000000E+00
  0.11686800E+02  0.13393850E+01  0.13393850E+01  0.13393850E+01  0.00000000E+00  0.00000000E+00  0.00000000E+00
  0.11726300E+02  0.13332148E+01  0.13332148E+01  0.13332148E+01  0.00000000E+00  0.00000000E+00  0.00000000E+00
  0.11765800E+02  0.13245579E+01  0.13245579E+01  0.13245579E+01  0.00000000E+00  0.00000000E+00  0.00000000E+00
  0.11805300E+02  0.13135061E+01  0.13135061E+01  0.13135061E+01  0.00000000E+00  0.00000000E+00  0.00000000E+00
  0.11844800E+02  0.13004041E+01  0.13004041E+01  0.13004041E+01  0.00000000E+00  0.00000000E+00  0.00000000E+00
